Abohar	23	30.1445	74.1955
Abu Road	24	24.4801	72.7819
Abdu Rahiman Nagar	13	11.0698	75.9388
Abu	24	24.5937	72.7176
Abrama	09	20.8587	72.9065
Abhayapuri	03	26.3225	90.6853
Abhanpur	37	21.0531	81.7409
Abbaspur	12	33.8174	73.9757
Abiramam	25	9.4423	78.4399
Abhaneri	24	27.0074	76.6076
Abhimanyupur	10	29.9047	76.8686
Abul Kharana	23	30.1393	74.5392
Abring	41	33.6886	76.5844
Ablu	23	30.3371	74.7896
Abhona	16	20.4776	73.9245
Abhapuri	35	21.7242	76.0624
Abhana	35	23.7024	79.5334
Abhaipur	03	27.0326	94.3243
Aberdeen	01	11.6677	92.7400
Abdullun	41	34.5347	75.2709
Abdullapuram	25	12.7859	79.6737
Abdullapur	26	24.3374	92.2979
Abdul	16	19.6632	76.8742
Abbigeri	19	15.5856	75.7556
Abadpura	23	31.3167	75.5667
Abad	28	22.5122	88.6711
Abad	28	22.4328	88.7778
Abur	12	34.0565	74.5334
Abtare Chak	12	32.6168	74.8646
Abdullahpur	39	30.4040	77.8890
Abdullahpur	36	30.1697	77.7701
Abdullahpur	36	30.1593	77.7721
Abdalpur	36	29.7240	77.4969
Abadgarh	36	29.5813	77.3915
Abdullapur	36	29.5462	77.4323
Abdullapur	10	28.1080	76.0741
Abdullapur	40	17.3202	78.6937
Abhiramapuram	25	13.0278	80.2575
Abusar	24	28.1012	75.3391
Abusar ka Bas	24	28.0979	75.3342
Abdalpur	10	30.2458	76.5967
Abhepur	10	30.6742	76.8379
Abdullahgarh	10	30.1689	76.9543
Abhipur	36	27.9697	79.3898
Abhiasa	36	27.8953	79.2699
Abhgaon	36	27.8984	79.3141
Abhaipur	36	27.2231	79.4765
Abhaipur	36	27.0703	79.3714
Abdullahnagar	36	27.6928	79.7317
Abdullapur	36	27.1813	79.9133
Abdullapur	36	27.0799	79.8761
Abadi Rajgir	36	27.0284	79.9604
Abnepur Pathakpur	36	26.8317	79.0461
Abhinaipur	36	26.8268	79.0580
Abdullapur Mustaqil	36	26.4250	79.4662
Abullahpur Kanar	36	26.3280	79.3425
Abhaisinghpura	24	28.0167	74.1099
Abadsar	24	28.0952	74.4956
Abongkethe	03	26.1967	92.9615
Abhaipuriagaon	03	26.7192	94.4206
Aboo Khedi	35	23.9008	79.3494
Abhirampur	28	23.4300	87.6334
Abidabad	35	23.0159	77.3033
Abdul Khan ki Dhani	24	29.1277	75.2305
Abhaypura	24	28.5466	75.1839
Abdullahpur	10	29.7505	76.9847
Abidpura	10	28.5075	76.1961
Abe-di Gah	12	33.3417	74.4956
Abdulla-ka-Pudhra	12	34.6782	74.3739
Abhun	23	30.4084	74.1098
Abupur	10	30.4042	77.0871
Abdullahpur	36	30.0738	77.4945
Abra	11	30.5784	77.5603
Abhaneri	24	26.6352	76.2787
Abdul Rahimpur	39	29.7068	78.0023
Abhenagar	36	29.5451	77.1904
Abha	36	29.7573	77.3914
Ababakarpur	36	29.9506	77.3543
Abdullapur	36	29.3351	77.4881
Abdullapur	36	29.6546	77.6163
Abdara	24	24.2359	73.2900
Abhepura	35	25.6452	76.7291
Abupura	23	30.9380	75.4538
Abuwal	23	30.7622	75.6885
Abdulpur	36	29.6261	77.8417
Abdipur	39	29.6884	77.9627
Abbaspur	10	28.9101	77.0109
Abdulpur	36	28.8334	77.2470
Abdullahpur Mewla	36	28.9223	77.3550
Abupura	36	28.7970	77.5216
Abidpur Manki	36	28.7958	77.5686
Abalpur	36	28.7505	77.6264
Abdullapur Basant	36	28.7397	77.7396
Abbohwal	23	31.6787	75.7913
Abhipur	24	25.5077	75.1349
Abbey	39	30.4580	78.0377
Abubakarpur	36	29.4443	78.5080
Abhirajpur	36	29.2769	78.7390
Abbasnagar	36	28.9990	79.1289
Abadanpur	36	28.2836	79.1599
Abdalpura	35	24.0093	76.3845
Abhaypura	35	24.0494	76.4480
Abakheri	35	24.4545	76.8834
Abbapuram	40	18.6314	79.2353
Abdullahpur	36	28.9909	77.7662
Abdullapur Mori	36	28.6163	77.7904
Abuzwadi	16	19.2465	76.2178
Abhaipur	23	30.4297	76.0581
Abegaon	16	19.2540	76.3191
Abbalwal	23	30.3595	76.3564
Abchalnagar	23	30.3511	76.3998
Abhailam Nagla	36	27.7828	77.8752
Abhepur	23	30.7863	76.6451
Abhipur	23	30.8849	76.6851
Abdalpur	23	30.4400	76.5070
Abhaipur	24	27.6306	77.1356
Abhaipura	36	27.9113	77.6201
Abdunnabipur	36	27.5094	77.6883
Abhanpur	37	20.3191	81.6901
Abbihal	19	16.3552	76.1874
Abbenda	40	18.0551	77.7191
Abaiah Dargah	40	18.6490	77.9966
Abidgarh	36	27.2672	78.0527
Abhairajpur	36	27.4494	78.4536
Abchand	35	23.7915	79.0032
Abdullahpur	36	27.6962	78.5365
Abhaipura	36	27.6733	78.7334
Abukheri	35	23.9023	79.3480
Abhana	35	23.3235	79.7291
Abhana	35	23.5498	79.9451
Abadpur	36	27.1509	78.5878
Abhupura	36	27.7748	78.8324
Abupur	36	27.7878	78.0465
Abhangapur	40	16.7718	77.6343
Abdul Nabipur	36	27.1090	78.8415
Abhajpura	36	27.3463	77.9625
Abhuapura	36	27.1368	77.7927
Abhaipur	36	27.1341	77.9314
Abhangapatan	40	16.7848	77.8615
Abhi	36	27.7127	79.0168
Abdal	36	27.7033	79.0714
Abdullahpur	36	27.5467	79.2152
Abbajhiri Kalan	35	21.6633	79.0375
Abhayankarnagar	16	21.1255	79.0572
Abdullahpur	36	27.5732	79.9436
Abadpur	35	25.7052	77.5687
Abhen	36	27.7994	79.8072
Abidpur	36	27.3420	79.9262
Abhaipur	36	27.5695	78.2536
Absaria	36	26.2714	79.7176
Abhedepur	36	26.2221	79.5257
Abhirwa	36	26.1026	79.8563
Abbareddigudem	40	16.8899	79.7577
Abhaipur	36	25.6052	82.0213
Abarkhera	35	24.3848	79.0091
Abdullapur	36	25.7876	82.7738
Abukhana	35	21.3042	76.2413
Abhora	16	21.3159	76.0107
Abhud	35	21.7717	76.2859
Abbaspur	36	25.7358	83.1937
Abbaspur	36	26.9965	78.5166
Ababakarpur	36	26.9849	78.5837
Abhaipura	36	26.8199	78.5539
Abanhi	36	25.3977	83.4917
Abgaon Kalan	35	22.4109	77.0524
Abgaon Khurd	35	22.3852	77.1154
Abdulpur	36	25.8741	83.6554
Abbotganj	36	25.4533	78.5552
Abdulhakim Chak	36	25.4473	83.5828
Abhaipur	36	25.3380	83.5671
Abhai Dih	34	25.2993	83.6427
Abaikhed	16	20.2309	77.5049
Abari	36	24.3524	83.1513
Abbaipalem	40	17.3927	79.9094
Aba	16	20.4412	79.1410
Abhau	35	25.2856	80.1111
Abdulganipur	36	25.8245	80.6969
Abumohammadpur	36	25.8726	80.6934
Abidganj	35	23.5597	78.2141
Abids	40	17.3891	78.4763
Abdul Nagaram	40	17.9300	79.2311
Abchand Nayakhera	35	23.8189	78.9954
Aber	35	24.7007	81.0138
Aber	35	24.6973	81.0221
Abunagar	36	25.9388	80.8065
Abhaiya Lachhimanpur	36	25.9832	80.8503
Abul Kasimpur	36	25.9332	80.8345
Abdulpur Ghuri	36	25.9054	80.9179
Abdul Rahmanpur	36	27.5716	79.2967
Abdullahnagar Milkia	36	27.7129	79.4553
Abdullapur	36	27.6570	79.4783
Abhaipur	36	25.9032	82.3745
Abbopur	36	25.9578	82.7229
Abhaichandpatti	36	25.7451	82.6498
Abhauli	36	25.4455	82.3704
Abarna	36	25.4836	82.4353
Abhainpur	36	25.3836	82.6044
Abhia	36	25.5110	82.3978
Abhusa	36	26.5150	80.7750
Abul Fazalpur Khas	36	29.4925	78.2804
Abbipur	36	26.0433	80.8461
Abulfazal Pahri	36	29.5820	78.4697
Abul Khairpur	36	29.5420	78.4296
Abufazalpur Tamela	36	29.5492	78.3421
Abdipur Harbans	36	29.5126	78.4223
Abdullahpur Khareshi	36	29.5384	78.4854
Abdulpur	36	29.5079	78.4332
Abdullahpur	36	29.4636	78.4011
Abdullapur	36	27.2759	81.1201
Abdul Razak	36	27.7117	81.5157
Abdul Razak	36	27.5473	81.5405
Abdulbari Purwa	36	27.6290	81.5583
Abdulla Behar	36	27.2804	81.5432
Abupur	36	27.3102	81.6530
Abhanpur	36	25.8927	83.8587
Abdullah Purwa	36	27.5530	81.8441
Abdhutnagar	36	27.5236	81.8733
Abdhutnagar	36	27.6720	81.9254
Abhaipur	36	27.0201	81.8742
Abad Ali	36	27.1751	81.9149
Abbasnagar	36	26.5934	81.1380
Abdullahpur	36	26.8194	81.3197
Abhaipur	36	26.8035	81.2921
Abbasganj	36	26.8171	81.3705
Abdullahnagar Danda	36	29.0700	78.4865
Abdhutganj	36	26.6998	81.4631
Abdullahpur Dahana	36	29.0654	78.5125
Abdullahpur Leda	36	29.1753	78.8137
Abdullaganj	36	26.3177	81.3229
Abdullahpur	36	25.8497	81.1358
Abdipur	36	28.7980	78.2956
Abugarh	36	27.2394	80.9686
Ablapur	36	27.1361	81.5364
Abdhutnagar	36	27.0689	81.6369
Abbasnagar Mazra	36	28.8081	78.5762
Abbapuram	40	18.7436	78.0266
Abdullapuram	40	18.9581	78.0370
Abapuram	40	18.8346	78.0131
Abhagapatnam	40	18.7550	78.0208
Abhanpur Narauli	36	28.6107	78.7433
Abdul Wahidganj	36	25.8674	81.4149
Abdul Samadpur	36	25.8425	81.4427
Abal	36	26.8947	81.8386
Abhepur Bahlolpur	36	28.0014	78.5353
Abhanpur	36	28.0538	78.6897
Abhanpur	36	28.6495	78.7764
Abhupur Khurd	36	28.5990	78.7852
Abdullahpur Khurd	36	28.7342	78.8328
Abdullahpur	36	28.7369	78.8408
Abu Saidpur	36	28.6074	78.9003
Abdul Purwa	36	27.5752	82.0437
Abadpur	12	33.9995	74.6614
Abhom	12	33.7977	74.7450
Abunagar	36	28.0045	78.7718
Abi	12	33.4412	74.6744
Abdul Jawar Purwa	36	27.2946	82.2761
Abar	36	27.4193	82.3506
Abdul Sattar Dih	36	27.2628	82.4730
Abdullah Dih	36	27.2620	82.4980
Abdullahnagar	40	18.2888	78.2876
Abtal Purwa	36	26.9029	82.0019
Abu Saraj	36	26.7630	82.1110
Abahom	12	33.7929	74.7510
Abagom	12	33.7885	74.9008
Abanpur	36	26.6798	82.1487
Abalwon	12	33.7111	74.9341
Abhia Khurd	36	26.2006	82.1333
Abhia Kalan	36	26.1978	82.1390
Abhaichandpur	36	26.3913	82.3782
Abusaidpur	36	25.9797	83.0477
Abdulgadir Chak	36	25.9668	83.2288
Abhaipur	36	26.8358	82.6063
Abdhutnagar	36	26.6988	82.5412
Abdullahpur	36	26.4211	82.5378
Abbasganj	36	26.0248	82.5507
Abusaidpur	36	26.0318	82.7346
Abdul Malik	36	25.9519	83.2820
Abdopur	36	25.9180	83.3297
Ablasand	36	25.9211	83.2607
Abdul Aziz Chak	36	25.8591	83.3237
Abdopur	36	25.8718	83.3381
Abdullahpur	36	25.8916	83.3716
Abbupur	36	25.9111	83.3635
Abhaipur	36	26.2794	82.8051
Abarsan	36	26.1941	82.9137
Abhaipur	36	26.2374	82.9001
Abdiha	36	26.0452	82.9653
Abbasganj	36	26.9101	83.0050
Abirauti	36	26.3973	83.1633
Abhoram	36	26.8872	83.2648
Abhan Patti	36	26.2905	83.3068
Abros	36	26.3808	83.3371
Abhaipur	36	26.4296	83.6704
Abdaria Harpara	36	26.2232	83.5387
Abupur	36	26.0453	83.5324
Abanpalli	16	19.4716	80.3229
Abbaspur	36	26.0193	83.8173
Abdulwahab Chak	36	25.6041	83.5355
Abutalib Chak	36	25.7072	83.6599
Abbasnagar	36	25.6386	83.6437
Abbaspur	36	25.6728	83.6760
Abishan	36	25.7440	83.6272
Ablunasri	12	33.2234	75.6619
Abhaipur	35	25.1912	81.5632
Abhaipur	36	25.1898	81.5436
Abul Kher	23	32.0671	75.4241
Abanpur	36	25.8697	81.9494
Abdalpur	36	25.6381	81.8841
Abdalpur	36	25.6230	81.8696
Abubakarpur	36	25.4572	81.7862
Abhaichandpur	36	25.4144	81.8645
Abusa	36	25.4339	81.9931
Abadgarh	23	32.1112	75.5938
Abhanpur Khurd	16	21.4562	74.7059
Abhone	16	20.6593	74.9725
Abhapura	09	24.1387	72.7292
Abu Said	23	31.8961	74.8403
Abachiwadi	16	17.4991	76.1829
Abdal	23	31.7432	75.0801
Abupura Majra	36	29.3764	77.7331
Abkaritola	16	21.1244	80.2583
Abdullahpur	23	31.4153	75.3876
Abdullahpur	23	31.9387	75.5712
Abha	23	31.8595	75.5663
Abhaipur	37	22.9139	82.7296
Abid Khera	36	27.0841	80.5452
Abid Khera	36	27.0486	80.7173
Abhripur	36	27.7259	80.8148
Abhor	11	32.6379	76.2032
Abari	11	32.5608	76.1178
Abdullahpur	11	32.1288	76.2601
Abbasnagar	36	27.0332	81.0627
Abdhar	37	22.8002	81.9822
Abhepur	11	31.7866	76.0307
Abhipur	11	31.1757	76.6141
Abiana	23	31.0908	76.5528
Abhippur	11	31.0383	76.6966
Abdullahpur	23	30.7174	76.3835
Abdullapur	10	30.8063	76.9150
Abda	35	24.2081	79.7665
Ababakarpur	36	30.2062	77.6553
Abdullahpur	36	30.1723	77.6377
Abhepurkhera	35	23.6960	76.1303
Abadkheri	35	23.3584	76.0147
Abhaipur	36	28.4996	78.0298
Abdullapur	36	28.8186	78.0995
Abidpur Karan	36	28.8057	78.1067
Abdullapur Hulsan	36	28.2961	78.0222
Abutalibpur	36	28.0907	78.4362
Abu Nasirpur	36	28.0135	78.3576
Abhayapur	35	23.4999	76.3757
Abbaspur	36	28.9359	78.9558
Abbasnagar	36	28.9476	78.9580
Ababakrpur	36	28.9149	78.7639
Abbasnagar	36	28.8741	78.9688
Abbayagudem	40	18.2108	80.5373
Abhanapur	36	27.3203	81.2590
Abhnapur	36	27.2852	81.3340
Abdullahpur	36	27.1701	81.3368
Abdulla Purwa	36	26.0387	81.4792
Abadmau	36	26.3105	81.5464
Abadmau	36	26.2787	81.6002
Abdu Mau	36	26.1899	81.6026
Abburu	02	16.4480	80.1654
Abhimanwan	34	26.0740	84.2514
Abhui	34	26.0812	84.4876
Abbineniguntapalem	02	16.1394	80.3286
Abrahamguda	21	18.8353	82.3907
Abasingi	21	19.0348	83.9682
Abotulapeta	02	18.3709	83.7394
Abada	21	18.9806	83.9651
Abalasingi	02	18.6479	83.8744
Abbinayakankandigai	25	13.3095	80.1977
Aberamadam	25	13.3733	80.2930
Abicherla	40	17.7015	81.3257
Abdapur	35	23.6154	76.7105
Abdullapur	35	23.0204	76.7453
Abhepur	35	23.9277	76.8033
Abuvel	09	23.1400	73.0872
Ab ki Dhani	24	26.0889	73.4494
Abhulaltola	34	25.6571	84.6065
Abadnagar	39	29.0714	79.2194
Abhlod	09	22.7468	74.2372
Abgila	34	25.1171	84.6008
Abgila	34	25.2042	84.6491
Abgilla	34	25.2474	84.6193
Abakheri	24	25.3030	74.3555
Abhilakh	36	26.7432	84.0705
Abhilakh	36	26.6995	84.0265
Abgir Banka	36	26.2707	84.1706
Abid Chak	36	26.0361	84.0425
Abria	34	26.7941	84.5937
Abhepur	35	22.9067	76.3358
Abdullahganj	36	28.0226	79.0425
Abhupura	36	28.6671	79.2840
Abhai Rajpur	36	28.5177	79.4037
Abhaipur	36	28.6374	79.4979
Abhaipur Keshopur	36	28.4737	79.4429
Abdullahpur	36	28.4013	79.4844
Abhaipur	36	28.0686	79.4644
Abdasan	09	23.8600	73.1209
Abhaipur	36	28.8046	79.5943
Abkari Outpost	16	21.6672	74.5747
Abhrajpur	36	28.5288	79.7002
Abu Dandi	36	28.5248	79.7210
Abhaipur Mallanpur	36	28.4793	79.6867
Abhaipur	36	28.1003	79.7173
Abhaipur	36	25.9157	84.0086
Abdala	36	28.4733	79.7766
Abhaipur China Nakti	36	28.3137	79.7505
Abgilla	34	25.4990	84.9353
Abgila	34	25.1988	84.8629
Abatganj	38	24.0430	84.0726
Abatana	34	25.6180	84.4587
Abdulpur	34	24.9241	84.4705
Abarwa Tikartoli	38	24.1613	84.3589
Abduldih	38	24.1638	84.3465
Abgil	34	25.1647	85.8723
Abbasi	19	14.3454	75.0153
Ablur	19	14.5196	75.4073
Abbavandlapalle	02	14.2824	77.8254
Abakavaripalle	19	13.8014	77.7438
Abbigeri	19	13.0766	77.5259
Abbihalli	19	13.0467	77.9448
Abbanabettu	19	13.2184	75.0579
Abbalamakki	19	13.3767	75.2876
Abali	19	13.4801	75.2946
Abaligeri	19	13.9897	75.5872
Abachur	19	13.0839	75.6369
Abachur	19	13.0750	75.6821
Abbapur	40	19.2185	79.3430
Abbigere	19	14.1670	76.0438
Abradasikatte	19	14.0746	76.0756
Abhaipur	34	24.8450	85.3179
Abgil	34	24.7660	85.4049
Abdultola	34	24.9447	85.4341
Abdul	34	24.6523	85.3051
Abbayanahalli	19	14.5803	76.5645
Abbinahole	19	14.0406	76.7523
Abid Bigha	34	24.9872	85.7462
Abdalpur	34	24.9432	85.6349
Abira	19	12.7152	75.3590
Abjala	34	25.9157	86.2056
Abupur	34	25.5175	86.1763
Abhuar	34	25.5679	86.2243
Abanpalli	16	19.3784	79.9866
Abbapur	40	18.8186	79.1058
Abigondanahalli	19	12.7188	76.0122
Abbur	19	12.5728	76.1558
Abalatti	19	12.2855	76.0816
Abbur Koppal	19	12.3247	76.1168
Abbur	19	12.3334	76.1100
Abbur	19	12.2189	76.1801
Abgil Chak	34	25.2736	86.2653
Abgil Husaina	34	25.2768	86.2709
Abhaipur	34	25.2284	86.3514
Abna	19	12.9131	75.9058
Abbimata	19	12.6282	75.8094
Abbireddipalle	02	15.4439	77.8595
Abhaipur	34	24.9099	86.1867
Abripapayapalli	40	18.4708	79.4736
Abbageri	19	15.4368	76.2623
Abnali	19	15.5570	74.4079
Abbitot	19	14.9046	74.6159
Abigadde	19	14.6305	74.6039
Abbolli	19	14.4006	74.5764
Abbigadde	19	14.4110	74.7068
Abdul Bigha	34	24.9808	84.9062
Abalugachh	34	26.2808	87.8604
Abhaipur	34	26.0108	87.8233
Abhia	34	25.3499	87.1427
Abda Chak	34	25.0996	87.0019
Abdullahnagar	34	25.7683	87.5557
Abdullahnagar	34	25.2963	87.2609
Abul Hasanpur	34	25.9103	85.1947
Abhua	34	25.9233	85.1794
Abdul Hai	34	25.7346	85.1176
Abupur	34	25.5190	85.0227
Abdullah Chak	34	25.5502	85.1796
Abgila	34	25.4681	85.1580
Abdhara	34	25.3753	85.1606
Abupur	34	25.3872	85.1907
Abdullahpur	34	25.4465	85.2497
Abdullah Chak	34	25.4624	85.2244
Abadpur Milik	34	25.5149	87.9939
Abadpur	34	25.5245	87.9993
Abhua	38	24.4153	87.6858
Abdal Chak	34	25.1744	85.0732
Abdalpur	34	25.2405	85.1423
Abdarpur	28	24.0191	87.5178
Abdullahpur	28	24.4998	87.8686
Abbu Chak	34	25.8286	85.4371
Abdulpur	34	25.7795	85.4197
Abdalpur	34	25.5137	85.2737
Ababakarpur Kuahi	34	25.8562	85.5439
Ababakarpur	34	25.8492	85.6407
Abdulhai Chak	34	25.3150	85.6011
Abdullah ki Dhani	24	25.4416	70.7462
Abdul Rahim ka Tala	24	25.2077	70.9825
Abhepur	36	27.8033	80.2195
Abdullahnagar	36	27.7054	80.1792
Abdullahpur	36	27.3340	80.1031
Abdulpur	36	27.3081	80.2047
Abidnagar	36	27.2287	80.0518
Abdullahpur	36	27.0832	80.1351
Abbaspur	36	27.7578	80.2761
Abrama	09	20.5971	72.9427
AB2 Pandara Road	07	28.6057	77.2310
Ablud	19	13.4398	77.8529
Abbur	19	12.7012	77.1763
Abburdoddi	19	12.6930	77.1818
Abbikere	19	12.6433	77.2030
Abbakuppi	19	12.7706	77.4072
Abidhirmetlu	19	12.6650	77.4203
Abdullapuram	02	15.0026	78.1056
Abbivanipalle	02	14.0782	78.2316
Abbavaram	02	14.0761	78.7772
Abbani	19	13.1033	78.2187
Abari	25	12.7135	77.9409
Abagiri Hoshalli	19	12.9599	78.1393
Abagaladoddi	02	12.8563	78.3989
Abbayapalem	02	15.8266	79.5861
Abbusahibpeta	02	14.7003	79.0738
Abbanapalli	02	14.2931	79.2669
Abbasahebupeta	02	14.7902	79.6501
Abbireddivaripalli	02	13.7597	79.0243
Abbaramvandlapalli	02	13.7542	79.0093
Abdullapuram	25	13.0318	79.2586
Abdullapuram	25	13.0529	79.3580
Abbirajukhandriga	25	13.1255	79.3538
Abbabhotlapalli	02	13.6814	79.6825
Abhirampattu	25	12.0494	79.8078
Abbannanur	13	11.0922	76.5685
Abishekapuram	25	11.2664	77.3647
Abhivriddhiswaram	25	10.7949	79.4748
Abharanadhari	25	10.7460	79.7747
Abhishekakattalai	25	10.8814	79.7580
Abhaypur	21	20.1878	84.9520
Abhiramtoli	38	22.5145	85.1328
Abhaipur	38	22.3411	85.1339
Abukatu	38	24.2808	84.9319
Abun	38	23.9136	84.5053
Abankela	21	21.9539	84.0210
Abhishekapatti	25	8.7703	77.6439
Abbinayakkanpatti	25	10.4537	78.1525
Abhisekhapuram	25	10.0241	78.9128
Abrallappet	25	11.9726	79.2635
Abirampuram	25	11.1470	79.5352
Abishegapuram	25	11.1114	79.7756
Abinavam	25	11.6621	78.4706
Abinimangalam	25	11.0653	78.6680
Abru	38	22.6737	85.8550
Abhimanpur	21	20.1618	85.1842
Abhwar	34	26.1740	86.6324
Abhwar	34	26.2143	86.6953
Abrakha	38	24.5693	86.0536
Abhyapur	21	20.2363	84.5559
Abapura	24	23.4588	74.5325
Abhyachandpur	21	20.2415	86.6032
Aboi	20	26.6041	94.9625
Abhapuri	35	21.6979	76.0006
Abbasnagar	36	29.0407	79.0635