Achalpur	16	21.2567	77.5101
Achampet	40	16.3982	78.6376
Achhnera	36	27.1783	77.7567
Achhibal	12	33.6841	75.2184
Acharipallam Vaniyakudi	25	8.1743	77.3849
Achanputtur	25	9.0414	77.2969
Acharapakkam	25	12.4028	79.8170
Achchippatti	25	10.6998	77.0125
Achra	16	16.2245	73.4520
Achirik	41	34.1343	77.1922
Achina	10	28.6740	76.3722
Achina	24	27.0641	73.3167
Achhota	37	20.6714	81.5796
Acheshon	30	28.9239	95.9748
Achankovil	13	9.0918	77.1238
Achanakmar	37	22.4087	81.8606
Achampet	02	16.6288	80.1205
Achalda	36	26.7119	79.4059
Achad	09	20.2187	72.8846
Acaro	33	15.5355	73.9429
Achna	28	22.1328	88.3300
Achhahad	12	33.6583	74.0639
Achhibal	12	34.2781	74.4043
Ackamal	41	34.5569	76.1583
Achhayyapalli	40	17.7089	78.5753
Achnapalli	40	17.9936	78.0803
Achintpur	36	27.8740	79.4725
Achandpur	36	26.9622	79.0323
Achrauli	36	26.4849	79.2205
Achrala	24	26.7638	75.7357
Achausa	36	25.6391	79.0468
Achankapur	36	26.9562	79.7195
Achhelankhera	35	24.6158	79.1154
Achat	35	24.9816	79.3597
Achencoil	13	9.0697	76.8981
Achalganj	35	26.4419	80.5444
Achera	35	24.0153	74.9999
Accharohi	35	23.5404	77.1434
Achyutpur	21	21.3031	86.5552
Achanpur	10	29.6658	76.6870
Achhwa	11	31.4168	77.5598
Achhla	11	30.7115	77.1662
Achhalpuri	24	27.3400	76.6083
Achhaun	11	30.5651	77.5607
Achhoti	11	30.6656	77.7014
Achhapur	24	28.5248	75.4717
Achalpura	24	26.7033	76.0174
Achalpura	24	26.4235	76.3897
Achalpur	35	23.6227	78.9835
Acharajkhera	36	29.1465	77.3101
Achalgarh	24	24.6181	72.7675
Achi Bauli	24	24.8316	73.6929
Achharwal	23	30.6306	75.4833
Achheja	36	28.5966	77.5020
Achpalgarhi	36	28.7044	77.6701
Achheja	36	28.7246	77.7373
Achhepur	36	28.2908	77.6057
Achheja Buzurg	36	28.3191	77.5672
Achhej	10	28.6192	76.4997
Achaut	10	28.3941	76.2665
Achravan	24	24.6697	76.3216
Achauda	35	24.1450	76.4220
Achaudi	35	24.1421	76.4220
Achravan	24	24.7594	76.5350
Acholi	24	24.6994	76.8504
Achholi	37	21.4465	81.0990
Achholi	37	21.4439	81.2475
Achal	23	30.3751	76.0571
Achral Kalan	23	30.2294	76.1837
Achral Khurd	23	30.2314	76.1724
Achari Takli	16	18.9948	76.4148
Achegaon	16	17.5503	76.0653
Achheja Khurd	36	28.3016	77.8714
Achheja	36	28.3290	77.8874
Achaler	16	17.7289	76.3992
Achalpur	36	28.1996	77.9478
Achanakpur	37	22.4864	82.4826
Achhidadar	37	22.4651	82.4946
Achanakpur	37	22.0654	82.9005
Achanakpur	37	21.7687	82.0325
Achholi	37	21.5893	82.1288
Achanakpur	37	21.6756	82.2059
Achholi	37	21.4226	82.0487
Achhola	37	21.2539	82.0826
Achanakpur	37	21.2801	82.2311
Achanakpur	37	21.4303	82.5641
Achholi	37	20.8690	81.0499
Achhikona	37	20.2705	81.7602
Acholi	37	20.4009	81.8899
Achanakpur	37	21.8534	81.2433
Achanakpur	37	21.1359	81.1064
Achhoti	37	21.3177	81.4688
Achhoti	37	21.0830	81.2534
Achanakpur	37	21.1110	81.4579
Achholi	37	21.3161	81.6105
Achegaon	16	18.5324	77.5431
Achampet	40	18.2076	77.9119
Achhru Ladhaura	36	27.5409	77.7860
Achalpur	36	27.6824	78.6910
Achloni	35	23.3163	79.8325
Achaura	36	27.9844	78.9948
Achchampeta	40	16.4358	77.4314
Achalpur	36	27.5758	78.7772
Acharyapur	40	16.7496	77.8110
Achapalli	40	16.6189	77.9700
Achalgarh	35	24.5463	78.0639
Achariya Baqarpur	36	27.4562	79.3089
Achra Taqipur	36	27.4428	79.3019
Achhraunda	36	27.3566	79.3165
Achal	36	27.9578	79.5211
Achitapur	40	16.3922	78.0362
Achhri Purwa	36	27.0101	79.6105
Achanakpur	36	27.1047	79.5949
Achanka Purwa	36	27.3020	79.7978
Achkalpur	35	24.4171	77.1659
Achalpur	36	27.3400	78.8140
Acharpalli	40	17.8850	79.6449
Achanakpur	36	26.6838	79.5583
Achrauli	36	26.4511	79.6144
Achchampeta Tanda	40	16.6439	79.0125
Achli Purwa	36	26.4536	79.8791
Achano	36	25.5505	79.9018
Acharlagudem	40	16.9958	79.8192
Achhril	36	25.5312	81.0031
Achhiyan	36	25.7143	83.0409
Achankapur	36	25.5873	83.0379
Achchhai	35	26.5740	78.5543
Achitpur	36	25.2291	83.0353
Achalpura	35	26.2935	78.9027
Achnagaon	35	22.5570	77.2501
Achhroni	35	25.0099	78.2361
Achalpura	35	24.2670	79.5297
Achalpura	35	24.2451	79.6919
Achnar	35	24.8770	79.9383
Achhar	36	25.9491	83.5242
Achhiya	38	24.5058	83.4943
Achhrela	36	25.7343	80.0811
Acharra	35	25.0221	78.6754
Achhraund	36	25.5392	80.2657
Achola	19	16.8458	76.9966
Achhodih	38	24.2967	83.7572
Achla	38	24.1385	83.8312
Achchannaguda	40	17.5551	78.2622
Achhah	36	25.5214	80.6811
Achakapur	36	25.9525	80.8796
Achhepur	36	25.9969	80.9691
Achalpur	36	25.9195	82.0162
Achkari	36	25.8115	82.2169
Achanakpur	36	25.5382	82.5325
Achhwar	36	25.3129	82.4998
Achalpur	36	24.8747	82.9485
Achhola	36	25.2121	82.1859
Achhi Khera	36	26.4876	80.7613
Achalpur	36	26.3701	80.8996
Achal Khera	36	26.3245	80.9304
Achakwapur	36	26.1758	80.9055
Achka Purwa	36	27.5154	81.2038
Achakpur	36	27.6571	81.5595
Achraura	36	27.6939	81.6683
Achraura	36	27.7242	81.7451
Achlapur	36	27.6186	81.9386
Achal Purwa	36	27.2195	81.8037
Achli Purwa	36	27.0012	81.9165
Achli Khera	36	26.6707	81.1030
Achaka	36	26.5811	81.0923
Achakapur	36	26.6360	81.2362
Achalganj	36	26.8411	81.3837
Achkamau	36	26.7063	81.3089
Achhai	36	26.5160	81.3430
Achalpur	36	26.3444	81.0415
Achakapur	36	26.2695	81.1494
Achwapur	36	26.2885	81.1609
Achakapur	36	26.3539	81.1661
Achalkari	36	26.2611	81.2896
Achakapur	36	26.4406	81.3944
Achalpur	36	26.3833	81.3968
Achakapur	36	26.3179	81.4840
Achhepur	36	26.4982	81.9372
Achantpur Pitai	36	25.9273	81.0238
Achkapur	36	25.8805	81.1344
Achalpur	36	27.2206	80.8838
Achal Purwa	36	27.1129	80.8470
Achlapur	36	27.4008	81.9402
Achlapur	36	27.3576	81.9658
Achtapur	36	27.2897	81.7773
Achalpur	36	28.3362	78.2512
Achalpur	36	28.4113	78.6597
Achalpur	36	28.3078	78.6988
Achalgarh	36	26.5232	81.5069
Achkua	36	26.5225	81.7401
Achakwa Purwa	36	26.9694	81.8788
Achal Purwa	36	26.9862	81.9180
Achakwapur	36	26.1166	81.8231
Achaipur	36	26.0487	81.7907
Achakwapur	36	26.0648	81.9399
Achakwapur	36	26.0690	81.8377
Achakwa Pura	36	26.1066	81.9537
Achaipalli	40	18.1468	78.0305
Achalnagar	36	27.3970	82.0171
Achanakpur	36	27.3724	82.2283
Achalpur	36	27.1689	82.1396
Achalpur	36	27.0007	82.1006
Achalpur Rup	36	27.1788	82.2865
Achalpur	36	27.1693	82.4246
Achal Chaudhri	36	27.1170	82.3562
Achalpur Ghat	36	27.1472	82.4212
Achakuapur	36	27.0493	82.3962
Achhalpur	36	27.4394	82.5324
Achkawapur	36	27.4728	82.6671
Achalpur	36	27.0511	82.6865
Achhamayapalli	40	18.2270	78.6384
Achari Purwa	36	26.7460	82.1982
Achankapur	36	26.6298	82.2261
Achalpur	36	26.1776	82.0346
Achhanapeta	40	18.5362	78.8390
Achraul	36	26.8908	82.2778
Achalpur	36	26.6253	82.3183
Achalpur	36	26.5536	82.3146
Achhra	36	26.7363	82.3527
Achalpur	36	26.7206	82.3683
Achakwapur	36	26.5912	82.3621
Achakwa	36	26.5495	82.3528
Achalpur	36	26.5603	82.4196
Achalpur	36	26.5760	82.4951
Achkua	36	26.5335	82.4884
Achal Bhiti	36	25.9575	83.1514
Achhachhi	36	25.8336	83.0132
Achalpur	36	26.1085	82.3179
Achkawapur	36	26.8038	82.6051
Achakapur	36	26.8393	82.7340
Achakwapur	36	26.8018	82.7196
Achakwapur	36	26.7384	82.5678
Achanakpur	36	26.3321	82.6962
Achhti	36	26.6099	82.9007
Achhti	36	26.4622	82.8224
Achlipur	36	26.3188	82.9804
Achalpur	36	26.0043	82.9168
Achalgarh	36	27.2298	83.2429
Achari	36	27.0215	83.4148
Achakwapur	36	25.8616	81.6430
Achhia	36	26.9654	83.0926
Achhehwa	36	26.6070	83.1412
Achhebat	36	26.2620	83.1098
Achakwapur	36	25.7224	81.5553
Achhi Dih	36	26.3473	83.5946
Acharikki	23	30.5163	74.1165
Achlupur	36	25.7405	81.7712
Achlupur	36	25.7316	81.7725
Achkawapur	36	25.6516	81.7645
Achkawapur	36	25.6400	81.8804
Achkawapur	36	25.7403	81.9941
Achpa	16	21.8537	74.2038
Achhi	16	21.3716	74.7179
Achlukheri	35	22.9899	75.9832
Achhalvadi	35	21.7586	75.2919
Achedi	09	24.2741	72.3823
Achint Kot	23	31.5914	74.6735
Achedi	09	24.2460	72.5333
Achod	37	20.8960	81.3628
Achhli	35	22.6579	80.3790
Achhoti	37	20.9152	81.7186
Achhewala	23	31.0215	74.7629
Achan Chak	23	31.5733	75.5182
Achanakpur	37	21.8142	80.8345
Achanakpaur	37	22.0092	82.0989
Achana	35	22.5892	75.5438
Achanakpur	37	21.6519	80.9906
Achholi	37	21.1931	80.7867
Achanakpur	37	22.1663	82.5245
Achanakpur	37	21.8621	82.8124
Achritpali	37	21.7728	82.9650
Achholi	37	21.2342	82.0634
Achridih	37	21.2100	82.0529
Achridih	37	21.2162	82.0523
Achakapur	36	27.8650	80.9541
Acharajpur	36	27.8416	80.9171
Achaknath	36	27.7339	80.8150
Achharwal	23	31.3178	75.9635
Achan Chak	23	31.0169	75.8208
Achhor	11	32.7700	76.1074
Achar	11	32.7203	76.1318
Achla	11	32.5658	76.0883
Achholi	37	20.9293	80.7988
Achanakpur	37	22.0505	81.1969
Achra	37	22.4495	81.3720
Achanakpur	37	22.1914	81.2925
Achalpur	35	22.9057	81.6513
Achchhapur	36	27.1968	81.1174
Achecha	36	27.2169	81.1960
Achanakpur	37	22.2922	81.5849
Achhidongri	37	22.3110	81.5643
Achanakpur	37	22.0132	81.5269
Achwa	37	21.8230	81.3493
Achhoti	37	21.5680	81.6312
Achanalli	19	14.6532	74.9139
Achanpur	37	20.2994	82.2477
Achhachirka	37	20.4213	82.2737
Achheja	10	28.0547	77.4689
Achanakpali	37	21.4786	83.1006
Achandpali	21	21.1711	83.7602
Achaladi	19	13.5228	74.7418
Achlapur	36	27.2953	81.3285
Achecha	36	27.0596	81.2837
Acha Purwa	36	26.1752	81.3147
Achalganj	36	26.1232	81.2685
Achalpur	36	26.4084	81.6020
Achakwapur	36	26.0679	81.7198
Achcharapakkam	25	12.5987	80.0963
Achcharavakkam	25	12.6908	80.1304
Achchayyapeta	02	17.4450	82.0772
Achchampeta	02	17.3249	82.2476
Achchampeta	02	17.0306	82.2310
Achchannapalem	02	16.9592	81.4258
Achchampeta	02	17.5387	82.4154
Achchampeta	02	17.3140	82.3314
Achchampalem	02	17.0247	80.8933
Achchutapuram	02	17.4341	82.5540
Achchutapuram	02	17.5850	82.8666
Achcherla	02	17.6562	82.8549
Achchayyapeta	02	17.7041	82.9615
Achchutapuram	02	17.5623	82.9800
Achchemmapalem	02	16.1495	80.0145
Achingi	02	18.3167	82.4660
Achhaba	21	19.0117	83.3860
Achhava	21	19.0701	83.6884
Achkat	37	18.4194	81.1846
Acheli	37	18.5141	81.2940
Achchayapeta	02	18.4655	83.3810
Achchava	02	18.9918	83.5195
Achchaba	02	18.6889	83.7380
Achchitapuram	02	18.2564	83.5046
Achyutapuram	02	18.5713	83.9738
Achchipoluvalasa	02	18.3405	83.8439
Achannapalem	02	18.2586	83.9392
Achutapuram	40	17.2734	81.0462
Acharapallam	25	13.3863	80.2372
Achutapuram	02	17.1194	81.4609
Achchayyapalem	02	17.2156	81.3883
Achhraun	39	29.5906	79.1319
Acharajlaltola	34	25.6645	84.5598
Achiawas	24	25.3339	73.8447
Achia	24	25.3355	73.9555
Achpai	35	22.0705	74.1981
Achalpur	34	25.8075	84.9811
Acharkundi	35	22.4228	74.9730
Achhaebar	36	26.6665	84.1413
Achraj	36	26.6539	84.3875
Achraul	24	27.1342	75.9552
Achintpur	36	28.1117	79.2601
Achitpur	34	26.0426	84.7957
Achitpur	34	26.0270	84.7922
Achambittiwari Chhapra	36	25.8112	84.1189
Achui	36	25.9027	84.1662
Achhua	34	25.3477	84.8153
Achuki	34	24.8840	84.5551
Achuki	34	24.8580	84.7132
Achcheyapalem	02	16.1681	79.8961
Achmatti	19	15.7486	75.3058
Achapura	19	14.0688	75.2278
Achchampalle	02	14.3465	77.3012
Achchammanahalli	19	14.2568	77.4685
Achayapalle	02	14.0326	77.9373
Achainpalle	02	13.9976	77.2958
Achenahalli	19	13.6788	77.1715
Acharpalya	19	13.1556	77.1793
Achutapuram	02	13.9324	77.3138
Achattanhalli	19	13.1062	77.9921
Achuru	19	13.6383	75.1497
Achaberi	19	13.0990	75.6615
Achnadka	19	12.9769	75.2649
Acheli	40	19.4374	79.5685
Achlapur	40	19.1601	79.5338
Achalpur	34	24.8551	85.4056
Achapalla	19	12.5423	75.4326
Achalpur	34	26.1317	86.1276
Achhmatia	34	26.2115	86.4589
Achalpur	34	26.2432	86.8196
Achanhalli	19	12.9894	75.6583
Achammanahalli	19	12.7745	76.5082
Ache Chak	34	25.4278	86.4301
Acharihundi	19	12.2422	76.9907
Achangi	19	12.9553	75.7946
Achchammanahalli	19	14.2697	77.1794
Achambho	34	24.9737	86.0244
Acharajdih	34	24.9490	86.0224
Achari	34	24.9461	86.1616
Achnanakpur	36	26.8275	79.3676
Achchampalli	40	18.3792	79.4132
Achareddipalli	40	18.3987	79.6285
Acharupadibail	19	12.6076	75.5112
Achhwan	34	24.5407	84.8645
Acharwa	34	26.6083	85.7525
Achi Chak	34	25.5232	85.1255
Achhli	35	21.5963	75.1151
Achuara	34	25.4586	85.6573
Achhampet	40	17.7672	78.3109
Achhampet	40	17.9245	78.4047
Achegaon	16	20.9730	75.9289
Achal Purwa	36	27.6226	80.1713
Achhwapur	36	27.5241	80.2264
Achramau	36	27.1845	80.2131
Achepalli	19	13.7455	77.8757
Achekadarenhalli	19	13.4859	77.8620
Achahalli	19	12.5218	77.0676
Achhapalya	19	12.8914	77.4588
Achalu	19	12.6977	77.2936
Achalu	19	12.4756	77.3634
Achchubalu	25	12.5852	77.6052
Achutapuram	02	14.6889	78.0108
Achchammakota	02	13.6811	78.2944
Achampalli	19	13.2910	78.3202
Achampalli	19	13.0471	78.4058
Achchittapalli	25	12.6757	77.8273
Acharahalli	25	12.2178	78.0782
Acharappatti	25	12.2169	78.0824
Achchamangalam	25	12.5237	78.3202
Achalavadi	25	12.0043	78.4949
Achchamangalam	25	12.5259	78.5430
Achinaikdoddi	19	12.3805	77.5406
Achchavelli	02	14.4767	78.2947
Achannapalli	02	14.1929	79.0873
Achamma	02	13.4044	79.1682
Achchimambapuram	02	13.7086	79.6112
Achchireddikhandigai	25	13.0982	79.6531
Achchamanayadukhandrika	02	13.3457	79.8581
Achchamanayakankhandrika	25	13.3917	79.9790
Achchamangalam	25	12.4007	79.4960
Achukattu	25	12.8516	79.6911
Accharampattu	25	12.0038	79.7797
Achur	13	11.6017	76.0415
Achur	13	11.6004	76.0071
Acchinakal	25	11.3817	76.7227
Achattipur	19	11.7540	76.8548
Achchanur	25	10.8804	79.0653
Achchiyavaram	25	10.6413	79.0673
Achchutamangalam	25	10.8880	79.5609
Achhupara	21	20.2945	84.9508
Achudih	38	23.0689	85.6995
Achhaiya	38	23.6419	85.8543
Achar	38	23.7098	84.2606
Achutoli	38	22.8125	84.9736
Acuntoli	38	22.6431	84.9632
Achampatti	25	9.1915	77.5225
Achchangulam	25	9.5149	77.6707
Achankulam	25	9.4045	77.5768
Achchandavilttan	25	9.4388	77.6639
Achampatti	25	9.0205	77.6526
Acharipallam	25	8.1700	77.3698
Achampadu	25	8.3810	77.6502
Achankulamkudiyiruppu	25	8.1263	77.5204
Achambadu	25	8.5230	77.9321
Achchamapuram	25	10.9765	78.1685
Achchanampatti	25	10.5404	78.0391
Achchambattu	25	10.0291	78.1168
Aciyakavundanpatti	25	10.4988	78.3894
Achchur	25	10.7127	77.5364
Achchinayakkanpatti	25	10.5773	78.5988
Achchukkadupatti	25	10.4174	78.6204
Achcharappanpatti	25	10.1938	78.6637
Achchampatti	25	10.6729	78.9507
Achchiyadimanai	25	10.4107	78.9505
Achchambattu	25	9.9392	78.0664
Achchangulam	25	9.6447	78.0465
Achchangulam	25	9.2260	78.0884
Achchangulam	25	9.7454	78.2892
Achchangulam	25	9.4920	78.3097
Achchangulam	25	9.4795	78.4367
Achchani	25	9.9511	78.7352
Achchangudi	25	9.7381	78.7031
Achchangulam	25	9.2701	78.5939
Achchangudi	25	9.7715	78.9441
Achchammalpatti	25	10.4410	77.9255
Achchammapatti	25	10.3886	77.8345
Achchapuram	25	11.1835	79.5001
Achampatti	25	9.0455	77.3517
Achchampatti	25	9.1006	77.4111
Acharipatti	25	9.9832	77.5814
Achchalpuram	25	11.3285	79.7563
Achchanguttaippatti	25	11.7535	78.2964
Achchavadi	25	11.3169	78.3068
Achchammanahalli	19	14.1334	77.2475
Achu	38	22.5967	85.8241
Achalkot	21	20.8717	85.2807
Achaljamu	38	24.0243	85.8306
Achutapur	21	20.8733	84.7025
Achanta	02	16.6027	81.8065