Agra	36	27.1833	78.0167
Agartala	26	23.8361	91.2794
Agar	35	23.7118	76.0157
Agaram	25	10.4433	77.9485
Agrahara Samakkulam	25	11.1528	77.0110
Agaram	25	13.1100	80.2333
Agastiswaram	25	8.0996	77.5215
Agatti	14	10.8352	72.1822
Agastinuagan	21	19.3700	85.0343
Agonda	33	15.0514	73.9844
Agva	16	17.3892	73.5212
Agucha	24	25.8214	74.7254
Aguada	33	15.4969	73.7674
Agsur	19	14.6794	74.3846
Agrong	03	26.5964	90.7318
Agroha	10	29.3305	75.6338
Agria	24	25.2538	73.9293
Agrawa	24	24.9522	71.5447
Agral	35	22.9270	74.5772
Agra	35	24.9888	77.4254
Agra Jagir	35	23.9319	77.5370
Agori Khas	36	24.5470	82.9648
Agolai	24	26.2862	72.6351
Agol	09	23.1427	72.2730
Agni	19	16.5641	76.4691
Aglot	33	15.4319	74.1738
Agiripalle	02	16.6833	80.6500
Agiaon	34	25.3765	84.6079
Agia	03	26.0895	90.5620
Aghar	11	31.6026	76.5817
Aghapur	24	27.1382	77.5222
Agaundh	10	29.9935	76.2506
Agatrai	09	21.3664	70.2543
Agastyampalli	25	10.3547	79.8474
Agasode	35	24.2730	78.1607
Agasnal	19	17.0451	75.7762
Agashi	16	19.4608	72.7763
Agashi	16	19.1455	73.4740
Agas	09	22.5167	72.8833
Agarvado	33	15.6475	73.7931
Agarpara	28	22.6833	88.3667
Agar Panchaitan	16	18.1812	72.9884
Agarkhed	19	17.3134	76.0606
Agargaon	16	21.0902	79.4825
Agaram	25	12.8220	78.8907
Agar	24	24.2554	74.1703
Agar	09	22.0306	73.6615
Agamani	03	26.2017	89.7746
Agalpur	21	21.0126	83.4056
Agaibani	28	22.3102	86.9432
Agacaim	33	15.4180	73.9033
Agrat	12	33.3044	74.2466
Agar	12	34.1003	74.6029
Aghapalli	40	17.1358	78.6732
Agrahar	40	17.7921	78.5100
Agaram	25	12.8843	80.1551
Agaram	25	13.0397	80.0808
Agara Sarjapura Road ORR	19	12.9247	77.6496
Agraha Dasarahalli	19	12.9803	77.5441
Aghanpur	23	30.5186	76.8402
Agasod	35	24.0733	78.0614
Agar	36	24.9126	78.2898
Agora	36	24.5813	78.7988
Agesi	36	27.9354	79.3314
Agwasa	36	27.0709	79.8329
Agupur Gopalpur	36	26.9189	79.1520
Agupura Gopalpur	36	26.8421	79.1409
Agaus	36	26.9433	79.7064
Agnihotri	36	26.6665	79.9878
Agrophathal	03	25.7558	90.9028
Agraharam	02	17.8307	82.8582
Agumbe	19	13.5179	75.0330
Agara Alambadi	25	11.4366	79.4713
Agarjnari	16	20.1089	79.3277
Agaon	35	21.9060	75.5453
Agarwa	34	26.6441	84.9078
Agrod	35	23.1244	75.9902
Agwa Balo	11	31.2835	77.2626
Agwani	24	27.7835	76.6299
Agwani Ka Bas	24	27.7792	76.6294
Agyara	24	27.5077	76.7361
Agyara Ka Bas	24	27.5040	76.7435
Agron	11	30.5415	77.7488
Agaun	10	27.7293	76.9618
Agri	39	30.5013	77.9251
Agri	36	29.3363	78.1762
Agra	36	29.3198	78.1787
Agarpura	24	26.4075	76.0541
Agra	35	23.7193	78.7685
Agaria	35	23.6733	78.5883
Agaripur	36	29.5036	77.2459
Aghiana	36	29.9110	77.2786
Aghwanhera	36	29.9817	77.3863
Agra	16	21.4265	78.7154
Agargaon	16	21.1230	78.5446
Agargaon	16	21.0586	78.7863
Agwar Pona	23	30.7861	75.4957
Agwar Ladhai	23	30.7767	75.4738
Agwar Rahilan	23	30.7636	75.4693
Agwar Dala	23	30.7701	75.4582
Agahpur	36	28.5622	77.3625
Agraula	36	28.7907	77.2879
Agwanpur	10	28.4877	77.3363
Aghera	36	28.9069	77.5540
Agwana	36	28.5328	77.7295
Agarpura	24	25.3375	74.7272
Agyarna	39	30.4904	78.1437
Aghwanpur	36	29.4240	78.6864
Aghapur	36	28.7779	79.0031
Agthra	36	28.2748	79.0122
Agai	36	28.2800	79.0661
Agarguda	40	19.2369	79.8272
Agriya	24	24.2608	76.3236
Agariya	35	24.2362	76.3210
Agotpalli	40	18.6280	79.9696
Aghapur Sarai	36	28.8004	77.8696
Aghwanpur	36	28.9957	77.9978
Agauta	36	28.5450	77.8800
Agar	37	21.5208	81.2258
Agar	37	21.5141	81.2252
Aguana Khurd	24	28.2413	75.7604
Aguana Kalana	24	28.2249	75.7753
Ageti	23	30.3276	76.1780
Ageta	23	30.3333	76.1877
Agaul	23	30.4549	76.1931
Agond	10	30.0160	76.2584
Agraka	24	27.5358	77.0105
Agrawali	24	27.6554	77.2433
Agrawali	24	27.6461	77.2389
Agriala	36	27.7395	77.6280
Aganpura	36	27.3948	77.7041
Agwal	36	28.2922	77.8592
Agrai	36	28.3231	77.8179
Agarpur	36	28.4212	77.9549
Agaura Amirpur	36	28.2207	77.9150
Agasbal	19	16.4772	76.0957
Agtirtha	19	16.5630	76.4812
Agastihal	19	16.6473	76.9277
Agarpur	36	27.3010	78.1134
Agwar	36	27.2483	78.1403
Agodha	36	27.3137	78.4894
Agaskhand	16	20.5095	78.2715
Agargaon	16	20.6538	78.3893
Agarpur	36	27.6567	78.6805
Agrahar	19	16.2473	77.0065
Agasod	35	23.2379	79.8363
Agnal	19	16.4277	77.2572
Agrapur	36	27.0920	78.9170
Agariya	35	22.8842	79.3076
Agaunapur	36	27.4842	79.1847
Agrapur	35	21.6517	79.0860
Agri	35	21.8951	79.4962
Agri	35	21.9748	79.6150
Agrauta	35	26.3406	77.7477
Agra	35	25.9298	77.2577
Agampur	36	27.5844	79.9047
Aghapur	36	27.7118	79.9466
Agargaon	10	27.9919	77.0385
Agarra	35	25.4598	77.3623
Agarpura	35	24.0453	77.1859
Agrakhera	35	24.2972	77.3442
Agorna	36	27.7354	78.0015
Agsauli	36	27.7326	78.4735
Agrana	36	27.6677	78.4931
Agarpur	36	27.5142	78.2542
Agraharam	40	17.1175	79.3619
Agrupura	36	27.0707	78.4174
Agoli	36	27.8820	78.6695
Agapet	40	17.4809	79.7067
Aghara	36	26.6959	79.5580
Aghar	36	26.6326	79.6403
Agnu Ka Purwa	36	26.5962	79.5914
Agwasi	36	26.3955	79.7423
Aghu Kanwalpur	36	26.3706	79.9657
Agarda	35	22.5671	76.8769
Aganda ka Pura	36	25.7065	82.1242
Aghuai	36	25.6254	82.1398
Agrapatti	36	25.6133	82.1391
Agara	35	24.1022	79.4114
Agara	35	24.3512	79.1617
Agarahi	35	24.7127	82.0733
Agastipur	36	25.4766	83.1952
Agar ka Pura	36	25.4694	83.2135
Agara	35	24.6520	79.5967
Agarsand	36	25.1513	83.0052
Aganpur	36	25.1970	83.2001
Agra	35	22.6878	77.3566
Aghapur	36	25.6917	83.4695
Agasta	36	25.5932	83.4754
Agra	35	25.1779	78.0791
Agora	35	25.6063	78.4379
Agintoda	35	21.7710	77.8088
Agarsi Dihra	34	25.1579	83.9845
Agri	35	21.7342	79.5900
Agri	35	21.6315	79.5573
Agarwara	35	21.9461	79.8338
Agasi	35	21.7687	79.8509
Agri	35	21.7783	79.8923
Agarwaratola	35	21.7276	79.8532
Agarwara	35	21.7157	79.8445
Agariyatola	38	24.3416	83.4676
Agarmiyaguda	40	17.1466	78.5272
Agariya Kalan	35	23.4847	78.1753
Agariya Khurd	35	23.3304	78.1919
Agraharam	40	16.9280	78.0078
Agarwari	16	19.9339	76.7471
Agapet	40	17.8800	79.1890
Agmatkur	40	17.0431	79.5034
Agasiras	35	24.0106	78.5966
Agori	36	24.4381	78.9376
Aghar	36	27.2031	79.2121
Agadal	35	24.5084	81.2174
Agdal	35	24.8432	81.6567
Aghartola	35	24.3076	81.4201
Agdal	35	24.3244	81.4344
Agraunda	36	25.3984	80.9333
Agrasi	36	27.7020	79.4120
Agraura	36	25.8544	82.5244
Agod	35	23.7894	79.9423
Aghauli	36	25.1428	82.6008
Aghwar	36	25.1140	82.6473
Agiabir	36	25.2318	82.6463
Agariya Khurd	35	22.5877	79.8877
Agariya Kalan	35	22.6066	79.8946
Agahwa	36	25.5774	82.3513
Aginhutripurwa	36	26.0396	80.9751
Aghupur	36	29.5699	78.3494
Agarwar	35	24.5475	82.6487
Agni Purwa	36	27.6699	81.0306
Agaia	36	27.3199	81.1784
Agha Purwa	36	27.5391	81.5872
Agar Diha	36	27.5855	81.7046
Agni	34	24.9250	83.9820
Agahia	36	26.5323	81.0163
Agar Khera	36	26.5413	81.2159
Aghara	36	26.9122	81.3997
Agri	16	21.4606	79.7552
Agrora	39	29.7360	78.8813
Agrara	39	29.7169	78.9487
Aghaura	36	26.3757	81.0553
Agar	16	20.2475	79.1786
Agai	36	26.3966	81.9857
Agnihotripur	36	26.3581	81.9518
Agri	16	20.0332	79.5922
Agsani Pada	16	21.0060	74.0084
Agapur Kalan	36	28.7657	78.2877
Aganpur	36	28.8919	78.3202
Agraundha	36	25.1988	81.1162
Agasbal	19	16.5327	76.0745
Aghapur	36	27.1966	81.5209
Aghanastan Purwa	36	27.1749	81.6707
Agiaram Purwa	36	27.3245	81.8499
Aghwanpur	36	28.9308	78.7245
Agras	36	28.2623	78.7231
Agopalli	40	18.2086	78.1246
Agas	12	33.6700	74.4693
Agapur	36	27.6524	82.0352
Agaul	36	28.1317	78.8976
Agya	36	27.2765	82.0351
Aghirwa	36	27.3862	82.1793
Agiauna	36	25.4721	81.4244
Agaya	36	27.1430	82.2374
Agaspur	39	29.8656	79.1716
Agaya Khurd	36	27.3437	82.2501
Agia	36	27.3083	82.7184
Agaya	36	27.0108	82.5319
Agia	36	27.1818	82.6249
Agha Hetim Chak	36	27.0633	82.7219
Agwar	36	27.0423	82.9081
Agampur	36	26.8749	82.1450
Aglar	12	33.8150	74.7892
Aglar	12	33.7503	74.8533
Agresar	36	26.1028	82.0138
Agresar	36	26.1892	82.1176
Agsi	12	33.4244	74.9435
Agaiya	36	26.8693	82.3923
Agaiya	36	26.9608	82.4050
Agar	36	26.8456	82.4988
Aghaganj	36	26.5690	82.2805
Aghaganj	36	26.5957	82.4170
Agia Buzurg	36	26.8979	82.5225
Agia Khurd	36	26.8903	82.5285
Agniapur	36	26.8682	82.6446
Agia	36	26.9163	82.6992
Agauna	36	26.9073	82.5380
Agauna	36	26.6411	82.6572
Agia	36	26.8582	82.9455
Agionan	36	26.9930	82.9784
Aghapur	36	25.7559	83.4056
Agharganj	36	26.3276	82.8803
Agthara Rarayanpur	36	26.3940	82.9515
Agia	36	26.3154	82.9383
Aghapur	36	26.0378	82.9872
Agahanzpur	12	33.9238	75.0090
Aglar	12	33.8076	75.0024
Agya	36	27.1956	83.3391
Agya	36	27.0790	83.6103
Agya	36	27.2048	83.7020
Agur	12	33.6511	75.0991
Aganu	12	33.5624	75.2421
Agai	36	25.9986	81.5876
Aghora	36	26.6775	83.0959
Aghapur	36	26.1019	83.1988
Aghaiwa	36	26.9290	83.3290
Aghar	36	26.6368	83.4368
Aghar Bazar	36	26.6397	83.4391
Agya	36	26.8518	83.5333
Agya	36	26.8105	83.5269
Agya	36	26.8931	83.5950
Aghia	36	25.7319	81.5211
Agya	36	26.4566	83.7303
Agmandi	12	33.3991	75.2943
Agaria	35	23.3816	80.1496
Agreka	12	33.1106	75.6392
Aganhuri	35	23.4612	80.8419
Agral	12	33.2362	75.8165
Agli Dhar	12	32.5877	75.4768
Agwaiya	36	25.2049	81.8280
Agethia	35	24.8012	81.0646
Ageoni	35	22.4577	74.3933
Aghar	11	32.2522	75.8742
Agahr	11	32.4419	75.9975
Aghar Khurd	16	20.5218	74.4053
Aghar Budrukh	16	20.5337	74.4073
Agharpada	16	20.5766	74.4123
Agra	35	22.8196	75.6415
Agrari	35	22.7707	75.5971
Agarwada	35	22.2701	75.9887
Agalgaon	35	21.8781	75.2491
Aghar	11	32.0007	75.8653
Agdol	09	24.3998	72.2564
Agesara	37	20.8580	81.4492
Aghwanpur	10	29.1121	76.9949
Agantara	35	22.2846	80.7616
Agra Khera	23	31.9524	75.2073
Agarwara	35	21.8780	80.2106
Agewa	24	26.1566	73.9186
Aglaur	23	31.8388	75.8013
Agri	37	21.9923	80.9172
Agarwara	35	21.7483	80.8038
Agaon	35	21.9916	75.6006
Agar Har	36	27.0964	80.7414
Aguapur	36	27.7507	80.8675
Agarha Purwa	36	27.4308	80.8479
Agarwahi	16	20.8251	80.3113
Agritola	16	20.7805	80.4546
Agalganv	24	25.1931	73.9112
Aghar	11	32.7221	76.2713
Aghara	11	32.5056	76.3606
Agarpani	37	22.4341	81.3883
Aghara	11	32.4482	76.3013
Agasanda	36	27.0417	81.0105
Agauli	36	27.1623	81.1398
Agaria	37	22.3064	81.7485
Agasan	11	32.4112	76.5171
Agrali	11	32.2744	76.6689
Agojar	11	32.0306	76.5825
Agri Kalan	37	21.8724	81.3931
Agri Khurd	37	21.8685	81.3894
Aghar	11	31.8799	76.3756
Agsal	19	14.6855	74.8213
Agalbail	19	14.5936	74.7729
Agrayan	21	20.4926	82.6342
Agalgadde	19	14.3991	74.8541
Agiari	19	14.4018	74.8079
Agraharam	02	17.3314	81.6335
Agwanpur	10	28.1666	77.3296
Agrod	35	23.1654	76.2268
Agrorah	39	30.0528	78.7952
Agswara	39	30.1171	78.9842
Agrora	39	29.8154	78.7746
Agraula Kalan	36	28.7635	78.2351
Agri	35	23.2047	76.3928
Agalpur	21	21.1058	83.5358
Agraura Shahpur	36	27.3396	81.3742
Aganpur	36	27.0926	81.3918
Aghawannagar	36	26.7989	81.6574
Agauna	36	26.3101	81.5140
Aghar	36	26.1241	81.7317
Agaram	25	12.6620	80.1222
Agraharam	02	17.7625	82.3722
Agraharam	02	17.2697	82.4481
Agadallanka	02	16.7123	81.2732
Agraharam	02	16.5866	81.4948
Agraharam	02	16.4898	81.2678
Agartipalem	02	16.4892	81.6809
Agarru	02	16.4952	81.6998
Agraharam	40	17.1826	80.6889
Agraharam	02	17.3154	82.5201
Agraharam	02	17.5681	82.8506
Aghanpur	37	19.0893	82.0001
Aguru	21	19.2722	83.3903
Aginiparru	02	16.2719	80.8847
Aginiparru Malepalle	02	16.2760	80.8883
Aginiparru Madigegudem	02	16.2848	80.8802
Aginiparru	02	16.3835	80.8730
Agurusola	21	19.1274	83.5444
Agruvarapara	37	18.7056	81.3453
Aguru	02	18.3086	83.2504
Aguru	02	18.4777	83.6061
Agraharam	02	18.2043	83.7318
Agraharam	02	18.5658	83.9673
Agraharam	02	15.5839	80.1173
Agraharam	02	15.2740	80.0173
Agraharam	02	15.4705	80.0643
Agraharam	25	13.3991	80.0303
Agaram	25	13.3317	80.1142
Agaram	25	13.4544	80.2118
Agaram	25	13.3511	80.1965
Agaram	25	13.3443	80.1999
Agraram	25	13.3128	80.2461
Agaram	25	13.2765	80.1800
Agaram	25	13.3091	80.2742
Agraharam	25	13.2636	80.2560
Agini	34	25.0932	84.3632
Agnur	34	25.0999	84.4710
Agkheri Kalan	35	23.7124	76.8246
Agwani	35	23.5930	76.9881
Aghat Muwara	09	23.0691	73.0183
Agraji Muwara	09	23.0159	73.1128
Agarwara	09	23.0586	73.4700
Agarvada	09	23.2837	73.7840
Agarvada	09	23.2818	73.8217
Agoria	24	23.2726	74.2985
Agarsanda	34	25.6289	84.5415
Aglaga	36	29.0250	79.0642
Agar	39	29.8864	79.3113
Agar	39	29.8409	79.3716
Agarnaula	39	29.8615	79.3664
Agar	39	29.7836	79.4358
Agaswani	09	22.7339	74.0602
Aghran	35	22.5108	74.2281
Agawara	09	22.7559	74.3839
Agia	09	24.0994	73.0076
Aglera	35	22.5696	74.6283
Aghar	39	29.6056	79.5780
Agahra	34	25.9547	84.7993
Agar	35	22.4027	74.8141
Agarpura	34	25.6449	84.7659
Agsora	39	29.3903	79.6068
Aghariyagaon	39	29.3789	79.6525
Agar	39	29.8039	79.6888
Agar	39	29.9373	79.6576
Agarkot	39	29.9801	79.5190
Agarara	24	25.2759	74.4501
Aghaon	36	26.2743	84.0912
Agsara	34	26.1007	84.1196
Agantoli	39	29.8110	79.9526
Agar	39	29.9276	79.9341
Agera	39	29.6809	79.8268
Agar	39	29.5109	79.8895
Agar	39	29.6797	79.9934
Agadh	24	24.2485	74.1730
Agera	35	22.9740	76.4017
Agurli	35	22.7052	76.4215
Agra	35	22.5335	76.2703
Agra	35	22.5340	76.2605
Agras	36	28.4859	79.3295
Aghaipur	36	28.3197	79.4194
Agori	36	28.0077	79.3393
Ageyan	34	26.1814	84.5790
Agauthar Sundar	34	26.0061	84.8538
Agauthar Nanda	34	26.0161	84.8472
Agrauli	36	28.0420	79.5391
Agraula	36	28.0401	79.5388
Agarsanda	36	25.7682	84.1257
Agaur	36	25.8716	84.2347
Aganraitola	34	25.5593	84.1438
Agiari	36	28.4816	79.9098
Agar	34	25.0354	84.8362
Aghori Bigha	34	24.9790	84.1736
Agheria Kalan	38	24.5839	84.0358
Agrer	34	25.0220	84.0364
Aghaila	36	25.8048	84.3399
Agrauli	36	25.7141	84.2515
Agiaon	34	25.3313	84.3387
Agini	34	24.9709	84.3750
Agratola	34	24.7101	84.5242
Agrahar Timsagar	19	15.3088	75.1121
Agadi	19	15.1856	75.1567
Agasanahalli	19	14.6072	75.1542
Agsanmatti	19	14.8774	75.4911
Agadi	19	14.8168	75.4683
Agsanhalli	19	14.6657	75.4788
Agraharam	02	14.2543	77.9530
Agali	02	13.7845	77.0542
Agraharam	02	13.8835	77.0868
Agrahara	19	13.4955	77.2013
Agalgunti	19	13.3861	77.0409
Agalkoti	19	13.3482	77.0613
Agalkuppe	19	13.2312	77.2299
Agasarpalya	19	13.0271	77.2415
Agrahar	19	13.0294	77.0727
Agraharampalle	02	13.8809	77.4001
Agraharampalle	19	13.6935	77.4856
Agraharam	19	13.6486	77.3012
Agrahara	19	13.5887	77.3521
Agrahar	19	13.3033	77.3804
Agrahar	19	13.2389	77.4680
Agasarhalli	19	13.1334	77.3348
Agalgurki	19	13.4143	77.7394
Agrahar	19	13.1996	77.6348
Agrahar	19	13.0912	77.6187
Agara	19	13.0381	77.6549
Agutimadike	19	13.7926	77.9568
Agrahar	19	13.0167	77.9009
Agasarhalli	19	13.1530	77.9411
Agaradahalli	19	14.0085	75.7937
Agrahara	19	13.9983	75.0332
Agasarakoppa	19	13.9307	75.0484
Agrahar	19	13.7549	75.2083
Agalabagal	19	13.7599	75.2008
Agasarkone	19	13.5041	75.1165
Agalibailu	19	13.6172	75.1690
Aggeshwari	19	13.0024	75.2088
Aggabettu	19	13.1061	75.1173
Agasarakoppa	19	13.8295	75.2619
Agasadi	19	13.7619	75.2562
Agalagundi	19	13.3862	75.3392
Agali	19	13.0347	75.2858
Agaribail	19	13.0247	75.3641
Agasavalli	19	13.9085	75.5255
Agasanahall	19	13.9656	75.7130
Agragadde	19	13.1457	75.6748
Agrahara	19	13.0662	75.6997
Agni	40	19.5050	79.3008
Aggadlu	19	13.1903	75.7762
Agasarahalli	19	13.1969	75.8046
Agri	19	12.7858	75.0221
Agalpadi	13	12.5704	75.1039
Agari	19	12.7515	75.3097
Agasanahalli	19	14.6884	76.1519
Agasanakatte	19	14.4368	76.0300
Agrahara	19	14.0795	76.1296
Agraharam	19	14.8968	76.4789
Agraharam	19	14.7594	76.3823
Agapur	34	25.6057	85.9467
Agasanakal	19	14.2249	76.3891
Agasaladibbadahalli	19	14.8409	76.5149
Agrahara	02	14.1428	76.9063
Agrahara	19	12.3558	76.3172
Agari	34	26.4910	86.3507
Agrahara	19	13.4167	76.1463
Agrahara	19	13.4072	76.2087
Agalahalli	19	13.0444	76.0288
Agasarahalli	19	13.8084	76.4583
Agunda	19	13.3226	76.2982
Agraul	34	25.8161	86.1481
Agardih	34	25.9776	86.1421
Aganihalli	19	12.9837	75.6849
Agalhalli	19	12.9808	75.7409
Agemalla	40	18.7648	79.0539
Agemalla	40	18.7589	79.0592
Agasarahatti	19	12.9922	76.0238
Agaiya	34	25.1070	86.1470
Agile	19	12.9325	76.1026
Agrahara	19	12.6567	76.1000
Agachahalli	19	12.9715	76.7153
Agale	19	12.8049	76.5243
Agasarahalli	19	12.6142	76.5264
Aginavalu	19	12.0520	76.5776
Agrahara	19	12.8421	76.3117
Agar	34	25.7146	86.4293
Agatahalli	19	12.5233	76.7842
Agasthyapura	19	12.2699	76.8402
Agasanuru	02	15.9471	77.2069
Agasaladinne	02	15.8132	77.0826
Agasanuru	19	15.6727	77.0587
Agraharam	02	15.3660	77.2060
Agraharam	02	15.4574	77.4733
Agaveli	02	15.5735	77.7453
Aguanpur	34	25.9132	86.5643
Agwanthan	34	25.8611	86.6264
Agrahan	34	25.5530	86.6796
Agali	19	12.7882	75.9637
Agarhan	34	25.2116	86.5878
Agma	34	25.6929	86.7879
Agahara	34	24.9213	86.1665
Agahara	34	24.7613	86.2332
Aghatia	09	23.4290	73.5438
Aggimatai	13	11.8501	75.7550
Agalad	13	10.6445	75.9847
Agasge	19	15.9329	74.4633
Aghaini	36	26.8997	79.2817
Agarwada	40	19.4798	79.1146
Agraharam	40	18.2185	79.3421
Agarampeta	40	18.0328	79.6965
Agoli	19	15.4814	76.3854
Agarbail	19	12.6743	75.5076
Agalimale	19	12.5411	75.5980
Agali	19	12.5545	75.6167
Agsanhalli	19	15.5663	74.9039
Agas	33	14.9550	74.0616
Aglibandar	19	14.8754	74.2212
Agarsal	19	14.2858	74.4347
Agrahar	19	14.3504	74.4212
Agribara	19	14.3859	74.4411
Aghori Bigha	34	24.9355	84.8037
Agni	34	24.9922	84.9915
Agraili	34	24.8383	84.9908
Aganda	34	24.5972	84.9362
Agarh	34	25.9967	87.0515
Agarpur	34	25.1957	87.0423
Agra	34	25.1234	87.1097
Agaiya	38	25.0991	87.2424
Agaiya	34	25.1552	87.2868
Agaganj	34	25.8681	87.5930
Agartola	34	25.7493	85.0722
Aghi Chak	34	25.6162	85.0299
Agarpar	34	25.3728	85.2113
Agaya	28	24.1073	87.6303
Agrail Khurd	34	25.9190	85.5861
Agwanpur	34	25.4497	85.7265
Agnigundala	02	16.1817	79.7408
Agrahar	40	17.9917	78.3830
Agarrapalli	40	17.7375	78.5275
Agne ji Dhani	24	25.1700	70.9023
Aganpur	36	27.6769	80.1408
Agraharpalya	19	12.9674	77.0618
Agalakote	19	12.9073	77.1689
Agavanhalli	19	12.6024	77.0731
Agasanhalli	19	12.4297	77.1269
Agraharam	19	12.2424	77.1405
Agara	19	12.1154	77.0739
Agraharhundi	19	12.0730	77.0774
Agraharam	19	12.1881	77.1168
Agara	19	12.8442	77.4877
Agara	19	12.6195	77.4794
Agraharam	25	12.6347	77.7121
Agalakottai	25	12.5045	77.6764
Agraharam	02	15.4688	78.5869
Agraharam	02	14.6006	78.1559
Agraharam	02	14.7240	78.9444
Agraharam	02	14.4323	78.8211
Agraharam	02	13.7483	78.1485
Agraharahalli	19	13.5696	78.0491
Agrahara	19	13.5270	78.2434
Agravaripalli	19	13.6803	78.0565
Agrahara	19	13.3119	78.1309
Agrahara	19	13.4562	78.1004
Agnihalli	19	13.1625	78.2317
Agara	19	13.0142	78.0487
Agrahara	19	13.0595	78.0048
Agalakote	19	13.0213	78.1253
Agraharampalle	02	13.8917	78.2702
Agara	19	13.2803	78.3348
Agrahara	19	13.1769	78.2740
Agrahara	19	13.0975	78.4630
Agara	19	13.0487	78.4177
Agestiganipalle	02	13.4246	78.6040
Agraharam	02	13.3875	78.6711
Agastheswaraswami	02	13.3638	78.6508
Aggondapalli	25	12.6623	77.8414
Agaram	25	12.6359	77.9215
Agaram Agraharam	25	12.6214	77.9646
Agaram	25	12.3892	77.9726
Agraharam	25	12.1157	77.8858
Agasarahalli	25	12.1283	77.9349
Agraharam	25	12.6901	78.0772
Agaram	25	12.5214	78.1239
Agarathankottai	25	12.3211	78.1855
Agaram	25	12.2520	78.0843
Agraram	25	12.1353	78.0610
Agaram	02	12.7995	78.2856
Agrahara	19	12.9274	78.3843
Agraharam	02	12.9950	78.4935
Agraharam	25	12.5770	78.2942
Agaram	25	12.3369	78.2756
Agraharam	25	12.3689	78.4122
Agraharam	25	12.2215	78.3778
Agraharam	25	12.1006	78.4565
Agraharam	25	12.5486	78.5091
Agaram	25	12.4828	78.6167
Agraharam	25	12.9616	78.8341
Agaramcheri	25	12.8949	78.8960
Agraharam	25	12.8449	78.8909
Agraharam	25	12.9554	78.9799
Agarampallipattu	25	12.0872	78.9600
Agaram	25	12.1499	78.9658
Agaram	25	12.2268	78.9928
Agraharam	02	15.8858	79.2185
Agraharam	02	14.3933	78.4910
Agraharampalle	02	14.1928	78.3413
Agraharam	02	15.2074	79.3171
Agraharam	02	15.3869	79.3575
Agraharam	02	14.6564	79.1434
Agraharam	02	14.5777	79.1760
Agraharam	02	14.3000	79.2104
Agraharam	02	14.9056	79.6834
Agraharapupalli	02	13.4566	79.1072
Agraharam	02	13.4124	79.0664
Agarampalli	02	13.2766	79.0433
Agraharam	02	13.4061	79.1739
Agraharam	02	13.2486	79.1293
Agaremangalam	02	13.2491	79.2280
Agraharam	02	13.2096	79.1862
Aggichenupalle	02	13.3942	79.2598
Agraharam	02	13.3625	79.3552
Agraharam	02	13.1706	79.2606
Agaram	02	13.3318	79.6436
Agarampettai	02	13.3528	79.7213
Agaram	02	13.3554	79.7184
Agaram	02	13.2874	79.6693
Aguru	25	13.1807	79.5738
Agavapeta	25	13.1743	79.5890
Agraharapupeta	02	13.8995	79.8907
Agraharam	02	13.9692	79.8867
Agraharam	25	13.0230	79.8217
Agaram	25	13.0779	79.8491
Agaram	25	12.5258	79.1273
Agraharapalaiyam	25	12.7064	79.2472
Agaram	25	12.4024	79.0419
Agaramsibbandi	25	12.4029	79.0965
Agaram	25	12.0780	79.2128
Agaram	25	12.7741	79.4091
Agraharam	25	12.8807	79.4898
Agilandapuram	25	12.5726	79.2578
Agaram	25	12.6079	79.3224
Agatterippattu	25	12.6159	79.4519
Agaram	25	12.2569	79.4192
Agalur	25	12.3216	79.4830
Agavalam	25	12.9450	79.5945
Agaram	25	12.8879	79.6182
Agaram	25	12.5173	79.6687
Agaramtuli	25	12.5405	79.7437
Agarakorakkottai	25	12.4093	79.5371
Agaram	25	12.0843	79.5352
Agaram	25	12.0873	79.7292
Agaram	25	12.9684	79.8953
Agaram	25	12.8485	79.8643
Agaram	25	12.7653	79.9118
Agili	25	12.4555	79.8073
Agaram	25	12.2888	79.8804
Agaram	25	12.1825	79.9171
Agtur	19	11.9815	76.3640
Agatgaudanhalli	19	11.8810	76.6758
Agali	13	11.1021	76.6507
Agalanam	13	10.7251	76.1543
Agalur	13	10.7683	76.4527
Agattettara	13	10.8084	76.6484
Agamkudi	13	9.2702	76.4724
Agastiyakod	13	8.9356	76.9196
Agrahara	19	11.9703	77.0441
Agasattikombai	25	11.6204	77.2724
Agraharpudur	25	11.1021	77.2504
Agraharam	25	10.9334	77.2959
Agaram	25	11.6196	79.2727
Agaram	25	11.5402	79.4043
Agaram	25	11.3576	79.3290
Agraharam	25	11.4024	79.3581
Agraharam	25	11.4147	79.3855
Agarattur	25	11.0155	79.3817
Agarachchelur	25	10.8894	79.2957
Agraharam	25	10.9442	79.4703
Agara Ohai	25	10.8498	79.4775
Agarauttirangudi	25	10.8250	79.4902
Agaradichchamangalam	25	10.8114	79.4960
Agraharam	25	10.5564	79.4932
Agaravelukkudi	25	10.7200	79.5589
Agaramangudi	25	10.8744	79.2302
Agara Orattur	25	10.7301	79.7898
Agaraeraiyankudi	25	10.6609	79.7527
Agarattirunallur	25	10.7932	79.5975
Agarattirumalam	25	10.9334	79.6708
Agarachchettur	22	10.9378	79.7435
Agarakkondagai	25	10.8779	79.8060
Agarakkadambanur	25	10.7733	79.7534
Agniaprasad	21	20.0196	84.9034
Agartoli	38	23.8816	85.0535
Agru	38	23.3829	85.2097
Agardih	38	23.8147	85.5162
Agardih	38	23.7226	85.5159
Agartoli	38	23.4682	85.5649
Agra	38	23.0749	85.6700
Agsia	38	23.0130	85.8502
Agariatola	38	23.8490	84.0355
Agardih	38	23.9027	84.3323
Agariakhar	38	23.3470	84.4807
Agardih	38	23.4453	84.5816
Agdih	37	22.9219	84.2389
Agharma	38	22.7712	84.7468
Agattapatti	25	9.6142	77.6694
Agraharam	25	9.1353	77.6930
Agaram	25	8.9150	77.5040
Agastiswaramkudiyiruppu	25	8.1103	77.5242
Agaram	25	8.7192	77.8373
Agappaikkulam	25	8.5479	77.9678
Agraharam	25	10.9696	78.2302
Agraharam	25	10.3987	78.0227
Agraharam	25	10.9792	78.3152
Agraharam	25	10.6050	78.4714
Agamalai	25	10.1094	77.4216
Agastilingampalaiyam	25	10.9976	77.5504
Agraharam	25	10.9102	78.5518
Agarappatti	25	10.5212	78.5121
Agalanganallur	25	10.9016	78.8132
Agarappettai	25	10.8427	78.9096
Agaram	25	9.8513	78.2104
Agattakulam	25	9.5454	78.2926
Agattayiruppu	25	9.4407	78.4299
Agraharam	25	9.5096	78.6461
Agaram	25	8.6582	78.0737
Agraharam	25	11.3478	79.0476
Agaramsigur	25	11.3942	79.1045
Agaram	25	11.4772	79.1767
Agaram	25	11.2359	79.1628
Agaram Chittamur	25	11.9830	79.4184
Agaram	25	11.7743	79.6202
Agraharam	25	11.9010	79.6341
Agaram	25	11.9324	79.7384
Agarapputtur	25	11.3193	79.5136
Agara Elatur	25	11.2569	79.6574
Agaram	25	11.4820	79.7448
Agaranallur	25	11.3498	79.6853
Agarakkirangudi	25	11.0631	79.6500
Agani	25	11.2426	79.7121
Agaravallam	25	11.0393	79.6776
Agrapuram	25	11.8577	78.0700
Agaravattaram	25	11.2897	79.7874
Agarahariharangudi	25	11.0044	79.7698
Agambadiyatteru	25	10.4727	79.1943
Agraharam	25	10.3128	79.1105
Agraharapulaveri	25	11.6056	78.1057
Agaram	25	11.3822	78.0251
Agrahara Uduppam	25	11.3269	78.1461
Agrahara Nattamangalam	25	11.3893	78.1199
Agraharam	25	11.4386	78.1830
Agraharam	25	11.6821	78.2804
Agrahara Valavandi	25	11.0749	78.2650
Agrahara Urakkarai	25	11.1185	78.4204
Agraharanattam	25	11.6697	78.5074
Agraharam	25	11.6099	78.5742
Agraharam	25	11.0134	78.5222
Agarakottalam	25	11.7907	78.9810
Agraharavasudevanur	25	11.6045	78.8303
Agaram	25	11.4117	78.9406
Aguruah	38	22.3604	85.3944
Agrahara Valappadi	25	11.6541	78.3994
Agakdihatoli	38	24.3171	85.9599
Agalgarhi	38	24.0614	86.0468
Agui	38	24.5124	86.2908
Agulopalli	21	20.0272	84.7023
Agwari, Jalore	24	25.3264	72.8737
Agradwip	28	23.5962	88.2551
Agrahat	21	20.5524	85.9077
Agarpada	21	21.2067	86.3589
Aghunato	20	26.0162	94.6273
Aghat	36	27.3519	79.2637
Agrora	39	29.7903	78.9470
Agumbe	19	13.5077	75.0956
Agrahar	19	13.2277	78.0610
Agraharam	25	12.6318	77.7830