Aizawl	31	23.7289	92.7179
Airoli	16	19.1510	72.9963
Aistala	28	23.1800	88.5800
Airavadanallur	25	9.9057	78.1552
Aish Maqam	12	33.8650	75.2837
Air Khas	36	25.9324	79.5146
Aiyar	38	23.7075	85.7549
Aivarkhandpur	19	13.1371	77.4928
Aivalli	19	16.0190	75.8820
Ait	36	25.8948	79.2415
Airwa	36	26.8920	79.4214
Ainpur	16	21.1633	76.0439
Ainavolu	02	15.9929	79.6701
Ainapur	19	16.6679	74.8953
Ainak	31	22.3765	93.1579
Ailam	36	29.2764	77.2953
Ailabhatta	21	20.2526	83.0162
Aiju	11	32.0239	76.7042
Aihol	17	23.9333	93.9833
Aigali	19	16.7775	75.2533
Aichwara	35	25.7155	77.5281
Aichisagami	20	26.1192	94.5922
Aichanahalli	19	12.7518	76.2274
Aima	28	22.4067	88.1803
Aimaburan	12	34.1581	74.5684
Ainbushahi da Danna	12	32.9676	74.5872
Aima	12	33.1891	74.1348
Aitham	12	32.7737	75.0004
Aita	39	29.8091	78.5981
Aiiamari	40	17.8231	78.1107
Aino	35	26.5473	78.3473
Aikolaha	23	30.6906	76.1697
Aikolahi	23	30.7029	76.1645
Aima	36	27.0309	79.8007
Aima Nagla Mohan	36	26.8880	79.0657
Aidalpur	36	26.1346	79.4432
Airahu	36	26.8863	79.5152
Aikaru	36	26.5162	79.7810
Airaura	35	24.6655	79.1947
Ainta	24	27.1547	71.2487
Aiwad	24	27.2852	73.9605
Aitchivadi	16	18.8935	74.1769
Ailta	28	23.2330	87.1435
Aibawk	31	23.5610	92.7048
Airani	19	14.6078	75.7989
Aitmul	12	34.4308	74.6511
Ainchla	10	29.5710	76.8487
Air	12	33.3548	74.4919
Aildar Baihk	12	34.5839	74.2675
Aildar Forest	12	34.5805	74.2521
Aisha	11	31.2556	77.3320
Aidish	11	31.3897	77.5061
Aindi	11	30.9262	77.1368
Ainchhaka	24	27.7947	76.7020
Aithal	39	29.8139	78.0394
Aidalpur	24	26.3115	76.5925
Aidalpur	24	26.8713	76.8273
Aibra	24	25.4823	76.3062
Aitiana	23	30.7532	75.6045
Aiki	36	29.6445	77.9711
Aitmadpur	10	28.4505	77.3220
Ainchhar	36	28.4657	77.5417
Aitbarapur	23	31.6801	75.8928
Aima	23	31.7074	75.8234
Aira	39	30.5417	79.6203
Ainchor Jhunanagar	36	28.3934	79.2148
Aitapalli	40	18.6570	79.0345
Aidasapalli	40	18.8225	79.7316
Aitavarpet	40	18.6386	79.9196
Ailipur	40	18.6619	79.8864
Ainkampet	40	18.6835	79.8957
Aipeta	16	18.7592	80.0399
Ainchana	36	28.5868	77.8213
Aindori	35	26.4987	78.3363
Ainchaya	35	26.3697	78.3812
Aildar Baihk	12	34.6375	74.4548
Aichana	36	27.9707	77.8747
Ainchwara	24	27.7308	77.2839
Aima	10	30.3038	76.6965
Ainch	36	27.9225	77.4841
Ailwara	36	27.9098	77.4814
Ainthpura	36	27.5482	77.7176
Ainipura	10	29.0690	76.0457
Aimanpur	36	28.3395	77.8712
Aithulkapa	37	21.9218	82.0478
Ainapur	19	16.8063	76.4769
Ainapur	19	16.6373	76.4694
Aithwarah	16	19.1453	77.3297
Ailwanpalle	40	17.0877	77.5880
Aihrai	36	27.3679	78.3290
Aira Khera	36	27.5962	77.8195
Aira Khera	36	27.5258	77.8615
Aira	36	27.5818	77.8589
Aima Tanda	40	17.5411	77.9424
Ainthakhera	35	23.0734	79.8437
Aidalpur	36	27.0150	78.6567
Aima Lakhnai	36	27.0283	78.6126
Aigawan	36	27.7690	78.8518
Ainapur	40	16.4711	77.2834
Aidalpur	36	27.8453	78.2395
Aikamet	40	16.8202	77.7249
Aima Hasannagar	36	27.0771	78.8144
Aimanpur	36	27.0264	78.9697
Aimanpura	35	26.5377	78.2799
Ainthpura	35	26.5414	78.3751
Ailampur	36	26.9910	78.7896
Aivarpalli	40	16.8165	77.8227
Aivarpalli	40	16.7847	77.9925
Aita Tanda	16	19.9381	78.1770
Aita	16	19.9348	78.1829
Airo	36	24.5740	78.3344
Airaoni	36	24.5597	78.4269
Airwa	36	27.2678	79.0932
Airma	35	21.9028	79.4783
Ainchauli	35	26.3124	77.5233
Aila	36	26.9611	77.8938
Aigawan	36	27.6877	79.9624
Ainchwari	10	27.8222	77.1137
Aimotwas	10	27.8382	77.1504
Ainswaya	35	25.6451	77.3621
Ainpura	35	25.6463	77.4108
Ainta	35	25.9341	77.5226
Ainthapur	36	27.7687	79.9375
Ainda	36	27.2570	79.8726
Aija	36	27.4522	79.9442
Aihan	36	27.5159	78.1810
Ainchola Saadatpur	36	27.7249	78.4014
Aitpamla	40	17.1710	79.3581
Ailai	36	27.1631	78.2543
Ai	36	27.0522	78.3318
Aimanpur	36	27.9288	78.6534
Aijaknagar	36	27.9043	78.6843
Ainthpura	36	27.7540	78.6462
Ainapalli	40	17.8873	79.9223
Aima	36	26.8408	79.9211
Aima	36	26.8727	79.8521
Ainkrapur	36	26.9240	79.7640
Aira	36	25.9271	79.0377
Airi	36	25.9047	79.4801
Aindha	36	25.8743	79.2904
Ainjhi	36	25.6369	79.7980
Aima Khera	35	25.0391	80.4927
Aimapur	36	25.5960	81.1601
Aima Wari	36	25.6071	81.2124
Aioni	36	25.4329	79.2261
Aisaha	35	26.6674	78.1025
Airi	36	25.2619	83.0679
Aimanpura	36	26.8810	78.5941
Aiwadia	36	25.1826	83.1950
Aipa	35	22.6192	77.4256
Aipi	35	22.5815	77.4815
Airai	35	25.7252	78.3362
Ailahi	36	25.2077	83.3165
Ailai	34	25.0667	83.3780
Aigara	34	25.1428	83.7324
Ailakhpur	36	25.7157	83.8676
Aiman	36	25.5783	83.9201
Ailahi	36	24.7352	83.1161
Ailkar	36	24.6455	83.1782
Ailai	36	24.6727	83.2689
Aikara	16	20.3808	79.7984
Aila	36	25.3154	80.4377
Aidabhavi	19	16.3151	76.5711
Aidnal	19	16.1833	76.5216
Aitol	40	16.6139	78.3464
Airavani	35	24.9239	78.0839
Ainol	40	16.4479	78.7591
Ailakuntabhavi	40	17.5163	79.1528
Ainchwara	36	25.2523	80.5831
Ainkapur	40	19.5903	78.5698
Aipet	40	19.3347	78.6255
Ailau	36	27.1799	79.1262
Aikaripur	36	27.0465	79.0846
Aitala	35	24.5559	81.4358
Aira	35	24.4768	81.1002
Aira	35	24.3943	81.1583
Ainthi	35	24.3339	81.7476
Aitmadpur	36	25.7609	80.9504
Ailahi	36	25.9323	82.3435
Aimma Asbhon	36	25.7259	81.4159
Ainchh	36	25.3787	82.3613
Aireh	36	25.3863	82.9827
Aibakpur	36	25.1245	82.8167
Aindhi	36	26.3575	80.8511
Ailawa	36	26.2592	80.9407
Ailia	36	25.6567	82.9975
Ailipur	36	25.6486	82.9556
Aidalpur	36	29.1933	78.0358
Aira	36	27.8694	81.0484
Ainipur	36	27.3764	81.1789
Ailiha	36	27.4784	81.5901
Aima	36	27.3619	81.5791
Aima	36	27.2981	81.6655
Ailakh Alipur	36	25.9668	83.7754
Aima	36	27.2816	81.6324
Aipi Purwa	36	27.0590	81.9758
Aima	36	26.7384	81.3971
Aimapur	36	26.5259	81.2937
Ainjar	36	26.4969	81.9549
Airayan Sadat	36	25.8326	81.1810
Airayan Mashaekh	36	25.8317	81.1845
Airai	36	25.4823	81.1962
Ainchwara	36	25.1831	81.0384
Aima	36	26.3698	80.4655
Ainch	16	19.7793	77.0903
Aini Hathansi	36	27.2449	81.5540
Aima	36	27.1751	81.5529
Aima Jaisinghapur	36	27.2078	81.6171
Ailegaon	16	19.6026	77.0794
Aima	36	27.2343	81.7415
Ainchora Dingar	36	28.6485	78.4767
Ainchora Kamboh	36	28.7025	78.4762
Ainchora ki Mandaiyan	36	28.7045	78.4652
Ainchora ki Mandaiyan	36	28.7181	78.4736
Ailo	36	27.4549	81.8014
Ailahwa	36	27.3361	81.9211
Ailegaon	16	19.5888	77.4526
Ailegaon	16	19.5538	77.2907
Aidalpur Jogia Sihali	36	28.9551	78.6000
Aidalpur Jogi	36	28.9614	78.6004
Ainthapur	36	28.1210	79.8391
Ailapuram	40	18.8518	78.1170
Ainjari	36	28.5696	78.6730
Ainjara	36	28.5668	78.6762
Aincholi	36	28.5075	78.6458
Aihari Buzurg	36	25.9835	81.3398
Aima Jahanian	36	25.8778	81.3369
Ainthu	36	25.8154	81.4327
Aihar	36	26.1874	81.0314
Aidilpur	36	26.5381	81.6924
Aima	36	26.7002	81.7261
Aithar	36	26.8299	81.7601
Aili Parsauli	36	26.8651	81.8624
Aiyapalli	40	18.2133	78.1182
Aitaul	36	28.4130	78.7622
Aitmadpur	36	28.2976	78.7996
Aipara	36	28.2772	78.8633
Aiampur	36	28.2262	78.9040
Ai Gala	12	33.3105	74.5223
Ailai	36	25.4774	81.2559
Aigawan	36	25.2807	81.4321
Aidilpur	36	25.4865	81.3954
Aidahra	36	25.4926	81.4902
Airoli	39	29.8551	79.0115
Aikukhet	39	29.8462	79.1423
Airaribisht	39	29.7872	79.1831
Airari	39	29.7696	79.2253
Aidaha	36	27.0935	82.3716
Aiyavarupalli	40	18.1844	78.4512
Airwa	36	27.0749	82.8650
Ainthl Dih	36	26.2645	82.2085
Aivil	12	33.6088	74.8744
Aivind	12	33.6970	74.8734
Aiavarpalli	40	18.4717	78.8989
Ainkampet	40	18.3917	78.8038
Ailahwa	36	26.9047	82.2905
Ailia Joga Rai	36	26.7701	82.2872
Aimi Alapur	36	26.6274	82.2563
Ainabhari	36	26.6101	82.3122
Ainabhari	36	26.6021	82.3182
Aimalia	36	26.4683	82.2509
Airia	36	26.4517	82.3448
Aila	36	26.9845	82.6287
Ainpur	36	26.8704	82.5811
Aiti	36	26.7158	82.5979
Ailna	36	26.5965	82.6923
Aitimadpur	36	26.0164	82.5674
Ailaspur	36	26.1979	82.6929
Ailia	36	26.6709	82.7496
Ailia	36	26.6117	82.8442
Aira Buzurg	36	25.8026	83.3045
Aira Khurd	36	25.8131	83.2998
Aimabansi	36	25.7932	83.3474
Aihthauri	36	26.3187	82.9881
Ainchni	36	27.1188	83.0534
Aidalpur	36	25.9091	81.5084
Aidha	36	25.7627	81.5789
Aimapur Bindhan	36	25.7978	81.6740
Ainwan	36	26.6078	83.1853
Ainwan	36	26.4272	83.0075
Ainan	36	26.0725	83.2032
Aima	36	26.6140	83.4364
Ailahwa	36	25.6546	81.6106
Aimma Jatupur	36	25.6764	81.6779
Aiblar	12	33.3371	75.2818
Ainwan	12	33.7346	75.6766
Airwan	12	32.3598	75.4111
Aikaura	36	25.4564	81.5039
Aima	23	32.1587	75.3861
Ainthi	36	25.8497	81.8300
Aima Muglan	23	32.2856	75.5517
Ainuddinpur	36	25.4195	81.8016
Ailahal	35	24.8640	81.0277
Ailaha	35	24.7992	81.2398
Aima Gujran	23	32.2391	75.5788
Aima Changan	23	32.2294	75.6120
Airan	35	22.4976	74.2623
Airitola	35	22.6267	80.7251
Aima Mallian	23	31.4234	74.8014
Aima	23	31.8468	75.2123
Ainokot	23	31.7238	75.3095
Aidalpur	23	31.0474	75.3126
Airaberi	24	25.8422	73.9540
Aima Mangat Dator	23	31.8931	75.6347
Aitma	37	22.6220	82.5899
Aira Kakemau	36	27.1378	80.6723
Aima	36	27.2016	80.5164
Ail	11	32.8365	76.0365
Airlas	11	32.7722	76.1635
Aini	11	32.7216	76.0434
Airuar	11	32.6941	76.0929
Airoi	11	32.6952	76.0429
Air	11	32.5634	76.1806
Ailankhod	11	32.5035	76.0663
Aidana	24	25.2403	73.8875
Aira	11	32.7169	76.2906
Aiabandha	37	20.8629	80.8336
Ainhur	37	20.1891	80.7820
Airgur	37	20.2682	80.9138
Ainhurtola	37	20.1840	80.7696
Ainhur	37	20.0580	80.9327
Aig	11	32.4594	76.2700
Aig	11	32.4428	76.2924
Aimapur	36	27.2136	81.0895
Aimahar	36	27.0835	81.1885
Aimapur	36	27.1966	81.1823
Aimapur	36	27.1165	81.0504
Ainthi	37	22.9868	81.9734
Aima	11	32.1176	76.5346
Aima Mugilan	23	31.2446	76.0814
Aima	11	31.9958	76.4508
Ainswali	11	31.1145	76.7373
Aiwara	11	31.9794	76.7700
Aina	11	31.3578	76.8811
Aikhu	11	30.9605	76.8807
Aimri	11	31.2142	77.1353
Ainbail	19	14.4522	74.7662
Ainali	19	14.4189	74.8265
Aigod	19	14.3931	74.9360
Aithani	39	30.8685	77.9561
Ainthana	39	30.2176	78.7807
Aiyal	39	30.0723	78.7946
Aizar	39	30.1620	78.9982
Airoli	39	29.9181	78.4412
Airoli	39	29.9322	78.9132
Aidalpur	36	28.9949	78.0600
Aidalpur	36	28.1557	78.2820
Ainlapali	21	21.2791	83.3103
Ailapali	21	21.4027	83.4381
Ainlapali	21	21.0360	83.3345
Ailpur	21	21.1097	83.4052
Aimal	21	21.1163	83.4887
Ailapali	21	21.4495	83.6454
Ainlapali	21	21.1685	83.5676
Ainthapali	21	21.2186	83.6025
Ainlapali	21	21.1694	83.6921
Ainlamunda	21	21.1117	83.6924
Ailapali	21	21.7800	83.9046
Ailajharan	21	21.6936	83.7932
Ainlapali	21	21.6981	83.9333
Ainlapali	21	21.2559	83.9325
Ailapali	21	21.3240	83.8543
Ainthapali	21	21.4925	83.9853
Ainlapali	21	21.1724	83.8705
Ainlahata	21	20.9891	83.1795
Ailabahal	21	20.8912	83.3722
Airia	36	27.5174	81.3930
Ainuddinpur	36	27.1872	81.3346
Aima	36	27.0882	81.4389
Aiaspur Dih	36	26.1849	81.3180
Ainthi	36	26.1152	81.4854
Ainthi	36	26.0870	81.4747
Airi	36	26.4091	81.5066
Aidhi	36	26.2306	81.5982
Aintha	36	26.1362	81.6531
Aibhimavaram	02	16.5632	81.3688
Ainada	02	17.9818	82.8311
Aitampudi	02	17.7814	82.8597
Aima Sukhatpali	34	26.0134	84.2943
Aitahandi	21	18.9672	82.4393
Ainavolu	02	16.4875	80.5019
Ailuru	02	16.2645	80.8300
Ainampudi	02	16.2977	80.9052
Ainampudi	02	16.3546	80.9933
Aiyavarkandigai	25	13.3459	80.0287
Aitri	24	25.2966	73.7445
Airari	39	29.6220	79.4091
Airari	39	29.7051	79.4522
Airor	39	29.6670	79.4390
Airoli	39	29.6569	79.4327
Aijanpura	35	22.8945	74.6129
Aiyara	34	25.2370	84.7317
Aina	39	29.7018	79.5278
Aincholi	39	29.5575	79.7081
Airhi Dangar	39	29.3231	79.6268
Ailra	39	29.2948	79.6218
Airideo	39	29.3915	79.6663
Ainchar	39	29.9285	79.6175
Airari	39	29.8658	79.6675
Ainthi	34	26.4384	84.0308
Ainthi	36	26.2487	84.0348
Airari	39	29.8564	79.9479
Aithan	39	29.9571	79.8981
Airi Khan	39	29.6807	79.8443
Aichala	16	21.2583	74.3965
Airuwari	39	29.4186	79.7836
Airarisaun	39	29.1865	79.9376
Ainchta	39	29.0022	79.8518
Aila Piparia	36	28.6607	79.4428
Ainthpur	36	28.3539	79.3046
Aina	36	28.3851	79.3383
Aimnaganj	39	28.8985	79.5678
Ainthpura	36	28.7600	79.5591
Ainjania	39	28.9513	79.7472
Ailapur	16	21.3008	74.9440
Aimi	36	28.5557	79.7331
Ainthpur	36	28.4894	79.6613
Aidwara	36	28.7781	79.8902
Ainaikhan Bazar	34	25.3929	84.8686
Aira	34	25.1263	84.8471
Aila	34	24.6491	84.7474
Aijhi	34	25.1800	85.8453
Ainjani Ghat	34	25.1978	85.9550
Aijhi	36	25.7456	80.8280
Aikala	19	13.0747	74.8608
Aikala	19	13.0693	74.8727
Aikala	19	13.0771	74.8795
Ainorhalli	19	14.0720	77.3080
Ainapur	19	13.2344	77.1601
Aiyandhalli	19	13.0217	77.1125
Aiyanpalya	19	13.2855	77.2557
Ainahalli	19	13.2585	77.3875
Aibasapura	19	13.2432	77.8222
Aidahalli	19	13.2838	75.5809
Airavalli	19	13.1953	75.7970
Aiyangal	13	12.3650	75.1768
Aiyarote	13	12.4217	75.2112
Aiyangal	13	12.4110	75.2428
Aitur	19	12.7656	75.4965
Aigur	19	14.4491	76.0049
Ailoth	34	25.8252	85.7582
Aini Chak	34	24.5675	85.0716
Aiwan	34	24.6837	85.3069
Aiyanahalli	19	14.2821	76.3357
Ainahalli	19	14.0269	76.6918
Aiyachanahalli	19	12.4233	76.2808
Aiyarahalli	19	12.4027	76.4446
Aiman	34	24.7952	85.6124
Aivattoklu	19	12.6831	75.4745
Ailapura	19	13.8308	76.2025
Ailapur	19	12.3584	76.0208
Aichanhalli	19	12.4113	76.1224
Aichanahalli	19	12.5633	76.5518
Aiyerahalli	19	12.9745	76.4333
Aizanthan	34	25.5413	86.3067
Ainahalli	19	12.3880	76.9826
Airnagallu	02	15.9044	77.2591
Aini	34	25.7576	86.5119
Aigur	19	12.7872	75.8223
Aini	36	27.3646	80.5642
Aithara	13	11.8692	75.6060
Aima Khurd	23	31.5279	74.7891
Aima Kalan	23	31.5188	74.7953
Airyur	13	10.6292	75.9981
Ain	16	15.6183	74.0148
Aima Paighambarpur	36	26.5551	79.3647
Aili	36	26.7385	79.4738
Ainkidu	19	12.7060	75.5985
Aigalkurve	19	14.4838	74.4079
Aivalli	19	14.4298	74.4735
Aitalimane	19	14.7743	74.7477
Airodi	19	13.4612	74.7097
Aichamor	38	25.0120	87.1845
Ainamal	34	25.7807	87.5384
Aiman Bigha	34	25.4384	85.2444
Ainio	34	25.4550	85.2060
Aitha	34	24.9378	87.0930
Ainwan	34	25.2394	85.0172
Aidal Chak	34	25.4216	85.5681
Aintha Husainpur	36	27.8801	80.0250
Ainua	36	27.8879	80.2151
Aintha Khera Grant	36	27.6707	80.1665
Aimanpur	36	27.4205	80.0639
Ainuwan	36	27.2710	80.2239
Aimahar	36	27.0351	80.0559
Ainchamau	36	27.1964	80.1456
Ainavillilanka	02	16.6771	82.0202
Ainunhundi	19	12.2726	77.0424
Aijur	19	12.7217	77.2726
Aivaripalli	19	13.4369	78.1519
Aimareddipalli	19	13.3985	78.1148
Aitarasanahalli	19	13.2135	78.1995
Aisandra	19	13.0230	78.2921
Airanapalli	25	12.5916	77.9884
Aiyur	25	12.4229	77.8553
Aiagatta	25	12.3141	77.8824
Ainur Hosnalli	19	12.9944	78.1579
Aimaraspur	19	12.9534	78.2299
Aiyappagavunipalli	25	12.7361	78.1178
Aipagavunipalli	02	12.9255	78.4895
Aivarahalli	19	12.9569	78.3902
Aiyampatti	25	12.0355	78.3298
Aiyampatti	25	12.0682	78.3571
Ainur	25	12.7456	78.6966
Aidoddi	25	12.3471	77.7063
Aiyampettai	25	12.6411	79.2345
Aiyempalaiyam	25	12.4773	79.0253
Aiyankunam	25	12.2724	79.1596
Aiyampalaiyam	25	12.2339	79.0151
Airamangalam	25	12.7302	79.3525
Aiyangarkulam	25	12.7829	79.6643
Aiyangarpalaiyam	25	12.8235	79.7168
Aiveli	25	12.0307	79.6192
Airivayal	13	11.6766	76.1102
Aiyampuzha	13	10.2547	76.4795
Airanikulam	13	10.2037	76.2835
Airur	13	10.1756	76.3104
Airur	13	10.1490	76.2892
Aimuri	13	10.1340	76.4898
Aikaranad	13	10.0008	76.4560
Aikkad	13	9.1813	76.7607
Aikkarakonam	13	9.0051	76.9380
Ailara	13	8.9464	76.9634
Aivarukala	13	9.0826	76.7023
Aiyamvalasu	25	11.4019	77.5454
Aiyakkavundanur	25	11.4015	77.5391
Aiyanvalasu	25	11.3865	77.5927
Aivakkavundapalaiyam	25	11.2087	77.7739
Aimbadumelagaram	25	10.8413	79.0241
Aivanallur	25	10.7684	79.8237
Ainbhatu	38	23.0629	85.3904
Airaberatoli	38	23.3422	85.5474
Aikuti	38	22.2459	85.5335
Aitatoli	38	23.8125	84.8187
Aine	38	23.4624	84.7673
Aidgro	38	23.3698	84.9224
Aidega	38	22.6086	84.8302
Aiulitoli	38	22.5313	84.8319
Ainlamal	21	21.8255	84.1232
Aintapara	21	21.8175	84.2107
Aintapali	21	21.8962	84.2426
Ainlamal	21	21.5843	84.1670
Aiyanapuram	25	9.4185	77.6037
Airavanpatti	25	8.9319	77.8627
Aiyanpatti	25	10.7601	78.0126
Aiyampalaiyam	25	10.8327	78.1872
Ainampatti	25	10.5537	78.1534
Aiyanampatti	25	10.0453	78.0192
Aiyankottai	25	10.0290	78.0138
Aiyanakulam	25	10.0218	78.0371
Aivadampatti	25	10.1453	78.3334
Aiyampatti	25	10.1402	78.3954
Ainuttippatti	25	10.2060	78.4516
Aiyamuttampatti	25	10.0108	78.4401
Aiyattuppatti	25	10.9403	78.5537
Aiyarpatti	25	9.0019	78.1184
Aiyampettai	25	9.7818	78.3236
Aiyampatti	25	9.6338	78.7218
Aiyankurichchi	25	9.5989	78.5385
Aiyanarkovil	25	9.9017	78.7716
Aiyankulam Tulukkakkudi	25	8.3079	77.8450
Aiyankulam	25	8.3100	77.8467
Aiyakuttitattu	25	8.3461	77.9028
Aidiyakurichi	25	8.3939	78.0251
Aivanur	25	11.4540	79.0882
Aivanallur	25	11.1543	79.5962
Aiyappan Kovil	13	9.7130	77.0339
Ainduvidupacheri	25	9.0556	77.3542
Aiyapuram	25	9.1581	77.4281
Aiyapuram	25	9.0133	77.4565
Aita	38	22.5537	85.8740
Aidhpur	21	21.5503	85.0572
Ainsia	21	20.4678	85.0507
Ainsiakhol	21	20.2279	85.2355
Aitochanch	38	24.4231	85.8927
Aina	34	25.8423	86.4210
Ainlapali	21	21.4267	84.0059
Ainlatikra	21	21.2987	84.0288
Ainlajharan	21	21.1771	84.0331
Aintapara	21	21.8917	84.3112
Ainlapali	21	20.8770	84.0298
Ainlajhuli	21	20.7768	84.0904
Ainlapali	21	20.8067	84.0933
Aidh	21	20.6664	84.6100
Airfield (Kapila Prasad)	21	20.1905	85.7927
Aitepyong	20	26.2997	94.2496