Ajmer	24	26.4521	74.6387
Ajanur	13	12.3361	75.0930
Ajnala	23	31.8447	74.7630
Ajara	16	16.1160	74.2110
Ajaigarh	35	24.8988	80.2592
Ajeetgarh	24	27.4193	75.8214
Ajjampur	19	13.7279	76.0068
Ajani Khurd	16	18.6199	76.9412
Ajani Budruk	16	20.5861	77.1519
Ajani	16	18.2563	77.1371
Ajani Khurd	16	20.5730	77.1386
Ajram	23	31.4480	75.8176
Ajnas	35	22.5573	76.8411
Ajitwal	23	30.8157	75.3383
Ajitpura	24	29.0106	75.3119
Ajita	24	25.4805	75.8518
Ajgarhbura	35	23.9667	82.3167
Ajgaon	33	15.7749	73.7013
Ajgain	36	26.6193	80.6287
Ajayagad	21	18.9244	84.0820
Ajasar	24	27.2647	71.7057
Ajas	12	34.3316	74.6801
Ajapura	35	25.6179	76.6735
Ajanta	16	20.5319	75.7494
Ajabgarh	24	27.1869	76.2909
Ajab	09	21.2644	70.3551
Ajitsar	24	28.2689	74.6465
Ajot	12	33.7724	74.0639
Ajaipal ka Dungri	24	25.7265	75.6436
Ajari	24	28.0608	75.4532
Ajitpura	24	28.2259	75.5670
Ajrawar	10	30.1464	76.6908
Ajrana Khurd	10	30.1053	76.7712
Ajrana Kalan	10	30.0972	76.7870
Ajrani	10	30.0720	76.8036
Ajnara ka Khirk	35	25.1587	78.9496
Ajnora	36	24.7099	78.6895
Ajan	36	24.5272	78.7186
Ajnor	35	24.6178	78.9424
Ajrao	36	27.8411	79.1753
Ajit Nagla	36	27.7675	79.4265
Ajabpur	36	27.1652	79.3773
Ajudhipur	36	27.0082	79.8363
Ajit ka Adda	36	26.7906	79.0282
Ajab ka Nagla	36	26.8481	79.2079
Ajrajpura ki Dhani	24	26.7583	75.6101
Ajrajpura	24	26.7629	75.6012
Ajanpur	36	26.4937	79.4609
Ajitapur	36	26.3112	79.3318
Ajneri	36	25.6534	79.1732
Ajit Purwa	36	26.8565	79.5748
Ajpur	12	32.4905	74.7572
Ajekar	19	13.3216	75.0001
Ajit	24	25.8613	72.6765
Ajwain	35	24.0922	80.7490
Ajegaon	16	19.8737	76.9252
Ajandi	35	22.1490	74.9864
Ajgarbahar	37	22.5219	82.7091
Ajnoti	35	22.8662	75.6964
Ajnod	35	22.9398	75.7531
Ajmatnagar	35	23.5024	77.2391
Ajurya	28	22.5286	87.7776
Ajar	12	34.4292	74.6430
Ajitpur	10	28.7174	76.1780
Ajag	11	30.7001	77.3013
Ajitpura	24	27.6669	76.1051
Ajeraka	24	27.9577	76.5636
Ajawali	11	30.4889	77.6517
Ajaiwala	11	30.4709	77.5876
Ajitpur	39	29.8812	78.1330
Ajmeripura	24	26.5448	76.0756
Ajabpura	24	26.5328	76.2456
Ajabgaon	35	22.7567	78.1428
Ajanda	35	22.9121	78.5914
Ajansara	35	22.9397	78.9254
Ajora	16	21.3687	78.2180
Ajitpur	16	21.1214	78.1684
Ajangaon	35	21.6078	78.4743
Ajanadevi	16	21.1949	78.3638
Ajandoh	16	21.0937	78.4912
Ajamgaon Buzurg	16	21.2697	78.6869
Ajangaon Khurd	16	21.2641	78.6866
Ajpura	24	24.5888	72.8462
Ajrora	24	25.1825	76.9675
Ajbara	24	24.3331	73.8599
Ajitwala	23	30.9653	75.3021
Ajitpura	24	25.5446	74.2468
Ajmeripur	39	29.9638	77.9808
Ajnaud	23	30.7989	75.9759
Ajraunda	10	28.3954	77.3173
Ajaibpur	36	28.4721	77.5916
Ajaynagar	36	28.3000	77.6727
Ajitgil	23	30.4814	74.8576
Ajowal	23	31.5637	75.9212
Ajitgarh	24	25.7795	74.1505
Ajai	24	27.0634	75.6593
Ajabpur Kalan	39	30.2962	78.0479
Ajabpur Khurd	39	30.2895	78.0329
Ajaipur	36	28.8377	79.0502
Ajitpur	36	28.7686	79.0158
Ajodhiapur	36	28.3249	79.1433
Ajodhiapur	36	28.3260	79.1008
Ajmir	36	28.4324	79.1059
Ajronra	35	24.7688	76.9765
Ajgari	24	26.0036	75.0961
Ajgara	24	26.0143	75.0998
Ajrara	36	28.8382	77.8191
Ajitpur	36	28.5502	77.8519
Ajit ka Pura	35	26.3769	77.9552
Ajitpura	35	25.7968	78.3196
Ajaigarh	35	25.9182	78.4288
Ajlaud	23	30.7850	76.1590
Ajnauda Kalan	23	30.4220	76.2569
Ajnauda Khurd	23	30.4217	76.2634
Ajahr	36	27.8089	77.8794
Ajnokh	36	27.6726	77.4158
Ajitnagar	10	30.0864	76.4619
Ajrawar	23	30.3748	76.5494
Ajansonda Khurd	16	18.4538	76.8470
Ajni	16	18.2974	76.8496
Ajnauthi	36	27.7145	77.5388
Ajhai Khurd	36	27.6027	77.5778
Ajibsingh Ka Nagla	36	27.5490	77.5012
Ajhai Kalan	36	27.6065	77.5864
Ajal	36	27.3854	77.5058
Ajaynagar	36	27.4888	77.7323
Ajitpura	10	29.0812	76.0952
Ajoripali	37	22.0807	82.9464
Ajatpur	19	17.3348	76.8819
Ajni	16	18.7289	77.6320
Ajangaon	16	20.8652	78.4388
Ajgaon	16	20.6452	78.5773
Ajangaon	16	20.8862	78.8708
Ajangaon	16	20.8035	78.7844
Ajanti	16	20.5777	78.8737
Ajada	16	20.6601	78.9392
Ajabpur	36	27.7462	78.6179
Ajanpur	36	27.6830	78.5577
Ajitpur	35	23.4687	79.5595
Ajitnagar	36	27.8408	78.9211
Ajalapur	19	16.5895	77.4235
Ajitpur Asna	36	27.8348	78.0431
Ajitnagar	36	27.6009	78.9298
Ajudhianagar	36	27.5730	78.9566
Ajitnagar	36	27.5719	78.8003
Ajabpur Bibamau	36	26.9236	78.7927
Ajnaura	36	26.9075	78.9052
Ajabpur Jhigupur	36	26.7540	78.9091
Ajalapur	40	16.8902	77.9974
Ajalapur	40	16.6892	77.8023
Ajilapur	40	16.6259	77.8813
Ajni	16	21.0525	79.1843
Ajni Chauk	16	21.1180	79.0767
Ajni	16	21.3016	79.3106
Ajangaon	16	21.1946	79.4237
Ajitpur	24	26.7694	77.7107
Ajwapura	35	26.4897	77.6967
Ajaipura	24	26.8863	77.8817
Ajitkhera	35	25.0269	77.1897
Ajit	36	27.4352	79.6234
Ajanad	16	21.2460	76.1471
Ajande	16	21.2054	76.0298
Ajtupur	36	27.3308	79.7887
Ajwara	35	25.0154	77.6495
Ajgara	35	24.2505	77.0738
Ajgari	35	24.2480	77.0664
Ajoiapuram	40	17.9614	79.4997
Ajroi	36	27.6726	78.0920
Ajitpur	36	27.6333	78.1163
Ajimpet	40	17.3644	79.3533
Ajitnagar	36	27.1456	78.2529
Ajwainther	36	27.9893	78.5537
Ajalapur	40	16.8802	79.2067
Ajmatpur	36	26.5949	79.5836
Ajabpur	36	26.5684	79.5932
Ajanpur	36	26.7778	79.7670
Ajaibpur	36	27.3293	78.5369
Ajalapur	36	26.2277	79.7709
Ajnari	36	25.9638	79.4390
Ajhnara	36	25.9941	79.5265
Ajnas	35	22.4083	76.9702
Ajnas	35	22.4008	76.9355
Ajokar	35	25.1128	79.3003
Ajnar	36	25.1920	79.5104
Ajawar	36	25.8710	82.7715
Ajitapura	24	26.9041	78.0556
Ajidpura	35	26.6013	78.0054
Ajmoda ka Pura	35	26.5425	78.1164
Ajmoda	35	26.5350	78.1250
Ajanti	35	21.8897	76.2865
Ajayabnagar	35	23.3826	77.8045
Ajanbaldi	35	21.2578	76.3212
Ajgara	36	25.5045	83.0596
Ajheda	35	26.7634	78.2902
Ajaon	36	25.4589	83.0810
Ajgara	36	25.4858	83.2072
Ajgarahi	36	25.3445	83.2111
Ajnodha	35	26.5240	78.5934
Ajita	35	26.3622	78.8492
Ajnai	35	22.4961	77.0799
Ajitpur	35	25.7883	78.6922
Ajni	16	20.5045	77.7418
Ajgari	34	25.1291	83.7353
Ajanti	16	20.5088	77.8191
Ajni	16	20.3698	77.4670
Ajgaon	16	20.3291	77.2864
Ajitpur	16	20.9414	77.4485
Ajaniya	36	24.3676	83.2873
Ajniatola	38	24.4701	83.5277
Ajaipur	16	20.0067	79.4955
Ajitpur	36	25.3465	80.4049
Ajniatikar	38	24.3838	83.8001
Ajhar Wajhar	02	19.4157	78.2094
Ajmeripura	24	27.8620	76.3845
Ajlapuram	40	16.9833	78.8041
Ajitpara	36	25.4222	80.5215
Ajitganj	36	27.1971	79.0971
Ajgari	36	27.0511	79.0460
Ajgaraha	35	24.5792	81.3100
Ajera	35	22.8676	78.2708
Ajneri	35	22.7817	78.2932
Ajamain	35	24.3955	81.2132
Ajabgarh	35	21.5109	78.0172
Ajgawan	36	25.9346	80.8554
Ajni	16	21.4075	78.9360
Ajhunsi	36	25.6963	82.5718
Ajhwa	36	25.6924	81.2522
Ajrauli	36	25.5035	81.2545
Ajaipur	36	25.3814	82.4956
Ajgahna Bhaunrupur	36	25.1962	82.2986
Ajaipur	36	25.4984	82.8059
Ajodhyapur	36	25.3510	82.9091
Ajbaiga	36	25.4363	82.2288
Ajodhia	36	24.9376	82.1244
Ajani	35	24.2366	82.5497
Ajaib	10	28.9828	76.4177
Ajaipur	36	26.5041	80.7896
Ajga Khera	36	26.5066	80.8420
Ajaipur	36	26.5799	80.8462
Ajodhia Khera	36	26.6254	80.9031
Ajodhia Khera	36	26.5899	80.9467
Ajudhia Khera	36	26.4615	80.8678
Ajit Khera	36	26.2095	80.9030
Ajitpur	36	26.2469	80.9648
Ajupura Jat	36	29.2237	78.2115
Ajdeo	36	29.1436	78.1528
Ajipura	36	29.5525	78.4220
Ajaipur	36	27.6755	81.2238
Ajatapur	36	27.5811	81.6577
Ajudhia Purwa	36	27.5187	81.8216
Ajudhia Purwa	36	27.1504	81.8662
Ajit Khera	36	26.5445	81.1996
Ajudhia Purwa	36	26.6460	81.1596
Ajudhia Purwa	36	26.7456	81.1427
Ajudhiaganj	36	26.6684	81.2264
Ajwa	36	26.7684	81.3310
Ajpura	36	26.8486	81.3656
Aju Nagli	36	29.1770	78.2833
Ajupura	36	29.0778	78.3355
Ajrailganj	36	26.5153	81.2935
Ajitpur Dasi	36	29.2477	78.5067
Ajrall Khera	36	26.4591	81.0641
Ajrail Khera	36	26.4054	81.0331
Ajrail Purwa	36	26.2557	81.0672
Ajgaon	16	20.6697	79.5608
Ajodhgapur	36	26.3379	81.7978
Ajodhya Purwa	36	26.4546	81.8746
Ajhui	36	26.3071	81.9763
Ajaipur Kodaila	36	25.9000	81.0967
Ajaipur	36	25.8673	81.0314
Ajnai	36	25.8330	81.1187
Ajaura Buzurg	36	25.8302	81.2350
Ajaura Khurd	36	25.8534	81.2433
Ajtupur	36	25.9277	81.1787
Ajrauli	36	25.4487	81.2438
Ajaura	36	25.2467	81.0958
Ajma	36	27.1131	81.6063
Ajara	36	27.0817	81.5929
Ajudhia Purwa	36	27.2260	81.6796
Ajodhpur	36	28.2329	79.9974
Ajhra	36	28.5281	78.5167
Ajitpur	36	28.2951	78.7006
Ajarka	36	26.7594	81.7903
Ajudhia Singh	36	26.9295	81.8388
Ajnai Tara	36	26.7537	81.9128
Ajudhia Purwa	36	26.9020	81.9496
Ajmerpur	36	26.1896	81.9619
Ajabnagar	36	27.7687	82.2216
Ajitpur	36	28.4366	78.8541
Ajnawar	36	28.3119	78.9195
Ajabnagar	36	27.3765	82.1724
Ajudhia	36	27.2546	82.2451
Ajudhiapurwa	36	27.0683	82.0926
Ajgari	36	27.2606	82.4542
Ajodhia Ahir	36	27.0272	82.4699
Ajgara	36	27.1302	82.7482
Ajgara	36	27.2473	82.8648
Ajabnagar	36	26.9763	82.1660
Ajodhia	36	26.4416	82.0332
Ajitpur	36	26.0583	82.1815
Ajandih	36	26.8252	82.3748
Ajgara	36	26.8283	82.4382
Ajgara Jot Chauhan	36	26.8386	82.4380
Ajatpur	36	26.4271	82.3669
Ajnwan	36	26.6205	82.5113
Ajgara	36	26.6922	82.6075
Ajaon	36	26.6147	82.9662
Ajaon	36	26.5709	82.9335
Ajaipur	36	26.3434	82.7559
Ajmalpur	36	26.2943	82.8512
Ajan Shahid	36	26.0665	82.8374
Ajgara	36	27.1687	83.0935
Ajudhia Jot	36	27.1568	83.2235
Ajgara	36	27.0613	83.2456
Ajaibnagar	36	27.1772	83.2448
Ajhara	36	25.9255	81.6848
Ajgara	36	26.9135	83.0644
Ajudhia	36	26.3792	83.0525
Ajaib Tola	36	26.8812	83.3330
Ajwanian	36	26.7050	83.3698
Ajgara Maghrabi	36	26.3016	83.2836
Ajgara Mashriki	36	26.2881	83.3127
Ajudhia Chak	36	26.6738	83.5582
Ajaipura	36	26.2744	83.6198
Ajaipura	36	26.3791	83.6850
Ajal	12	33.0864	75.0560
Ajrail	36	26.9979	83.8784
Ajora	35	25.0224	81.6483
Ajgara	36	25.8996	81.8602
Ajitpur	36	25.8520	81.8837
Ajaika	36	25.7699	81.7750
Ajiitpur	36	25.5462	81.8052
Ajgaon	35	22.1267	74.6251
Ajgaon	35	22.1190	74.7061
Ajmir Soundane	16	20.5999	74.2665
Ajang	16	20.6349	74.4528
Ajang	16	20.8805	74.8908
Ajnad	16	21.2634	75.0291
Ajanpur	35	22.1315	80.8792
Ajaibwali	23	31.7339	75.0080
Aji	24	26.1926	73.9362
Ajitpura	24	25.9327	73.5726
Ajbaji ka Gudha	24	25.5696	73.6988
Ajmere	23	31.7857	75.6849
Ajnale	16	20.8284	74.5962
Ajmer	23	31.9914	75.7645
Ajgara	35	21.9473	80.7876
Ajipalvadi	16	20.0565	74.9096
Ajlaoda	35	23.1807	75.3598
Ajn Akheri	35	23.0367	75.3057
Ajandha	35	22.7412	75.5987
Ajanda Budrukh	16	21.2220	75.0566
Ajanti Budrukh	16	21.3154	75.3048
Ajatpur	36	27.6505	80.8858
Ajtani	23	31.0535	75.5326
Ajnoha	23	31.3252	75.8977
Ajashan	11	32.5911	76.2095
Ajog	11	32.9204	76.4574
Ajwainba	37	22.4405	81.4710
Ajgana	36	27.0316	81.2455
Ajitola	37	22.9422	81.9707
Ajjanpal	19	14.7797	74.7657
Ajgarkhar	37	21.4372	82.8214
Ajner	23	30.7284	76.2983
Ajnali	23	30.6519	76.3068
Ajrawali	11	30.7714	77.6351
Ajhauta	36	29.1040	77.7577
Ajitkheri	35	23.0382	76.0435
Ajan	36	28.1632	78.2368
Ajmeri	35	23.4885	76.4473
Ajodhyagaon	36	27.9866	81.4841
Ajudhia Dobi	36	27.4060	81.2697
Ajodhya Purwa	36	27.3609	81.2751
Ajudhi Ishri Purwa	36	27.3973	81.4585
Ajaimau	36	26.9326	81.6083
Ajabgarh	36	26.3550	81.6100
Ajuhia Shukul	36	26.3407	81.7050
Ajjamuru	02	16.5786	81.4005
Ajjaram	02	16.7663	81.7359
Ajjai	21	18.8311	82.5426
Ajipanga	21	19.6176	83.9035
Ajanguthagu	21	19.0345	83.9070
Ajuru	02	18.5496	83.1084
Ajjaram	02	18.2125	83.8278
Ajgurh	35	24.2905	82.6544
Ajodhiya Bigha	34	25.0099	84.4837
Ajaibganj	34	25.7822	84.6951
Ajmerganj	34	25.7805	84.6694
Ajnai	35	23.3977	76.6335
Ajabpura Muwara	09	23.1910	73.3059
Aju Muwara	09	23.0663	73.3567
Ajoli	39	29.5952	79.1426
Ajoli	39	29.5913	79.1601
Ajitpur	39	29.1300	79.0117
Ajudhiapuri	39	29.1668	79.1649
Ajda	34	25.2776	84.7412
Ajari	24	24.7608	73.0442
Ajanda	35	22.2292	74.4400
Ajanda	35	22.2293	74.4607
Ajantar	35	22.3225	74.9244
Ajawan	34	25.5310	84.9500
Ajhora	39	29.8003	79.6760
Ajhia Serwa	34	27.1829	84.4660
Ajesar Khurd	24	26.4152	74.5590
Ajesar	24	26.4193	74.5664
Ajab Chhapar	34	26.4336	84.1038
Ajodhia Ram	36	26.3727	84.1615
Ajbi Nagar	34	26.2771	84.6549
Ajitpur	36	29.0025	79.5838
Ajgari	34	26.6905	84.8953
Ajanda	16	21.3409	74.9093
Ajanda Budrukh	16	21.1438	74.8874
Ajanda Khurd	16	21.2157	74.8136
Ajit Dandi	36	28.6219	79.6315
Ajitpur	36	28.5786	79.9083
Ajuera	36	25.9666	84.1104
Ajodh	36	25.9743	84.1186
Ajaon	36	28.3838	79.9022
Ajnia	34	24.7237	84.1455
Ajodhyakolhua	38	24.0676	84.0492
Ajudhiatola	34	25.5238	84.2735
Ajnap	34	25.4395	84.4887
Ajaniya	34	24.7812	84.2704
Ajmiri Bigha	34	24.7701	84.4300
Ajmatpura	35	22.8772	76.7533
Ajho	34	24.8660	84.5244
Ajgara	34	25.3767	85.7809
Ajodha	34	25.4940	85.9237
Ajri	19	13.7054	74.9141
Ajri	19	13.6958	74.8958
Ajjar	19	13.0555	74.8755
Ajjarni	19	14.5343	75.0008
Ajgundikop	19	14.6765	75.1413
Ajjihalli	19	14.9276	75.0493
Ajjanahalli	19	13.5634	77.0477
Ajjihalli	19	13.4776	77.1819
Ajgondanhalli	19	13.4429	77.0549
Ajjappanhalli	19	13.3910	77.1382
Ajaboranhalli	19	13.3208	77.2458
Ajjanhalli	19	13.1117	77.1932
Ajjegowdanpalya	19	13.0530	77.0729
Ajaralhalli	19	13.3530	77.6485
Ajjihalli	19	14.0192	75.9013
Ajoli	19	13.4348	75.0847
Ajaravalli	19	13.5673	75.4044
Ajjaganahalli	19	13.3431	75.6482
Ajjikodige	19	13.1378	75.5112
Ajjihitlu	19	13.0375	75.6296
Ajjanahalli	19	13.0378	75.9266
Ajjenahalli	19	13.1711	75.9288
Ajabettu	19	12.9784	75.1093
Ajanur	13	12.3450	75.0765
Ajabommanahalli	19	14.4957	76.2027
Ajna	34	25.9375	85.7945
Ajitpur	34	25.5757	85.8361
Ajodhya	34	25.5711	85.9050
Ajnaul	34	25.6459	85.8548
Ajnawan	34	24.5465	85.1070
Ajjappanahalli	19	14.3848	76.2642
Ajjanahalli	19	14.4642	76.7508
Ajjayyadoddi	02	14.5827	76.9147
Ajladi	19	12.7261	75.2538
Ajjavara	19	12.5557	75.3601
Ajjanahalli	19	13.3326	76.2477
Ajjikamsagara	19	13.7622	76.3870
Ajjanahatti	19	13.7342	76.4684
Ajjanahalli	19	13.2690	76.3085
Ajjenahalli	19	13.7607	76.7294
Ajhaur	34	25.5049	86.1804
Ajni	34	25.6858	86.1192
Ajankadi	19	12.7702	75.5041
Ajana	19	12.7514	75.5227
Ajjagondanahalli	19	12.8110	76.0067
Ajjur	19	12.6951	76.1493
Ajjjenahalli	19	12.8305	76.4391
Ajjanapalya	19	12.9840	76.8380
Ajgaiba	34	25.8237	86.6816
Ajjalli	19	12.6517	75.8812
Ajgeha	34	25.5113	86.9727
Ajmeripur	34	25.2687	86.9172
Ajjamakala	19	11.9943	75.9834
Ajjamada	19	11.9832	75.9927
Ajit Garhi	36	26.5089	79.1163
Ajaibpur	36	26.9906	79.3904
Ajhara	36	26.8488	79.3486
Ajhuapur	36	26.6106	79.3748
Ajjanahalli	19	15.3594	76.4667
Ajjimane	19	14.7481	74.6516
Ajaniabigha	34	24.6638	84.3442
Ajodhyabigha	34	24.6759	84.3733
Ajodhyabigha	34	24.6972	84.3882
Ajabbigha	34	24.6083	84.4483
Ajmal Chak	34	24.5733	84.8122
Ajottola	34	26.5482	85.9968
Ajodhpur	34	26.0006	85.0400
Ajgaha	34	25.7640	87.9073
Ajna	38	24.6473	87.8885
Ajo Chak	34	25.0479	85.2503
Ajnaura	34	25.2131	85.4033
Ajaipur	34	25.2306	85.4141
Ajitganj	34	25.7545	85.7179
Ajbapur	36	27.7932	80.2020
Ajhera	36	27.8680	80.1698
Ajodhyapur	36	27.4882	80.0826
Ajua Purwa	36	27.4307	80.2099
Ajaganapalli	19	13.6382	77.9652
Ajavara	19	13.4127	77.7714
Ajjanpalya	19	12.9190	77.3821
Ajjanpalya	19	12.9120	77.3858
Ajjanhalli	19	12.8542	77.2611
Ajahunashi	19	12.5684	77.4720
Ajjipuram	19	12.0457	77.3532
Ajjapalli	19	13.1409	78.2174
Ajjareddipalle	02	13.4418	78.4344
Ajjapalle	02	13.4271	78.7104
Ajgondanhalli	19	12.9608	77.7708
Ajjanahalli	25	12.0376	77.8138
Ajjanahalli	25	12.0297	77.9901
Ajjappanhalli	19	12.8760	78.0750
Ajampalli	19	12.9680	78.2281
Ajjihalli	25	12.0039	78.0151
Ajanapuram	25	12.9555	78.9468
Ajjabasavanhalli	19	12.4466	77.5212
Ajuruvaripalli	02	14.5225	79.0713
Ajarigadde	25	11.5277	76.3666
Ajjur	25	11.4457	76.7938
Ajjampalaiyam	25	11.2158	77.0737
Ajegarh	38	23.4181	85.6854
Ajaigarh	38	23.4155	85.7606
Ajlatua	38	23.9795	84.0595
Ajiatu	38	23.2915	84.4645
Ajjampatti	25	11.9282	78.2688
Ajodhaya	38	22.6850	85.7343
Ajan	34	26.0852	86.6877
Ajidih	38	24.1536	86.3383
Ajodhya	21	20.5964	84.6362
Ajit Nagla	36	27.7375	79.4295