Akola	16	20.7096	76.9981
Akot	16	21.0963	77.0588
Akkarampalle	02	13.6500	79.4200
Akividu	02	16.5822	81.3811
Akalkot	16	17.5253	76.2061
Akluj	16	17.8924	75.0214
Akbarpur	36	26.4295	82.5343
Aklera	24	24.4129	76.5672
Akaltara	37	22.0246	82.4264
Akhnur	12	32.8955	74.7349
Akbarpur	36	26.3837	79.9493
Akalkuva	16	21.5543	74.0192
Akoda	35	26.5334	78.9036
Akodia	35	23.3803	76.5987
Akera	24	27.0121	75.8088
Akalgarh	23	30.7595	75.6457
Akaira	10	28.2310	76.8508
Akalgarh	23	29.8207	75.8908
Akdoni Khurd	38	24.1579	86.2797
Akathiyur	13	10.6809	76.0942
Akasahebpet	02	17.5045	82.5660
Aksapur	16	19.7570	79.6260
Akrund	09	23.2857	73.1297
Akri	09	23.3933	68.6184
Akrabad	36	27.8055	78.2711
Akoti	09	21.1720	73.1872
Akoriya	24	26.3481	75.0270
Akorhi	36	25.1765	82.4541
Akorha	34	24.7698	84.1794
Akora	24	25.5897	71.1926
Akolner	16	18.9859	74.6554
Akolin	30	28.7999	95.9317
Akolya	35	22.6075	75.6599
Akolda	09	21.4197	71.4841
Akola	24	25.2675	74.8812
Akola	24	24.7569	74.1991
Akola Bazar	16	20.1667	78.1494
Akola	16	19.5424	74.0095
Akola	16	17.9823	75.2431
Akodha	36	25.2441	81.8949
Aklvidu	02	16.5833	81.3833
Akli	24	25.7217	70.2819
Akla	24	27.0203	73.4161
Akkivaram	02	18.3760	84.1400
Akkihebbal	19	12.6121	76.3971
Akkaraivadi	22	10.8976	79.8385
Akkammapettai	25	11.4782	77.8837
Akhegwo	20	25.7219	94.6799
Akha	36	28.2909	79.3526
Akera Chhota	16	19.6167	80.3000
Akbarpur Aunchha	36	27.3207	78.8203
Akbarpur	24	27.4472	76.5300
Akbarpur	35	26.2667	78.1833
Akbarpur	36	26.0181	79.6931
Akbarpur	34	24.7456	85.5531
Akbarpur	38	24.6351	83.9642
Akawaram	40	16.4667	79.0167
Akarpati	16	19.8234	72.6668
Akalsia	36	30.1354	77.6188
Akajhiri	35	25.1445	77.8475
Akadia	09	22.0981	71.4544
Akadia	09	21.6479	71.1042
Aknapur	28	22.9007	88.0508
Akhipur	28	22.6350	88.8075
Akahal	12	34.2509	74.9040
Akhli	12	32.9943	74.9067
Akbarpur	36	29.7381	77.2873
Akapur	36	29.6640	77.2958
Aktasa	24	25.3181	75.7267
Akoliya	24	25.6133	75.6535
Aklor	24	25.5563	75.5250
Akoda	24	25.5295	75.6643
Akoria	24	25.8411	75.5443
Akoria	24	25.8242	75.6867
Akhori	39	29.9594	78.6159
Akhrena	39	29.7817	78.6625
Akunpalli	40	17.0877	78.3897
Akaram	40	17.8223	78.7392
Akharjapet	40	17.6440	78.5450
Akkipette	19	12.9685	77.5742
Aka ki Dhani	24	28.2285	75.6304
Akalgarh	23	30.5587	76.2243
Akbarpur Afghan	23	30.1373	76.5183
Akbarpur	23	30.1960	76.5590
Akhai	35	24.2059	78.0923
Akhtamai	36	27.9455	79.0531
Akbarpur	36	27.7679	79.3296
Akora Purwa	36	27.0993	79.9197
Akbarpur	36	27.1401	79.8959
Akaria	36	27.0282	79.7901
Akbarpur Sarai Ghag	36	27.0380	79.9176
Akbarpur	36	26.9893	79.1961
Akbarpur	36	26.8464	79.0786
Akalpur	36	26.8213	79.1000
Akbarpur	36	26.3101	79.1994
Akbarpur	36	26.3021	79.5000
Akorhi	36	26.0981	79.3719
Akla Thal	24	27.6183	71.6887
Akli ki Dhani	24	27.4330	71.9330
Aksiguri	03	26.3203	89.8564
Akogaon	03	26.5704	93.9209
Akbai	36	25.5048	80.2026
Akkapalli	40	18.4059	78.6305
Akdara	24	25.9773	71.8184
Akoli	09	24.4961	72.3833
Akurdi	16	18.6532	73.7896
Akkattettar	13	10.8340	76.6009
Akli	35	24.6010	74.9764
Akbarnagar	34	25.2370	86.8424
Akyamedi	35	24.2572	75.3401
Akalya	35	23.1567	76.0306
Akpa	11	31.5857	78.3910
Akbarpur	10	28.1571	76.5751
Akoli	24	28.1196	76.7302
Akaira	10	28.0143	76.9984
Akanwali	10	29.5278	75.3893
Akkanwali	10	29.6845	75.7811
Akbarpur	10	30.4694	77.0935
Akalgarh	10	30.1507	77.0250
Akbarpur	10	30.1428	77.1868
Akrotia	24	27.7755	76.5487
Akalgarh	10	30.0737	77.3154
Akhnaka	10	27.7566	76.9727
Aklimpur	10	27.9614	76.9787
Aklimpur	24	27.6777	76.8350
Akalgarh	11	30.4664	77.6707
Akail	39	30.6160	77.9575
Akhara	11	31.9651	77.1143
Akoda	39	29.7327	78.0320
Akbarpur Udh	39	29.7481	78.0622
Akaudha Mukaramatpur	39	29.7158	78.0621
Akhaipur	24	26.6926	76.1812
Akodiya	24	26.4650	76.5936
Akhawara	24	26.7578	76.8904
Akbarpur	24	26.6946	76.8957
Akbargarh	36	29.5643	77.5412
Akhlaur	36	29.5789	77.6672
Akhlaurkheri	36	29.5747	77.6558
Akbarpur	36	29.6884	77.7088
Akola	35	22.9635	78.1919
Akola	35	22.7496	78.2528
Akhatwada	16	21.0135	78.1118
Akhipur	36	29.2236	77.6300
Akalpura	36	29.2463	77.6100
Akhtiarpur	36	29.1379	77.7423
Akhaigarh	24	25.9943	76.6964
Akoda	24	25.9577	76.7006
Akoladar	24	24.2908	73.3219
Akhiwara	24	24.1239	73.4695
Aklia	23	30.5157	75.1644
Akot	24	24.0952	73.5244
Ako Shahwala	23	30.9906	75.2976
Akhara	23	30.7461	75.4866
Akodiya	24	25.1079	74.7281
Akbarpur	39	29.8301	77.8140
Akbarpur Kalson	39	29.9776	77.8340
Akbarpur Dhadoki	39	29.7720	77.9028
Akhlakpura	36	29.3224	77.8363
Akbarpur Barota	10	28.9078	77.0656
Akbarpur Majra	07	28.8359	77.1847
Akbarpur	10	28.3781	77.4776
Akalpur	36	28.6151	77.5661
Akhtiarpur	36	28.2639	77.7455
Aklia Khurd	23	30.3622	74.8774
Aklia Kalan	23	30.3704	74.8871
Aklia Bir	23	30.3837	74.8773
Akhepura	24	25.4336	74.7415
Akola	24	25.3791	74.7232
Akodra	24	24.7064	74.0731
Akora	24	27.0986	75.7201
Akhepura	24	25.5581	75.0785
Akoi	23	30.2845	75.8430
Akbarpur Thaska	36	29.0890	77.1731
Akhrani	39	30.2979	78.1641
Akanagar	36	28.9246	79.1492
Akhtarnagar	36	28.2754	79.2008
Akavad Khurd	24	24.6249	76.4955
Akodiya	24	24.4891	76.2772
Akwasa	24	24.4805	76.2484
Aktasa	24	24.4898	76.3024
Akhepur	24	24.3439	76.7981
Akoliya	24	24.2509	76.7855
Akkapalli	40	18.8702	79.7041
Akkepalli	40	18.8759	79.8166
Akilpur	36	28.2230	77.6337
Akhria	29	27.1403	88.1072
Akbarpur Buklana	36	28.8051	77.9673
Akrauli	36	28.6843	77.7829
Akbarpur	36	28.6213	77.8091
Akbarpur Rena	36	28.5551	77.8816
Akbai	35	25.9179	78.2012
Akwai	35	25.9701	78.3237
Akni	16	19.6777	76.3258
Akoli	16	19.3934	76.2537
Akbarpur	23	30.1650	76.0032
Akalgarh	23	30.9370	76.2688
Akar	23	30.4473	76.4722
Akri	23	30.4520	76.4811
Akrawat	36	27.9354	77.9574
Akata	24	27.6687	77.3232
Akbarpur	24	27.6943	77.3127
Akalgarh	23	30.2343	76.4096
Akbarpur	23	30.9528	76.5733
Akalgarh	23	30.9090	76.5835
Akbarpur	23	30.8005	76.5360
Akbarpur	23	30.3316	76.6104
Akola	16	18.5593	76.3621
Akbarpur	10	30.2930	76.9205
Akulga	16	18.2978	76.7989
Akbarpur	36	27.6465	77.5607
Akrur	36	27.5525	77.6798
Akatnal	16	17.6693	76.1519
Akalgarh	10	29.1212	76.4624
Akbarpur	36	28.4242	77.8210
Akhtyarpur	36	28.4763	77.8414
Akbarabad Kuj	36	28.4255	77.9655
Akaltara	37	21.7841	82.0151
Akalwara	37	21.5858	81.3189
Akoli	37	21.4617	81.2541
Aklordih	37	21.2379	81.4177
Akoli	37	21.4476	81.5568
Akola	37	21.3040	81.5377
Akoli	37	21.4772	81.6752
Akoli	37	21.3697	81.7065
Akhra	37	21.0364	81.5391
Akalkumpi	19	16.2071	76.8764
Akoli Khurd	37	21.1688	81.9614
Akoli Kalan	37	21.1552	81.9608
Akarga	16	18.6507	77.3671
Aknapur	19	18.3811	77.2639
Akbarnagar	40	18.5610	77.8831
Akampet	19	17.6047	77.4010
Akrana Khurd	19	17.7195	77.4897
Akrana Buzurg	19	17.7283	77.4964
Akbarpur	36	27.1135	78.0750
Akkampalle	40	17.1755	77.5765
Akkacheruvu Tanda	40	17.0848	77.6797
Akbarpur Santha	36	27.4568	78.3647
Akpuri Chauki	16	20.1738	78.2393
Akauli	16	20.6121	78.3721
Akpuri	16	20.1822	78.2709
Akoli	16	20.8675	78.5872
Akoli Buzurg	16	20.0583	78.5316
Akapur	16	20.1368	78.8723
Aksanpalli	40	17.8200	77.9771
Akala	35	23.6928	79.1232
Akhtauli	36	27.6640	78.6027
Akona	35	23.4162	79.7571
Akola	35	23.3675	79.8971
Akbarpur Gitam Singh	36	27.2479	78.5030
Akbarpur Qutbpur	36	27.2236	78.6351
Akbarpur Sarai	36	27.0604	78.7494
Akbarnagar Palia	36	27.7540	78.9730
Akumarri Tanda	40	16.7110	77.6889
Akalpur	36	27.1060	78.7886
Akbara	36	27.2518	77.9023
Akos	36	27.2932	77.8667
Akbarnagar Pulia	36	27.7450	78.9732
Akhtaumangadpur	36	27.6929	78.8714
Akalma	35	22.3426	79.6599
Akola	36	27.0655	77.8808
Akhwai	36	27.0787	77.8460
Akbarpur Keshorai	36	27.3750	79.1985
Akbarpur Lalsahai	36	27.3766	79.1988
Akbarpurkot	36	27.4622	79.1420
Akoli	40	19.8181	78.5389
Akoli	40	19.7621	78.6027
Akoli	16	19.9746	78.6090
Akolpur	24	26.4174	77.0397
Akannapalli	40	17.2579	78.2072
Akola	16	21.5508	79.4486
Akoli	16	21.0198	79.3446
Aka Khera	36	27.7531	79.6438
Akbarpur	36	27.8072	79.6772
Akbarabad	36	27.9746	79.6777
Akheram ka Pura	36	26.8975	77.8898
Akoda	35	25.9272	77.1456
Akilganj	36	27.4031	79.5140
Akri	36	27.2893	79.5096
Akbarpur	36	27.7469	79.9642
Akkiwaniguda	40	17.1855	78.2866
Akbarpur	10	27.8604	77.1083
Akkabanipalli	40	16.2331	78.1623
Akbarpur	36	27.1414	79.5472
Akramabad	36	27.0266	79.6542
Akhtyarnagar	36	27.8565	79.8242
Akarra Rasulpur	36	27.8429	79.8809
Akoda	35	24.8687	77.1894
Akbarpur	36	27.4746	78.8160
Akbarpur Jhala	36	27.4407	78.9307
Akhai Mahadev	35	24.9507	77.5382
Akhaighat	35	24.9066	77.6015
Akhai Krishna	35	24.5584	77.6435
Akhai Tappa	35	24.4120	77.6026
Akkhera	35	24.3066	77.5152
Akbarpur	35	24.1907	77.8349
Akutotapalli	40	16.6393	78.7971
Akkapalligudem	40	17.7703	79.3591
Akbarpur	36	27.7380	78.1348
Akhaipur	36	27.6415	78.1007
Akhepur	36	27.6500	78.0144
Akpura	36	27.8357	78.4567
Akaram	40	17.2747	79.3538
Akkalaigudem	40	17.2013	79.3386
Akkalagudem	40	17.0296	79.2614
Akbarpur	36	27.1828	78.3244
Akilabad	36	27.1663	78.4440
Akalpur Damodarpur	36	27.1376	78.4405
Akushi	36	27.9871	78.5387
Akbarpur	36	27.8640	78.6106
Akkalched	40	17.8914	79.8553
Akupamla	40	17.0115	79.9036
Akorhiya Malikpur	36	26.5362	79.6906
Akna	36	26.4675	79.6427
Akkampalli	40	16.6957	79.1088
Akorhi	36	26.0168	79.6242
Akilpur	36	26.9655	79.9631
Akbarnagar	36	26.2700	79.9121
Akorhi	36	26.2781	79.8078
Akspur	36	27.3890	78.7382
Akhaipur	36	27.3621	78.5008
Akbarpur Mastpur	36	27.2785	78.5591
Akbarabad	36	26.1742	79.9000
Akori	36	25.9563	79.2589
Akauna	36	25.5971	79.6514
Akaura	36	25.6987	81.0682
Akseo	36	25.3368	79.1681
Akthauhan	36	25.3983	79.6829
Akona	36	25.2149	79.6227
Akoni	36	25.2165	79.6157
Aktohan	35	25.1299	79.9509
Akrotha	35	24.4874	79.1353
Akhaipura	35	26.6078	78.1768
Akawliya	35	22.5239	77.0413
Akbarpur	36	25.7207	83.2449
Akole ka Pura	35	26.7578	78.2827
Aktha	36	25.3653	83.0114
Akon ka Pura	35	26.7503	78.7325
Akloni	35	26.5738	78.5499
Akhtyarpura	35	26.5677	78.7018
Akbarpur	36	25.0161	83.0758
Akorhwa	36	25.0877	83.1348
Akorhwa	36	25.1210	83.1674
Akorha Kalan	36	25.2172	83.2058
Akorha Khurd	36	25.2154	83.1991
Akora	35	26.4721	78.7989
Akola	35	22.8754	77.7911
Aki	16	21.4640	76.9237
Akbarpur	36	25.7082	83.2812
Akraon	36	25.6520	83.3841
Akela	36	25.5640	83.4758
Akhara	35	25.0761	78.0838
Akola	35	25.7840	78.5432
Aktikhera	35	22.0049	77.6339
Akoli	16	20.8954	77.7288
Akbalpur	36	25.9444	83.6920
Akoli	16	20.6908	77.5198
Akhatvad	16	20.5313	77.5392
Akhani	34	25.3806	83.6991
Akolhi	34	25.3784	83.7193
Akorhi	34	25.3107	83.6784
Akhatwara	35	21.8680	77.7925
Akkalwari	35	21.6480	77.8050
Akorhi	34	25.2375	83.5442
Akorhi	34	25.1839	83.5722
Akri	34	25.0776	83.5940
Akorhi	34	25.0458	83.7215
Akhauripur	34	25.4854	83.8862
Akbarpur	34	25.3186	83.9033
Akaurhi	34	25.3494	83.9192
Akorhi	34	25.1456	83.8763
Akhtiarpur	34	25.0804	83.8334
Akorha	34	25.0273	83.8637
Akoli	16	21.1544	77.1171
Akolkhed	16	21.1506	77.0920
Aki	16	21.2814	77.3010
Akhatwar	16	21.2121	77.7121
Akola	16	21.0514	77.7119
Akhatwara	16	21.2037	77.9877
Akhatvada	16	20.7975	77.1136
Akola Kalan	16	21.3462	79.6213
Akolatola	16	21.3400	79.6188
Akchhor	36	24.6737	83.1145
Akelwa	36	24.5675	83.0798
Akkilawatola	38	24.1797	83.3920
Akilwatola	37	24.0667	83.4066
Akelwatola	37	24.0399	83.4065
Akkaltola	37	24.0541	83.3151
Akorhi	34	24.9584	83.7337
Akalvani	38	24.1798	83.7302
Akwaniyandamartola	38	24.0624	83.5155
Akola	16	20.9264	79.3165
Akot	16	20.8916	79.6800
Akapur	16	20.4942	79.8751
Akola	16	20.4242	79.1693
Akapur	16	20.4254	79.7148
Aksapur	16	20.4265	79.9140
Akapur	16	20.3651	80.0001
Akapur	16	20.3021	79.9322
Akbarpur	36	25.2889	80.3595
Akilabad	36	25.8638	80.6224
Akoli	16	18.9242	76.7271
Akhandhalli	19	16.8425	76.5167
Akhauri Tahle	38	24.3305	83.8017
Akadonra	35	23.8622	78.0257
Akbarpura	40	17.3955	78.4220
Akodiya	24	24.8375	76.2956
Akodiya	24	24.8185	76.2608
Akkarajupalli	40	17.9242	79.1624
Aknur	40	17.9741	79.0243
Akkenapalli	40	17.2942	79.2438
Akkaldevigudem	40	17.1576	79.7104
Akauna	36	25.4372	80.5808
Akkheri	35	23.9709	76.4820
Akai	35	24.1562	78.5451
Akhi	36	27.0042	79.2451
Akona	35	24.8398	80.0338
Akauna	35	24.6672	81.0096
Akola	35	24.6282	80.1381
Akauri	35	24.9618	81.5416
Akolasi	35	24.8395	81.6365
Akauri	35	24.7697	81.5598
Akauri	35	24.9599	81.5501
Akauri	35	24.8508	81.7720
Akhetpur	35	24.0370	81.4528
Akauri	35	24.3947	81.6821
Akori	35	22.1663	78.2607
Akhawari Dhana	35	22.4769	78.8267
Akbarpur	36	27.6301	79.2573
Akakhera	36	27.6021	79.3770
Akrabad	36	27.6006	79.2931
Akhunpur	36	27.5821	79.3295
Akla	35	24.8000	80.4051
Akhaua	36	25.8979	82.1840
Akona	35	24.5705	80.6560
Akola	35	23.0489	79.3634
Akona	35	24.4840	80.2013
Akhaona	35	24.7009	80.9036
Akaona	35	24.7347	80.9994
Akbarpur	36	25.6866	81.3801
Akorha	36	25.3953	82.3284
Akelwa	36	25.3106	82.5273
Akorha	36	25.3962	82.7086
Akopur	36	25.4816	82.6847
Akbarpatti	36	25.2241	82.5529
Akhanpura	36	25.2042	82.5992
Aksauli	36	25.1482	82.6656
Akla	36	25.4017	82.9743
Akbarpur	36	25.4545	82.0739
Akhri	36	25.2453	82.9611
Akbarpur Sunehti	36	29.4821	77.1551
Akbarpur	10	28.4465	75.7927
Akla	35	24.4695	82.0381
Akauri	35	24.4319	82.0216
Akauri	35	24.3299	82.3111
Akorha	36	25.2236	82.1505
Akhri Shahpur	36	25.1785	82.1110
Akbar Shahpur	36	25.0810	82.0977
Akbarpur	36	26.5590	80.9802
Akampur	36	26.2629	80.8477
Akohri	36	26.3853	80.9033
Akbar Khera	36	26.3651	80.9552
Akoharia	36	26.2661	80.9647
Akhaupur	36	26.2614	80.9937
Akbarpur	36	25.6693	82.9273
Akhipur	36	25.6482	82.9712
Akthi	36	26.2391	80.7941
Akbarpur	36	29.2281	78.1972
Akbarpur Tigri	36	29.1856	78.2465
Akbarpur	36	29.1449	78.2266
Akaundha	36	29.0969	78.2446
Akbarpur Chauganwan	36	29.6253	78.3603
Akbarabad	36	29.4802	78.3493
Akbarpur Devmal	36	29.3346	78.3214
Aku	36	29.2764	78.3937
Akbarpur	36	27.7750	81.1748
Aksoha	36	27.5413	81.2067
Akbarpur	36	27.4099	81.0009
Akil Purwa	36	27.5801	81.5172
Akbarpur	36	27.7335	81.6023
Akhtiarapur	36	27.4077	81.5053
Akhnanpur	36	27.3654	81.5032
Akhanpura	36	25.8574	83.8347
Akhtiarpur	36	25.7717	83.9647
Akara	36	27.6588	81.7861
Akbarpur	36	27.6414	81.9411
Akbarpur	36	27.5064	81.9878
Akil Purwa	36	27.0379	81.9045
Akhunpur	36	27.1359	81.8681
Akhrehra	36	27.0898	81.7822
Akharwa	36	26.7906	81.0122
Akanta Khera	36	26.6229	81.0712
Akarahdu	36	26.6592	81.1331
Akbarpur	36	26.8714	81.3417
Akbarpur	36	26.8744	81.2535
Akbarganj	36	26.8520	81.3200
Akanpur	36	26.8041	81.2710
Akbarpur	36	26.9493	81.3964
Akbarpur	36	26.9107	81.4775
Akhlaspur	36	29.2294	78.2759
Akbarpur Jhujha	36	29.0980	78.2552
Akhera	36	29.2265	78.4127
Akbarpur	36	26.7106	81.3356
Akbarpur	36	26.7010	81.2540
Akhayapur	36	26.6469	81.2753
Akbarganj	36	26.5463	81.2642
Akbarganj	36	26.5939	81.3594
Akbarpur	36	26.6577	81.4141
Akbarpur	36	26.6432	81.4011
Akbarganj	36	26.5302	81.4732
Akbarpur	36	29.0854	78.6461
Akahi	35	24.4101	80.7982
Akaha	35	24.4212	80.8069
Akauni	35	24.4451	80.9815
Akohri	36	26.4762	81.2443
Akbarganj	36	26.4828	81.2595
Akbarpur Pharsi	36	26.4254	81.4048
Aksarah	36	26.2719	81.7547
Akapur	16	20.0720	79.7100
Akhtiarpur Bhur	36	28.9896	78.3170
Akbarpur	36	25.9060	81.0558
Akli ka Purwa	36	25.8475	81.1796
Akbarpur Chorain	36	25.9458	81.1473
Akhri	36	25.9563	81.1631
Akhada	16	21.1516	74.3474
Akbaria	36	25.2798	81.0580
Akha Nagla	36	28.8965	78.3563
Akhwandpur	36	28.7636	78.4304
Akonda	36	28.7878	78.4704
Akbarpur Patti	36	28.9343	78.4629
Akbarpur	36	28.9405	78.4590
Akbarpur	36	27.1430	80.8233
Akbarpur	36	27.0656	80.7785
Akbarpur	36	27.0851	80.9166
Akbarpur	36	27.2266	80.8972
Akhaipur	36	27.1499	80.9833
Akra	36	27.1168	80.9566
Akohra	36	27.2453	80.8350
Akbarpur Khurd	36	27.1994	81.5393
Akohri	36	27.0342	81.7426
Akraura	36	27.4130	81.8112
Akbarpur	36	27.3526	81.9848
Akhaula	36	28.2415	79.7592
Akbarpur	36	28.2555	78.4604
Akoli	16	19.5699	77.9048
Akbarpur Sakinian	36	28.9176	78.5835
Akbarpur	36	28.9213	78.5769
Akbarpur Sihali	36	28.9989	78.5797
Akhauli	36	28.2346	79.7575
Akbarpur Gahra	36	28.7171	78.5266
Akbarpur	36	28.3980	78.6614
Akbarpur Kachhwa	36	26.2088	81.2263
Akhiamau	36	26.7106	81.7109
Akbarabad	36	28.2415	78.6293
Akrauli	36	28.5316	78.7810
Akabarpur Khas	36	28.6306	78.8779
Akhoriwali	12	33.5979	74.3915
Akampalli	40	18.1084	78.0704
Akbarpur Khurd	36	27.5781	82.0861
Akbarpur	36	27.5715	82.0946
Akbarpur	36	28.4789	78.7900
Akli	36	27.5887	82.1805
Akla Kalan	36	27.5984	82.1881
Akla Khurd	36	27.5988	82.1915
Akarvel	12	33.9982	74.6675
Akalur	40	18.7212	78.4097
Akbarabad	36	28.0630	78.7501
Akauli	36	28.0761	78.9676
Akelwa Chak	36	27.1486	82.0131
Akbarpur	36	27.1113	82.0054
Akelwa	36	27.0715	82.1147
Akbarabad	36	25.3183	81.4981
Aksi	36	27.3293	82.3824
Akkapuram	40	18.3713	78.4890
Akbarpur	36	27.0904	82.4221
Akanapet	40	18.1128	78.3996
Akolahwa	36	27.2262	82.6656
Akbarpur	36	27.2126	82.7239
Akolhia	36	27.2265	82.8727
Aksara Mafi	36	27.1451	82.8781
Akbarpur	36	26.9428	82.0537
Akbarpur	36	26.8821	82.2093
Akkawaram	40	18.1902	78.5984
Akbarpet	40	18.1342	78.5959
Akurhi	36	26.3696	82.1972
Aki Bhan	12	33.4222	74.7797
Akkari	36	26.0678	82.0900
Akauria	35	25.1416	81.3325
Akla	36	26.7400	82.3727
Akhanpur	36	26.6695	82.4246
Akbelpur	36	25.9324	83.2071
Akelwa	36	26.7169	82.5951
Akhaipur	36	26.5982	82.5158
Akutpur	36	26.5271	82.7179
Akbelpur	36	26.4920	82.5512
Akhaipur	36	26.3435	82.5706
Akbarpur	36	26.0267	82.5772
Akhipur	36	26.0409	82.6540
Akal Purwa	36	26.9975	82.8133
Akari	36	26.6868	82.7908
Akela Kuberpur	36	26.6862	82.7957
Akbarpur	36	26.5249	82.8146
Aksahwa	36	26.6321	82.8334
Akela	36	26.6417	82.9183
Akbarpur	36	25.8496	83.4315
Akbelpur	36	26.2815	82.9046
Akola Gojha	36	26.2247	82.9667
Akolhi	36	27.0292	83.0072
Akolhi	36	27.0451	83.0254
Aktahia	36	27.0305	83.2220
Akar Malpur	12	33.8111	75.2486
Akrahwa	36	27.1880	83.6477
Akahal	12	33.6070	75.0580
Akharan	12	33.6794	75.1114
Akhwapar	36	26.8112	83.2181
Aktahia	36	26.5414	83.2078
Akelwa	36	26.4149	83.0054
Akhapur	36	26.1306	83.1229
Akhaipur	36	26.1284	83.1409
Akbarpur	36	26.2166	83.2418
Akhai Chanda	36	26.2432	83.1141
Aktahwa	36	26.9629	83.3310
Aktahwa	36	26.9195	83.4323
Aktaiya	36	26.9911	83.4660
Akulahi	36	26.6517	83.4540
Akolha	36	26.4063	83.2690
Akbarabad	36	26.3418	83.4253
Aktahua	36	26.8642	83.6064
Akhtiha	36	26.7983	83.6521
Aktahua	36	26.9813	83.6467
Akhtyari	36	25.6645	81.5639
Akhtyari	36	25.6719	81.5643
Aktha	36	26.6736	83.6782
Akla Misrauli	36	26.4839	83.5956
Aktaha	36	26.4825	83.6083
Aktoha	36	26.4801	83.6450
Akran	12	33.4271	75.0901
Akera	16	19.3049	80.3149
Akhori	12	33.2733	75.3453
Aktaha	36	26.8676	83.7691
Akbarpur	36	26.9891	83.9600
Akhop	36	26.1199	83.8080
Aksara	36	26.1191	83.8700
Akaitha	36	25.7072	83.6153
Akrampur	36	25.6057	83.6151
Akbarpur	36	25.6310	83.6926
Akravapalli	40	18.5404	80.3704
Akulavari Ganapuram	40	18.3357	80.4269
Akona	35	23.4856	80.3786
Akrar	35	23.5424	80.5829
Akira	12	33.2289	75.7618
Akbarpur	36	25.4146	81.6665
Akbarpur Salahpur	36	25.4664	81.6867
Akoria	36	25.1400	81.6777
Akhwara	23	32.2238	75.3999
Akhwara Chak	23	32.2243	75.3906
Akodhi	36	25.7357	81.7735
Akodhi	36	25.7324	81.7650
Akodia	36	25.7980	81.8913
Akaripur	36	25.8262	81.9268
Akbar Sultanpur	36	25.6308	81.7917
Akhaipur	36	25.6559	81.8713
Akaripur	36	25.6072	81.8560
Akbarpur	36	25.5307	81.7896
Akelawa	36	25.2613	81.8753
Akhrota	23	32.2204	75.5044
Akola	35	22.3558	74.2890
Akvani	16	21.8752	74.1266
Akhatvade	16	20.7467	74.2188
Akasuda	35	22.8008	75.6467
Akhipura	35	22.2722	75.7965
Akhatvada	16	20.5345	75.1876
Akhatvadi	16	20.0742	75.1562
Akola	16	20.0963	75.9801
Akesan	09	24.1723	72.3910
Akona	24	24.9014	72.5295
Akbarpura	23	31.2825	74.7467
Akuwala	23	31.0178	74.6681
Aktai	37	20.8970	81.4736
Akalwara	37	20.7365	81.4558
Akladongri	37	20.5207	81.4515
Akalpurtola	35	22.0687	80.8232
Akalpur	35	22.0753	80.8265
Akarpur	23	31.8968	75.1043
Akalgarh	23	31.6491	75.0736
Akaspur	16	21.6703	74.3898
Akbarwala	23	31.1069	75.0964
Akeli	24	26.1136	73.9938
Akrawas	24	25.4113	73.3914
Akolatola	35	21.5886	80.4112
Akola	35	21.6033	80.4086
Akotola	16	21.2738	80.2622
Akras	24	25.7148	73.5164
Akawas	24	25.7724	73.6003
Akbarpur Khurd	23	31.0533	75.4100
Akbarpur Kalan	23	31.0388	75.4063
Akalpur	23	31.1288	75.3536
Akitunda	23	31.7859	75.5781
Akbarpur	23	31.6389	75.5336
Akhara	23	31.5394	75.5394
Akala	23	31.5605	75.5360
Aklad	16	20.9304	74.5601
Akaltari	37	22.2415	82.2153
Akaltari	37	22.0627	82.3586
Akwi	35	22.5440	75.7090
Akalkuwan	37	21.7113	80.8377
Akulkheda	16	21.2465	75.2532
Akhatvada	16	21.2144	75.2696
Akolia	35	21.9155	75.5097
Akarjan	37	21.4242	80.9535
Akola	37	21.9203	82.3006
Akaltari	37	21.9453	82.6558
Akta	16	20.8389	80.2326
Akalsara	37	21.9178	82.8461
Akaltara	37	21.3557	82.4332
Akbarpur	36	27.1943	80.5407
Akbarpur	36	27.1097	80.5233
Akhai Chandpur	36	27.7885	80.8760
Akbapur	36	27.7683	80.9429
Akhai Chandpur	36	27.7670	80.9187
Akbarpur	36	27.7325	80.8191
Akbarpur	36	27.6627	80.9274
Akraila	36	27.6568	80.8935
Akbarpur	36	27.5601	80.7543
Akbarpur	36	27.3738	80.8029
Akhtarpur	36	27.4777	80.8954
Akalgarh	23	31.2565	75.8118
Aklpur	23	31.0544	75.7605
Akendar	11	32.8695	76.1967
Akhoru Got	11	32.8085	76.0529
Akala	11	32.6948	76.0574
Aktitola	16	20.8851	80.5077
Akhora	11	32.6134	76.2903
Akalbaraia	37	22.1931	81.0496
Akhra	37	22.1310	81.4626
Akrana	11	32.0095	76.3392
Akbarpur	36	27.1962	81.0974
Akbarpur	36	27.1889	81.0012
Akbarpur	36	27.1283	81.0480
Aknatpur	36	27.1048	81.1106
Akhrar	37	22.3240	81.6173
Akhanbali	11	31.9971	76.2018
Akola	37	21.7812	81.4443
Akoli	37	21.7725	81.8280
Akoli	37	21.8347	81.9630
Akaltara	37	21.7111	81.8136
Akoldih	37	21.3011	81.7791
Akoli Khurd	37	21.3002	81.9522
Akoli Kalan	37	21.2747	81.9786
Akanwali	11	30.9700	76.7780
Akbarpur	23	30.5137	76.5762
Akhrabhata	37	21.1947	82.8564
Akalwara	37	20.9090	82.1385
Akhepura	24	25.6887	75.2668
Akhaipur	24	23.1943	74.4708
Aklamahua	36	23.9648	83.0138
Akkunji	19	14.3058	74.8931
Akli	35	23.9059	76.0980
Akyabhati	35	23.5938	76.2309
Akumamidikota	02	17.7440	81.8008
Akuru	02	17.4691	81.6049
Akhepur	36	29.1310	77.8374
Akbarpur Sadat	36	29.1911	77.9276
Akwara	36	29.1172	77.9952
Akbarpur Gadhi	36	29.0640	77.9905
Akbarpur Ichabad	36	29.0622	77.9857
Akbarpur Dakaura	10	28.1106	77.3904
Akoljamora	37	21.8602	83.1686
Akalia	35	23.1546	76.0391
Akodiyakhera	35	23.6080	76.4033
Akaskhar	37	21.3047	83.1149
Akbarpur Karimmudin	36	28.9955	78.7940
Akbarbas	36	28.2278	78.0946
Akbarbas	36	28.1663	78.2280
Akbarpur	36	28.1537	78.2160
Akbartola	37	21.3882	83.2539
Akka Bhikanpur	36	28.9340	78.7969
Akrol Koti	39	30.6175	79.1015
Akhidadar	21	21.0969	83.8055
Akamba	36	27.2752	81.2712
Akhri	36	27.3210	81.3903
Akbarpur Buzurg	36	27.3999	81.4799
Aksana	36	26.1640	81.2989
Akchinian	36	26.0971	81.2759
Akohra	36	26.9324	81.5132
Akbarpur	36	26.8814	81.6830
Aklia	36	26.0311	81.7411
Akkireddigudem	02	16.7976	81.1470
Akkupalle Gokavaram	02	16.8378	81.3495
Akayapalem	02	17.6945	82.4682
Akutigapadu	02	16.7546	81.5221
Akanavaritota	02	16.4141	81.6367
Akkapalem	02	17.1318	80.5818
Akhainiyan	34	26.2176	84.2947
Akkuruballi	21	19.6662	83.4365
Akarupi	21	19.3778	83.2281
Akjangi	02	18.1132	82.4243
Akasoguda	21	18.8346	82.7332
Akarajapalle	02	18.0123	82.5092
Akkireddigudem	02	16.8813	80.9032
Akunuru	02	16.3916	80.8194
Akunuru Malepalle	02	16.3985	80.8242
Akusingi	21	19.2715	83.8495
Akkikonetuvalasa	02	18.5885	83.3193
Akarapalle	37	18.3462	81.7345
Akulakatta	02	18.4781	83.4305
Akulapeta	02	18.0276	83.4194
Akkivaram	02	18.0170	83.4662
Akkuru	21	18.5570	81.9574
Akkarajupeta	02	18.6711	83.7279
Akulapeta	02	18.3260	83.5562
Akkayyapalem	02	18.1021	83.6531
Akkanna Agraharam	02	18.5224	83.7512
Akulu Tampora	02	18.7421	83.9688
Akkarapalle	02	18.6218	83.9741
Akkurada	02	18.5175	83.9952
Akkarapalle	02	18.4624	83.7726
Akkivalasa	02	18.2670	83.7779
Akkivaram	02	18.3410	83.8770
Akkivalasa	02	18.4018	83.9083
Akkulapeta	02	18.4476	83.8726
Akkireddipalem	02	17.8352	83.2294
Akkireddipalem	02	15.5886	80.2142
Akhayapalem	02	15.7904	80.3409
Akuthota	02	14.1212	80.0115
Akkarapakkam	25	13.2931	80.0974
Akkarambedu	25	13.3033	80.2399
Aklatola	35	24.3314	82.5651
Akurpur	34	25.0087	84.3806
Akraunj	34	25.2071	84.3944
Akbarpur	34	25.0765	84.4507
Akorha	34	25.0356	84.4335
Akkampeta	02	17.1629	81.2846
Akkheri Khurd	35	23.5599	76.7453
Akkhera	35	23.5787	76.8312
Akaria Muwara	09	23.1496	73.1951
Akbarpur	35	22.7052	76.1513
Akhepur	35	22.7136	76.1256
Akhtiarpur	34	25.5590	84.6194
Akdara	24	25.3331	73.1990
Akbarabad	36	29.0894	79.0149
Akeli	24	25.7653	73.3876
Akurha	34	25.3374	84.5498
Akhgaon	34	25.4781	84.7445
Akbarpur	34	25.2649	84.7317
Akrawas	24	25.7071	73.4912
Akhairaj ka Gurha	24	25.3752	73.5133
Akran ka Gurha	24	25.3540	73.6174
Akhoria	39	29.8444	79.3881
Akalwas	35	22.2011	74.1358
Akodara	24	24.9204	73.9711
Akodro	24	24.6636	73.9939
Akronja	34	25.1005	84.6980
Akauna	34	25.0023	84.6712
Akwas	24	26.4863	74.2523
Akepura	24	26.4484	74.4135
Akhilpur Sripal	34	25.7453	84.9646
Akhtiarpur	34	25.5040	84.8158
Akhod Khuni	39	29.3578	79.6264
Akhrali	39	29.0369	79.7017
Akhrali	39	29.0390	79.6920
Akorain	39	29.9203	79.6008
Akwa	39	29.8363	79.6539
Akonegair	39	29.9787	79.5753
Akerianara	24	26.2688	74.5399
Akhri	24	26.5518	74.7982
Akodiakhera	24	25.1306	74.0115
Akhaigarh	24	25.9519	74.2949
Akarsada	24	25.8452	74.3915
Akrol	24	25.9422	74.4260
Akhepura	24	25.4518	74.4903
Akolhi	34	26.2115	84.2106
Akhron Ka Khet	39	29.9915	79.8123
Akoriya	24	25.1210	74.8064
Akrala	16	21.3684	74.3571
Akhatvada	16	21.2779	74.3218
Akepur	24	24.0763	74.0769
Akia	24	24.0099	74.3948
Akhepura	24	27.0261	75.8137
Akera ki Dhani	24	27.0141	75.8003
Akramnagar Garhi	36	28.0597	79.1095
Akilpur	39	28.8732	79.4074
Akilpur	36	28.8211	79.4620
Aksora	36	28.5860	79.2985
Akbarpur	36	28.0850	79.4605
Akat Saidpur	36	28.0662	79.4970
Akalkos	16	21.2434	74.5352
Akbarabad	36	28.7692	79.5083
Akha	36	28.8054	79.5406
Akadsa	16	21.3204	74.7934
Akbarganj	36	28.6407	79.7207
Akbarpur	36	28.1269	79.6948
Akhtarganj	36	28.1569	79.6231
Akbari	36	28.1280	79.6968
Akola	36	25.8036	84.1216
Akhaini	36	25.9433	84.0873
Akhar	36	25.7652	84.2137
Akalupur	34	25.5588	84.1718
Akbarabad	36	28.2897	79.8782
Akodha	36	28.3531	79.9120
Akhtiarpur	34	25.3240	84.7954
Akhtiarpur	34	25.4229	84.8635
Akauna	34	25.3296	84.9507
Akhtiarpur	34	25.0073	84.8333
Akhanpur	34	25.0492	84.8368
Akhtiarpur	34	25.2340	84.8958
Akauna	34	25.0445	84.9443
Akorhi	34	24.9765	84.2055
Akorhigola	34	24.9713	84.1906
Akhauri Khap	38	24.5062	84.0674
Akraura	34	25.4219	84.1295
Akorha	34	25.3646	84.1767
Akhauri Dumi	38	24.0507	84.2037
Akhauri Pathra	38	24.0361	84.2258
Akorhi	34	25.1760	84.0242
Akasi	34	25.0076	84.0545
Akrahiya	34	25.1146	84.1492
Akolhi	36	25.8688	84.2607
Akbarpur	36	25.7811	84.2524
Akorhi	34	25.5266	84.3249
Akrahitola	34	25.3867	84.3088
Akrua	34	25.3993	84.4150
Akauna	34	24.7682	84.4442
Akauni	34	24.4728	84.2904
Akoni	34	24.7682	84.5553
Akauni	34	24.9450	84.6356
Akauni	34	24.4226	84.5538
Akta	38	24.3670	84.7420
Akhoridih	38	24.3648	84.5299
Akbarpur	34	25.3658	85.8044
Akbarpur	34	25.0060	85.8289
Akauna	34	25.1008	85.9263
Akbarpur	34	25.2214	85.9339
Akbarpur	36	25.2174	80.6960
Akonha	34	26.6081	86.1361
Akbarpur	36	25.7361	80.9895
Akkigund	19	15.1818	75.5193
Akavade	19	14.0824	75.0567
Akkivalli	19	14.7778	75.1690
Akkampalle	02	14.6896	77.5433
Akuledu	02	14.7981	77.6389
Akutotapalle	02	14.6182	77.6330
Akkampalle	02	14.2882	77.5473
Akutotipalle	02	14.4238	77.7733
Akkur	19	14.9127	75.5760
Akkampalle	02	13.9333	77.2479
Akkammanahalli	02	13.9520	77.4326
Akkampalle	02	13.9213	77.4858
Akalapura	19	13.6906	77.3589
Akkajihalli	19	13.5045	77.3737
Aktammannalli	19	13.3177	77.4025
Akulavandlapalle	02	13.8541	77.9770
Akkalikatte	19	14.0792	75.9232
Akkalapura	19	13.8133	75.2924
Akkitumbakallu	19	13.4246	75.5926
Akualganj	34	25.2255	85.5366
Akbarpur	34	25.2089	85.6214
Akbar Bigha	34	25.1711	85.6989
Aklapalli	40	19.2369	79.5437
Akanpalli	40	19.0182	79.5242
Akalihalli	19	14.5769	76.1642
Akbarpur	34	25.9220	85.7757
Akbarpur	34	25.8724	85.7833
Akaha Bishunpur	34	25.7535	85.7967
Akkapuram	19	14.8776	76.3214
Akurahwa	34	24.7202	85.0739
Akal Bigha	34	24.6616	85.1119
Akrahawan	38	24.3508	85.2442
Akhra	34	24.7859	85.4134
Akauna	34	24.6774	85.3977
Akkanuru	19	14.4793	76.3949
Akauna	34	24.9263	85.5315
Akauna Nizamat	34	24.9243	85.5313
Akaspur	34	26.3008	86.0213
Akaspura	34	26.4506	86.1788
Akkapadi	13	12.5698	75.2883
Akarkarha	34	26.1948	86.4119
Akupur	34	25.8501	86.1139
Akona	34	25.8583	86.1128
Akona	34	25.9321	86.1351
Akauna	34	25.7883	86.2172
Akhtwara	34	25.9135	86.0191
Akkala	19	12.0577	76.4998
Akaha	34	25.5672	86.2062
Akaha	34	25.5961	86.0386
Akaha	34	25.2942	86.2442
Akauni	34	25.0978	86.0342
Akkalavadi	19	12.6450	76.0249
Akkuru	19	12.2335	76.9951
Akkatangerahalu	19	15.7507	77.0202
Akaha	34	25.6408	86.6256
Akaha	34	25.6445	86.7361
Akhri	34	25.6298	86.8739
Akaha	34	25.6236	86.8638
Aklumarartola	34	25.6606	86.9362
Akkannapalli	40	18.0800	79.0667
Akkannapet	40	18.0327	79.2074
Aknepalli	40	18.7903	79.3676
Aklaspur	40	18.7817	79.3554
Aklia	09	23.3214	73.5550
Akbarpur	36	27.4605	80.5228
Akbarpur	36	27.4588	80.6542
Akilpur	36	27.4790	80.6847
Akhlaspur	36	27.4098	80.5025
Akkal	13	11.6737	75.7637
Akbarpur	36	26.7152	79.1059
Aknewa	36	26.0993	79.1012
Akbarpur	36	26.5092	79.3252
Akbarpur Danda	36	26.5697	79.4261
Akanur	40	18.1827	79.2824
Akkapalli	40	18.6501	79.6027
Aknapalli	40	18.3617	79.5950
Akkampet	40	18.0150	79.6968
Akkapur	19	15.1629	76.0704
Aklamakki	19	14.2807	74.5343
Akbarpur	34	24.9915	84.8620
Akothara	34	24.6948	84.8129
Akhrar	34	26.5673	85.8488
Akaha	34	26.5267	85.8333
Akbarpur	34	25.6116	87.0464
Akhtiarpur	34	25.8635	87.2957
Akbarpur	34	25.2417	87.3134
Akilpur	34	25.8038	85.0640
Akbarpur	34	25.7633	85.0399
Akilpur	34	25.7691	85.1681
Akhtiarpur Mohan	34	25.8291	85.2362
Akhtiarpur	34	25.8711	85.2306
Akilpur	34	25.7352	85.0771
Akilpur	34	25.6938	85.0349
Akaltola	34	25.5630	85.1889
Akilabad	34	25.7289	85.1987
Akbarpur	34	25.6859	85.1875
Akauna	34	25.4029	85.0513
Akogora	34	24.8798	87.0000
Akrasol	38	24.4373	87.6625
Akbarpur	34	25.0277	85.0157
Akul Bigha	34	25.2248	85.1366
Akhori Khudan	34	25.2100	85.2214
Akuri	34	25.1071	85.2442
Akpara	28	24.2470	87.6475
Akura	28	24.6842	87.9371
Akhora	28	24.3406	87.9336
Akalipur	28	24.2671	87.9407
Akhira	28	24.1927	87.7789
Akhtiarpur Kamtaul	34	25.9948	85.3078
Akhtiarpur Patera	34	25.8058	85.2892
Akbar Malahi	34	25.7781	85.2815
Akhtiarpur Sihan	34	25.9050	85.4309
Akharia	34	25.4633	85.2700
Akbarpur	34	25.2849	85.3134
Akenr	34	25.3514	85.3439
Akhtiarpur	34	25.4041	85.3040
Akbarpur	34	25.2367	85.3014
Akalganj	34	25.1765	85.2580
Akal Bigha	34	25.1533	85.2655
Akbarpur	34	25.1286	85.2845
Aked Bigha	34	25.1247	85.3510
Akauna	34	25.1203	85.4045
Akhtiarpur	34	25.2794	85.6580
Akbarpur	34	25.4542	85.6818
Akhapura	35	21.9478	75.9100
Aklud	16	21.0754	75.7869
Akhairajpur	36	27.9291	80.1051
Akbarpur	36	27.5248	80.1532
Akela Purwa	36	27.6833	80.1965
Akhnapur	36	27.3692	80.0621
Akhtiarpur	36	27.4434	80.1669
Akohra	36	27.4433	80.2058
Akbarpur Pasnamau	36	27.2053	80.0848
Akbarpur	36	27.1150	80.0667
Akbarpur	36	27.0138	80.1715
Akbarpur	36	27.7942	80.4771
Akingam	12	33.6427	75.2380
Akkurthi	02	13.7969	79.6679
Akuluto	20	26.1661	94.4871
Akapur	02	19.0725	78.3880
Akalhalli	19	13.4863	77.7596
Akkimangala	19	13.2946	77.9361
Akkur	19	12.8176	77.1737
Akkur	19	12.5650	77.1986
Akamalhundi	19	12.2652	77.0071
Akkammandoddi	19	12.6216	77.5301
Akumalla	02	15.1611	78.2044
Akkarampalle	02	15.0218	78.3875
Akavidu	02	15.5625	78.9425
Akkapalle	02	15.5148	78.9617
Akkivaripalle	02	15.1015	78.9566
Akulanarayanapalle	02	15.0336	78.8728
Akkisiddapalle	02	15.0644	78.9841
Akkannapalle	02	14.9013	78.0337
Akkulugaripalle	02	14.4743	78.1704
Akutotapalle	02	14.3647	78.1033
Akkalasanipalle	02	14.2746	78.2120
Akkampeta	02	14.9301	78.8991
Akkapalem	02	14.8768	78.9893
Akkulayapalle	02	14.7685	78.7687
Akkayapalle	02	14.4748	78.8167
Akkireddipalle	02	14.4161	78.7938
Akulavaripalle	02	14.4214	78.9675
Akutotapalle	02	13.9980	78.0038
Akkimoripalle	02	13.4626	78.5410
Akhtiarpur	34	25.7051	85.7411
Akhtiarpur	34	25.7235	85.7166
Akulatimmanehalli	25	12.0978	77.8028
Akkanapalli	25	12.7274	78.0030
Akkalapuram	25	12.5417	78.2212
Akkammanahalli	25	12.1407	78.2440
Akandaganipalli	02	12.8895	78.4824
Akkalareddipalle	02	15.3649	78.8910
Akalavandlapalle	02	14.0748	78.6974
Akkapalle	02	15.4192	79.1334
Akkireddipalle	02	15.1287	79.0271
Akkacheruvu	02	15.6361	79.5919
Akkampeta	02	15.0514	79.6109
Akutotapalli	02	14.5554	79.0661
Akiyandlapalli	02	14.2046	79.1923
Akepadu	02	14.2096	79.0817
Akilivalasa	02	14.2928	79.5051
Akkamambapuram	02	14.1562	79.6209
Akkasamudram	02	14.0286	79.6370
Akbarabada	02	14.7011	79.7610
Akkacheruvupadu	02	14.4328	79.9266
Akkampeta	02	14.2839	79.8235
Akkamacheruvupalli	02	13.4563	79.0445
Akanambattu	02	13.3651	79.0941
Akkannagaripalli	02	13.2406	79.1808
Akkamambapuram	02	13.9658	79.5619
Akkagaripeta	02	13.3760	79.7269
Akkachchikuppam	25	13.1388	79.5141
Akkagaripeta	02	13.8058	79.7732
Akkarapaka	02	13.7873	79.9587
Akkachampalaiyam	02	13.5787	79.9111
Akkur	25	12.6914	79.3857
Akkur	25	12.6817	79.6449
Akkamapuram	25	12.9752	79.7640
Akkur	25	12.2757	79.5608
Akshipakkam	25	12.2558	79.7919
Akasampattupadchery	25	12.0100	79.7720
Akasampattu	25	12.0103	79.7676
Akshikadu	25	12.1524	79.9302
Akambadam	13	11.3067	76.2101
Akkamvayal	13	11.6048	76.2999
Akkikavu	13	10.6898	76.0904
Akaparambu	13	10.1608	76.3718
Akilandapuram	25	10.6237	76.9631
Akkakodupunna	13	9.4806	76.4466
Akkonam	13	8.8765	76.8736
Akkal	13	8.8614	76.8174
Akathumuri	13	8.7039	76.7562
Akulam	13	8.5230	76.9098
Akkoliseri	13	8.8520	76.6454
Akkaraikoduveri	25	11.4648	77.3024
Akkaraipalaiyam	25	11.3779	77.4125
Akkanampalaiyam	25	11.0335	77.3659
Akkaraiyur	25	11.5715	77.7043
Akkaraiyampalaiyam	25	11.1674	77.5307
Akkaraippatti	25	11.6613	77.8397
Akkarapattiyampalaiyam	25	11.4066	77.9964
Akkampalaiyam	25	11.3199	77.8584
Akilandapuram	25	11.0166	77.8409
Akkamanayakkanpalaiyam	25	10.8850	77.1505
Akhilandapuram	25	10.9104	77.3508
Akkaraippatti	25	10.5468	77.4867
Akkamanayakkanpudur	25	10.4469	77.4479
Akhilandagangapuram	25	11.5649	79.4715
Akkaraikottagam	25	10.5560	79.5453
Akkinadapuram	25	10.8808	79.1238
Akhilandapuram	25	10.8872	79.1142
Akkachchippatti	25	10.5741	79.0193
Akalankan	25	10.6978	79.7854
Akkaraipettai	25	10.7463	79.8487
Akalanganni	22	10.9135	79.7672
Akhupadar	21	20.0190	84.9987
Aktan	38	23.6370	85.1248
Akumroma	38	23.1334	85.0421
Akumromatoli	38	23.1292	85.0362
Akta	38	23.1764	85.3227
Akakumba	38	23.9482	85.5383
Akrashaitoli	38	23.0181	85.8698
Akodatoli	38	22.5890	85.0416
Akir	38	22.8104	85.3258
Akrahitola	38	23.8631	84.1157
Akrahi	38	23.8342	84.1805
Akhra	38	23.8929	84.1853
Aksi	38	23.5107	84.1162
Akasi	38	23.2475	84.1789
Akchatiatoli	38	23.8199	84.8944
Akasi	38	23.4032	84.8297
Akhrakona	38	22.8871	84.5046
Akondtoli	38	22.4724	84.5376
Akra	38	22.8550	84.8728
Akhardand	21	21.6586	84.2002
Akkammalpuram	25	9.6582	77.7311
Akkaraipatti	25	9.2585	77.5093
Akkaraipatti	25	9.3377	77.5482
Akkaraipatti	25	9.3011	77.6838
Akkaraippatti	25	9.4362	77.6652
Akhilandapuram	25	8.9878	77.8034
Akkanayakkanpatti	25	8.8476	77.8769
Akkamanayakkanpatti	25	10.6708	78.0270
Akkaraippatti	25	10.3665	78.1061
Akhilandapuram	25	10.3925	78.1219
Akkarakkampatti	25	10.7964	78.3260
Akkarakkampatti	25	10.8524	78.4198
Akkayampatti	25	10.3573	78.3464
Akkulampatti	25	10.4618	78.4592
Akhilandapuram	25	10.9966	77.5691
Akkaraippalaiyam	25	10.8634	77.6433
Akhilandapuram	25	10.7629	77.7083
Akkaraippatti	25	10.9594	78.7309
Akkalanayakkanpatti	25	10.6325	78.5975
Akhilandapuram	25	9.0983	78.0839
Akkiramesi	25	9.5123	78.7209
Akkiramesi	25	9.4952	78.7034
Akkavayal	25	9.6967	78.7508
Akkattidal	25	9.8037	78.8599
Akilandapuram	25	10.8654	77.8757
Akkaraippatti	25	10.5850	77.7738
Akkanur	25	11.4075	79.0510
Akkaraippatti	25	10.2942	77.8560
Akkiyali	25	11.1603	79.2122
Akkanur	25	11.8877	79.3123
Akkadavalli	25	11.8454	79.5239
Akkichettipalaiyam	25	11.7871	79.5215
Akkaraiyui	25	11.8928	78.2169
Akkur Pandaravadai	25	11.1015	79.7863
Akkaraippatti	25	11.4704	78.0613
Akkaraikkadu	25	11.4439	78.0662
Akkalampatti	25	11.3153	78.0720
Akkaraiyampalaiyam	25	11.1509	78.1028
Akkarappatti	25	11.7934	78.4750
Akhilanakottappatti	25	11.8569	78.3750
Akkaraivalavu	25	11.2526	78.3692
Akkaraivalavu	25	11.2681	78.3846
Akkaraippatti	25	11.9931	78.7100
Akkichettipalaiyam	25	11.6066	78.5434
Akhilandampatti	25	11.0653	78.5068
Akkarapalaiyam	25	11.7618	78.8679
Akul	21	21.2684	85.4162
Akhupal	21	21.0858	85.5941
Akauni Marthumba	34	24.9744	85.9819
Akauna	34	24.8932	85.8091
Akhena	38	24.1242	85.7794
Akunwa	34	25.7864	86.3176
Akhtwara	34	25.9400	86.3373
Aksaur	34	25.8352	86.4557
Akbakitanr	38	24.1026	86.1063
Akonwatanr	34	24.6475	86.2900
Aklu	34	24.6572	86.3218
Akhane	34	24.5977	86.4948
Akatropka	21	20.2790	84.2061
Akharkata	21	20.8402	84.5800
Akamala	13	10.6868	76.2678
Akuhaito	20	26.0892	94.4071
Akilandapuram	25	10.9510	77.7893