Aligarh	36	27.8815	78.0746
Alwar	24	27.5625	76.6250
Alappuzha	13	9.4900	76.3264
Alandur	25	13.0025	80.2061
Allinagaram	25	10.0274	77.4781
Alipur Duar	28	26.4835	89.5229
Alangad	13	10.1019	76.2910
Alengad	13	10.1190	76.3023
Aland	19	17.5643	76.5685
Alankod	13	10.7460	76.0348
Almora	39	29.5971	79.6591
Allapuram	25	12.8951	79.1279
Alandi	16	18.6776	73.8987
Alangulam	25	8.8640	77.4994
Alirajpur	35	22.3039	74.3557
Ali	07	28.5161	77.3099
Alattur	13	10.6500	76.5333
Aliganj	36	27.4936	79.1713
Alot	35	23.7634	75.5566
Aluva	13	10.1076	76.3516
Alwaye	13	10.1065	76.3548
Alibag	16	18.6481	72.8758
Alipur	07	28.7986	77.1331
Alampalaiyam	25	11.3635	77.7677
Alang	09	21.3988	72.1754
Along	30	28.1695	94.8006
Alangayam	25	12.6224	78.7521
Alnavar	19	15.4273	74.7411
Alur	25	8.1931	77.3643
Alapakam	25	12.8944	80.1111
Aliyabad	25	12.6317	79.2164
Alampur	40	15.8799	78.1335
Allahganj	36	27.5454	79.6872
Alangudi	25	10.3606	78.9849
Alanganallur	25	10.0470	78.0903
Allipur	40	17.6763	77.6289
Allapalli	16	19.4317	80.0638
Alampur	35	26.0251	78.7970
Ala	13	10.2535	76.1857
Alwarkurichchi	25	8.7838	77.3952
Allipura	19	13.4885	77.4586
Alur	13	10.6030	76.0961
Alagappapuram	25	8.1468	77.5413
Alappakkam	25	12.6760	79.9954
Alwa Tirunagari	25	8.6064	77.9398
Alikherva	09	22.2811	73.7179
Alagapuram	25	11.8871	78.9176
Alamelumangapuram	25	12.9422	79.1869
Alawalpur	23	31.4316	75.6561
Aligarh	24	25.9652	76.0830
Alamadi	25	13.2092	80.1097
Alandurai	25	10.9532	76.7900
Aldona	33	15.5934	73.8748
Alur	19	12.9780	75.9909
Alevur	19	13.3101	74.7886
Alappakkam	25	11.5990	79.7189
Alaudia	38	23.6856	84.7329
Alagdiha	38	23.7333	86.4527
Alok Mishra	36	26.4196	80.3741
Alwas	11	32.9551	76.1695
Aluru	02	15.5042	80.1291
Alur	16	17.6971	76.4259
Alur	40	17.3294	78.0687
Alur	19	15.8256	75.6472
Alur	02	15.3926	77.2275
Alu Pahar	37	22.5000	84.2500
Aluda	24	26.8099	76.3868
Alu	09	23.0533	73.8118
Alturti	02	14.4397	79.6840
Alta	16	17.1679	74.5433
Alta	16	16.7703	74.4043
Alsisar	24	28.3043	75.2878
Alsindhi	11	31.2950	77.1254
Alorna	33	15.6959	73.9171
Alorigarwara	35	24.7833	75.1833
Alora	16	17.4667	73.5667
Alonung	30	28.3833	95.5500
Alod	24	25.5458	75.5874
Alniyawas	24	26.5166	74.3141
Almel	19	17.0938	76.2193
Almatti	19	16.3585	75.8910
Almi	11	32.5493	76.3849
Allur	02	14.6834	80.0541
Allur	02	15.4451	80.1189
Allur	02	14.6833	80.0667
Allapalli	40	17.8286	80.4807
Alland	16	20.1935	75.5519
Allahdurg	40	17.9651	77.9274
Allagadda	02	15.1322	78.5138
Alkuti	16	19.0500	74.2333
Aliwal	23	31.8336	75.1152
Aliwal	23	30.9462	75.6133
Alipura	35	25.1750	79.3473
Alipur	28	22.5319	88.3232
Alipur	16	20.5465	78.6948
Alipur	02	17.7167	83.3000
Alipur	01	11.7311	92.6747
Alinagar	36	26.6374	83.0189
Alina	09	22.8103	73.0468
Alimod	35	22.3947	78.3745
Ali Khera	36	27.3158	79.1639
Alikher	19	17.8494	77.2626
Alika	10	29.7352	75.4311
Aligarh	36	27.4500	83.1333
Aliganj	36	28.1098	80.5930
Alidar	09	20.8902	70.8491
Aliabad Sarai	12	33.6421	74.5834
Ali	35	22.1814	74.3717
Algur	19	16.6954	76.3601
Alewahi	16	20.3746	79.7060
Aleru	40	17.6439	79.0411
Alegaon	16	20.4021	76.8416
Alegaon	16	19.1486	77.1575
Alegaon	16	18.6194	74.3342
Ale	16	19.1667	74.1167
Aldur	19	13.2415	75.6596
Alchi Goempa	41	34.2308	77.1663
Albaka	40	18.2067	80.6685
Alayangudi	22	10.9414	79.7628
Alattur	25	12.2227	79.8771
Alas	11	32.7652	75.9687
Alangiyam	25	10.6558	77.4967
Alandi	19	18.1445	77.2499
Alanallur	13	11.0094	76.3474
Alamuru	02	16.7833	81.9000
Alamsar	24	25.3313	71.0995
Alampur	09	21.9482	71.7206
Alamgaon	16	19.7336	75.7762
Alamanda	21	18.8562	83.3129
Alamanda	02	17.9947	83.2399
Alai	24	27.3260	73.5773
Alipur	28	22.9115	88.1716
Alipur	28	22.8969	88.1014
Alipukur	28	22.4456	88.1055
Alampur	28	22.4225	88.1628
Alipur	28	22.2975	88.0783
Alipur	28	22.3064	88.4703
Almashpur	28	22.1814	88.3814
Ali Kadal	12	34.0944	74.8042
Alapur	12	34.0459	74.5418
Alupura	12	34.0639	74.6733
Alipur	12	34.0322	74.6915
Alpathar	12	33.9872	74.3260
Ali	12	32.9710	74.8405
Aluna Palla	23	30.6797	76.0458
Aluna Miana	23	30.6764	76.0576
Aluna Tola	23	30.6754	76.0691
Ala	12	32.5164	74.8365
Alame Chak	12	32.6589	74.7577
Alawalpur	39	30.0421	77.7777
Alampur	36	29.7947	77.2145
Alipur	36	29.6557	77.4745
Alipur	36	29.6236	77.4953
Alphanagar	24	25.2805	75.7116
Alkodiya	24	25.3249	75.6894
Alipura	24	25.9905	75.6922
Aldaba	39	29.7928	78.6084
Aliguda	40	17.2647	78.4433
Allahpur	40	17.2127	78.8306
Aliabad	40	17.6220	78.5984
Alirajapet	40	17.7893	78.7798
Almaipet	40	17.7792	78.0948
Alur	40	17.5481	78.0808
Alwarpet	25	13.0364	80.2578
Alinjivakkam	25	13.1873	80.2006
Alchi village	41	34.2334	77.1625
Alayla	24	28.6290	75.1009
Alampura	24	28.2819	75.5466
Alipur	24	28.2263	75.5306
Allahdadpura	23	30.6111	76.2186
Alipur Jalal	23	30.5664	76.2181
Alipur Sikhan	23	30.2385	76.5757
Alipur Wazir Sahib	23	30.1780	76.5961
Alauddin Majra	10	30.2318	76.6603
Alipur	23	30.6574	76.7852
Alipur	10	30.6010	76.9560
Alapur	36	24.8477	78.4376
Alkheri	35	24.0162	78.2990
Alipura	36	27.9934	79.2367
Allahpur	36	27.9470	78.9997
Alokhar	36	27.7573	79.1317
Alai Nagla	36	27.8752	79.1877
Alapur	36	27.9134	79.2453
Allahpur	36	27.9024	79.2967
Alhinapur	36	27.1079	79.4562
Alipur	36	27.1028	79.4299
Alampur	36	27.1281	79.3628
Alipur	36	27.1580	79.3412
Alawalpur	36	27.0888	79.3525
Alipur	36	27.0800	79.3797
Allahdadpur	36	27.0572	79.4799
Alipur	36	27.0362	79.5031
Albela	36	27.7472	79.6087
Alampur	36	27.7130	79.6394
Allanpur	36	27.5948	79.6265
Alamganj	36	27.6535	79.5683
Almanpur	36	27.5421	79.5424
Allahpur	36	27.5505	79.6202
Alhadpur	36	27.5297	79.6460
Alampur	36	27.2245	79.7758
Alapur	36	27.2200	79.9889
Aliapur	36	27.2101	79.9684
Allahpur	36	27.1195	79.8781
Alinagar	36	27.0265	79.7574
Aliapur	36	27.0473	79.9453
Allipur	36	26.9946	79.0149
Alipura	36	26.8670	79.2394
Alampur Taraia	36	26.8123	79.1852
Alampur	36	26.3669	79.3234
Al	36	26.3679	79.4392
Alampur	36	26.2910	79.3833
Alaipura	36	26.2130	79.2902
Alampura	36	25.6533	79.1333
Alipura	36	25.4476	79.4063
Alamshah Purwa	36	26.9445	79.5273
Alipur	36	26.8051	79.5690
Alampurkhera	36	26.6138	79.7713
Alawalpur	36	26.5023	79.8326
Alopa	35	24.9196	79.1497
Alampura Imla	35	24.2285	79.1923
Alamnagar	34	25.5745	86.8939
Allahyarwala Khu	24	27.5595	71.7805
Alakjhar	03	26.4248	89.9431
Alakjhari	03	26.2570	89.8734
Alikakh	03	26.1078	91.2708
Aliabad	35	26.8472	81.6410
Alampur	34	24.8721	83.8829
Alipuri	40	18.8489	78.8363
Alajangi	02	18.5399	83.4041
Alnar	02	19.0530	81.6686
Alanpur	24	26.0136	76.3522
Alattur	19	11.8735	76.5990
Alampaiyam	31	11.4569	77.1675
Alankinaru	25	8.4110	77.8603
Alikata	35	21.7745	79.2886
Alampura	35	23.1604	77.1686
Algpur	03	24.8668	92.6872
Alola	37	22.6444	83.3843
Algapur	03	24.8668	92.6872
Alijoda	21	20.5696	86.1714
Alumeda	21	21.5744	87.1311
Alengi Gaon	03	26.5762	94.1424
Alandapada	21	19.9611	85.9215
Alipur	10	29.6533	76.7935
Aliawas	10	28.2237	76.5004
Alawalpur	10	28.0410	76.6521
Alampur	24	28.0449	76.7027
Alimuddinpur	10	28.4316	76.7634
Aliyar	10	28.3736	76.8943
Alawalpur	10	28.1714	76.7867
Alupur	24	28.2036	76.8357
Alimpur Mandran	23	29.8340	75.4535
Alike	23	29.7374	75.3392
Alawalwas	10	29.7175	75.4910
Ali Muhammad	10	29.4628	75.1057
Alikhpura	10	29.3316	75.4575
Alaila	24	28.8973	75.1206
Alola	10	29.5940	76.7416
Alampur	10	29.9353	76.8296
Alchazab	12	34.5446	74.1887
Alyandori	12	34.6707	74.2627
Alan Forest	12	34.6491	74.4077
Alan	12	34.5219	74.4835
Alad	11	31.2750	77.4970
Aliana	23	30.4125	74.2136
Alamgarh	23	30.1248	74.1594
Alamwala	23	30.2682	74.4216
Allahabad	23	30.2042	74.3716
Alna	11	31.3630	77.5555
Alamu	11	31.3857	77.6314
Alahi	11	31.1182	77.5971
Alashna	11	31.0332	77.5833
Alipur	10	30.2642	77.1269
Aliaspur	10	30.3193	77.1492
Alawalpur	10	30.1426	77.0633
Alipura	10	30.0215	77.1072
Aliyan	11	30.6364	77.4696
Algwal	24	27.3616	76.4233
Alamdika	24	27.8739	76.6909
Alwalpur	24	27.9085	76.7242
Alipur Ki Dhani	24	27.9869	76.6638
Alipur	24	27.9887	76.6571
Alapur	24	27.4525	76.5604
Alai	24	27.2611	76.6072
Alisherpur Majra	10	30.3845	77.3617
Alipura	10	30.1824	77.4107
Alhanpur	36	30.1519	77.4737
Allahpur	24	27.8462	76.8485
Alipur	10	27.7734	76.9845
Allahpur	24	27.9636	76.8922
Alaora	24	27.5825	76.8774
Alampur	24	27.6250	76.8785
Alauddinpurbas	36	30.2646	77.5541
Alabaksh Ka Bas	24	27.4218	76.8333
Alsi	39	30.5950	77.8727
Alipura	24	26.6974	76.3879
Alampur	36	29.4416	78.1940
Alampur Ganga	36	29.4352	78.2270
Alawalpur Udh	36	29.4069	78.2075
Alluwala	36	29.3359	78.0350
Alehdadpur	36	29.3252	78.2194
Alampur	36	29.3227	78.0088
Alawalpur	39	29.7393	78.1490
Alipur Nagla	36	29.5062	78.1501
Alipur	39	29.8933	78.0547
Alawalpur	39	29.8378	78.0029
Alanpur	35	23.4743	78.2736
Aliwara	35	23.0823	78.2707
Alipura	24	26.4455	76.4197
Alipura	24	26.4426	76.4130
Aluda	24	26.3204	76.2764
Aliganj	24	26.5144	76.6850
Alanda	24	26.7020	76.6570
Alanpur	35	23.3443	78.7930
Aliwara	35	23.1162	78.7487
Alanpur	35	23.2023	78.8969
Alipura	24	26.7577	76.9475
Alipur	36	29.6530	77.1739
Alauddinpur	36	29.5484	77.1913
Alinagar	36	29.5385	77.2139
Alipur	36	29.8183	77.3114
Alipura	36	29.9796	77.4590
Alauddinpur	36	29.7886	77.4917
Alipur	36	29.3943	77.2552
Alipur Kalan	36	29.4677	77.4626
Alawalpur	36	29.4312	77.4607
Alawalpur	36	29.0420	77.2665
Alamgirpur	36	29.0074	77.4857
Alamgirpur	36	29.6184	77.5273
Alawalpur	36	29.5601	77.6217
Alakheri	35	22.6844	78.0381
Aliwara	35	22.3458	78.7455
Aliwara	35	22.2183	78.6119
Alagondi	16	21.1989	78.6958
Alesar	16	21.1684	78.9445
Alipur	16	20.9313	78.1934
Alvada	16	20.9229	78.1395
Alegaon	16	20.5427	78.0286
Alamgirpur	36	29.2480	77.5750
Alipur	36	29.1326	77.6609
Alipur Bas	23	29.9569	74.2425
Alika	10	29.9298	74.7233
Alamwala	23	30.6907	75.0735
Alapura	35	25.5257	76.5836
Alsigarh	24	24.4702	73.5824
Aliyaheri	24	24.9823	76.1361
Alkare	23	30.5009	75.2936
Alguas	24	25.5378	74.1929
Alike	23	30.3434	75.3316
Aligarh	23	30.8131	75.5129
Alal	23	30.3724	75.7286
Alampur	23	30.0201	75.6713
Alipur	39	29.7873	77.9916
Alampura	36	29.6413	77.9321
Almanwala	36	29.5833	77.9438
Alampura	39	29.6566	77.9723
Alipura	36	29.4300	77.9030
Alipur	36	28.8202	77.2469
Allowal	23	30.9747	75.7572
Alamgir	23	30.8013	75.8602
Alumgirpur	07	28.7438	77.1262
Aliganj	07	28.5837	77.2218
Allahwardipur	36	28.5355	77.4399
Allahbas	36	28.5206	77.4138
Alamgirpur Tokai	36	28.8138	77.3912
Alipur	10	28.3690	77.4496
Alampur	36	28.6742	77.7106
Alauda	36	28.3664	77.6377
Alipura	36	28.3204	77.6405
Aliabad	36	28.3484	77.7212
Alowal	23	31.5847	75.7880
Alisar	24	27.2372	75.5820
Alipur Khalsa	23	30.4954	75.7589
Alipur	23	30.3626	75.9938
Alipur	10	29.1359	75.8785
Aliar	12	33.0797	76.0059
Alipur	10	29.5141	76.2311
Almas	39	30.4762	78.1994
Alawalpur	36	29.3013	78.5417
Allahyarpur	36	29.3527	78.6572
Alampur Gaonri	36	29.3365	78.6715
Allahpur	36	29.2997	78.6603
Ala	39	30.2877	79.5507
Alinagar	36	28.9546	79.0058
Alinagan	36	28.9821	79.1077
Alinagar	36	28.9498	79.1305
Alinagar	36	28.9084	79.1889
Alinagar	36	28.9429	79.0518
Aliaganj	36	28.8798	79.0101
Alipur	36	28.8955	79.1845
Aliganj Benazir	36	28.8610	79.0272
Alinagar Janubi	36	28.7517	79.0431
Alampur Kot	36	28.3838	79.1262
Alinagar	36	28.2533	79.1508
Alahua	36	28.3199	79.0315
Aloda	24	24.6208	76.3459
Alodi	24	24.6312	76.3463
Alampura	24	24.8576	76.7427
Allapura	24	24.7255	76.9792
Alugaon	16	18.9890	79.9388
Allahsagar	40	18.6700	79.8468
Alamkunta	40	18.6196	79.8329
Alauddinnagar	36	28.1501	77.5650
Aliabad	36	28.0956	77.5430
Alawalpur	36	28.1098	77.5805
Alampur Hatla	36	28.1252	77.7245
Alampur Buzurg	36	28.9132	77.7764
Alipur Jijmana	36	28.9036	77.7529
Alipur Alampur	36	28.9688	77.8879
Alamgirpur Badhla	36	28.9595	77.9601
Alipur Mughalpur	36	28.7064	77.9015
Alabas Batari	36	28.6329	77.9773
Alinauar	36	28.7267	77.8188
Algara	28	27.1163	88.5863
Alur	40	16.7245	78.1252
Allahpur	35	26.3434	77.8195
Alauri ka Pura	35	26.4772	78.3370
Alauri	35	26.3468	78.3775
Alipur	24	28.1387	75.9387
Alapur	16	19.9547	76.1627
Alipur	23	30.4776	76.0576
Aluharka	23	30.2853	76.0660
Alapur	16	19.0489	76.2574
Aland	16	19.2800	76.6476
Alampur	23	30.1444	76.0750
Alampur	23	30.7525	76.4498
Allowal	23	30.4361	76.2884
Alipur Rain	23	30.3737	76.4137
Aliaspur Bhamra	36	27.7932	77.9805
Alwai	36	27.6749	77.4966
Alipur	23	30.1396	76.3693
Alipur Jattan	23	30.1312	76.3767
Alipur	23	30.2046	76.4425
Allahpur	23	30.7973	76.6293
Alipur	23	30.4972	76.5305
Alampur	23	30.4093	76.5012
Alawal Majra	23	30.4171	76.5793
Alamdipur	23	30.3439	76.5609
Ali Majra	23	30.4481	76.6845
Alamgir	23	30.4718	76.7786
Allahpur	10	30.2702	76.9878
Ali Brahman	10	27.9214	77.2501
Alipur Nagla	36	27.8442	77.4408
Alampur	24	27.7051	77.0537
Alghana	24	27.5228	77.0301
Alghani	24	27.5219	77.0417
Alipur	24	27.5399	77.2143
Allahpur	36	27.5553	77.6375
Alipur	36	27.4202	77.7293
Alipur	10	29.0146	76.0524
Alegaon	16	17.5089	76.0278
Aliyabad	16	17.8131	76.2908
Aliyabad Tanda	16	17.8125	76.3243
Alipur Gijhauri	36	28.4534	77.8096
Alamgir	36	28.3890	77.9725
Alamgirpur Nainsukh	36	28.4289	77.9544
Alanga	19	17.7315	76.5495
Aland Tanda	19	17.6000	76.5281
Aland Tanda	19	17.5295	76.5494
Aland Tanda	19	17.5076	76.5750
Alur	19	17.4056	76.6638
Alampur	36	28.0938	77.8234
Algud	19	17.7603	76.8208
Alwantgi	19	17.6483	76.9156
Algidanr	37	22.4333	82.3353
Alikhuta	37	20.8740	81.0693
Aliwara	37	20.8902	81.0062
Alikhuta	37	20.9999	81.0621
Alniatola	37	20.6242	81.0768
Alwar Khurd	37	20.1781	81.0818
Alwar Kalan	37	20.1835	81.0930
Alekhuta	37	20.6418	81.8376
Algod	19	17.4487	76.9234
Aldihal	19	17.2149	76.9600
Alakoppar	19	16.4571	76.0473
Allahpur Tanda	19	16.7852	76.3891
Alahal	19	16.6243	76.4369
Albaras	37	21.0717	81.2311
Aldhal	19	16.0444	76.9654
Alekhuta	37	21.0176	81.8320
Alwari Buzurg	16	19.0173	77.0030
Alegaon	16	18.9231	77.2975
Aluwadgaon	16	18.7897	77.4487
Allapur	19	18.2594	77.4551
Alandi	16	18.6800	77.5692
Allahpur	16	18.6001	77.5392
Alur	16	18.6404	77.6741
Alur Khurd	19	18.0951	77.5059
Allapur	40	18.0694	77.7062
Allapur	19	18.0103	77.5696
Alur	16	18.8286	77.8639
Alampur	40	18.6344	77.8098
Allapur	40	18.2908	77.7898
Alikhanpalli	40	18.1446	77.8250
Algarhi	36	27.3709	78.2330
Allahpur	19	17.4285	77.2242
Alur	19	17.0342	77.0502
Alhalli	19	17.1184	77.2343
Alhalli	19	17.0045	77.1003
Alipur Tanda	19	17.6427	77.3378
Alipur	19	17.6370	77.3714
Alawalpur	36	27.2361	78.2441
Aled	40	17.0390	77.6464
Alikhanpalle	40	17.0253	77.6902
Alampur Kolta	36	27.2891	78.3529
Aloda	16	20.5194	78.3367
Alodi	16	20.7585	78.6184
Aloda	16	20.5771	78.6269
Alamdoh	16	20.5289	78.6734
Alasur	16	20.9024	78.8310
Alagondi	16	20.8382	78.9834
Algaon	16	20.7548	78.8365
Aliya Ka Nagla	36	27.5954	77.7731
Alhaipur	36	27.5594	77.7552
Alipura	36	27.6652	77.8842
Alapur	35	23.8773	79.2289
Alinagar	36	27.7302	78.5454
Alinagar	36	27.7181	78.5982
Alipur	36	27.6886	78.7384
Allahpur	36	27.6256	78.6428
Aloni	35	23.4807	79.7063
Allahpur	40	17.7421	77.8700
Alipur	19	16.8448	77.0939
Alampur Anandipur	36	27.0471	78.5023
Alipur	19	16.9438	77.3592
Allahpur Chamari	36	27.9399	78.9860
Alipur Madaiyan	36	27.9561	78.8951
Allahdinpur	36	27.8318	78.8607
Alampur	36	27.8390	78.7507
Alampalli	40	16.4733	77.3610
Alkur	19	16.0249	77.3597
Allapur	40	16.9786	77.5322
Alimpur Subkara	36	27.9438	78.0584
Alapur Garhia	36	27.9025	78.0378
Allahdadpur Nimri	36	27.8791	78.0357
Alinagar	36	27.8524	78.0843
Alinagar	36	27.8544	78.1067
Allahdadpur	36	27.8568	78.1780
Alipur	36	27.7837	78.1171
Alampur	36	27.7744	78.1909
Alipur	40	16.8220	77.6993
Alampur Deha	36	27.0935	78.7992
Alamgirpur	36	27.0441	78.8105
Alipur	36	27.4690	77.7727
Alia	36	27.4643	77.9689
Alampur	36	27.7203	78.8520
Allahpur	36	27.7189	78.9130
Alipur Dadar	36	27.7063	78.9710
Allahdadpur	36	27.6938	78.8600
Alawalpur	36	27.6854	78.9717
Allahpur Khurd	36	27.5767	78.8672
Allahpur Kalan	36	27.5766	78.8605
Alaya	36	27.5029	78.9819
Aloniya	35	22.2767	79.5465
Alamganj	36	27.1937	77.9947
Albatiya Nagla	36	27.1824	77.9570
Alinagar	35	22.1663	79.7835
Alai	36	26.9593	78.8595
Alampur	36	26.8943	78.9177
Alampur Hauz	36	26.8019	78.9842
Alipur	40	16.7013	77.9808
Alapur	36	24.5795	78.3431
Alupura	36	27.4203	79.0097
Alipur Patti	36	27.3105	79.1674
Alemnagar	36	27.3833	79.2357
Allahpur	36	27.3981	79.1716
Alipur	36	27.3946	79.1842
Aliapur	36	27.4303	79.1909
Alampalli	40	19.2442	78.7457
Aliabad	40	17.5724	78.0038
Alampur	24	26.7133	77.2712
Alamkhanguda	40	17.4562	78.0988
Alurkothar	40	17.3460	78.0625
Allavada	40	17.2558	78.1333
Allahdadpur	36	27.4910	79.3263
Alawalpur	36	27.2903	79.4069
Alesur	35	21.8822	79.4801
Ali Akbarpur	36	27.9891	79.6082
Aliapur	36	27.9284	79.7038
Aligarh	24	26.8253	77.8636
Allahdadpur	36	27.3459	79.5866
Alidadpur	36	27.3427	79.5055
Allahnagar Barhpur	36	27.3826	79.5968
Aligarh	36	27.4894	79.6529
Aliganj Nankhiria	36	27.4041	79.7449
Almapur	36	27.6290	79.8324
Alimpur	36	27.5665	79.7847
Aliapur	36	27.5227	79.7681
Ali Hajipur	36	27.5178	79.8927
Allahpur	36	27.7351	79.9397
Allahpur	36	27.6594	79.9375
Ali Sahibguda	40	17.1147	78.3084
Alwal	40	16.4475	78.0178
Alipur	40	16.4622	78.1748
Allahabad	10	27.8923	77.1231
Alawalpur	10	27.9798	77.1403
Ali Meo	10	27.9223	77.2489
Alwari	24	27.7712	77.1821
Alupur	36	27.2427	79.5449
Alwal	40	16.9917	78.3437
Almanpur	36	27.0320	79.6273
Almapur Gahlaut	36	27.1198	79.6407
Alha	36	27.1382	79.6203
Alauddinpur	36	27.2182	79.6010
Aliapur	36	27.7726	79.8221
Aliapur	36	27.2519	79.8342
Alipur	36	27.3232	79.9621
Alia Purwa	36	27.3174	79.9598
Allikheri	35	24.3120	77.0563
Aligarh	35	24.2467	77.1650
Aligarh	35	24.2739	77.3388
Allahpur	36	27.4674	78.9903
Aliganj	35	24.1411	77.3533
Alavdi	35	24.9828	77.6775
Alampur	35	24.3761	77.7138
Aligarh	35	24.0916	77.5316
Alampur	35	24.0483	77.5072
Aliabad	40	17.7629	79.4860
Alipur Mohria	36	27.7123	78.0212
Allahpur	36	27.5139	78.1107
Alipur	36	27.6462	78.1123
Alampur Rani	36	27.9402	78.2847
Alafpur	36	27.9180	78.3360
Allahdadpur	36	27.8689	78.3309
Alampur	36	27.7995	78.3826
Alia Nagla	36	27.7340	78.2691
Alepur	36	27.7199	78.3794
Allahdinpur	36	27.5611	78.2810
Allahpur	36	27.5231	78.2690
Aligudem	40	17.0659	79.3337
Alinagar Kenjra	36	27.1837	78.3484
Alampur Jarkhi	36	27.1639	78.3471
Alampur Kaneta	36	27.1392	78.4434
Aladipur	36	27.0825	78.3544
Allahdadpur	36	27.0135	78.4772
Alampur Fatehpur	36	27.9837	78.5021
Alipur Barwara	36	27.9800	78.6561
Altafnagar	36	27.9225	78.6730
Alampur	36	27.9107	78.6814
Alipur	36	27.7791	78.6506
Algunur	40	17.3267	79.7454
Alamkhanpet	40	17.7224	79.8362
Aler	40	17.6050	79.8704
Allarajubavigudem	40	16.9420	79.0455
Alampur	36	26.3926	79.6053
Alliapur	36	26.3915	79.6721
Alhnipur	36	26.3194	79.6185
Alampur Regulator	36	26.3961	79.6137
Alampur	36	26.1144	79.7439
Alipur	36	26.8505	79.9941
Alipur Ahana	36	26.9145	79.8842
Almapur	36	26.9588	79.8364
Allahpur	36	26.8243	79.8311
Alipur Ramhar	36	26.7629	79.8296
Alam Chandpur	36	26.3432	79.9550
Alampur Pilakhtar	36	27.3598	78.5341
Alipur	36	27.2847	78.5841
Alma Palia	36	27.2860	78.5940
Alipur Mohnipur	36	27.2794	78.5806
Alval	40	16.7452	79.2868
Allahpur	36	26.2300	79.8086
Alipur	36	26.0532	79.8485
Alra	36	25.6325	79.8440
Alkachhwa	36	25.7531	79.6377
Almori	36	25.9190	79.7153
Allipuram	40	16.8097	79.8278
Alangapuram	40	16.7828	79.7496
Alwapuram	40	16.9989	79.9929
Alawaipur	35	25.0587	80.2647
Alipur	35	25.0077	80.3857
Allahdadpur Newada	35	25.0112	80.4383
Alampur	35	25.0463	80.4093
Alawalpur	36	25.0761	80.4125
Alipur	36	25.2442	80.4917
Allahdadpur	36	25.6389	81.1674
Alemau	36	25.6160	82.0789
Alipur	36	25.5932	82.0469
Alpur	35	25.0816	79.1016
Alampura	35	25.0653	79.3082
Alampur	35	24.0548	79.2734
Alipura	36	25.3663	79.9731
Algana	35	24.7260	79.4488
Alamkhera	35	23.4467	77.7985
Alipur	35	23.2840	77.7755
Alampur	35	23.0755	77.7776
Alipur	35	22.9130	77.0982
Almanpur	36	25.5346	83.1228
Alamdepur	36	25.5910	83.2177
Alampur	36	25.6318	83.1193
Alampur	36	26.9799	78.2806
Allopur	36	25.4220	83.0021
Alaipura	36	25.3325	83.0103
Alampur	36	25.2779	83.1560
Aludanr	36	25.3846	83.2445
Alahia	36	25.3645	83.2059
Alpura	35	24.6587	79.5164
Alampur Jhapta	36	26.9922	78.7286
Alampura	35	26.5367	78.6011
Alhua	36	25.0715	83.0464
Almanpur	36	25.1050	83.0263
Alia Chak	36	25.0615	83.0136
Alipur	36	25.0231	83.1463
Alipur Bhagra	36	25.0418	83.1054
Alampura	35	25.7075	78.2023
Aland	16	20.8462	76.1117
Algi	35	25.4860	78.3432
Alipur	36	25.5605	83.3028
Alai Chak	36	25.5393	83.2557
Alampur	36	25.5897	83.3575
Alipur Bangawan	36	25.5276	83.4490
Alipur	36	25.5234	83.4471
Alampur	16	20.8989	76.4349
Alam Khatampur	36	25.3917	83.4401
Aliabad	16	20.7463	77.0570
Alanda	16	20.6153	77.0682
Alanpur	35	22.4430	77.1029
Alampur	35	22.2989	77.2135
Allahdadpur	36	25.1990	83.3282
Alipur	34	25.0826	83.3876
Alampur	35	25.9806	78.6839
Alamgarh	35	22.1350	77.5011
Alampur	35	22.0471	77.5897
Alangaon	16	20.9445	77.6364
Alinagar	36	25.9626	83.6236
Aliganj	36	25.7627	83.7089
Alimardapur	16	20.5277	77.5867
Alamganj	36	25.4396	83.6313
Alipur	34	25.3019	83.6900
Aladahi	34	25.2172	83.5984
Alapur	36	25.6465	83.9063
Alawalpur	36	25.6402	83.8651
Alawalpur	34	25.4142	83.8176
Alegaon	16	21.0307	77.0272
Alampur	16	21.1802	77.1733
Aladoh	16	21.4017	77.3394
Aliabad	16	20.8574	77.7772
Alampur	16	21.0954	77.2922
Alampur	16	21.3238	77.6243
Alipur	16	21.2808	77.7333
Alevadi	16	20.9955	77.0201
Aladatpur	16	20.6849	77.4364
Alapur	16	20.4652	77.4826
Alampur	16	20.9761	77.3882
Alesur	16	21.5159	79.5864
Alesur	16	21.0951	79.8686
Aliatola	36	24.0490	83.1683
Ali Purwa	36	25.6088	80.0541
Alkar	38	24.3225	83.5113
Alesur	16	20.6162	79.3215
Alfar	16	20.4338	79.0892
Ali Jhanja	16	20.4330	79.3236
Alipur	35	25.2957	80.1748
Alam Khor	35	25.3682	80.1595
Alesur	16	20.3732	79.5631
Alona	36	25.6580	80.3220
Alamgonj	36	25.9849	80.5238
Alnapur	36	25.9507	80.7073
Alur	19	16.8964	76.6309
Aladahal	19	16.6376	76.6595
Aladahal	19	16.4621	76.7045
Aliabad	19	18.0253	77.3957
Aliambar	19	18.0036	77.4349
Alur	19	18.0929	77.4894
Alinagar	40	17.6028	78.3807
Aliabad	40	17.3455	78.4729
Alapur	40	17.4574	78.4081
Alijapur	40	17.3919	78.3923
Alija Kotla	40	17.3604	78.4772
Alanpur	24	27.8226	76.4446
Alwanipalli	40	16.7578	78.2100
Allapur	40	16.5376	78.4231
Aler	40	16.3600	78.4485
Alampur	36	25.5457	80.6315
Alanpur	24	24.8374	76.3161
Alimpuram	40	17.8273	79.0162
Aliapur	40	17.1956	79.6328
Aliha	36	25.4965	80.5223
Allahpur	19	17.4886	76.4373
Algi Khurd	19	17.2070	76.3103
Algi Buzurg	19	17.2070	76.3019
Alahalli	19	17.0338	76.2504
Alur	19	16.2323	76.1954
Alampur	35	23.9579	78.8925
Aliganj	35	22.9349	78.3622
Alhauwa	35	24.7306	81.7155
Alamganj	35	24.6460	81.5104
Alamganj	35	24.6568	81.5028
Aliwara	35	22.7592	78.4164
Alhara	35	24.0359	81.1706
Allipur	36	25.9894	80.7510
Aladadpur	36	25.9592	80.8358
Alma Purwa	36	25.3273	80.8377
Aliapur	36	27.5512	79.3230
Aliapur	36	27.5550	79.2690
Allahpur	36	27.5276	79.2954
Alihasanpur	36	27.5142	79.3287
Aliapur	36	27.5017	79.3976
Alepur Pitdhauleshwar	36	27.5240	79.4494
Almanpur	36	25.8267	82.0001
Alipur	36	25.9247	82.1685
Alipur	36	25.9444	82.1476
Alampur	36	25.7851	82.3052
Alaiya	36	25.8024	82.3157
Alauddinpur	36	25.8690	82.4655
Alampur	36	25.9815	82.5860
Alhadia	36	25.8271	82.5095
Alamgirpur	36	25.7869	82.6359
Aliganj	36	25.7511	82.6459
Alipur	36	25.7660	82.7265
Alishahpur	36	25.7171	82.5250
Allahbakhshpur	36	25.6686	82.5903
Alipur	36	25.5902	82.6381
Alampur	35	24.2797	80.5752
Alod	35	22.7351	79.3333
Alawalpur Tikri	36	25.7419	81.3509
Aladinpur Tikri	36	25.7475	81.3346
Alapur	36	25.7262	81.4299
Alawalpur Sanjaiti	36	25.6194	81.4958
Alipur	36	25.5389	81.4467
Alamganj	36	25.4980	82.4740
Alipur	36	25.4851	82.5237
Alampur	36	25.3936	82.5778
Alua	36	25.3317	82.5195
Alauddinpur	36	25.3191	82.8961
Alawalpur	36	25.4852	82.1792
Alipur Khalsa	10	29.4882	77.0007
Alhawa	36	24.8849	82.0286
Aldi	36	29.3658	77.2484
Alaur	36	24.6093	82.9272
Alaudinpur	10	28.6045	75.8011
Alapur	36	25.6282	82.3501
Alapur	36	25.5515	82.3497
Aliganj	36	25.5539	82.4240
Alaudimau	36	26.5776	80.8969
Alapur	36	26.6303	80.8670
Alinagar Khurd	36	26.7296	80.9274
Alawalpur	36	26.2872	80.7763
Alipur	36	26.0936	80.7723
Alampur Narhi	36	26.0451	80.8851
Alampur	36	26.1823	80.9691
Alipura	36	29.1575	78.1596
Alipura	36	29.6196	78.3248
Alupur	36	29.6007	78.2756
Alipur Mithan	36	29.5508	78.4507
Alheri	36	29.5222	78.3665
Alampur	36	29.5098	78.4898
Allahauddinpur	36	29.5006	78.4834
Alipur Jat	36	29.4811	78.3653
Allahdadpur	36	29.4780	78.4026
Aluwala	36	29.4388	78.2561
Alipur Man	36	29.4190	78.3339
Aligarh	36	29.4171	78.4453
Ali Shahpur	36	29.4209	78.4681
Alipur	36	29.3997	78.4129
Alinagar	36	29.3854	78.3515
Alladinpur Bhogi	36	29.3614	78.4530
Allahdinpur Manjupura	36	29.3417	78.4572
Allahdinpur	36	29.3240	78.4787
Alipur	36	27.8523	81.0918
Alampur	36	27.7599	81.1450
Alampur	36	27.6928	81.0408
Alipur	36	27.6835	81.0614
Alipur	36	27.4534	81.0692
Alaipur	36	27.3788	81.1063
Allahpur	36	27.2585	81.0929
Alampur	36	27.2925	81.1982
Alipur	36	27.3450	81.1799
Allawalpur	36	27.4321	81.1497
Alampur	36	27.4735	81.1175
Alhnanpur	36	27.3980	81.1971
Allah Bakhsh	36	27.6472	81.5576
Alia Bulbul	36	27.6412	81.6025
Aliganj	36	27.6750	81.6026
Allah Purwa	36	27.5683	81.6234
Allahyar Chak	36	27.5464	81.6154
Alisher Purwa	36	27.6743	81.6942
Allahdadpur	36	27.4855	81.5446
Alinagar	36	27.4251	81.5056
Alahiapur	36	27.3034	81.5474
Allahpurwa	36	27.3512	81.6416
Aladadpur	36	25.9046	83.9154
Alipur	36	25.9105	83.9658
Alampur	36	25.8747	83.9567
Allah Bakhsh Purwa	36	27.5308	81.9016
Alinagar	36	27.5532	81.8740
Alpi Purwa	36	27.1065	81.8499
Algatwa	36	27.1082	81.9925
Aloni Khapa	35	22.3781	79.9929
Alipur Chacharia	34	24.9938	83.7740
Alipur	36	26.9985	81.2699
Alipur	36	26.9303	81.0664
Alinagar	36	26.9311	81.0397
Aliamau	36	26.8161	81.1285
Alaudal Kuti	36	26.7886	81.0269
Alauna	36	26.7949	81.1550
Aluhamau	36	26.8159	81.1441
Alampur	36	26.8265	81.2088
Alipur	36	26.9121	81.1537
Alipur	36	26.9690	81.1611
Alpi Khera	36	26.5075	81.1747
Alipur	36	26.7499	81.2343
Alwa	36	26.8637	81.3430
Ali Akbar Katra	36	26.8206	81.3377
Aliganj	36	26.8315	81.3042
Alawalpur	36	29.0702	78.2721
Alipur	36	29.0045	78.3584
Allahabad	36	29.2210	78.3800
Alampur Airwa	36	29.1089	78.4813
Allahdinpur	36	29.2021	78.4659
Allahdadpur	36	26.6624	81.2746
Almapur	36	26.6644	81.3088
Almanpur	36	26.6180	81.3010
Alampur	36	26.5219	81.4406
Altpur	36	26.5738	81.4504
Alipur	36	26.6569	81.4241
Alampur	36	26.6929	81.4181
Alpipur	36	26.7499	81.4853
Alijhari	16	21.3432	79.9849
Aliyarpur	36	29.2120	78.5402
Alampur	36	29.0523	78.5244
Alampuri	36	29.0957	78.5966
Alipura	36	29.1510	78.6113
Alamgirpur	36	29.1567	78.7320
Aliganj	36	29.3469	78.7892
Aliganj	36	29.3493	78.7782
Allahpur Mohkam	36	29.2814	78.7536
Alipur Khalsa	36	26.2964	81.1772
Allahalpur	36	26.4505	81.2284
Aliganj	36	26.3649	81.2107
Alahdadpur	36	26.3069	81.2442
Ali Purwa	36	26.3070	81.2028
Alipur	36	26.4829	81.2755
Allahyarganj	36	26.3889	81.2589
Allahpur	36	29.1106	78.8124
Aliasharaf Purwa	36	26.2529	81.3307
Alampur	36	29.0880	78.8384
Alamganj	36	26.3788	81.3302
Allahpur	36	29.0502	78.9446
Alaipur	36	26.3404	81.4196
Alinagar	36	26.3778	81.8269
Alpipur	36	26.3006	81.7808
Alamau	36	26.4559	81.8815
Aliabad	36	26.4304	81.8747
Allahdadpur	36	25.9498	81.0696
Alampur	36	25.9595	81.1014
Alampur	36	25.8579	81.0095
Alipur	36	25.7749	81.2331
Alipur Bahera	36	25.8560	81.1911
Alwara	36	25.4115	81.2323
Alampur	36	28.7972	78.2840
Alampur Kainch	36	28.9713	78.4029
Ali Muhammadpur	36	28.8714	78.4898
Aledadpur	36	28.9614	78.4682
Alichandi	19	16.6207	76.0426
Alipur	36	27.2437	80.7634
Alam Khera	36	27.1240	80.7612
Allahdadpur	36	27.0567	80.8976
Alaipur	36	27.1779	80.8999
Albada	36	27.2260	80.8626
Allahdadpur	36	27.1794	80.9593
Aldampur	36	27.0786	80.9557
Alawa Khera	36	26.3533	80.4106
Alinagar	36	27.1147	81.5501
Alipur	36	27.1990	81.6632
Alipur Gokal	36	27.1239	81.6292
Alkha Purwa	36	27.1785	81.7203
Ali Bakhsh Purwa	36	27.1733	81.6763
Alipur Khurd	36	28.6759	78.4523
Alia Kalianpur	36	28.7433	78.4541
Alinagar	36	27.3595	81.9316
Alipure ka Mazra	36	28.9932	78.6129
Alahdadpur	36	28.7590	78.7273
Allahdadpur	36	28.1777	79.8913
Allahabad Simra	36	28.1917	79.9015
Alampur	36	28.0294	79.9978
Allur	40	18.8079	78.1960
Alvapuram	40	18.8122	78.0771
Allahdadpur	36	26.7404	81.5070
Alipur Khurd	36	28.5183	78.6159
Alam Sarai	36	28.5812	78.5775
Alipur	36	28.6413	78.5952
Alinagar	36	28.6499	78.6808
Alahdadpur Dewa	36	28.5654	78.7192
Alipur Jondera	36	28.5996	78.7328
Allahpur Bhikan	36	28.7242	78.6970
Aliganj	36	25.9058	81.3015
Alipur Juta	36	25.7581	81.3167
Alapur	36	25.8056	81.3786
Alwamai	36	25.7683	81.4651
Alinagar	36	25.8947	81.3991
Aliha	36	25.9789	81.4420
Alawalpur	36	28.3614	78.6326
Alipur Buzurg	36	28.4539	78.6858
Alinagar	36	28.3316	78.6747
Allahpur Shamspur	36	28.3381	78.7000
Alawalpur	36	28.4690	78.7006
Alawalpur	36	26.0012	81.0317
Alipur Chakrai	36	26.0140	81.1580
Alaudipur	36	26.1344	81.1648
Alipur Aima	36	26.2187	81.1563
Alawalpur	36	26.0644	81.2101
Alapur	36	26.6619	81.5240
Allahnagar	36	26.7213	81.6001
Alhuana	36	26.7886	81.7751
Alipur Khande Rai	36	26.9386	81.7879
Alshia Purwa	36	26.8826	81.9185
Algahua	36	26.8527	81.9235
Aliganj	36	26.7815	81.9214
Alauddinpur	36	26.7689	81.9876
Alipur	36	28.1431	78.5357
Alipur	36	28.1410	78.6811
Allahdadpur Dhobai	36	28.0677	78.6688
Alipur	36	26.1578	81.8443
Alirazapur	36	28.7381	78.8193
Alapur	36	28.5743	78.8596
Alafganj	36	28.6207	78.9236
Alal	12	33.5473	74.3922
Almaspur	40	18.1399	78.0012
Allahdadpur Chammun	36	28.4557	78.8157
Alampur Kundaiya	36	28.4786	78.8370
Allahpur Khurd	36	28.4456	78.8910
Alinagar	36	27.5032	82.2207
Alipur	36	28.2471	78.7913
Alamguts	12	33.9671	74.6008
Alipur Tappa Haweli	36	28.1087	78.7579
Allahdadpur Bhur	36	28.0997	78.8048
Alampur	36	28.0707	78.7709
Aliganj	36	28.0473	78.8878
Ali Bagh	36	27.4363	82.2027
Alifnagar	36	27.1697	82.1220
Alasim	39	29.9575	79.2415
Allahnagar	36	27.3167	82.2900
Allahnagar	36	27.2815	82.2950
Alipur Buzurg	36	27.3702	82.3975
Alipur Khurd	36	27.3634	82.4043
Allahnagar	36	27.3291	82.3371
Allahnagar	36	27.3266	82.4177
Alaf Jot	36	27.3135	82.4190
Aliganj	36	27.2908	82.4411
Allahnagar	36	27.2788	82.4444
Allahnagar	36	27.2541	82.4648
Almi Dihwa	36	27.1117	82.2529
Aliganj	36	27.2164	82.4640
Alna Jot	36	27.0840	82.4051
Alauddinpur	36	27.0873	82.3901
Alawalpur	36	27.1344	82.4364
Alinagar	36	27.0964	82.4629
Aliganj	36	27.1921	82.5320
Alauddinpur	36	27.1001	82.5347
Allahpur	36	27.1645	82.5810
Alipur	36	27.0644	82.5240
Alipur Bazar	36	27.0641	82.5307
Alhi Kuian	36	27.0936	82.6128
Allahpur Karmaya	36	27.1839	82.6916
Alinagar	36	27.2028	82.9367
Almaspur	40	18.4286	78.6550
Algatwapur	36	26.8914	82.1246
Alipur	12	33.9408	74.7839
Alshipur	12	33.7533	74.9544
Alepur	12	33.8137	74.9754
Alawalpur	36	26.6962	82.1935
Almaspur	40	18.0449	78.5899
Alwal	40	18.0402	78.6770
Aligarh	36	26.2643	82.0306
Allahdadpur	36	26.3215	82.1698
Alawalpur	36	26.2966	82.2007
Alipur	36	26.2945	82.0335
Alamganj	12	33.7098	74.9556
Allahdadpur	36	26.1650	82.0333
Alam Purwa	36	26.0738	81.9998
Alampur	36	26.0729	82.0063
Allahdadpur	36	26.2322	82.0757
Alur	40	18.9107	78.8665
Algu Purwa	36	26.1756	82.1007
Alipur	36	26.1243	82.1241
Aliganj Bazar	36	26.0317	82.1978
Alipur	40	18.2403	78.9235
Alaudia	36	26.9913	82.4460
Alapur urf Kotwa	36	26.6202	82.2552
Alapur	36	26.6613	82.3561
Alhadipur	36	26.6324	82.3749
Alnabhari	36	26.6207	82.3329
Alpaiti	36	26.5108	82.3419
Alahdadpur	36	26.3194	82.3979
Alipur	36	25.9872	83.0576
Allahwardipur	36	26.0272	82.3277
Alapur	36	26.2086	82.3535
Aldemau	36	26.1494	82.3444
Aliganj	36	26.1292	82.4511
Ali Jan Purwa	36	26.8984	82.5559
Aliganj	36	26.5390	82.5729
Alampur	36	26.5066	82.6882
Alampur Shaikhpura	36	26.5234	82.6311
Alampur	36	26.5422	82.6034
Alimuddinpur	36	26.5474	82.6585
Alawalpur	36	26.4829	82.5884
Alawalpur	36	26.4698	82.5944
Allahpur	36	26.3774	82.6052
Alampur Diha	36	26.3506	82.5822
Alipur Kondra	36	26.3346	82.5836
Alahde	36	26.3128	82.5207
Alampur Akhai	36	26.3369	82.6181
Alampur	36	26.3663	82.6381
Alampur Gunganpur	36	26.3827	82.6822
Ali Patti	36	26.4596	82.6018
Alampur	36	26.4794	82.6330
Alipur	36	26.2652	82.7432
Alimuddinpur	36	26.2065	82.5583
Alipur	36	26.1882	82.5301
Alipur	36	26.0530	82.6036
Ali Azim	36	26.1080	82.6922
Alauddinpur	36	26.2005	82.6091
Alinagar	36	26.1791	82.7002
Allahuddinpur	36	26.0292	82.7392
Alampur	36	26.9172	82.9818
Alga	36	26.7200	82.7886
Alauddinpur	36	25.8930	83.2911
Alipur Mandra	36	25.7531	83.3794
Alinagar	36	25.8283	83.3750
Aldemau	36	25.8690	83.3778
Alipur	36	25.8457	83.3328
Alipur	36	25.9614	83.3341
Alipur	36	25.8998	83.4763
Alapur	36	26.4627	82.8524
Allahuddinpur	36	26.3799	82.9821
Alaupur	36	26.4010	82.9876
Ali Chak	36	26.4509	82.9795
Alampur	36	26.0953	82.8230
Alampur	36	26.1922	82.9195
Alipur	36	26.0160	82.9352
Alam Chak	36	27.2057	83.1851
Aligund	12	33.9048	75.0694
Alinagar	36	27.1558	83.2949
Alinagar	36	27.0570	83.3442
Allahabad	36	27.0329	83.4733
Algatpur	36	26.8361	83.1710
Alai Chak	36	26.5265	83.0103
Ali Pakri	36	26.6258	83.1362
Alipur	36	26.3336	83.0618
Algu	36	26.4308	83.1179
Alawalpur	36	26.4841	83.1831
Alawalpur	36	26.4457	83.2008
Alauwa	36	26.1643	83.0010
Alahni	36	26.1886	83.0358
Alauddin Patti	36	26.1906	83.2034
Alam Chak Kalan	36	26.9836	83.2630
Alam Chak Khurd	36	26.9788	83.2685
Algatpur	36	26.9835	83.3190
Aliganj	36	26.8062	83.4288
Alapar	36	26.6197	83.2721
Allahyarpur	36	26.4154	83.2625
Alipur	36	26.4039	83.2643
Alawalpur	36	26.3964	83.2530
Alpi ka Purwa	36	25.7478	81.5474
Aliganj	36	25.5966	81.5145
Aliganj	36	25.5919	81.5158
Alamchand	36	25.5488	81.5859
Algarhoia	36	26.4506	83.6626
Algatpur	36	26.4733	83.7215
Alipur	36	26.0647	83.5144
Alapur	36	26.1148	83.6293
Alipur	36	26.0336	83.5818
Alipu	36	26.1060	83.7464
Aldandi	16	19.3868	80.3193
Alipatan	12	33.2569	75.3080
Alwara	37	19.0758	80.6480
Alawalpur	36	25.6609	83.5169
Alawalpur Afghan	36	25.7180	83.7027
Ali Chak	36	25.6600	83.6927
Alam Chak	36	25.6256	83.7258
Alasur	35	23.4725	80.0546
Algara	35	23.4265	80.1091
Al	12	33.2138	75.5656
Algad	12	33.3961	75.8642
Alini	12	33.1098	75.9370
Alna	12	32.6418	75.1100
Al	12	32.6510	75.3492
Alial	23	32.3071	75.4304
Alampur	36	25.3826	81.6268
Alamke	23	30.6125	74.1978
Aliwala	23	30.5710	74.0855
Alarpindi	23	32.0775	75.2573
Ali Nangal	23	32.0781	75.2814
Aluna	23	32.0657	75.2601
Ali Sher	23	32.0243	75.2830
Ale Chak	23	32.0729	75.3815
Aluwal	23	32.1296	75.4353
Alawalpur	36	25.7052	81.8665
Alawalpur	36	25.6972	81.8830
Alipur	36	25.5882	81.8249
Alipur	36	25.6992	81.9361
Alipur	36	25.7399	81.8906
Alenga	16	19.9340	80.3544
Alopibagh	36	25.4452	81.8656
Allahpur	36	25.4526	81.8751
Alobhatti	23	32.0278	75.6403
Ali	35	22.2096	74.6770
Aloda	35	22.2120	74.8503
Al	11	32.4385	75.9454
Alut	11	32.4915	75.9573
Alwasa	35	22.8244	75.8319
Alipur	35	22.9089	75.9904
Alapur	16	20.2643	75.7687
Alipur	35	22.4301	80.1726
Algun	23	31.2795	74.6518
Algun Kalan	23	31.2738	74.6363
Algun Khurd	23	31.2864	74.6398
Alimpur	35	22.1352	80.0523
Alewala	23	31.0282	74.6701
Alike	23	31.0082	74.6481
Alewala	23	31.0093	74.6171
Albera	37	20.2800	81.3612
Alekhuta	37	20.9281	81.7088
Alawalwala	23	31.9245	74.9922
Ali Bakhsh	23	31.8916	74.7679
Alhwal	23	31.7802	74.9795
Alawalpur	23	31.4447	74.9750
Allahdinpur	23	31.4258	74.9412
Aloni	35	22.7883	80.9369
Alur Tanda	19	17.2628	76.0005
Alipur	23	31.2132	74.9280
Alewala	23	31.1102	74.8450
Aliwala	23	31.0419	74.7960
Alipur	23	31.0098	74.9006
Alna	35	22.3096	80.7994
Aliwala	23	30.9167	74.6492
Aliwal Lines	23	30.9005	74.6137
Alupur	10	29.3246	76.7730
Ali Nangal	23	31.9665	75.0698
Alkara	23	31.7412	75.0532
Alejhari	35	21.7799	80.1247
Alhuwal	23	31.5024	75.1395
Alewah	10	29.4784	76.4473
Alipur Aterna	36	29.2930	77.5198
Alhayarpur	36	29.3314	77.6247
Alisupda	16	21.7721	74.2963
Alkhed	16	21.5867	74.4464
Alam Khanwala	23	31.2905	75.1083
Alia	23	31.4418	75.1128
Allahabad	23	31.0429	75.1132
Alangvadi	16	20.3943	74.0234
Alitola	35	21.6443	80.4594
Alebedar	16	21.1855	80.3219
Alowal	23	31.9846	75.2683
Alawalpur	23	31.9500	75.3968
Alentola	35	21.9888	80.7476
Alawas	24	25.8674	73.7180
Alwana	23	31.7315	75.5703
Alampur	23	31.7458	75.5864
Alipur	23	31.4268	75.2672
Allah-ud-dinpur	23	31.4121	75.3079
Alamgir	23	31.2655	75.4450
Ali Chak	23	31.2971	75.4786
Allahditta	23	31.2313	75.3033
Alewali	23	31.1089	75.4070
Alowal	23	31.1563	75.4968
Aliwal	23	31.1388	75.2693
Alenjari	24	25.8154	73.9555
Alaman	23	31.8833	75.5609
Alipur	23	31.9003	75.6236
Alman	23	31.7549	75.6469
Alampur	23	31.5006	75.5298
Alat	24	25.5019	73.7623
Alidand	37	21.1153	80.5523
Alvadi	16	20.4947	74.8190
Allapurvadi	16	20.0754	74.8230
Aliwara	37	21.1350	80.8945
Alekhuta	37	21.0968	80.9134
Alikud	37	21.7081	82.7688
Alda	37	21.4615	82.3572
Alipur	36	27.1949	80.6418
Alampur	36	27.1758	80.6538
Alipur	36	27.0235	80.6247
Alampur	36	27.0574	80.5313
Albadabad	36	27.7199	80.8150
Allennagar	36	27.7308	80.9338
Alahdapur	36	27.7012	80.8095
Albertpur	36	27.6755	80.9333
Allahanpur	36	27.6173	80.9127
Aligarh	36	27.5666	80.7807
Allawalpur	36	27.5561	80.7743
Alawalabad	36	27.5114	80.8533
Aludipur	36	27.5251	80.9120
Allahdadpur	36	27.4702	80.7585
Allahdadpur	36	27.2748	80.8217
Alipur	36	27.2788	80.9115
Alilpur	36	27.4263	80.8794
Alampur	36	27.4447	80.8731
Aloiya	36	27.2752	80.9728
Alauddinpur	36	27.4362	80.9781
Aliwara	16	20.9410	80.3871
Alawalpur	23	31.3181	75.9346
Alya	12	33.2036	76.3805
Aliyam	11	32.8552	76.1890
Al	11	32.6044	76.0295
Ala Chauki	11	32.5251	76.0108
Allan Khar	11	32.4936	76.0182
Al	11	32.2793	76.1107
Aliwara	37	20.8753	80.6335
Allitola	16	20.7462	80.5529
Alondi	37	20.5137	80.6131
Alkanhartola	16	20.1161	80.4998
Alor	37	20.1121	80.6677
Alkanhar	37	20.5536	80.8495
Alkanhar	37	20.0571	80.9526
Alampur	36	27.2322	81.1002
Alinagar	36	27.0610	81.0266
Almapur	36	27.1290	81.0991
Alda	37	21.5833	81.9027
Alesar	37	21.7128	81.9903
Alesur	37	21.4639	81.9834
Alipur	23	31.1560	76.1373
Allachaur	23	31.1588	76.1321
Alowal	23	31.0292	76.2163
Alsa	11	31.9567	76.4187
Aloh	11	31.8698	76.3606
Alvad	19	14.8703	74.8244
Alowal	23	31.0757	76.5907
Alampur	23	31.0065	76.5473
Alipur	23	31.0167	76.5768
Al	11	31.8491	76.7985
Algabari	11	31.9149	76.8060
Almara	11	31.9247	76.7978
Alag	11	31.7951	76.8627
Alahan	11	31.8258	76.9154
Alathu	11	31.6507	76.8983
Alsogi	11	31.5159	76.7768
Alsu	11	31.4296	76.8255
Ali	11	31.2562	76.8964
Alipur	23	30.6970	76.3074
Alaur	23	30.6824	76.2674
Ali	23	30.6659	76.3923
Alipur Saundian	23	30.6067	76.3338
Alampur	23	30.5301	76.2648
Aluna	23	30.5256	76.5151
Alexanderpur	24	25.9568	75.3209
Alipura	35	23.0766	74.4077
Alvalli	19	14.3131	74.7655
Alhalli	19	14.3176	74.7908
Algod	19	14.3013	74.8245
Aloni	35	24.0356	79.9279
Alagdiha	37	23.6286	83.6581
Alipura Damaneko	36	30.1691	77.5259
Alampur	36	30.0391	77.5170
Alipura	36	30.0838	77.5572
Alampur	36	30.2286	77.5714
Allahyarpur	36	30.1177	77.6510
Alampur Khurd	36	30.1441	77.6738
Alipur Baguwala	36	30.2268	77.7078
Alampur	36	30.1592	77.7142
Alipur Sanbhalki	36	30.0471	77.7325
Alagdiha	38	23.8084	83.8638
Alampura	35	23.6167	76.1511
Allurukota	02	17.8468	81.9286
Alukheri	35	23.2873	76.0661
Allika	10	28.1618	77.2582
Alapur	10	28.1781	77.3154
Alawalpur	10	28.1760	77.3760
Aligarh	10	28.0200	77.4137
Alahalli	19	14.2046	74.9397
Alri	35	23.2110	76.1481
Alisarkhera	35	23.5329	76.4989
Ali	39	30.0863	78.7796
Almora	39	29.9992	78.3681
Aljuni	39	29.8089	78.7548
Alinagar	36	28.8868	78.1584
Alipur	36	28.8783	78.0965
Alampur Bhagwantpur	36	28.8496	78.0940
Alehdadpur	36	28.8449	78.0647
Alipur Bhur Shimali	36	28.8225	78.2481
Allah Bakhshpur	36	28.7673	78.1047
Alamgirpur	36	28.7482	78.1297
Alipur Khadar	36	28.7308	78.2193
Alipur	36	28.6995	78.0793
Alamnagar	36	28.6729	78.1503
Alapur	36	28.6560	78.1687
Allahganj	36	28.6089	78.2198
Alinagar	36	28.5729	78.1007
Alampur Nagla	36	28.5543	78.0647
Alipur Mubarakpur	36	28.1595	78.0806
Alampur Kaithan	36	28.0668	78.2283
Alampur	36	28.1683	78.3040
Alipur	36	28.0803	78.4501
Ala Umrod	35	23.3839	76.3153
Alipur	36	28.9057	78.9642
Alaikpur	21	21.6262	83.6136
Alinagar Kalan	36	27.8056	81.4241
Allah Purwa	36	27.9645	81.4792
Allah Purwa	36	27.9469	81.4747
Alahdi Gohri	36	27.5023	81.2927
Ali Bakhsh Khan	36	27.7244	81.4716
Alipur	36	27.3655	81.4504
Alimau	36	27.1863	81.2662
Allahpur	36	27.1333	81.2836
Alipur	36	27.1370	81.4216
Alinagar	36	27.0439	81.4779
Allahuddinpur	36	26.2019	81.3466
Aliganj	36	26.0360	81.3443
Allah Ghani	36	26.7967	81.5610
Alhanmau	36	26.8524	81.6803
Alai	36	26.8953	81.7269
Alwa Bir	36	26.9002	81.7183
Allahnagar	36	26.4625	81.5034
Aliganj	36	26.4299	81.5431
Alampur	36	26.2585	81.5147
Aliahnagar	36	26.3008	81.5740
Alipur	36	26.3735	81.6692
Alipur	36	26.3411	81.7297
Alinagar	36	26.4792	81.7166
Alampur	36	26.4683	81.6302
Alawalpur	36	26.1264	81.6369
Alardu	02	18.0110	82.7666
Allamputvalasa	02	18.0925	82.8494
Alligaru	02	18.0000	82.9232
Alagusamudram	25	12.6453	80.0149
Alattur	25	12.6929	80.1790
Algulgudem	02	16.7612	81.1489
Allipudi	02	17.5037	82.4693
Alapadu	02	16.5811	81.3217
Alampuram	02	16.8068	81.5880
Alligudem	40	17.6263	80.9580
Allipalle	40	17.1939	80.9936
Alugaurammapeta	02	17.7367	82.5807
Aluguru	02	17.9777	82.7999
Allikhanudupalem	02	17.7625	82.9850
Alapur	34	26.1270	84.3911
Allurivaripalem	02	16.2267	80.0134
Allapadu	40	16.9985	80.3083
Allinagar	40	16.9426	80.3161
Alluru	02	16.7729	80.4428
Aliguna	21	19.5192	83.1094
Alsuru	21	19.9300	83.3766
Alabula	21	19.9974	83.3369
Alibeta	21	19.9560	83.4736
Alupadar	21	19.1259	82.2062
Alnar	37	18.9687	82.0415
Alaguda	21	18.7285	82.1220
Aligunna	21	19.4864	83.1154
Alutunga	21	19.4465	83.1941
Alingi	21	19.0947	83.2392
Albiri	02	18.4595	82.4837
Almaputtu	02	18.3471	82.4660
Alajangiguda	21	19.4654	83.3640
Allubadi	21	19.1092	83.4751
Alrada	21	19.2554	83.5062
Allubadi	21	19.3291	83.6360
Alipadar	21	19.4620	83.6772
Algam	02	18.0576	82.3946
Alagadapalle	02	18.0349	82.4796
Allamput	02	18.1841	82.6241
Allamput	02	18.2049	82.6903
Alivar	02	18.0710	82.7132
Alsigam	21	18.5692	82.8800
Alempodivalasa	21	18.7116	82.8658
Alligam	21	18.6902	82.9162
Alnar	37	18.5570	81.2496
Allubadi	21	19.1853	83.5073
Alavadda	02	19.0182	83.6213
Allima	21	19.9614	83.9273
Allenganru	21	19.0412	83.8725
Alangda	21	19.0866	83.9937
Allenganru	21	19.0963	83.9527
Alnar	37	18.9659	81.2720
Alamandavalasa	02	18.6028	83.1015
Alaguru	02	18.7412	83.1762
Alluru	02	18.4388	83.0986
Alagubilli	02	18.0853	83.2134
Alluvada	02	18.9379	83.4424
Alluduvalasa	02	18.5018	83.4218
Allu Palteru	02	18.5311	83.4154
Alchipeta	02	18.1396	83.4507
Alva Chhote	37	18.9789	81.7808
Alva Bade	37	18.9445	81.7703
Allul	21	18.3890	81.8212
Alluvada	02	18.8328	83.5541
Alamanda	02	18.8120	83.6044
Alligudem	40	17.8037	81.1654
Alugolu	02	18.1984	83.5532
Alajangi	02	18.3008	83.6099
Altivaram	02	18.1588	83.5465
Alladapalem	02	18.1307	83.6168
Alakanarayanapuram	02	18.2306	83.6376
Allivalasa	02	18.1248	83.7367
Alapeta	02	18.1068	83.6893
Alusingi Barru	21	18.8837	83.9966
Allena	02	18.5464	83.7833
Almajipeta	02	18.3489	83.8275
Alinagaram	02	18.2557	83.7946
Almajipeta	02	18.4527	83.9454
Alladapeta	02	18.4899	83.9786
Alikam	02	18.3768	83.9446
Allada	02	18.4804	83.9750
Alamanda	02	17.9314	83.0037
Allamcherla	02	17.0499	81.1349
Aligudem	02	17.2268	81.1134
Alavalapadu	02	15.7887	80.0656
Alakurpad	02	15.3617	80.0691
Alagayapalem	02	15.1443	80.0533
Alliguntapalem	02	14.9176	80.0257
Allimadugu	02	14.7686	80.0375
Alarupalle	02	15.7886	80.3129
Alama	37	17.8900	81.4156
Alluru	02	15.9332	80.6280
Alurupadureddipalem	02	14.5578	80.0235
Alaganipadu	02	14.5958	80.1111
Allipuram	02	14.4572	80.0390
Allampadu	02	14.0429	80.0863
Allippulagunta	25	13.4658	80.0384
Alappakkam	25	13.2731	80.0561
Alinjivakkam	25	13.2737	80.1490
Aladu	25	13.3328	80.2113
Aliveru	02	17.2934	81.3514
Aliaspur	34	25.8715	84.6015
Aluni	35	23.5944	76.6616
Alipur	35	23.0254	76.7159
Alisaria	35	23.2018	76.7415
Alampura	35	23.9998	76.9842
Alampur	09	23.0448	73.1427
Aluwa	09	23.0821	73.0910
Alana	09	23.2406	73.1212
Alela	09	23.1216	73.3428
Ali Buzurg	35	22.2007	76.0032
Ali Khurd	35	22.1828	76.0110
Aleripara	24	23.3736	74.0295
Alipur	34	25.5302	84.7107
Aliganj	36	29.1130	79.0468
Alinagar	36	29.0429	79.0584
Alapur	39	29.1605	79.1549
Alas ki Dhani	24	25.9296	73.3122
Alindra	09	22.5374	74.1553
Altalai Para	09	22.9181	74.3394
Alekh	39	29.4705	79.3094
Alakhdevi	39	29.0142	79.2687
Alakhdeva	39	29.0056	79.2654
Alawal Bigha	34	25.1915	84.6790
Alipura	24	26.2737	74.4014
Alsiakheri	35	22.9493	74.8147
Allai	39	29.6575	79.7406
Aliaspur	34	25.8441	84.8023
Aloni	34	25.8191	84.8373
Alhanpura	34	25.5612	84.8841
Alchauna	39	29.3591	79.5991
Alai Ijar	39	29.3436	79.7093
Alchaunikhand	39	29.3843	79.6333
Almiagaon	39	29.7870	79.5135
Alivihir	16	21.5829	74.1144
Almas	24	26.5227	74.9854
Alaira	24	25.9108	74.3456
Alawalpur	36	26.4160	84.0024
Aloli	24	25.1118	74.2955
Alia Chak	36	26.2954	84.1119
Alpur	24	24.0543	74.0711
Alani	39	29.3865	79.7603
Aliur	39	29.4719	79.8807
Alakhdewa	39	28.9941	79.2683
Alampur	36	28.0776	79.1447
Allahpur Bhogi	36	28.0384	79.0530
Alinagar	36	28.1509	79.0863
Alamu	24	25.8110	75.0250
Alola	24	25.7869	75.1357
Aloli	24	25.8061	75.1390
Alinagar	36	28.9118	79.3405
Alwa Nagla	36	28.8390	79.3325
Aliganj	36	28.3414	79.2547
Alinag	36	28.4759	79.4894
Alampur Jafarabad	36	28.2480	79.3466
Ali Nagla	36	28.0954	79.4913
Alapur	34	26.4225	84.5941
Alahdadpur	34	26.0559	84.6098
Ali Nagar	39	28.8865	79.5914
Aliganj	36	28.7605	79.5701
Alkhad	35	21.7250	74.7413
alana	16	21.2203	74.7266
Alapur	34	26.2088	84.7920
Alinagar	36	28.5290	79.6807
Alam Dandi	36	28.6157	79.6821
Alam Dandi	36	28.5153	79.7286
Alhia	36	28.4279	79.6031
Alampur	36	28.3224	79.5058
Aliapur	36	28.4712	79.6188
Alhapur	36	28.4707	79.7101
Alampur	36	28.0297	79.5921
Aliapur	36	28.0836	79.6906
Alampur	36	28.0198	79.7176
Almanpur	36	28.7766	79.8673
Alabirdi	39	28.9939	79.9848
Aliganj	36	28.6353	79.8406
Alakhtan	36	28.5505	79.8297
Aliapur	36	28.5410	79.8224
Aliganj	36	28.7258	79.9157
Alawalpur	36	25.7895	84.0961
Alam Chapra	36	25.7361	84.2370
Allahabad Dewal	36	28.4122	79.9260
Alampur	34	25.3867	84.9117
Alipur	34	25.4174	84.9094
Alipur	34	25.4543	84.9357
Alawalpur	34	25.4383	84.9704
Alipur	34	25.3561	84.8442
Alipur	34	25.2413	84.8302
Alawalpur	34	25.1532	84.8001
Alampur	34	25.0244	84.8614
Alipur	34	25.0251	84.8467
Alawalpur	34	25.0663	84.8360
Alampur	34	25.1703	84.9243
Alinagar	34	24.8256	84.0787
Alinagar	38	24.4996	84.0661
Aliganj	34	25.2566	84.2447
Algu Bigha	34	25.0146	84.1992
Alipur	34	25.9035	84.4946
Alampur	34	24.8327	84.4281
Alagdiha	38	24.1995	84.2864
Alpa	34	24.9661	84.5174
Alarpur	34	24.6663	84.5076
Alinagar	34	24.4408	84.5479
Alinagar	34	25.3503	85.8687
Alavala	02	16.1751	79.8947
Alamganj	36	25.1065	80.6481
Alur	19	13.9865	74.7935
Altaru	19	13.4976	74.7824
Alambi	19	13.3390	74.8116
Alpe	19	12.8738	74.8854
Aladkatti	19	15.9327	75.0144
Aladkatti Tanda	19	15.8413	75.0529
Allahpur	19	15.3062	75.2121
Alur	19	15.8870	75.4672
Alagawadi	19	15.6252	75.2903
Aladkatti	19	15.9041	75.5784
Alginvad	19	15.0413	75.6853
Alur	19	15.3276	75.8093
Alawandi	19	15.2303	75.9801
Alur	19	14.7286	75.1673
Alahalli	19	14.6352	75.0674
Alagere	19	14.0142	75.1432
Alhalli	19	14.8745	75.0587
Aladkatti	19	14.8346	75.2072
Allapur	19	14.8391	75.2747
Aladkatti	19	14.7822	75.3635
Aladgeri	19	14.5488	75.4877
Alamuru	02	14.6473	77.5367
Aladakatti	19	14.4851	75.3940
Alavalli	19	14.0409	75.2899
Alalgeri	19	14.7275	75.5169
Aladkatti	19	14.5271	75.5962
Alamarashikeri	19	14.8429	75.9188
Alapanahalli	02	13.7914	77.1478
Alapanahalli	19	13.7852	77.2460
Allalasandra	19	13.4516	77.2480
Aladmaradpalya	19	13.3357	77.2035
Aluru	19	13.1411	77.2495
Aladkatte	19	13.0820	77.2134
Alkeri	19	13.0142	77.1030
Alapanhalli	19	13.4865	77.3396
Alpanhalli	19	13.3738	77.4083
Alappanhalli	19	13.3589	77.3617
Alnaikanhalli	19	13.1850	77.3107
Alur	19	13.0854	77.4649
Alagadrihalli	19	13.6480	77.6937
Alastammanhalli	19	13.4498	77.5996
Allalsandra	19	13.3593	77.5116
Aljanhalli	19	13.3257	77.5718
Aluru	19	13.2733	77.5995
Alhalli	19	13.2773	77.5220
Algakote	19	13.2133	77.7361
Alalsandra	19	13.0868	77.5860
Allapalle	02	13.9833	77.9306
Algondhalli	19	13.0551	77.9160
Alappanhalli	19	13.1018	77.7761
Aliganchikeri	19	14.6610	75.9410
Aligilavada	19	14.6914	75.8627
Alur	19	14.1937	75.9289
Alagovi	19	13.8046	75.2002
Almanepalbaskere	19	13.6271	75.1716
Alagere	19	13.6534	75.2080
Aladavalli	19	13.6659	75.2192
Allebettu	19	13.2065	75.0050
Alalige	19	13.1506	75.0958
Alaer	19	13.1186	75.0883
Alangar	19	13.2234	75.1233
Aladangadi	19	13.0469	75.2151
Alase	19	13.8472	75.3647
Alur	19	13.8653	75.2908
Almane	19	13.6379	75.3082
Alandur	19	13.6663	75.4692
Almakki	19	13.6119	75.4757
Alehalli	19	13.5011	75.4926
Algodu	19	13.2733	75.4442
Aligeswara	19	13.4092	75.3859
Aligeswara Coffee Estate	19	13.4149	75.3985
Alakki	19	13.3557	75.2999
Alkola	19	13.9472	75.5437
Aldara	19	13.7523	75.5970
Aladagudde	19	13.2712	75.7234
Aladahalli	19	13.5848	75.8882
Alur	19	13.1417	75.8247
Alabe	19	12.8034	75.0105
Alimara	19	12.8210	75.2367
Alke	19	12.7200	75.0869
Alakode	13	12.3927	75.0727
Alkot	13	12.3954	75.0849
Alandatte	13	12.2553	75.2026
Alattadi	13	12.3323	75.2022
Alanthangad	13	12.4794	75.2409
Allipuram	19	15.1646	76.8585
Alakkad	13	12.1443	75.2378
Alappadamba	13	12.1984	75.2453
Alaburu	19	14.9001	76.1497
Aladahalli	19	14.7506	76.1729
Alankaru	19	12.7653	75.3465
Alantaya	19	12.8187	75.3525
Alinagar	34	25.1766	85.5258
Aladia Sarai	34	25.1831	85.5558
Alinagar	34	25.2154	85.7228
Aldapalli	40	19.1834	79.6803
Alur	19	14.5069	76.0176
Alagavadi	19	14.2952	76.1624
Alagatta	19	14.2687	76.2370
Aliabad	34	26.0001	85.8753
Alampur	34	25.6227	85.7733
Alampur	34	25.5824	85.8848
Alampur	34	25.7259	85.9554
Aluru	19	14.5897	76.4535
Alnan	34	24.7351	85.2442
Alawalpur	34	24.7229	85.2961
Alawan	34	24.7328	85.3461
Alakdiha	34	24.5367	85.3325
Alagdiha	38	24.3289	85.2711
Alaunja Khurd	38	24.0500	85.4595
Alaunja Kalan	38	24.0511	85.4690
Allapura	19	14.2697	76.8449
Algondanahalli	19	12.7314	76.2827
Alambadi	19	12.5851	76.4060
Alenahalli	19	12.6874	76.3710
Alliguppe	19	12.3925	76.3841
Alipur	34	24.7743	85.6261
Alagdiha	34	24.7543	85.6052
Alagdiha	38	24.7701	85.7133
Alagdiha	38	24.3195	85.5781
Alagdiha	38	24.3177	85.6999
Alho	38	24.3752	85.7148
Ale	34	26.3100	86.0730
Aljavarmula	19	12.5700	75.3631
Alpura	34	26.3189	86.3237
Alola	34	26.2642	86.4952
Alagatta	19	13.5235	76.1409
Aladahalli	19	13.7197	76.1997
Alagatta	19	13.6802	76.2499
Alagatta	19	13.4781	76.0153
Aladahallikoppal	19	13.0683	76.0832
Aladahalli	19	13.0729	76.0880
Aladahalli	19	13.1580	76.0543
Aladahalli	19	13.5773	76.2529
Allikere	19	13.5570	76.4432
Alur	19	13.3168	76.4510
Alinagar	34	26.0701	86.2534
Alur	19	13.9387	76.6800
Altapura	19	12.0685	76.3198
Alanahalli	19	12.2364	76.4531
Allainpura	19	12.0572	76.4438
Alapur	34	25.5067	86.0078
Alvalli	19	12.8477	75.7233
Alapur	34	25.2112	86.0139
Alinagar	34	25.2000	86.1921
Alibali	34	25.2223	86.1657
Allapatna	19	12.7072	76.0244
Alisamudra	19	12.9757	76.6712
Alanhalli	19	12.3804	76.0100
Alalur	19	12.2618	76.1019
Alwanayakanahalli	19	12.4881	76.0868
Alpahalli	19	12.7223	76.6799
Alpahalli	19	12.4823	76.5859
Alanhalli	19	12.2981	76.7006
Allapatna	19	12.4263	76.7471
Alya	19	12.1438	76.5523
Allere	19	12.0221	76.5801
Alumbur	19	12.1297	76.7400
Alagandanahalli	19	12.9263	76.3464
Aladahalli	19	12.7621	76.2789
Aldahalli	19	12.8052	76.4697
Alauli	34	25.6440	86.4065
Alpahalli	19	12.7601	76.7552
Alipur	34	25.3129	86.4863
Alakere	19	12.6758	76.9967
Alakere	19	12.6014	76.9642
Alagodu	19	12.4554	76.8081
Aladahalli	19	12.4662	76.8605
Algudu	19	12.2025	76.9104
Alathuru	19	12.1783	76.7781
Alduru	19	12.1644	76.8571
Alastrikattehundi	19	12.1783	76.8634
Alaganchipura	19	12.0967	76.7671
Alaganchi	19	12.0929	76.7791
Alahalli	19	12.1129	76.9875
Alabanuru	19	15.6626	77.0930
Alasandigutta	02	15.5841	77.3651
Alavala	02	15.7876	77.6276
Alardinne	02	15.5410	77.5035
Alamkonda	02	15.4383	77.7353
Alganuru	40	18.4045	79.1464
Alawan	34	25.7138	86.5700
Alani	34	25.6716	86.5227
Alvalli	19	12.9628	75.8581
Aladhalli	19	12.7400	75.9678
Allinagaram	02	15.6540	77.8977
Allugundam	02	15.6030	77.9392
Aladoddi	02	15.4429	77.9557
Allapuram	02	14.3377	77.0061
Alagpura	34	24.7524	86.2161
alampur	09	23.2340	73.5162
Alinagar	36	27.2946	80.6036
Aliyadu	13	11.9266	75.6616
Alcheri	13	11.8666	75.6743
Alattil	13	11.8055	75.8587
Alattiyur	13	10.8643	75.9394
Alangattukavu	13	10.8220	75.9923
Alampur Biboli	36	26.7396	79.1656
Aliapur	36	26.6830	79.2385
Alatge	19	15.9013	74.4859
Alampur	36	26.0842	79.0399
Alawalpura	36	26.0273	79.1826
Alahi Nagar	36	26.8035	79.3786
Alipi	36	26.7637	79.3375
Alupur	36	26.9586	79.4582
Alipur	36	26.5441	79.3744
Alamgirpur	36	26.5998	79.3496
Alipuram	40	19.0251	79.1088
Alipur	40	18.5044	79.3864
Aliyabad	40	18.4002	79.3812
Alur	40	18.6817	79.5267
Aliyabad	40	18.1608	79.7036
Alloli Kansoli	19	15.6541	74.4493
Alarvad	19	15.8351	74.5687
Aligadde	19	14.8005	74.1210
Aligadde	19	14.7546	74.1666
Alkod	19	14.4890	74.4944
Alkonu	19	14.7486	74.5237
Aladkona	19	14.7502	74.5230
Alvagadde	19	14.9717	74.6491
Aladmane	19	14.6483	74.7426
Alandur	19	13.9258	74.6191
Alvegadde	19	13.9243	74.5846
Alankejeddu	19	13.7599	74.7387
Alassadi	19	13.7924	74.6855
Alpa	34	24.8956	84.8066
Aliganj	34	24.7872	84.7522
Alalpur	34	24.9631	84.8878
Alalpur	34	24.9855	84.9747
Aliganj	34	24.8744	84.9613
Alahua Chak	34	24.5812	84.7704
Algachhia	34	26.3680	87.9304
Alta	34	26.1414	87.8555
Altabari	34	26.2273	87.8960
Altabari	34	26.2426	87.9028
Alubathan	34	25.8058	87.1522
Aliganj	34	25.8545	87.1635
Alipur	34	25.0709	87.0427
Alinagar	34	25.1727	87.0886
Alangtola	34	25.1755	87.0925
Alinagar	34	25.8489	87.3507
Alinagar	34	25.7354	87.4265
Alola	38	25.0586	87.3021
Alampur	34	25.8179	87.5419
Alamganj	34	25.8004	87.5161
Alma	34	25.8492	87.6499
Alampur	34	25.2518	87.2685
Allahdadpur	34	25.9425	85.0839
Almanpur	34	25.9267	85.1159
Alipur	34	25.7274	85.0982
Alipur	34	25.5401	85.0820
Alampur Gonpura	34	25.5404	85.0512
Alamganj	34	25.6140	85.1971
Alawalpur	34	25.4979	85.0906
Alabdi Chak	34	25.4888	85.0982
Alipur	34	25.3827	85.1330
Alinagar Pali	34	25.2560	85.0829
Alabakhshpur	34	25.4861	85.1678
Alawalpur	34	25.4958	85.2021
Alampur	28	25.7792	87.9808
Alianagar	28	25.8062	87.9481
Alampur	34	25.5519	87.8286
Alapokhar	34	25.6753	87.8187
Alhanda	34	25.6815	87.8614
Alipur	34	25.6702	87.8942
Altapur	28	25.7315	87.9951
Aliharpur	34	25.4803	87.8268
Alinagar	28	25.4514	87.8886
Alamganj	28	25.3512	87.8928
Aladipur	28	25.3387	87.9448
Alipur	28	25.4180	87.9168
Alayapur	38	24.5326	87.7395
Aludaha	38	24.3077	87.6223
Almapara	28	24.2695	87.7187
Algana	34	25.2321	85.0093
Allahganj	34	25.0640	85.0597
Alalpur	34	25.0828	85.0964
Alawalpur	34	25.1518	85.1994
Alam Chak	34	25.0713	85.1843
Alidar Chak	28	24.0414	87.5148
Alinagar	28	24.0552	87.6190
Alupahari	28	24.1365	87.6557
Alaipur	28	24.0053	87.7045
Alamsahi	28	24.6273	87.9710
Alaipur	28	24.7318	87.9061
Aliganj	38	24.6406	87.8363
Alampur	28	24.3192	87.8096
Alampur	28	24.2558	87.7555
Alampur	28	24.2554	87.7864
Alaknagar	28	24.2555	87.7653
Alaulpur	34	25.7831	85.2526
Alipur Makund	34	25.7585	85.4052
Alipur Sumerganj	34	25.8627	85.4384
Alampur	34	25.5502	85.2763
Alipur	34	25.7363	85.3674
Alampur	34	25.6967	85.4813
Alipur	34	25.3340	85.2514
Alawalpur	34	25.4111	85.3532
Alipur	34	25.4658	85.4564
Alipur	34	25.2413	85.3054
Alipur Bigha	34	25.1806	85.3124
Alipurdih	34	25.1760	85.3041
Alawan	34	25.2351	85.3419
Aliganj Farm	34	25.0182	85.4513
Ali Sarai	34	25.9455	85.5564
Alinagar	34	25.8809	85.6139
Alipur	34	25.3450	85.5596
Alipur	34	25.3045	85.6405
Alinagar	34	25.3698	85.5905
Alugurajupalle	02	16.4815	79.3474
Alugumallipadu	02	16.5729	79.7303
Alipur	40	17.8382	78.3254
Allahpuram	40	17.8121	78.4881
Alinagaram	40	17.7080	78.7024
Alwal	40	17.5047	78.5038
Allahpur	40	17.4015	78.5827
Almasguda	40	17.3083	78.5326
Alirajapalli	40	17.7981	78.7717
Alinagar	40	17.3846	78.7801
Alarakh ka Par	24	25.7133	70.7373
Ali Hasanpur	36	27.7523	79.9999
Alipura	36	27.7866	80.1611
Alinagar	36	27.9263	80.2244
Alamnagar	36	27.7397	80.0975
Aliapur	36	27.6187	80.2395
Alipur	36	27.4540	80.0541
Alawalpur	36	27.4906	80.1887
Aligarh	36	27.1762	80.0145
Almapur	36	27.1514	80.0880
Aliapur	36	27.1230	80.0248
Allahabad	36	27.9321	80.3170
Aliapur	36	27.7647	80.2755
Alinagar	36	27.7985	80.4079
Alipur	36	27.9691	80.4595
Alipur	36	27.7749	80.4558
Alamarathupatti	25	9.4721	77.8409
Alanchi	25	8.1972	77.2358
Aliparamba	13	10.9216	76.2654
Alkapuri	09	22.3125	73.1771
Alarsa	09	22.3815	72.9566
Alattuchira	13	10.1868	76.5357
Allur	02	19.1373	78.3005
Alagurki	19	13.5376	77.9400
Allur	19	13.2629	77.7665
Aledoddi	19	12.6868	77.0134
Alamshettihalli	19	12.6723	77.0773
Aluru	19	12.5741	77.0686
Aladhalli	19	12.3866	77.1199
Algatta	19	12.2677	77.0368
Albujanhalli	19	12.4929	77.0507
Alkeriagrahar	19	12.0749	77.0769
Alalsandra	19	12.7326	77.4541
Alisahib Doddi	19	12.6112	77.3804
Alalsandra	19	12.5795	77.2756
Allaridoddi	19	12.5741	77.3091
Alasule	19	12.3370	77.4953
Alhalli	19	12.4009	77.3893
Alagumule	19	12.1564	77.2987
Alluru	02	15.8665	78.2117
Allahabad	02	15.2905	77.9987
Alavakonda	02	15.1379	78.2352
Alaganuru	02	15.7389	78.3982
Allagadda	02	15.6908	78.4122
Alamuru	02	15.4580	78.3195
Alluru	02	15.1259	78.3472
Alamuru	02	15.1394	78.5850
Aluru	02	14.9108	78.0502
Alampuru	02	14.1948	78.1650
Allugundu	02	14.0615	78.1646
Alamkhanpalle	02	14.4990	78.7926
Alumgiri	19	13.3424	78.0544
Alamagiri	19	13.3609	78.1621
Alavapalli	19	13.4827	78.1019
Alavatta	19	13.3956	78.1479
Alahalli	19	13.0898	78.0019
Aliganahalli	19	13.0557	78.1594
Alaganahalli	19	13.0380	78.2100
Aliguhatapalle	02	13.9916	78.4591
Alettipalle	02	13.6779	78.2544
Alchepalle	02	13.4400	78.3853
Alaganahalli	19	13.1933	78.2995
Alalasandra	19	13.1809	78.4319
Alamgur	19	13.1632	78.4656
Alajaneru	02	13.2986	78.5296
Alakuppam	02	13.1931	78.5596
Alukurallapalle	02	13.1829	78.6663
Alapalle	02	13.1518	78.5567
Alipur Hatta	34	25.5895	85.5102
Alampur	34	25.5531	85.7028
Alenattam	25	12.7722	77.9371
Alur	25	12.8628	77.9206
Alasapalli	25	12.8508	77.9035
Alambadi	19	12.8931	77.8860
Alenattam	25	12.5638	77.7919
Alasanattam	25	12.7348	77.8422
Alur	25	12.7300	77.9088
Alasapalli	25	12.7255	77.9799
Alasandiram	25	12.4808	77.7933
Alahalli	25	12.4662	77.7876
Aliyalam	25	12.4081	77.7690
Alhalli	19	12.9241	78.0574
Alur	25	12.7683	78.1152
Alambadi	19	12.9221	78.1411
Aladaghat	19	12.9901	78.2394
Alasadanappalli	25	12.7453	78.0023
Alasadanappalli	25	12.7454	78.0454
Alagubavi	25	12.6481	78.0247
Alargiri	25	12.6125	78.0230
Alappatti	25	12.4928	78.0972
Alamaradahalli	25	12.3151	78.1689
Aladamaradahalli	25	12.1777	78.0299
Alliyur	25	12.2018	78.1278
Alaganahalli	25	12.2443	78.1119
Alangarai	25	12.1557	78.1965
Allikuntakadirenahalli	19	12.9520	78.3047
Allikallu	19	12.8964	78.3154
Alrapalli	19	12.9736	78.4405
Alagikoththur	25	12.5152	78.2931
Alunalapalli	25	12.5457	78.3587
Alerihalli	25	12.3874	78.3908
Alerihalli	25	12.3818	78.3928
Alarappatti	25	12.1972	78.3068
Alamaradahalli	25	12.1311	78.2970
Alasandapuram	02	12.7070	78.5255
Alamperiyanur	25	12.5867	78.5328
Alinjikuppam	25	12.6883	78.5918
Alamkuppam	25	12.9128	78.7803
Alinjikuppam	25	12.8376	78.7612
Alattur	25	12.9123	78.8797
Alleri	25	12.8092	78.9913
Alanganeri	25	12.9834	78.9921
Alanjanur	25	12.5824	78.8879
Allappanur	25	12.1012	78.9359
Alambadi	25	12.1114	78.6474
Alnatta	19	12.3820	77.5197
Aleyur	25	12.2734	77.6063
Algadkal	25	12.4720	77.5922
Alavalapadu	02	14.4194	78.3862
Alireddipalle	02	14.3727	78.4850
Alukhanpalle	02	14.4374	78.6387
Alugontevandlapalle	02	14.0908	78.5713
Allinagaram	02	15.1968	79.0099
Alivemula	02	15.2110	79.2386
Alavalapadu	02	15.8490	79.5753
Allamvaripalem	02	15.2326	79.9580
Allenvandlapalli	02	14.0981	79.1446
Alvalamangapuram	02	14.0311	79.3723
Alimili	02	14.0828	79.7156
Alturupadu	02	14.0496	79.5349
Alakurpalli	02	13.1538	79.2062
Allamadugu	02	13.3530	79.2961
Alatturu	02	13.3645	79.4057
Alimelumangapuram	02	13.1304	79.2832
Allipulagunta	02	13.1308	79.3458
Allikasam	02	13.5767	79.5119
Alamelumangapuram	02	13.5011	79.5248
Alamelumangapuram	02	13.3943	79.5569
Alappakkam	02	13.3471	79.6953
Alappakkamkhandriga	02	13.3283	79.6857
Alliyappantangal	25	13.1440	79.6408
Alatturu	02	13.7439	79.8253
Almelugunta	02	13.7489	79.9092
Allikkuli	25	13.2653	79.7845
Alappakkam	25	13.2863	79.9092
Alagiripeta	02	13.3296	79.8504
Allappakunta	02	13.4310	79.8517
Alangadu	25	13.3270	79.9161
Alinjivakkam	25	13.0410	79.8846
Allingar	25	12.5132	79.1161
Alagusenai	25	12.7296	79.1519
Alampundi	25	12.5658	79.1839
Alankaramangalam	25	12.4364	79.1856
Alliyalamangalam	25	12.4877	79.2014
Allikondapattu	25	12.0897	79.0773
Alaganandal	25	12.1637	79.1018
Alantangal	25	12.7669	79.2567
Allikolam	25	12.9601	79.3682
Allalacheri	25	12.7834	79.4159
Alampatrai	25	12.4275	79.2846
Alliyandal	25	12.5439	79.4062
Aliyur	25	12.4607	79.4432
Alampadi	25	12.0050	79.2952
Alampundi	25	12.2493	79.3353
Alappakkam	25	12.9460	79.5015
Alappakkam	25	12.9339	79.5101
Alivaditangai	25	12.7922	79.5494
Alapakkam	25	12.9816	79.6610
Alinjipattu	25	12.7352	79.6577
Alantangal	25	12.5533	79.6486
Alattur	25	12.5849	79.6825
Alatturai	25	12.5659	79.6832
Alisur	25	12.6654	79.7235
Alampundi	25	12.3670	79.5609
Allur	25	12.3393	79.7365
Allanur	25	12.4076	79.7499
Alagramam	25	12.1663	79.5705
Alagramam	25	12.1668	79.5804
Alagramam	25	12.1778	79.5701
Alappakkam	25	12.0958	79.6147
Alappakkam	25	12.2311	79.6716
Alappakkam	25	12.8792	79.8359
Alavur	25	12.8338	79.8757
Alagur	25	12.9068	79.9879
Alappakkam	25	12.5271	79.7512
Alanjeri	25	12.6478	79.8252
Alappakkam	25	12.6718	79.9070
Alavai	25	12.5985	79.9687
Alagipakkam	25	12.2076	79.7503
Alankuppam	25	12.1981	79.8100
Alappakkam	25	12.1616	79.9281
Alakankuppam	25	12.2399	79.9972
Alathur	13	11.8642	76.0597
Alurummal	13	11.6670	76.0934
Alalhalli	19	11.8840	76.4592
Alamula	13	11.6388	76.3282
Alathur	13	11.6797	76.3603
Alakorai	25	11.3201	76.6624
Alada	25	11.3773	76.7120
Alankandi	13	11.0887	76.6076
Alangundi	25	11.1383	76.7344
Alur	19	11.9680	76.9934
Alatti	25	11.3280	76.9607
Alankombu	25	11.3138	76.9924
Alur	13	10.8007	76.1184
Alattur	13	10.6414	76.0496
Alikkara	13	10.7318	76.1028
Alattur	13	10.2420	76.2983
Alur	13	10.3259	76.2894
Alathur	13	10.2530	76.2951
Alathur	13	10.3758	76.2780
Allanur	13	10.7531	76.5549
Alasseri	13	9.4890	76.3267
Alankadavu	13	10.6939	76.7838
Alaiyathiparai	13	10.6635	76.7507
Alankadavu	25	10.6377	76.8939
Alagapuri	25	10.5895	76.9899
Alirachu	13	9.1750	76.8523
Alayaman	13	8.9189	76.9176
Aliyikonam	13	8.8699	76.7632
Alathukavu	13	8.7789	76.8604
Alamkod	13	8.7222	76.8145
Alamkod	13	8.7209	76.9700
Alur	13	8.6383	76.8088
Alappad	13	8.6375	76.8843
Alnera	13	8.5864	76.9011
Alangottukonam	13	8.5867	76.9259
Alankod	13	8.5543	76.9059
Allikkaranpalaiyam	25	11.2272	77.0918
Alappalaiyam	25	11.2101	77.1023
Alipalaiyam	25	11.2425	77.1151
Alangattupalaiyam	25	11.2137	77.2304
Alampalaiyam	25	11.1279	77.1320
Alampalaiyam	25	11.1615	77.2177
Alagirichettipalaiyam	25	10.7642	76.9641
Alappattu	13	9.0612	76.5125
Aliyikkal	13	8.9308	76.5442
Alattukkombai	25	11.4815	77.2618
Alanai	25	11.7265	77.4852
Alaisoppanpatti	25	11.7233	77.4629
Alukkuli	25	11.4458	77.3574
Alingiyampalaiyam	25	11.4126	77.3612
Alayappalaiyam	25	11.3897	77.3622
Alampalaiyam	25	11.3537	77.3678
Alagakavundanpalaiyam	25	11.3423	77.4646
Alagumuppanpalaiyam	25	11.3618	77.4571
Alagampalaiyam	25	11.3084	77.2976
Alagatripalaiyam	25	11.2469	77.2549
Alampalaiyam	25	11.2284	77.3156
Allalapuram	25	11.0363	77.3567
Alagumalai	25	11.0076	77.4417
Alampalaiyam	25	11.0124	77.4512
Alasiparai	25	11.7826	77.6088
Alampalaiyam	25	11.6257	77.6004
Alangarikavundanur	25	11.5928	77.7136
Alamarattur	25	11.5411	77.5474
Alattur	25	11.4273	77.5914
Alangattuvalasu	25	11.4273	77.7140
Alayampalaiyam	25	11.2855	77.7213
Alangattuvalasu	25	11.2768	77.7420
Alampalaiyam	25	11.1517	77.5005
Alagakkavundanpalaiyam	25	11.1371	77.6717
Alukkuttivalasu	25	11.0943	77.5779
Alambadi	25	11.0536	77.5782
Alagakavundanvalasu	25	11.0296	77.6413
Alagakkavundanvalasu	25	11.0144	77.7066
Alagapuram	25	11.6290	77.8656
Alachchiampalaiyam	25	11.5808	77.8167
Alamaram	25	11.9173	77.8564
Alamarattuppatti	25	11.9202	77.9223
Alamarattuppatti	25	11.9160	77.9281
Alagakkavundanur	25	11.8378	77.9514
Allinayakkanpalaiyam	25	11.4439	77.8073
Alampalaiyam	25	11.4408	77.8137
Alichampalaiyam	25	11.2757	77.7554
Allalipalaiyam	25	11.2794	77.8805
Alattuppalaiyam	25	11.2349	77.7673
Alvikanathpaliyam	25	11.2152	77.9515
Alamarattur	25	10.7033	77.1964
Alampalaiyam	25	10.6825	77.0680
Alampalaiyam	25	10.5208	77.2349
Alampatti	13	10.3184	77.1858
Aluttuppalaiyam	25	10.9742	77.2973
Alagikavundanpalaiyam	25	10.7962	77.4527
Alagapuri	25	10.4969	77.4410
Aladi	25	11.6326	79.3635
Alandarkollai	25	11.5865	79.4693
Alachchikkudi	25	11.4900	79.3089
Alanduraippattu	25	11.4639	79.2970
Alattiyur	25	11.3699	79.2592
Alagapuram	25	11.3715	79.3332
Alattippallam	25	11.2592	79.4502
Alisikkudi	25	11.1311	79.2937
Alampallam	25	11.0792	79.2823
Alamangurichchi Vallam	25	11.0070	79.3552
Alagiyanathampettai	25	11.0444	79.4245
Alliyur	25	11.1856	79.4883
Alavandipuram	25	10.9547	79.3198
Alagapputtur	25	10.9273	79.4314
Alattur	25	10.8971	79.4863
Aladikkaruppur	25	10.8535	79.4493
Alangudi	25	10.8292	79.4092
Alattankudikkadu	25	10.5587	79.3035
Alankottai	25	10.6230	79.4162
Alachcheri	25	10.7039	79.4589
Alivalam	25	10.4171	79.2688
Aladikkadu	25	10.3278	79.3019
Alaginayakipuram	25	10.3096	79.2893
Alampallam	25	10.4859	79.3665
Alattur	25	10.4914	79.3485
Alivalam	25	10.6150	79.6180
Alattur	25	10.6394	79.5973
Alangudi	25	10.5900	79.7403
Allattambadi	25	10.5980	79.6591
Alambadi	25	10.9073	79.0001
Alisukudi	25	10.8343	79.0302
Allur	25	10.8240	79.0281
Alakkudi	25	10.7744	79.0522
Alangudi	25	10.8524	79.1541
Alagiyamanavalam	25	10.9563	79.2029
Alangudi	25	10.8044	79.1987
Aliyavaykkal	25	10.6792	79.2092
Aliyavaykkal Terkunattam	25	10.6503	79.1922
Aladi Vettikkadu	25	10.5729	79.1924
Alaganvidudi	25	10.5360	79.1706
Alangudi	25	10.7223	79.7737
Alamalai	25	10.6718	79.8009
Alattur	25	10.9617	79.6339
Alangudi	25	10.8958	79.6272
Alivalam	25	10.7512	79.6611
Alangudi	22	10.9078	79.7928
Alattur	25	10.8906	79.7806
Aliyur	25	10.7721	79.7671
Alpanga	21	20.3986	84.8655
Alipur	38	23.2199	85.3118
Alaundih	38	23.1437	85.3723
Alkhari Khurd	38	23.9840	85.7234
Alkhari Kalan	38	23.9904	85.7291
Alna	38	23.1668	85.6250
Alkilwa	38	23.9041	85.7863
Alangkel	38	22.9556	85.2027
Aliajardin	38	22.6177	85.0098
Algadih	38	22.4719	85.1675
Alaura	38	24.2246	86.7558
Alakbera	38	24.1405	86.7991
Alagchua	38	24.0709	86.7509
Alagdiha	38	23.8549	84.0324
Alagdiha	38	23.9559	84.1060
Alagdiha	38	23.6372	84.3684
Alagdih	38	23.4604	84.4910
Alagdih	38	23.7036	84.5161
Alaundi	38	23.3493	84.5780
Alagdiha	38	23.4659	84.6834
Alagdihatoli	38	23.9876	84.7919
Alagdihatoli	38	23.8828	84.8206
Alagdihatoli	38	23.9948	84.9959
Algori Bagaichatoli	38	23.1630	84.8342
Algori	38	23.1617	84.8465
Alingburu	38	22.4121	84.3267
Alangkera	38	22.9177	84.6855
Alkitikra	21	21.7053	84.2275
Alkondankulam	25	9.1382	77.5141
Alagapuri	25	9.5145	77.7267
Alagapuri	25	9.4093	77.6211
Alangulam	25	9.3630	77.6828
Alattur	25	9.4895	77.6673
Alamelumangapuram	25	9.3073	77.7414
Alangulam	25	9.1836	77.5930
Alagapuri	25	9.2142	77.6169
Alyapuram	25	9.2269	77.6312
Alavanaikkanpatti	25	9.2192	77.6297
Alaganeri	25	9.1542	77.6341
Alagiyanachipuram	25	9.1355	77.6320
Alagappuram	25	9.1202	77.7486
Alveppilapatti	25	9.2096	77.6624
Alangulam	25	9.1526	77.6735
Aladiyur	25	8.6805	77.4285
Alagappapuram	25	8.6597	77.4925
Alamparp Kanikkudi	25	8.4163	77.3418
Alaganparavur	25	8.1788	77.2961
Aladippatti	25	8.8720	77.5168
Alagiyapandiyapuram	25	8.9113	77.6467
Alavayukandankulam	25	8.8716	77.7064
Alaganeri	25	8.7564	77.7119
Aladippudur	25	8.5065	77.6821
Alangulam	25	8.6319	77.6774
Alagappapuram	25	8.3573	77.6252
Alangulam	25	8.4587	77.6178
Alwarkulam	25	8.4654	77.6634
Alangulam	25	8.4537	77.7308
Allivila	25	8.1303	77.5621
Alankarapperi	25	8.8186	77.7888
Alaganeri	25	8.8064	77.7755
Aladi Pacheri	25	8.8345	77.7888
Alanda	25	8.8014	77.8705
Alagapuri	25	8.7832	77.9507
Alikkudi	25	8.6981	77.8380
Alangulam	25	8.6334	77.7615
Alwaneli	25	8.6057	77.7599
Allur	25	8.5136	77.8754
Alwarkarkulam	25	8.6580	77.8730
Alwartoppu	25	8.6154	77.9402
Alagiyamanavalapuram	25	8.6051	77.9476
Alayankudiyiruppu	25	8.5734	77.9929
Aladi Pacheri	25	8.6370	77.9903
Alamarattuppatti	25	10.7940	78.0680
Allalikavundanur	25	10.8741	78.1750
Alampalaiyam	25	10.9938	78.1268
Alagapuriyanur	25	10.8589	78.2015
Alagapuri	25	10.7625	78.2009
Alambadi	25	10.7409	78.0541
Alaikavundanpatti	25	10.5684	78.0849
Alampatti	25	10.5455	78.1558
Alattur	25	10.5986	78.2356
Alagirinayakkanpatti	25	10.4726	78.0706
Alagampatti	25	10.3557	78.0062
Alampatti	25	10.3950	78.1638
Alagapuri	25	10.0592	78.0679
Alagapuri	25	10.1251	78.1885
Alagarkovil	25	10.0734	78.2148
Alagapuri	25	10.0612	78.2364
Alagapur	25	10.0157	78.1843
Alagapuri	25	10.8868	78.2654
Allinagaram	25	10.7607	78.2769
Alaganampatti	25	10.7571	78.4390
Alangarippatti	25	10.8017	78.3981
Alamarattuppatti	25	10.8278	78.3728
Alagarai	25	10.9826	78.3891
Alavappatti	25	10.9889	78.4462
Alattur	25	10.5790	78.3550
Algireddipatti	25	10.6808	78.4955
Alagakkavundanpatti	25	10.4747	78.3590
Alampatti	25	10.4508	78.3573
Alampatti	25	10.3394	78.2507
Alampatti	25	10.3300	78.3661
Alagapuri	25	10.3618	78.3615
Alangampatti	25	10.4948	78.4110
Alampatti	25	10.4113	78.4650
Alapichchekavundanpudur	25	10.9898	77.5039
Alagekavundanvalasu	25	10.9863	77.5686
Alagipalaiyam	25	10.8454	77.5086
Alampalaiyam	25	10.8358	77.5661
Alampalaiyam	25	10.7817	77.5208
Alampalaiyam	25	10.7639	77.6289
Alamarattuppatti	25	10.5819	77.6179
Alayakavundanpatti	25	10.5311	77.7106
Alavalasu	25	10.5502	77.5122
Alampatti	25	10.2000	78.3197
Alangampatti	25	10.1736	78.3187
Alampatti	25	10.1216	78.3089
Alagapurippatti	25	10.1068	78.3151
Alampatti	25	10.1873	78.3929
Alambatti	25	10.2299	78.4788
Altangaraippatti	25	10.1696	78.4605
Alagamanagari	25	10.0055	78.4713
Alagapuri	25	10.1507	77.6513
Alagirinayakkanpatti	25	10.1161	77.6013
Alagapuri	25	10.0533	77.5152
Alagaperumalpatti	25	10.9990	78.5447
Alagapuri	25	10.7561	78.5581
Alagiyamanavalam	25	10.9106	78.6635
Alattur	25	10.7775	78.5220
Alattur	25	10.7829	78.7454
Alavandannallur	25	10.8322	78.6361
Allitturai	25	10.8082	78.6318
Allur	25	10.8719	78.6283
Alundur	25	10.6865	78.6127
Alanganpatti	25	10.6190	78.5215
Alangudi	25	10.6012	78.6805
Alampatti	25	10.7077	78.6431
Alattur	25	10.4773	78.6200
Alampatti	25	10.3857	78.6059
Alavayal	25	10.3242	78.5424
Alattuppatti	25	10.1379	78.7413
Alampatti	25	10.1259	78.5347
Alasingangudi	25	10.0754	78.5888
Alagapuri	25	10.0833	78.6401
Alangudi	25	10.0409	78.6923
Alavandanpatti	25	10.0178	78.7133
Alakkulattanpatti	25	10.0278	78.5738
Alambakkam Ullur	25	10.9255	78.9549
Alangudi Mahajanam	25	10.8924	78.9271
Alangudipatti	25	10.6326	78.8149
Aluvampatti	25	10.5818	78.8721
Alangappatti	25	10.5240	78.9164
Allavayal	25	10.3701	78.8055
Alangudi	25	10.2571	78.8119
Aliyanilai	25	10.2067	78.9861
Alippirandan	25	10.1792	78.9468
Alangudi	25	10.1460	78.9875
Alagapuri	25	10.1099	78.8137
Alattivayal	25	10.0319	78.9921
Alattur	25	9.9898	78.1572
Alampatti	25	9.9353	78.0297
Allinagaram	25	9.7930	78.2438
Alangulam	25	9.7143	78.1556
Allalaperi	25	9.6498	78.1797
Allikkulam	25	9.6281	78.1209
Alagiyanallur	25	9.6207	78.0113
Aladipatti	25	9.4781	78.2004
Alagapuri	25	9.3365	78.0852
Alampatti	25	9.9868	78.4314
Alagichchippatti	25	9.9960	78.4414
Alagichchippatti	25	9.9613	78.4432
Alanganpatti	25	9.9483	78.4502
Alaiyapatti	25	9.9355	78.4653
Alavandan	25	9.8864	78.2606
Alupillaitangi	25	9.8390	78.4181
Alagapuri	25	9.8215	78.4932
Alangulam	25	9.7984	78.4941
Alangulam	25	9.7923	78.2956
Alattur	25	9.7355	78.2715
Alavadaiyan	25	9.7413	78.2936
Alangulam	25	9.2256	78.5376
Alaganendal	25	9.7183	78.2909
Aladinattam	25	9.7329	78.3377
Alangulam	25	9.7068	78.4559
Alagapuri	25	9.6800	78.2597
Alagapachcheri	25	9.5847	78.4602
Alangulam	25	9.5771	78.3728
Alangulam	25	9.5038	78.3333
Alangulam	25	9.2077	78.4285
Alakkudi	25	9.0316	78.2725
Alavakottai	25	9.9986	78.5180
Alampatti	25	9.9702	78.6857
Alagapuri	25	9.9607	78.5502
Allur	25	9.8343	78.5423
Alagapuri	25	9.8581	78.6003
Alambakkottai	25	9.8453	78.7402
Alangudi	25	9.7971	78.7190
Alangudi	25	9.7636	78.7310
Alangudi	25	9.7438	78.5946
Allivayal	25	9.7370	78.7204
Alangulam	25	9.6765	78.5075
Alampachcheri	25	9.6188	78.5312
Allimaratu	25	9.5705	78.6300
Alagatrimadam	25	9.5087	78.7258
Alanganur	25	9.4046	78.5982
Alangulam	25	9.3183	78.7081
Alangulam	25	9.2780	78.6211
Alamattangudi	25	9.3036	78.6306
Alamattangudi	25	9.2994	78.6244
Aliyappathi	25	9.9430	78.8779
Alangudi	25	9.9079	78.8775
Allikkottai	25	9.8567	78.9089
Alamvayal	25	9.7866	78.7689
Alagamadai	25	9.8005	78.9141
Alambadi	25	9.8077	78.9629
Aliyakkoneri	25	9.7538	78.7755
Aliyamoli	25	9.7013	78.8478
Alavadangan	25	9.6664	78.7778
Aliyamoli	25	9.6658	78.9141
Alikkudi	25	9.6753	78.9436
Alangattakottai	25	9.6050	78.8439
Alindikkottai	25	9.6162	78.8693
Alangulam	25	9.5726	78.8831
Alavakaraivadi	25	9.2368	78.8013
Alagappapuram	25	8.4098	77.8464
Alagiyavilai	25	8.3525	77.8814
Alanteri	25	8.3510	77.8856
Alagammanpuram	25	8.3691	77.9740
Alagappapuram	25	8.5913	78.0491
Alavapuram	25	8.3645	78.0002
Alantalai	25	8.4658	78.1004
Alampalaiyam	25	10.9961	77.8887
Alliyabadu	25	11.8400	79.1342
Alur	25	11.8600	79.2058
Alamarattuppatti	25	10.7360	77.8453
Alamarattuppatti	25	10.7347	77.9806
Alamarattuppatti	25	10.6720	77.9254
Alagappatti	25	10.6602	77.9682
Alangiri	25	11.7308	79.1466
Alagapuri	25	10.5987	77.9754
Alagapuri	25	10.5383	77.8445
Alagiyakavundanpudur	25	10.5576	77.8009
Alambadi	25	11.4582	79.0628
Alarankudikkadu	25	11.3066	79.2193
Alagupatti	25	10.4584	77.8879
Alagirinayakkanpatti	25	10.4574	77.8728
Alatturanpatti	25	10.3892	77.8408
Alagirisingampatti	25	10.3984	77.9563
Alakkuvarpatti	25	10.4147	77.9732
Alavachchipatti	25	10.3520	77.8995
Alagumuppanpatti	25	10.3883	77.8394
Alagamadai	25	10.3692	77.7594
Alamarattuppatti	25	10.3113	77.9405
Alagirinayakkanpatti	25	10.2669	77.8266
Allinagaram	25	11.1569	79.0633
Alagiripalaiyam	25	11.1794	79.0517
Alanduraiyarkattalai	25	11.0330	79.1811
Alvay	25	11.0531	79.2370
Alagapperumalkuppam	25	11.8633	79.3978
Alanguppam	25	11.8374	79.4212
Alattur	25	11.9466	79.4616
Alagapperumalkuppam	25	11.8405	79.4778
Alinjimangalam	25	11.2390	79.5790
Aliyur	25	11.9137	79.6662
Alagiyanattam	25	11.7993	79.6970
Alamarattukkuppam	25	11.8684	79.6870
Alkondanattam	25	11.3524	79.5782
Alisikudi	25	11.4349	79.5996
Alambadi	25	11.4652	79.6134
Allur	25	11.4279	79.5420
Alangudi	25	11.1075	79.5482
Alaveli	25	11.0960	79.5011
Alangattan	25	11.2198	79.5824
Alaveli	25	11.1471	79.7146
Aladi	13	9.6684	77.0328
Aladi	13	9.6583	77.0282
Alagirinayakkanpatti	25	9.8944	77.3042
Alagapuri	25	9.8111	77.4123
Alagapuri	25	9.8718	77.4631
Alankulam	25	9.1233	77.4729
Alankulam	25	9.1563	77.4844
Alagapuri	25	9.9091	77.6047
Allamanayakkanpatti	25	9.8638	77.6709
Alagapuri	25	9.7555	77.7394
Alaganpatti	25	11.8213	78.0313
Alakkudi	25	11.3647	79.7733
Alalasundaram	25	11.3122	79.7605
Alangadu	25	11.2732	79.7740
Alangadu	25	11.1543	79.7843
Alangadu	25	10.3225	79.0161
Alanjankadu	25	10.2664	79.0450
Alagapuram	25	11.6755	78.1395
Allippatti	25	11.6750	78.1968
Alangattuppudur	25	11.2971	78.0569
Alayakavundanpalaiyam	25	11.2706	78.1153
Allalapuram	25	11.2984	78.1159
Alangattuppudur	25	11.4901	78.1562
Alavaypatti	25	11.4965	78.1013
Alampatti	25	11.1112	78.1345
Alampatti	25	11.0785	78.2242
Alampalaiyam	25	11.0026	78.0144
Aladipatti	25	11.7996	78.3757
Alayur	25	11.8855	78.4775
Alaripatti	25	11.7450	78.5732
Aligirinattam	25	11.6312	78.4763
Alavadi	25	11.3486	78.2846
Alavadi	25	11.2812	78.4065
Alatturnadu	25	11.3479	78.4120
Alarippatti	25	11.3569	78.4137
Alanganattam	25	11.1852	78.2552
Aliyanilaippatti	25	11.2361	78.3906
Alagapuri	25	11.1966	78.4412
Alattudaiyanpatti	25	11.2115	78.4689
Alangadi	25	11.8092	78.5046
Alagapuram	25	11.6175	78.5501
Alanur	25	11.9811	78.7514
Alattur	25	11.8013	78.9469
Alambalam	25	11.7741	78.9254
Alambalam	25	11.5704	78.8736
Alambadi	25	11.2598	78.8304
Alattur	25	11.4148	78.9618
Alattur	25	11.1357	78.8452
Alundalippur	25	11.0507	78.9134
Aladahalli	02	14.0477	77.0458
Allipura	19	14.1002	77.1577
Aluri	21	21.2523	85.2799
Alango	21	21.3295	85.6217
Alanapada	21	21.4468	85.6254
Alamarattur	25	11.2574	78.5983
Alara	21	20.4651	85.1132
Aliganj	34	24.9365	85.9250
Alagdiha	38	24.7023	85.9171
Alagdesi	38	24.4002	85.8676
Alagdiha	38	24.2635	85.7854
Alpito	38	24.0602	85.8020
Alkopi	38	24.0310	85.7801
Alarti	38	24.1388	85.9661
Algunda	38	24.1932	86.1614
Alaiya	34	24.9813	86.3288
Alagjara	34	24.9746	86.4447
Alakjhara	34	24.7676	86.3598
Alkusa	34	24.7026	86.2642
Alaitanr	38	24.1033	86.4026
Alighati	21	21.2599	84.0244
Alomi	21	20.4809	84.1975
Alania	21	20.8556	84.2652
Alekhpur	21	20.8008	84.6364
Allavaram	02	16.5075	81.9892
Algapur	03	24.7461	92.6048
Alongkima	20	26.5390	94.5171
Alampur	36	27.1768	79.7132
Alampur	36	29.4860	78.2941
Alipur	36	25.9533	81.5254
Alipur	36	26.0489	83.1049
Aliwal	23	31.8455	75.0286
Allahdadpur	36	27.2240	81.0353
Alipur	36	27.0052	81.0284
Aliparamba	13	10.9278	76.3107
Alangattuvalasu	25	11.2298	77.7796
Alangadu	25	10.4182	79.5234