Anantapur	02	14.6778	77.6081
Anand	09	22.5525	72.9552
Anantnag	12	33.7307	75.1542
Ankleshwar	09	21.6324	72.9900
Anjar	09	23.1132	70.0267
Anakapalle	02	17.6913	83.0040
Anaiyur	25	9.9615	78.1118
Anjangaon	16	21.1652	77.3091
Anakaputhur	25	12.9828	80.1264
Angul	21	20.8409	85.1019
Anekal	19	12.7111	77.6956
Anandpur	21	21.2141	86.1249
Angamali	13	10.1905	76.3879
Anupgarh	24	29.1911	73.2086
Anta	24	25.1500	76.3000
Annigeri	19	15.4251	75.4335
Andippatti	25	9.9980	77.6210
Anjad	35	22.0417	75.0552
Anuppanadi	25	9.9040	78.1433
Andipalayam	25	11.0925	77.3123
Anupshahr	36	28.3575	78.2691
Anklesvar INA	09	21.6167	73.0276
Andol	40	17.8146	78.0771
Ancharakandy	13	11.8841	75.4850
Ankola	19	14.6605	74.3047
Anthiyur	25	11.5751	77.5904
Anklav	09	22.3774	73.0007
Annur	25	11.2362	77.1051
Anuppur	35	23.1034	81.6908
Anshing	16	20.0409	77.3150
Anaimalai	25	10.5830	76.9344
Andada	09	21.6559	73.0215
Annamalainagar	25	11.4000	79.7333
Anandpur	23	31.2393	76.5025
Anandanagar	26	23.8087	91.3130
Anuppankulam	25	9.4194	77.8430
Anandpar	09	22.3220	70.8456
Antarjal	09	23.0544	70.0831
Anandnagar	36	27.1006	83.2716
Andrott	14	10.8119	73.6741
Annal Agraharam	25	10.9485	79.3683
Anjugramam	25	8.1544	77.5781
Anjur	13	10.5917	76.1545
Antri	35	26.0580	78.2103
Anthicad	13	10.4584	76.1215
Anjuna	33	15.5800	73.7449
Annavasal	25	10.4606	78.7003
Andro	17	24.7485	94.0430
Antu	36	26.0565	81.9027
Ant	36	27.4431	80.4686
Antaliya	09	20.7653	72.9907
Anantapuram	25	12.1186	79.3822
Anwaram	40	17.6330	78.3795
Antagarh	37	20.0926	81.1586
Anwari	34	25.1532	83.6230
Anjira	21	20.8264	86.0335
Anantpur	16	19.9329	75.0123
Anjani Budruk	16	20.1722	76.6478
Anjani Khurd	16	20.0669	76.4785
Anini	30	28.7979	95.9023
Ant	36	26.4625	80.1058
Anand Nagar	03	26.2240	90.2266
Anjanvel	16	17.5510	73.1457
Anapurgarh	09	24.5738	72.1900
Anwa	24	25.7970	75.6036
Anyar	12	33.6596	75.7937
Anwalkhera	24	24.9855	74.7073
Anva	16	20.4156	75.7840
Anur	11	32.0596	76.0071
Anupshahr	24	28.9575	75.2126
Anupnagar	36	28.9887	77.6768
Anumanandal	25	11.5807	78.9368
Anumalkuduru	02	16.4847	80.6636
Antur	16	20.4285	75.2483
Antri	35	24.3240	75.2298
Antri	24	23.7345	73.8330
Anthara	24	25.3925	75.7840
Antarvedipalem	02	16.4167	81.7833
Antarvedi	02	16.3325	81.7343
Antarda	24	25.6580	76.0949
Antarba	21	19.3790	84.1763
Antarasante	19	12.0209	76.2970
Antapur	09	20.9473	73.4064
Anshi	19	14.9926	74.3711
Anowa	01	7.9606	93.5560
Annavaram	02	17.2832	82.4075
Annapareddipalle	40	17.3743	80.7797
Ankua	38	22.3101	85.2579
Ankli	19	16.5436	74.6739
Anklachh	09	20.6112	73.2685
Ankla	16	17.0424	75.0241
Ankisha	16	18.7246	80.1437
Ankhawari	35	22.4868	78.8479
Ankevalia Mota	09	22.8413	71.4545
Ankasandra	19	13.5299	76.8922
Ankalgi	19	16.0268	74.6943
Ankalampadu	02	16.9873	81.1616
Anjorpur	36	25.7176	84.0547
Anji	16	20.8463	78.5401
Anjengo	13	8.6748	76.7578
Anjarle	16	17.8476	73.0908
Anjania	35	22.4985	80.5042
Anjangaon Bari	16	20.8205	77.7833
Anjangaon	35	21.9693	75.9717
Anjangaon	16	18.0928	75.6109
Anjanapura	19	14.1590	75.3889
Anjan	38	23.1277	84.4854
Anjala	16	21.0943	75.7526
Anjakpani	03	26.4500	93.1000
Anikkaranchattram	25	11.3298	79.7155
Aniali	09	22.1500	71.1833
Ani	11	31.4328	77.4185
Angnao	24	28.1016	72.7782
Anghad	09	22.3859	73.0778
Angatsi	30	28.3177	95.5225
Angara	38	23.4025	85.5105
Angar	16	17.8982	75.5752
Angai	24	26.6037	77.4719
Angadipram	13	10.9764	76.2011
Anelih	30	28.5190	95.7816
Anehosur	19	16.1576	76.3996
Anechaukur	19	12.2496	76.0599
Ane	16	19.1667	74.2333
Andurkonam	13	8.6115	76.8715
Andura	16	20.8829	76.8575
Andur	19	17.9106	77.4111
Andra	02	18.3452	83.2052
Andori	16	20.5319	78.4730
Andola	19	16.9520	76.8375
Andipur	38	22.7167	86.5333
Andimatam	25	11.3355	79.3771
Andhra Tharhi	34	26.3771	86.3341
Andhori	16	18.7679	76.8243
Andheri	16	19.1309	72.8526
Andher	16	20.1544	76.2485
Andharkotha	28	24.0459	88.6956
Andharkanch	09	22.2298	74.0807
Andhari	16	20.2662	75.4896
Andevanapalli	25	12.4620	77.7623
Andaura	11	32.1370	75.6904
Andarsul	16	20.0121	74.5732
Andanda	21	19.0236	84.3752
Andal	28	23.5801	87.1832
Anda	37	21.0680	81.2817
Anchetti	25	12.3545	77.7212
Anchal	13	8.9281	76.9098
Anawal	09	20.8388	73.2624
Anavatti	19	14.5645	75.1523
Anaskura	16	16.7820	73.8108
Anantpura	35	23.5200	79.1096
Anantpur	21	21.2300	86.7611
Anantpur	21	20.3190	86.5211
Anantpeth	35	25.9536	78.2738
Anantasagaram	02	14.5704	79.4073
Anantaram	40	18.3071	78.9313
Anantamadugu	02	14.1412	79.7247
Anandpur	35	24.1692	77.4400
Anandpur	38	22.4680	85.1712
Anandpur	09	22.4167	70.7218
Anandpur	09	22.2246	71.1677
Anandgarh	24	28.7787	72.9645
Anantapur	19	14.0756	75.2133
Anamasamudrampeta	02	14.6913	79.6779
Anaji	19	14.4811	76.0793
Anagodu	19	14.3935	76.0448
Anadra	24	24.6369	72.6529
Anandwasi	24	28.2746	74.5209
Andharmanik	28	22.3675	88.3575
Anantapur	28	22.1033	88.1143
Andarwan	12	34.3083	74.8143
Anchar	12	34.1400	74.7964
Aniwas	12	33.2571	74.0491
Andargam	12	34.2049	74.5265
Ankol	12	34.2067	74.6315
Ananwan	12	34.3495	74.3196
Andarhem	12	34.5008	74.2887
Andarbug	12	34.4496	74.4527
Andrut	12	33.2421	74.1860
Anyana	12	33.1402	74.2555
Anah	12	33.1526	74.4005
Anganpathri	12	33.9361	74.3167
Anarnath	12	33.8028	74.2611
Angaikor	41	34.5185	75.1859
Anwali	10	29.0001	76.7548
Ando	41	34.5444	76.1472
Anati	41	34.5694	76.2125
Anwaliwala	39	30.4035	77.9883
Andhgarh	10	29.9196	77.0476
Anuppura	24	25.2985	75.5217
Andher	24	25.3243	75.6370
Anantganj	24	25.5643	75.6116
Anna ka Jhonpara	24	25.9682	75.5494
Andrail	11	31.1744	77.0969
Antaram	40	17.3259	78.0327
Annaram	40	17.0230	78.1803
Anthredigudam	40	17.2413	78.4192
Annaram	40	17.3658	78.5988
Anajpur	40	17.2708	78.6932
Anojiguda	40	17.4336	78.6560
Ankral	40	17.4125	78.7625
Antammagudam	40	17.2867	78.8380
Anajpur	40	17.4590	78.9031
Antampet	40	17.0336	78.8873
Anajpur	40	17.9489	78.6524
Anantagiripalli	40	17.9986	78.7482
Anantaram	40	17.5146	78.8451
Anantsagar	40	17.6864	78.6238
Angripet	40	17.9031	78.3725
Ankraddipalli	40	17.5628	78.6854
Ankreddipalli	40	18.0007	78.9196
Annasagar	40	17.8427	78.7951
Antaigudam	40	17.8607	78.8383
Anna Nagar West	25	13.0919	80.1992
Anna Nagar	25	13.0828	80.2192
Anakaputtur	25	12.9823	80.1282
Angadu	25	13.2268	80.1878
Ananda Nagar	19	13.0332	77.5902
Anantapura	19	13.1156	77.5652
Anandpura	24	28.2715	75.2589
Ananapuri Colony	23	30.6571	76.8286
Antpura	35	25.0903	78.8621
Andeli	35	24.2005	78.1373
Andhiari	36	24.8059	78.3489
Andher	36	24.8131	78.4322
Andua	35	24.1607	78.4375
Anaura	36	24.6519	78.5275
Andela	36	24.5693	78.5455
Anantpura	35	24.7860	78.8335
Andkua	35	24.7909	78.9418
Angara	35	24.7353	78.8556
Antalira	35	24.5694	78.9753
Antuiya	36	27.9735	79.0995
Anaula	36	27.9831	79.1901
Anandpur	36	27.8401	79.3962
Anandpur Kota	36	27.8428	79.3951
Anand Nagla	36	27.7723	79.4287
Antpuri	36	27.0949	79.2641
Anandpur	36	27.1232	79.3174
Anuppur	36	27.0749	79.2575
Andkhera	36	27.6340	79.7448
Ananianpur	36	27.2116	79.7768
Antwa	36	27.2358	79.9342
Anokhe Purwa	36	27.1135	79.9493
Anaugi	36	27.0589	79.7787
Anaitha	36	26.4453	79.2068
Angdela ki Marhaiyan	36	26.3860	79.0976
Antaul	36	26.4992	79.3910
Anepur	36	26.4681	79.4791
Anantpur	36	26.9499	79.6447
Angadpur	36	26.9400	79.7311
Anantapur	36	26.8289	79.5331
Anison	36	26.7602	79.6487
Angadpur	36	26.6370	79.8657
Angadpur	36	26.5220	79.8616
Anjuarampur	36	26.5009	79.8428
Anari ki Dahar	24	27.2923	71.7185
Anarwala	24	27.8232	71.6955
Andheri East	16	19.1145	72.8712
Anandapur	28	26.3689	89.8592
Angem	17	25.0629	94.0912
Antarnes	09	23.6978	71.3131
Anndevarapeta	02	17.0937	81.5799
Andar	34	26.1024	84.2950
Anantpur	19	16.8890	75.0146
Antaram	40	18.5318	77.8949
Anandur	25	9.7302	78.7766
Ankia	35	23.7260	77.2204
Anturibana	28	23.3342	86.8359
Andoo	37	21.6038	81.5624
Andhiyarkhor	37	21.8348	81.5966
Angharkhar	37	22.2052	82.6186
Anandpur	37	23.4010	82.6078
Anwalikheda	35	23.0551	77.3124
Anturli	35	21.1967	76.1369
Antulia	21	20.7981	84.8177
Anantapur	21	21.2328	86.7643
Antaradi	21	21.6254	83.4937
Ankhola	28	22.8159	88.7265
Anchatgeri	19	15.3075	75.0932
Anchara Khurd	10	29.3005	76.6274
Anehara Kalan	10	29.2724	76.6634
Anta	10	29.4153	76.7223
Anandpur	10	28.0461	76.5309
Anaka	24	28.0548	76.7193
Anandpur	10	28.9154	76.9400
Anjanthali	10	29.8368	76.8867
Ananda	10	28.1045	76.2716
Anandpur	24	28.1028	76.3642
Andarola	12	33.2646	74.3022
Angari	12	33.2621	74.4402
Annun	11	31.2653	77.0543
Annun	11	31.2978	77.0558
Andar Mal	12	34.5772	74.2653
Andarnal Baihk	12	34.5172	74.3606
Anu	11	31.2590	77.3614
Anbarhar	23	30.9968	74.8525
Anu	11	31.1854	77.3621
Anu	11	31.1171	77.4807
Anas	11	31.3760	77.5363
Anua Basa	11	31.4014	77.7355
Anu	11	31.3985	77.7374
Anu	11	31.2127	77.7340
Anji	11	30.9642	77.0667
Anji	11	30.9751	77.1064
Anji	11	30.9675	77.1394
Anji	11	30.9228	77.0021
Anji	11	30.9161	77.0333
Anji	11	30.9017	77.0347
Anji	11	30.8945	77.0941
Anji	11	30.8904	77.1235
Anji	11	30.7708	77.1624
Anun	11	30.8738	77.1650
Anil Sheola	11	30.8750	77.1715
Anmbor	11	30.8689	77.1833
Anchil	11	30.9050	77.1926
Anji	11	30.8846	77.0274
Andheri	11	30.5553	77.1842
Anji	11	30.7151	77.1762
Anchhal	11	30.7466	77.1894
Anji	11	30.7421	77.2207
Anji	11	30.7470	77.1239
Andheri	10	30.3896	77.1261
Antari	10	30.4193	77.2494
Antu	11	30.7446	77.3190
Andheri Nehti	11	30.7026	77.2828
Anji	11	30.6787	77.2564
Andheri	11	30.7139	77.4622
Antela	24	27.5074	76.0410
Anawara	24	27.2993	76.5650
Anawara Ka Bas	24	27.2968	76.5558
Andwari	24	27.2674	76.6807
Anaut	11	30.6248	77.6243
Andola	11	30.6260	77.6607
Anyar	39	30.7340	77.7340
Anrog	11	30.6026	77.7195
Andra Kumla	39	30.5968	77.7385
Anoera	39	30.5934	77.7381
Andahka	24	27.8065	76.8586
Angakheri	36	29.5275	78.1741
Aneki Khurd	39	29.9756	78.0181
Aneki Kalan	39	29.9721	78.0220
Anandpura	24	26.5238	76.0586
Anandpura	24	26.7263	76.1781
Anatpura	24	26.3899	76.0079
Anwaria	35	23.4258	78.2738
Anwaria	35	23.0702	78.4176
Aniala	24	26.3207	76.4161
Anghori	35	23.3013	78.7922
Anghori	35	23.3047	78.8010
Andia	35	23.0181	78.5803
Anghori	35	23.0194	78.6188
Anghora	35	23.0329	78.6160
Anantpura	24	26.0911	76.5457
Andiya	35	23.0407	78.9517
Anandpur	24	26.9831	76.8517
Antrero	24	26.9732	76.8045
Andhera	10	29.6241	77.0958
Anandpur	36	29.5423	77.2014
Anantmau	36	29.7641	77.4084
Anandgarh	24	26.5107	76.9601
Antraliya	24	25.0441	76.2096
Angadpur	36	29.1018	77.3333
Anwarpur	36	29.7084	77.6656
Ankawari	35	22.0493	78.0059
Anhoni	35	22.6352	78.3519
Anjandhana	35	22.5586	78.3411
Andhyarbari	35	22.7360	78.4824
Anhai	35	22.9084	78.5750
Anhoni	35	22.6028	78.6021
Anhoni	35	22.5928	78.6008
Anjandhana	35	22.4221	78.5781
Anjandhana	35	22.4258	78.5824
Anwariya	35	22.1024	78.5473
Anakhawari	35	22.2481	78.7405
Anjaniyan	35	22.0914	78.9985
Anwariya	35	21.9659	78.1382
Andhariya	35	21.8907	78.0953
Antora	16	21.2175	78.0855
Anandwadi	16	21.1225	78.1672
Anakwadi	16	21.0348	78.0128
Anjangaon	35	21.4911	78.7347
Anjani	35	21.8846	78.8929
Anjanvati	16	20.9127	78.0919
Anjansingi	16	20.9163	78.1382
Antardoho	16	20.9056	78.2202
Antargaon	16	20.5365	78.1345
Anjangaon	16	20.7279	78.2134
Aniyala	24	25.9188	76.6855
Anup Dhiangarh	23	30.0593	74.8658
Anjani	09	24.2895	73.1222
Anjaroli	24	24.2994	73.2987
An	24	24.8188	73.5419
Angarh Balaji	35	25.6072	76.6649
Andari	24	24.4015	73.6795
Anjilaia	24	24.0787	73.6481
Anandpura	24	24.8395	76.1747
Antwara	36	29.3154	77.7904
Anandnagar	07	28.6741	77.1679
Anand Parbat	07	28.6589	77.1760
Ansarinagar	07	28.5666	77.2142
Ankhir	10	28.4233	77.2878
Anjoli	36	28.9244	77.6062
Anandpur	36	28.5265	77.6110
Anwarpur	36	28.7091	77.6992
Anwargarh	36	28.2641	77.5223
Andheli	36	28.4543	77.6521
Anandapur	21	21.2100	86.1100
Anabaru	19	14.2661	76.0301
Aninda	24	24.5283	74.0123
Anandpura	24	27.2378	75.6788
Andheri	23	30.2691	75.8141
Andhali	10	29.8787	76.2484
Andana	23	29.8123	76.0372
Anmejaras	11	31.4198	78.2749
Angila	39	30.3898	78.0408
Anarwala	39	30.3686	78.0633
Anandipur	36	29.2641	78.7180
Animath	39	30.5322	79.5245
Andkhera	36	28.9822	79.1316
Anga	36	28.8726	79.0598
Anua	36	28.4800	79.0380
Anjani	36	28.4824	79.1174
Anrudhpur	36	28.3950	79.2030
Antpur	36	28.3535	79.2464
Anandpur Udaibhanpur	36	28.3644	79.1496
Antarwara	24	24.6049	76.3239
Anghora	24	24.5794	76.3339
Anandpura	24	24.2870	76.3547
Ananda	24	24.4481	76.3552
Antana	24	24.8431	76.6195
Anandpura	24	24.8668	76.7208
Anapura	35	24.7732	76.9135
Anarad	35	24.9422	76.9177
Ankhkheri	35	24.4583	76.9876
Anwarhera	35	24.2776	76.9594
Ankshahpur	40	18.8351	79.6743
Angaraipalli	40	18.8064	79.7796
Annaram	40	18.7618	79.8437
Annaram	40	18.9071	79.9407
Anksapur	40	18.5765	79.9516
Annapur	37	19.0702	80.4459
Anahra	36	28.5842	77.9088
Anjora	37	21.2724	81.2368
Andauwan Ka Nagla	24	26.9462	77.3135
Anibahadur ka Pura	35	26.4692	77.8473
Andhre ka Pura	35	26.4618	77.8424
Anjani ka Pura	35	26.4880	78.3584
Anandpura	35	26.2855	78.4575
Annayach	35	26.2992	78.4888
Angnu ka Pura	35	26.4229	78.4698
Andora	35	25.9364	78.4857
Anchali	16	19.8900	76.0938
Antarwalan	16	19.8542	76.1550
Antarwali Dai	16	19.6528	76.0285
Anandwadi	16	19.5585	76.2186
Antarwala Budruk	16	19.5806	76.1419
Anandgaon	16	19.3191	76.2322
Angalgaon	16	19.4618	76.3291
Andhapuri	16	19.1300	76.3327
Anandgaon	16	19.1002	76.2689
Angalgaon	16	19.0383	76.7860
Anandgaon	16	18.6633	76.1590
Anegaon	16	18.6105	76.1619
Andla	36	27.9215	77.9195
Andheri	23	30.8303	76.6374
Anjanpur	16	18.5836	76.2941
Anandwadi	16	18.1664	76.6184
Anandwadi	16	18.1370	76.6988
Anandwadi	16	18.0207	76.7098
Antala	23	30.3960	76.9273
Anandwadi	16	18.9356	76.7639
Anandwadi	16	18.9419	76.8538
Anandwadi	16	18.7786	76.9267
Anandwadi	16	18.4495	76.8024
Anandwadi	16	18.3436	76.8189
Andhop	10	27.9040	77.2712
Andora	16	17.8138	76.2397
Andhwari	24	27.6659	77.0073
Anardagarhi	36	27.9061	77.5554
Andhre ki Garhi	36	27.8721	77.6740
Andhiyar	36	27.6670	77.7466
Anwala Sultanpur	36	27.3843	77.7439
Anandgarh	10	29.1890	76.4706
Anchru Kalan	36	28.2719	77.9568
Anchru Khurd	36	28.2817	77.9737
Annur	19	17.7360	76.6208
Andhaus	36	28.0711	77.7585
Anjanian	36	28.0255	77.8485
Anjna	36	28.0353	77.8498
Anandwadi	19	17.9901	76.9255
Anandwadi	16	17.9684	76.9170
Andhiaripara	37	22.2838	82.2967
Andhiaripara	37	22.4331	82.3913
Andikachhar	37	22.2952	82.4860
Ankdih	37	21.9868	82.2390
Ansula	37	21.3311	82.6365
Andi	37	20.8075	81.0433
Anjni	37	20.2648	81.5923
Ankhiharra	37	20.4288	81.5863
Anjora	37	20.5884	81.8526
Anjani	37	20.2903	81.9729
Ankalga	19	17.4777	76.9280
Antargangi	19	16.8647	76.2839
Anawar	19	16.6311	76.9151
Anchisugur	19	16.4680	76.8737
Anjal	19	16.4495	76.8676
Anjora	37	21.1572	81.2134
Andhiarkhor	37	21.9452	81.7122
Andu	37	21.7508	81.6560
Anwar	19	16.2362	76.8847
Anteshwar	16	19.0972	77.1011
Antharni	40	19.1822	77.9219
Anajwadi	16	18.8476	77.1299
Andaga	16	18.7867	77.0169
Andaga Tanda	16	18.7677	77.0095
Anandwadi	16	18.7828	77.1562
Ancholi	16	18.8938	77.4557
Andegaonwadi	16	18.4537	77.4462
Andegaon	16	18.4601	77.4482
Antargaon	16	18.9876	77.5268
Antapur	16	18.5944	77.5982
Antapur	40	18.4424	77.5980
Anjani	40	18.2906	77.7315
Angol	40	18.4447	77.8881
Angol Tanda	40	18.4451	77.9067
Annaram	40	18.4210	77.8233
Annaram Kalan	40	18.2649	77.8515
Ankal Tanda	19	17.4833	77.0448
Ankal	19	17.4961	77.0674
Annasagar	40	18.2443	77.9729
Ankulpet	40	18.2472	77.9845
Antargaon	40	18.1895	77.7526
Anantsagar	40	18.0047	77.8146
Anantwar	40	18.0109	77.7892
Anwal Khera	36	27.3334	78.1364
Anwar	19	17.4090	77.4171
Anwara	36	27.1815	78.2264
Anchhipura	36	27.0070	78.0367
Annaram	40	17.1176	77.5349
Anantapur	40	17.1116	77.7432
Annasagar	40	17.2283	77.6975
Anandpur	36	27.3883	78.4873
Anand Garhi	36	27.4034	78.2901
Anandpur	36	27.2584	78.2982
Anji	16	20.0808	78.0850
Antargaon	16	20.2766	78.4345
Antargaonpod	16	20.2797	78.4158
Andhbori	16	20.4296	78.3938
Anji	16	20.1279	78.2856
Antargaon	16	20.8576	78.6531
Anandnagar	16	20.7340	78.6078
Anji	16	20.5247	78.5113
Anjanvihir	16	20.1505	78.7038
Anjangaon	16	20.5281	78.7707
Anjangaon	16	20.4036	78.9290
Anantpur	16	20.0066	78.7926
Andharia	36	27.6322	77.8168
Andua	36	27.6200	77.8174
Ant Nagariya	36	27.5846	77.7643
Anaura	36	27.5067	77.8851
Anwarpur	36	27.6336	77.9207
Anupia	36	27.6506	77.9250
Ankkhera	35	23.9834	79.4856
Ankhikhera	35	23.5671	79.2905
Anu	35	23.8495	79.5357
Anantsagar	40	17.6834	77.7646
Antaram	40	17.6959	77.8108
Anantsagar	40	17.5623	77.9510
Ankanpalli	40	17.6470	77.9040
Anghora	35	23.4229	79.8643
Andhuwa	35	23.3929	79.9280
Andhua	35	23.1658	79.8653
Andia	35	23.0589	79.7622
Angadpur	36	27.1162	78.5158
Anapur	19	16.7493	77.4137
Anwar	19	16.1146	77.3702
Antawaram	40	16.9551	77.5030
Annasagar	40	16.9032	77.5155
Antawaram	40	16.6895	77.6109
Anwariya	35	22.8558	79.0982
Andiya	35	22.9809	79.2320
Anjanpur	35	22.6278	79.2132
Andol	35	22.4613	79.0451
Anandgarhi	36	27.4522	77.7609
Angai	36	27.3741	77.8408
Antaigarhi	36	27.3886	77.9396
Andhiyari	35	22.8385	79.4441
Anandpur	36	27.7066	78.7900
Anogpur	36	27.6424	78.8336
Anganpura	36	27.2247	77.7541
Anurudhusingh ka Pura	35	26.6425	78.3191
Andiya	35	22.9513	79.6675
Anjaniya	35	22.3944	79.6179
Anguthi	36	27.1737	77.8845
Antaram	40	16.9727	77.8668
Andaoli	36	26.8731	78.8474
Andaoli	36	26.8647	78.8649
Anugonda	40	16.3594	77.6094
Anganapalli	40	16.3717	77.6177
Ansanpalli	40	16.9151	77.8207
Annareddipalli	40	16.8627	77.8595
Anantapur	40	16.7817	77.7986
Annasagar	40	16.9441	77.9124
Antampalli	40	16.9306	77.9736
Ankilla	40	16.7409	77.7590
Ananthapuram	40	16.1775	77.8691
Anjankhed	16	19.8400	78.0626
Angaia Gahgain	36	27.5073	79.0594
Angraia Gangain	36	27.5045	79.0840
Angraia Jamnain	36	27.5017	79.0834
Angadpur	36	27.5316	79.2057
Andakur	40	19.1264	78.0938
Andgudem	40	19.4859	78.3350
Anikhera	36	27.3882	79.1096
Anjani	36	27.2894	79.0379
Andharwadi	16	19.8731	78.5390
Anandpur	40	19.7849	78.6669
Ankena	40	19.1893	78.5105
Anantapet	40	19.0014	78.5252
Anandapuram	40	19.0622	78.7337
Angadpet	40	17.6379	78.0706
Antappaguda	40	17.3957	78.0503
Antara	35	21.7588	79.0992
Anjni	16	21.2072	79.2183
Antareddiguda	40	17.2115	78.1712
Antaram	40	17.1226	78.1547
Antareddiguda	40	17.1227	78.2195
Ankugudam	40	17.2149	78.2030
Antarwani	35	21.8708	79.6677
Ankpura	24	26.7726	77.5875
Anandpur	36	27.9091	79.6166
Andpur	36	27.7898	79.5803
Antri	35	26.3015	77.6091
Angad ka Pura	35	26.2106	77.5336
Antri	35	26.1043	77.8661
Antar	36	27.3485	79.6966
Antareddiguda	40	17.1354	78.2568
Anta	36	27.7116	79.7525
Antali	36	27.6804	79.8059
Anagpur	36	27.6360	79.7951
Anwarpur	36	27.5730	79.9102
Annaram	40	16.2737	78.1034
Anjangiri	40	16.3090	78.0957
Ankur	40	16.4414	78.0927
Andhaki	10	27.8891	77.2359
Antaram	40	16.8363	78.3487
Anbola	36	27.1790	79.5608
Anibhoj	36	27.1524	79.7043
Andhaua	36	27.0778	79.6778
Anandpur	35	25.7479	77.4560
Ankursi	35	25.5147	77.4984
Ankursi	35	25.7503	77.5354
Anta Khurd	36	27.7729	79.9855
Anta Kalan	36	27.7689	79.9922
Andharia	35	21.8310	76.6044
Antu Purwa	36	27.2896	79.7618
Anna	36	27.2866	79.8518
Anta	36	27.4836	79.9238
Andramau	36	27.2701	79.8761
Anandpur	35	25.0995	77.6439
Anandpura	35	24.7629	77.0031
Anandpur	35	24.4695	77.1975
Anmlya ka Chak	35	24.3632	77.0145
Anwaripura	35	24.3117	77.2107
Anandpur	35	24.5737	77.3638
Angadpur	36	27.4746	78.7557
Anandpur	36	27.3753	78.7623
Antpur	36	27.3464	78.8454
Anwari	35	24.5962	77.7458
Anantpur	35	24.4662	77.6841
Andharela	35	24.2500	77.5958
Anuppur	35	24.1707	77.5896
Anajpur	40	16.7458	78.7881
Anantaram	40	17.0297	79.2051
Aneparti	40	17.1255	79.2131
Anradhpur	36	27.5906	78.1133
Anigarhi	36	27.5072	78.0427
Anandpur	36	27.9728	78.3328
Ansupuri	36	27.7027	78.3195
Andauli	36	27.5935	78.2823
Ania	36	27.5027	78.2857
Anajpuram	40	17.3982	79.2704
Anantaram	40	17.4508	79.4159
Annawaram	40	17.0109	79.2887
Antayagudem	40	17.0172	79.3496
Anandipur Karkauli	36	27.0704	78.4297
Anta Ki Marhaiya	36	27.0669	78.3926
Anantaram	40	17.8092	79.6560
Anantaram	40	17.9691	79.7456
Anandipur	36	27.8742	78.7247
Annawaram	40	17.3795	79.6052
Annawaram	40	17.6240	79.9504
Anmangal	40	17.5873	79.9195
Anantagiri	40	17.0545	79.9838
Annarigudem	40	17.2275	79.8762
Angadipeta	40	16.9828	79.0346
Annaram	40	16.8552	79.2271
Anda	36	26.6962	79.5625
Anantpur	36	26.5540	79.6550
Anandpur	36	26.5109	79.5274
Antapur Ka Purwa	36	26.4291	79.7311
Antapur	36	26.4085	79.7181
Anwan	36	26.2989	79.6211
Angadipeta Tanda	40	16.7097	79.0804
Angadipeta	40	16.7058	79.0822
Anuppur	36	26.8387	79.9942
Anandi Purwa	36	26.9353	79.8253
Anantpur	36	26.9606	79.8469
Anta	36	26.7783	79.9405
Antwa	36	26.7789	79.9530
Angadpur	36	26.3455	79.8025
Anantapur	36	26.2851	79.8552
Anantram Purwa	36	26.2659	79.9829
Andwan	36	26.2640	79.8618
Anantrampur	36	27.4730	78.6791
Anda	36	25.9603	79.1844
Anumalagudem	40	16.8753	79.8567
Anta	35	25.1955	80.2906
Anta	35	25.2419	80.3937
Anjanan Kabir	36	25.6464	81.1725
Andmau	36	25.6519	81.1431
Anjrut	35	22.0546	76.9737
Antri	36	25.7083	82.0537
Antraura	36	25.6052	82.0830
Anjhara	36	25.5113	82.0742
Anghaura	36	25.4999	79.6643
Andwara	36	25.4186	79.5986
Anjani	35	24.1328	79.4223
Anandpura	36	25.1776	79.5696
Andhiyara	35	24.5715	79.4275
Angaur	35	24.7373	79.4198
Angariya	36	25.9148	82.9818
Anikapur	36	25.8133	82.9456
Anantpur	36	25.7527	82.9920
Andhiari	24	26.8223	78.1599
Antapura	24	26.7852	78.0345
Anjangaon	35	21.6065	76.2226
Antram ka Purd	35	26.5870	78.0872
Andiya Khurd	35	23.7101	77.8100
Andiya Kalan	35	23.7253	77.8985
Andol	35	23.3883	77.8767
Andiya	35	23.3783	77.9686
Andhari	35	21.4323	76.4272
Antraila	35	24.5654	82.1860
Anegpur	36	25.6214	83.0045
Anauni	36	25.6001	83.1473
Anewa	36	25.4533	83.0829
Angad ka Pura	35	26.6902	78.6317
Anuruddhpura	35	26.6855	78.7251
Andpura	35	26.6197	78.6490
Anandipur	36	25.0244	83.0547
Anto	35	26.3576	78.7730
Andhiyari	35	26.3415	78.9745
Anwali	35	22.6492	77.4936
Anwalighat	35	22.6413	77.4888
Ankalpur	35	22.9520	77.6325
Anchalkhera	35	22.7115	77.8682
Ankmau	35	22.6902	77.9506
Andora	35	25.6782	78.2185
Andar	35	25.5448	78.0866
Anurabad	16	20.9177	76.2378
Andhokar	36	25.6406	83.3661
Angurpur	36	25.7157	83.4261
Andila	36	25.6512	83.4211
Ankuspur	36	25.5616	83.4634
Anvi	16	20.7338	77.1934
Ansing	16	20.3120	77.0251
Anrudhpur	36	25.2480	83.4067
Ansuli	35	25.9692	78.6876
Anandpur	35	25.9262	78.5956
Antapur	16	20.9058	77.5253
Anjani	16	20.8154	77.6353
Anandnagar	16	20.9249	77.7463
Anandjot	36	25.9452	83.6571
Anwati	36	25.4972	83.6372
Ant Dih	34	25.3625	83.6774
Anantpur	34	25.2834	83.6010
Ankhi	35	21.8102	77.3085
Ankawari	35	21.8590	77.9570
Anwarhia	34	25.1907	83.5300
Anantpur	34	25.1628	83.5752
Andhaura	36	25.7316	83.8024
Anhari	34	25.2805	83.8879
Andaur	34	25.2084	83.8836
Anantpura	34	25.0322	83.9338
Anai	16	20.4936	77.5262
Antargaon	16	20.2585	77.7456
Antarba	36	24.8023	83.0089
Anwarhawan	36	24.8004	83.0707
Anikat	16	21.0728	77.1678
Antargaon	16	21.0138	77.2977
Anchalwari	16	21.0687	77.5623
Anakwari	16	21.0555	77.6102
Andherbaori	35	21.3996	77.7532
Antur	16	21.1299	77.8077
Angora	16	21.0212	77.7802
Antargaon	16	20.9857	77.1534
Anakvada	16	20.7891	77.1102
Anjankheda	16	20.0504	77.1342
Anbhora	16	20.7028	77.3218
Antarkhed	16	20.5721	77.4700
Antargaon	16	20.0414	77.9953
Anjanvihari	35	21.6041	79.7143
Andhalgaon	16	21.3604	79.6184
Ankhiwara	35	21.9389	79.8197
Ankhiwaratola	35	21.9450	79.8199
Antratola	35	21.9281	79.8380
Antra	35	21.9256	79.8334
Antratola	35	21.9201	79.8282
Ansera	35	21.7329	79.9403
Anseratola	35	21.7335	79.9527
Anjangira	36	24.0498	83.1848
Anjan	36	24.5532	83.3432
Andheritola	38	24.4645	83.4600
Ankutola	38	24.1575	83.3887
Anandpur	37	24.0301	83.4376
Anepuram	40	17.4109	79.8403
Andhiari	35	25.9557	78.8762
Anthari	36	25.8169	78.9066
Anjani	16	20.9829	79.3444
Antargaon	16	20.7804	79.8599
Anandban	16	20.2577	79.0212
Antargaon	16	20.3420	79.6093
Andhiyari Bari	35	25.0665	80.0597
Andaha Purwa	35	25.0447	80.1565
Antargaon	16	20.2033	79.9036
Angadpur	36	25.9558	80.4590
Anandwadi	16	18.9822	76.6788
Anwarkhera	36	25.9342	80.5095
Antarwali	16	18.7857	76.6856
Anandwadi	16	18.7532	76.7209
Anijigi	19	16.8494	76.6361
Antaral	19	16.4592	76.6821
Ankasdoddi	19	16.0350	76.6081
Anandagal	19	16.0822	76.6937
Anwari	19	16.1609	76.7444
Anbi	19	16.8534	76.8999
Anji	16	19.6655	78.0662
Anwai	35	23.7134	78.1102
Andabodi Tanda	16	19.2719	78.0504
Andabodi	16	19.2650	78.0593
Anantaram	40	17.6881	78.3929
Anantammaguda	40	17.4637	78.4659
Annajigudam	40	17.0656	78.5195
Andhiari	35	23.3205	78.1946
Angaligundala Tanda	40	16.9976	78.1211
Antaram	40	16.5920	78.3806
Anantaram	40	16.5323	78.4964
Anantsagar	40	16.4356	78.4037
Anantapuram	40	16.3129	78.2498
Ankarampalli	40	16.4600	78.7229
Anantwaram	40	16.3121	78.5569
Anibagiri	40	16.2866	78.5778
Anksi	35	24.3751	78.1029
Anneboinapalli	40	16.8545	78.7579
Andugula Tanda	40	16.7824	78.7694
Antampet	40	16.7666	78.7820
Andugula	40	16.7589	78.7692
Anausa	36	25.5657	80.5779
Anwan	36	25.5682	80.7214
Anantapuram	40	17.8549	79.1565
Ankushapuram	40	17.9691	79.1613
Anantawaram	40	17.5617	79.1801
Annawaram	40	17.6911	79.6990
Annawaram	40	17.1252	79.5736
Anantawaram	40	17.0323	79.6488
Anajpur	40	17.0556	79.6163
Anthua	36	25.3047	80.5228
Anandikheri	35	23.7592	76.2623
Andewadi	16	17.3741	76.3169
Ankalgi	19	17.3044	76.4946
Andela	35	24.2761	78.5000
Ankalga	19	17.1362	76.4964
Anapkatti	19	16.1696	76.1953
Ankanhal	19	16.1508	76.2493
Antargaon	40	19.8779	78.3687
Andbori	16	19.5002	78.2712
Ankata	40	19.6762	78.5635
Ankoli	40	19.6051	78.5720
Andoli	40	19.4603	78.6857
Anji	40	19.4716	78.6869
Angautha	36	27.1614	79.0359
Anuppur	36	27.0456	79.0319
Anuppur	36	27.0557	79.1530
Antaraila	35	24.7778	81.4710
Antariya	35	24.5730	81.2644
Anantpur	35	24.5610	81.3205
Antaraila	35	24.7538	81.5013
Andhiha	35	24.7400	81.6097
Anti	35	24.6873	81.7110
Antrakanda	35	24.6409	81.6622
Antra	35	24.6262	81.6647
Antra	35	24.6374	81.6526
Antari	35	24.6147	81.6392
Antari	35	24.6130	81.6208
Anwi	35	24.6326	81.5232
Anwi	35	24.6398	81.5228
Anwi	35	24.6534	81.5272
Antraila	35	24.7690	81.7958
Antraila	35	24.7932	81.8663
Antraila	35	24.7600	81.9904
Anandgarh	35	24.3729	81.2654
Anhara	35	24.1865	81.3532
Ancharkund	35	22.4932	78.9965
Andauli	36	25.8799	80.8142
Andmau	36	25.7772	80.8226
Andipur	36	25.7879	80.9021
Anbi	36	25.9307	80.8936
Anganpur	36	25.9900	80.9951
Andhnia	36	27.6404	79.4215
Andhi Dehi	36	27.6811	79.3985
Antargaon	16	20.3900	78.5991
Anji	16	20.3002	78.5862
Anjansar	16	20.4093	78.6739
Antirbidia	35	24.5128	80.3094
Anhawa	36	25.9613	82.1205
Antpur	36	25.9386	82.1728
Andyuri	36	25.9977	82.2312
Anapur	36	25.9163	82.1617
Ankaripur	36	25.9613	82.2603
Anapur	36	25.8558	82.3126
Angrah	36	25.8493	82.3217
Anapur	36	25.8433	82.3163
Andipur	36	25.9771	82.4232
Anusar	36	26.0008	82.4581
Anapur	36	25.8414	82.7464
Anchalpura	35	23.4988	79.3755
Ankhiwara	35	23.0405	79.4167
Antarbidia	35	24.4070	80.1664
Anghori	35	22.1779	79.0120
Andawan	36	25.6274	81.4033
Andia	35	22.6690	79.5644
Anuan	36	25.4981	82.2770
Anand Dih	36	25.4672	82.3417
Antraura	36	25.3120	82.3022
Anapur	36	25.2810	82.4189
Andhri ka Pura	36	25.3150	82.4358
Ana ka Pura	36	25.3870	82.4067
Ankra	36	25.4937	82.5586
Anegpur	36	25.3876	82.6412
Anai Bazar	36	25.4508	82.7366
Anjoripur	36	25.4671	82.7487
Anurudhpur Chak	36	25.2275	82.5073
Anurudhpur Pachhimpatti	36	25.2228	82.5075
Anurudhpur Purabpatti	36	25.2192	82.5137
Anantrampatti	36	25.1537	82.6207
Andhla	36	25.0204	82.5855
Anantpur	36	25.1165	82.5379
Anantpur	36	25.3322	82.8927
Anaula	36	25.3624	82.9834
Anauli	36	25.3638	82.9899
Anaura	36	25.3804	82.8898
Anjorpatti	36	25.4295	82.9513
Angnaiya	36	25.4696	82.9161
Antahi	36	25.2934	82.0117
Anjanan	36	25.3787	82.1305
Anaon	36	25.4117	82.2122
Anantapur	36	25.2796	82.1665
Anantpur	36	25.1946	82.7616
Anantpur	36	25.0225	82.7760
Anwrahi	36	24.7192	82.8993
Andhiariya	35	24.1682	82.2120
Antari	35	24.3864	82.3786
Anwal	10	28.8216	76.4457
Antahia	36	25.2397	81.9994
Andhi	36	25.1766	82.1769
Antri Amilia	36	25.1325	82.1636
Anjo	36	25.7495	82.2695
Anapur	36	25.6852	82.4479
Anuan	36	25.5072	82.2711
Andpur Siktia	36	26.7183	80.8140
Anwarpur	36	26.5336	80.8863
Anup Khera	36	26.7197	80.9095
Anghemau	36	26.5591	80.9953
Anjorpur	36	25.6784	82.8736
Andhi Khera	36	26.1962	80.8792
Anapur	36	26.1442	80.9298
Ansuwala	36	29.0191	78.1329
Anupnagar	36	29.5699	78.4902
Anwarpur Adil	36	29.2859	78.3447
Andupur	36	27.5700	81.0332
Anora	36	27.5605	81.1912
Anori Shahpur	36	27.7139	81.1849
Antrauli	36	27.3234	81.1133
Anbanpur	36	27.4028	81.1795
Angthuwa	36	27.4308	81.1910
Anbipur	36	27.2715	81.0213
Anpara	36	24.1941	82.7917
Anwar Purwa	36	27.5281	81.5465
Andhara Chak	36	27.6060	81.5807
Andhara Purwa	36	27.5029	81.6351
Angnapara	36	27.4238	81.5483
Anchaulia	36	27.4101	81.5936
Anbhapur	36	27.2529	81.6827
Anbhipur	36	27.2574	81.6762
Andaur	36	25.8211	83.9915
Anandpur	36	27.4408	81.6319
Andheri Chak	36	27.4727	81.6927
Andhar Purwa	36	27.3868	81.6658
Andharpurwa	36	27.5858	81.9472
Anandi Purwa	36	27.6689	81.9017
Anandi Purwa	36	27.1871	81.8274
Angad Singh Purwa	36	27.0989	81.8272
Andupur	36	27.0501	81.8273
Anand Purwa	36	27.0446	81.9409
Anda Para	36	27.1248	81.9907
Anaura Khurd	36	26.9026	81.0830
Anaura	36	26.8996	81.0894
Anandipur	36	26.8063	81.0521
Anup Khera	36	26.7061	81.0816
Anaiya Khargapur	36	26.6503	81.1587
Anupganj	36	26.9940	81.3747
Angadpur	36	26.8136	81.4996
Andupur	36	26.5874	81.3616
Ansari	36	26.5942	81.3658
Andumau	36	26.6389	81.3824
Anguri	36	26.5654	81.4575
Anguri Paohhim	36	26.5682	81.4555
Ankohri	36	26.7129	81.4468
Angan Pathri	12	34.1097	74.2421
Antargaon	16	20.6138	79.0770
Anwlabungi	39	29.7157	78.8939
Androli	39	29.7224	78.9801
Andharwar	35	24.7568	80.9914
Antarbedia Kalan	35	24.4638	80.7701
Antarbedia Khurd	35	24.4613	80.7554
Angadpur	39	29.3256	78.7710
Antri	36	26.2841	81.1059
Andobar	36	26.2871	81.1748
Anguri	36	26.3207	81.1303
Angat Purwa	36	26.3593	81.1599
Anand Kunwar Khera	36	26.4695	81.1907
Andupur	36	26.4016	81.3544
Anwarganj	36	26.3790	81.3448
Anupnagar	39	29.2491	78.8663
Ankaripur	36	26.2743	81.7547
Anbhola	36	26.3975	81.8768
Anhida	36	25.9427	81.0567
Anbi	36	25.8981	81.1377
Anipur	36	25.3497	81.0991
Anandpur	36	25.2623	81.0248
Andharwari	16	19.7465	77.1400
Anbhari	16	19.7254	77.2362
Anbarpur	36	27.1937	80.8151
Anantpur	36	27.1571	80.9185
Anwarpur	36	27.1785	80.9198
Angad Purwa	36	27.2237	80.9984
Anthapur	36	27.1640	80.9008
Anchehra	36	27.1827	81.5351
Anauri	36	27.1035	81.5403
Anjanwara	16	19.5801	77.0245
Angad Singh Purwa	36	27.1298	81.6575
Anjari Singh	36	27.0463	81.6516
Anupganj	36	27.1806	81.7233
Anantpur	36	27.3179	81.9309
Anand Barai Pura	36	27.3259	81.9431
Anegi	36	27.2673	81.9692
Andawari	16	19.7135	77.3665
Anbhari	16	19.6946	77.3059
Anjankhed Buzruk	16	19.9551	77.9936
Anantwadi	16	19.8379	77.8486
Anmal	16	19.7893	77.8943
Anjni	16	19.7888	77.9652
Aniari	36	28.9251	78.6502
Annaram	40	18.9817	78.1716
And Khera	36	28.1299	79.8140
Andyara	36	28.1734	79.9416
Anantagiri	40	18.7374	78.0568
Anicut	40	18.5720	78.1194
Ansarganj	36	25.8415	81.3752
Antamau	36	25.7851	81.4252
Andharipur	36	25.8935	81.4143
Antri	36	25.9727	81.3987
Anandpur	36	28.4130	78.5856
Anba	36	26.0913	81.0126
Anba	36	26.1140	81.0676
Anwarha	36	26.0882	81.1353
Ankohri	36	26.6944	81.5793
Aniari	36	26.6135	81.5629
Anarpatti	36	26.7023	81.5931
Andipur	36	26.6137	81.5986
Ankra	36	26.5224	81.6398
Anchli Purwa	36	26.9532	81.8602
Antar	36	28.1146	78.6059
Antipur	36	26.1272	81.8116
Annareddipalli	40	18.2278	78.1729
Annaram	40	18.2364	78.2476
Annaram	40	18.0199	78.1368
Andhri Jot	36	27.6118	82.1516
Andhar Purwa	36	27.6767	82.1046
Antaipur	36	28.2864	78.8876
Anandipur	36	28.0740	78.7710
Antpur	36	28.1289	78.9660
Anksapuram	40	18.8155	78.3916
Ankapuram	40	18.7656	78.2553
Andrachhi	12	33.4632	74.6458
Ans	12	33.4467	74.5781
Ansanpalli	40	18.5626	78.3193
Andheri Jot	36	27.3793	82.0270
Anchlapur	36	27.4329	82.1641
Anandpur	36	27.3004	82.1342
Anandpur	36	27.2754	82.1544
Andupur	36	27.1821	82.0441
Andhawan	36	25.4288	81.2768
Andhrapur	36	27.1312	82.1914
Andhiari	36	27.0972	82.2353
Andhraura	36	27.1157	82.1138
Antpur	39	29.8615	79.0039
Angad Dih	36	27.2908	82.2990
Annaram	40	18.4022	78.4582
Ansannagar	36	27.1747	82.4297
Ansahwa	36	27.1649	82.3396
Anraurpur	36	27.0955	82.4338
Anchanur	40	18.2450	78.4581
Antampalli	40	18.2171	78.4052
Andwa Ghat	36	27.0501	82.5680
Anduwa Sanichra	36	27.2240	82.5919
Anup Pura	36	27.0295	82.6180
Antardiha	36	27.1106	82.6833
Anduwa	36	27.1853	82.6745
Antardiha	36	27.0803	82.7740
Andeora	36	27.0060	82.7777
Andeori	36	27.0124	82.7789
Anwari	36	27.0412	82.9032
Anant Jot	36	27.0202	82.9123
Anandi Purwa	36	26.8601	82.0551
Anbhula	36	26.9164	82.1175
Anbha	36	26.9824	82.2334
Ankarpur	36	26.5338	82.0718
Antpur	36	26.6848	82.0970
Ankwara	36	26.6821	82.1702
Anjanan	36	26.6662	82.2180
Ankampet	40	18.1873	78.7490
Angna Kol	36	26.3114	82.0994
Ankaripur	36	26.2506	82.0219
Antargaon	40	18.7655	78.8884
Anantaram	40	18.8478	78.9826
Anpur	36	26.1501	82.1175
Anganwa	36	26.2479	82.1826
Anbar Singh	36	26.1790	82.1860
Antpur	36	26.1625	82.2183
Angrala	12	33.3744	74.8869
Anantapalli	40	18.5493	78.8032
Anantapalli	40	18.5483	78.9225
Anpur	40	18.4220	78.8756
Ankareddipalli	40	18.3214	78.7802
Anksapur	40	18.3414	78.8348
Anantagiri	40	18.2585	78.9110
Ansara	35	25.0342	81.3318
Andwa	35	25.0123	81.4488
Antri Majra	36	25.1380	81.4820
Anantram	36	26.9481	82.4113
Anandpur	36	26.7291	82.4160
Ankaripur	36	26.5698	82.3914
Antpur	36	26.6079	82.4449
Anapur Saraiyan	36	26.5855	82.4144
Ankaripur	36	26.2639	82.2586
Ananpur	36	26.4871	82.3705
Anupur	36	26.3187	82.3749
Ananwan	36	26.4702	82.4823
Angwal	36	26.3689	82.4668
Anaura	36	25.9839	83.1057
Anwak	36	25.9612	83.0815
Anai	36	25.8851	83.2342
Anapur	36	26.0747	82.2649
Ankolhi	36	25.8039	83.0412
Anantpur	36	26.2015	82.3617
Anda	36	26.1859	82.3807
Andhiari	36	26.0878	82.3439
Anapur	36	26.1001	82.2691
Anwara Tonda	36	26.8347	82.5516
Aniar Piprahia	36	26.9324	82.6056
Andupur	36	26.7721	82.6309
Andherwa	36	26.3732	82.5282
Anjanpara	36	26.2916	82.6750
Anrudhpur	36	26.1916	82.5179
Andwa	36	26.7868	82.7942
Anda	36	26.7744	82.8522
Anupakhor	36	26.6758	82.8688
Andhra Khadar	36	26.6679	82.9838
Anwaon	36	25.9985	83.3040
Annunpar	36	25.9982	83.3265
Anupambattu	25	13.3051	80.2297
Anauradand	36	26.3630	82.7938
Angrauli	36	26.2613	82.8038
Anantpur	36	26.3038	82.8791
Anjanpur	36	26.4854	82.9231
Annapur	36	26.4415	82.9166
Andika	36	26.1906	82.7742
Andhipur	36	26.1031	82.7966
Anjorpur	36	26.2491	82.8238
Andhiari	36	26.1642	82.9138
Antri	36	27.0947	83.1000
Anirudpur	36	27.1549	83.1745
Anuppur	36	27.1908	83.2279
Anzawul	12	33.7577	75.1774
Anyisdar	12	33.7432	75.1607
Anhera	36	25.8993	81.5870
Anjani	36	25.7539	81.5822
Antpur	36	25.9792	81.5659
Anai	36	26.8135	83.0793
Antari	36	26.9076	83.0739
Andhra Patti	36	26.5914	83.1126
Antpur	36	26.7090	83.1432
Anrilapar	36	26.7252	83.2215
Andhia	36	26.9855	83.5327
Anuppur Baghia	36	26.4030	83.0549
Anrudhpur	36	26.4782	83.1853
Ankolhi	36	26.1827	83.1123
Anantpur	36	26.0279	83.0740
Anjori Karim	36	26.0255	83.0799
Andhauri	36	26.0109	83.0821
Andakhor	36	26.1781	83.2476
Anrrauli	36	26.5170	83.3720
Anandipur	36	26.5200	83.4283
Ankusi	36	26.4404	83.4124
Anandgarh	36	26.2920	83.4365
Ant Kahua	36	26.8404	83.5877
Anantpur	36	26.7484	83.6333
Ankhuriya	36	25.7218	81.5056
Andhiyari	36	25.6104	81.6509
Anapur	36	25.6212	81.6877
Anapur Chhotka	36	25.6307	81.7084
Annawan	36	25.7344	81.6105
Anusa	36	26.4519	83.5057
Ankolni Mubarakpur	36	26.1555	83.6040
Anchan	12	33.2983	75.0889
Ansu	12	33.2291	75.0875
Angahdan	12	33.8058	75.2851
Anwayan	36	26.1075	83.8558
Anjanan	36	26.1598	83.9382
Ankolhi	36	25.7438	83.5277
Andhaun	36	25.6167	83.5748
Andhera	36	25.5411	83.6028
Anharipur	36	25.5342	83.6051
Annaram	37	18.6511	80.4016
Anyol	12	33.3248	75.7243
Anganpalli	37	18.7913	80.5364
Ankanagudem	40	18.2508	80.6150
Andia	35	23.7721	80.2627
Antarbed	35	23.4287	80.3180
Andahr	35	23.1443	80.2994
Antaria	35	23.3672	80.5726
Anchla	35	23.6063	80.8176
Anakhera	35	23.0658	80.8565
Anakhera	35	23.0922	80.8630
Angnol	12	33.0445	75.8661
Anandpur	12	32.6443	75.0664
Anial	23	32.2873	75.3794
Antur	23	32.2993	75.4257
Anandpur	23	32.2717	75.4524
Anandpur	23	32.0902	75.4801
Anetar	12	32.6847	75.5850
Anatpur	36	25.8807	81.8062
Antpur	36	25.8055	81.9188
Anti ka Purwa	36	25.9521	81.9522
Anedhi	36	25.7042	81.9612
Anupsar	23	32.2545	75.5020
Anandpur	23	32.2787	75.6463
Antraila	36	25.2998	81.7639
Antawa	36	25.4298	81.9505
Antari Kalan	36	25.1786	81.8541
Antri	36	25.0050	81.9734
Antri Khurd	36	25.2082	81.8867
Antariya	35	24.7851	81.2371
Andog	24	23.1466	74.5991
Andoi	11	32.1412	75.6539
Anehr	11	32.1496	75.6587
Andarla Damtal	11	32.2380	75.6619
Anjnia	35	22.2181	74.9772
Anabi	11	32.4432	75.9915
Angela	11	32.4682	75.9450
Andva	16	21.8868	74.0447
Anturli	16	21.3800	74.7208
Anchande	16	20.8303	74.9305
Anturveli	16	20.0889	74.4272
Ankai	16	20.1835	74.4547
Anakvadi	16	20.2061	74.4418
Ankute	16	20.1300	74.4701
Angangaon	16	20.0419	74.4671
Antralya	35	22.9805	75.9183
Anjanvihira	16	20.7332	75.2974
Anakwara	35	22.7641	80.0377
Anturli Khurd	16	20.8100	75.3297
Anturli Khurd	16	20.7071	75.3404
Anturli Budrukh	16	20.7169	75.3402
Anjola	16	20.5347	75.3827
Antarai	35	22.5629	80.0303
Andia	35	22.6907	80.1359
Andraha	11	32.1037	75.8530
Andheru	11	32.2417	75.9359
Anoh	11	32.0328	75.9438
Anoi	16	20.3603	75.6852
Andheriwadi	16	20.1110	75.9811
Andia	35	22.4830	80.0905
Andhari	09	24.1475	72.6779
Ankliara	09	24.0031	72.7488
Angor	24	24.8856	72.7794
Andhari	35	22.8415	80.4812
Angari	37	20.7387	81.2897
Andi	37	20.3405	81.3248
Angara	37	20.8063	81.6229
Andiadar	35	22.8070	80.6177
Andia	35	22.8416	80.7251
Anditola	35	22.0720	80.6844
Andewadi Khurd	16	17.3752	76.0632
Andewadi Budrukh	16	17.3705	76.0687
Anji	35	22.5278	80.9206
Anjni	35	22.5133	80.9193
Anupgarh	10	29.2558	76.3520
Ancholi	36	29.2709	77.6073
Anchora	36	29.2896	77.6008
Andria	16	21.7506	74.3572
Anakvada	16	21.6463	74.4813
Andrisa Khas	23	31.1694	75.0706
Ana	24	25.2902	73.4943
Anjora	16	21.2969	80.4056
Angarh	23	31.7199	75.4776
Andhiariban	35	21.7699	80.5543
Andori	35	21.8009	80.6406
Angdosh	24	25.6424	73.6747
Angikeri	23	31.0431	75.4694
Anowal	23	31.0946	75.3235
Andhiatola	35	21.3712	80.5612
Anti	24	25.5745	73.9378
Antali	24	25.5428	73.8463
Anjana	24	25.5269	73.9613
Anti	24	25.5632	73.9648
Anko	37	21.0452	80.5232
Andi	37	21.1742	80.6809
Anakvadi	16	20.7666	74.6913
Andhari	16	20.4144	74.8647
Anchalgaon	16	20.1466	74.8500
Ansukheri	35	22.5618	75.6209
Anvarda Budrukh	16	21.2248	75.0875
Ananti Sim	16	21.1999	75.0453
Anturli	16	21.0937	75.0606
Anvarda Khurd	16	21.1836	75.1640
Antari	37	22.9737	82.5549
Angurni	16	21.3292	75.2653
Anora	16	21.0250	75.3088
Anjanvihira	16	21.0901	75.3895
Anakvadi	35	21.6932	75.6659
Anchalgaon	16	20.7693	75.2185
Andhaner	16	20.2734	75.1014
Anchhimar	37	22.2926	82.8040
Anwarid	37	21.8770	82.6154
Andil	37	21.9609	82.9577
Anjania	37	21.5254	82.7774
Anwarpur	37	21.0948	82.4076
Anrodhpur	36	27.2462	80.6522
Angul	21	21.0975	82.7235
Andhpur	36	27.1730	80.6254
Ant	36	27.0865	80.7319
Anipur	36	27.0258	80.6333
Ant	36	27.0132	80.7175
Andhri	16	20.6088	80.1610
Anjantola	16	20.6616	80.1924
Andeshnagar	36	27.6811	80.9452
Anbhia Purwa	36	27.6846	80.8032
Angetha	36	27.6655	80.7823
Angrasi	36	27.6359	80.9600
Angrauja Dakhli	36	27.6539	80.9688
Angrasi	36	27.5794	80.9047
Angheta	36	27.5774	80.9429
Andhanan	36	27.3291	80.9154
Anbaha Purwa	36	27.4123	80.9574
Anokharwal	23	31.2166	75.8987
Anihar	23	31.1472	75.8487
Andrun Bhataor	11	33.1449	76.4682
Anoh	11	33.1352	76.4087
Andruf	11	33.0917	76.4749
Antund	11	32.9522	76.1620
Andwas	11	32.8954	76.1202
Angriala	11	32.8967	76.2132
Andwas	11	32.7942	76.1035
Angara	16	20.4576	80.3186
Andresar	11	32.7155	76.0441
Anela	11	32.6426	76.0644
Antargaon	16	20.6344	80.3305
Antargaontola	16	20.6355	80.3432
Angela	11	32.4451	76.0202
Andrar	11	32.4038	76.0155
Andrala Nal	11	32.3337	76.0487
Antaliya	24	25.2131	73.7654
Anuhi	11	32.2081	76.0420
Anain	11	32.2325	76.1298
Antargaontola	16	20.5995	80.5841
Antargaon	16	20.5919	80.5962
Anch	11	32.9842	76.4979
Andri	11	32.6153	76.2700
Angwar	35	22.7447	81.0828
Annutola	37	20.7983	80.8948
Angara	37	20.5457	80.9799
Andhawera	37	20.2015	80.8077
Andai	35	22.7049	81.1227
Anha	35	22.5919	81.1405
Andhiyarkho	35	22.6116	81.0061
Andhiarkhoh	35	22.9019	81.3665
Andhrikachhar	37	22.2829	81.2957
Angari	11	32.4967	76.2945
Ananka	11	32.4350	76.3612
Andhiarkhor	37	22.1467	81.3670
Anchhi	37	22.0325	81.3810
Ansohi	11	32.1892	76.2524
Ansoli	11	32.1441	76.2907
Antipur	36	27.1245	81.0838
Anwari	36	27.0006	81.0222
Angu Purwa	36	27.0973	81.1229
Anantpur	37	22.0246	81.5529
Anjani	35	22.9925	81.7772
Anjani	37	22.7525	81.8816
Andhiyarkhoh	37	22.8457	81.8378
Andhideori	24	26.0912	74.3842
Andreta	11	32.0372	76.5726
Andor	11	32.0196	76.5459
Andul	37	22.7432	81.9368
Andarli Malan	11	32.0739	76.8692
Anor	11	31.9720	76.1061
Anoh Bohala	11	31.8103	76.2482
Anoh	11	31.8053	76.2430
Andu	37	21.6082	81.5721
Anandgaon	37	21.5045	81.5678
Antargarhi	37	21.6193	81.5852
Anda	37	21.9597	81.9757
Andrauli	11	31.9074	76.4326
Angreh	11	31.8886	76.2852
Andarwari	11	31.8398	76.3782
Angrer	11	31.7903	76.3114
Andara	11	31.7792	76.3959
Andalgi	19	14.9135	74.9887
Androla	11	31.1325	76.6530
Andralu	11	31.8750	76.8274
Anarupa	11	31.8504	76.8353
Ana	11	31.8095	76.8501
Androl	11	31.6421	76.9035
Andpa	11	31.3963	76.9642
Anian	23	30.6081	76.2551
Andolli	19	14.6671	74.8062
Angodkop	19	14.7331	74.9402
Ansari	24	26.2412	74.5601
Anun	11	30.8539	76.9751
Anathpura	24	26.9564	75.7304
Ankori	37	21.1850	82.8879
Antarla	37	21.2375	82.9640
Annandale	11	31.1105	77.1565
Andora	37	20.4643	82.1199
Anwarpur	09	23.1245	74.1758
Anupura	35	23.0061	74.4719
Anurupgarh	21	20.5433	82.7030
Anu Basa	11	31.1028	77.7722
Ankapur	21	20.1877	82.6624
Andhri	37	23.8387	83.1752
Anrudpur	37	23.9367	83.5164
Anhar	38	23.8709	83.5820
Anlebail	19	14.4778	74.7732
Anu	11	30.9462	77.5580
Antraoli	11	30.9197	77.5621
Anog	11	30.8472	77.6063
Antaravalli	19	14.4015	74.9904
Andavalli	19	14.3627	74.9513
Anandpura	35	24.1656	79.9362
Ankiya	35	23.8267	76.0083
Antraliya	35	23.9452	76.2135
Anbehta	36	30.2070	77.6090
Anwarpur Barauli	36	30.1247	77.6752
Anandpur	35	23.6256	76.1726
Anupgarh	35	23.5004	76.1203
Anu	39	30.8621	77.8182
Anguluru	02	17.2808	81.6689
Annampalem	02	17.6083	81.9187
Anti	36	29.2300	77.8475
Ankhali	35	23.4790	76.1900
Andi	37	21.9018	83.0434
Anda	37	21.9033	83.0486
Anjoripali	37	21.9720	83.1032
Anantkheri	35	23.2476	76.0893
Anandpur Dungeria	35	23.0024	76.1420
Andhiarichhapar	37	21.5139	83.1256
Anandikheri	35	23.5940	76.3354
Ankhali	35	23.5544	76.2583
Anterjhala	37	21.2145	83.0813
Andpur	39	29.9730	78.9171
Andkil	39	29.9467	78.8371
Angni	39	29.8260	78.8050
Andarson	39	29.8022	78.8421
Antrari	21	21.6188	83.4779
Anandpur	36	28.5019	78.1314
Anjni	36	28.4367	78.0349
Anibas	36	28.3693	78.2133
Anchaura	36	28.3254	78.2245
Anjalpur	36	28.2126	78.2442
Anona	36	28.2215	78.0452
Angapur	36	28.9523	78.8227
Anandpur	36	28.9573	78.8053
Anola Ghat	36	28.8810	78.8762
Ankoli	21	21.7658	83.6300
Ankelbira	21	21.8365	83.7230
Antapali	21	21.4458	83.6216
Andarwara	39	30.5040	79.1557
Anantapali	21	21.0967	83.5800
Andharibanji	21	21.0380	83.6745
Andharipali	21	21.3474	83.8735
Antarda	21	21.0482	83.7808
Antarla	21	20.9199	83.1069
Anagalli	19	13.6342	74.7161
Angni Purwa	36	27.5314	81.2784
Angraura Dubha	36	27.6422	81.3301
Ankha	36	27.0331	81.2592
Antrauli	36	27.1010	81.3431
Ankohra	36	27.1395	81.3627
Anurudpur	36	26.1180	81.3144
Anti Naugawan	36	26.1510	81.3607
Anbarpur	36	26.9518	81.5227
Anbhipur	36	26.7648	81.7057
Anand	36	26.8727	81.6700
Angraon	36	26.3431	81.7130
Ankhara	36	26.3673	81.7379
Ankhari	36	26.3624	81.7282
Anapur	36	26.2427	81.7021
Anibaijal	36	26.1701	81.7061
Antriguda	02	18.2992	82.7987
Anjada	02	18.3621	82.8384
Angur	25	12.7304	80.0209
Annamalaiputheri	25	12.5144	80.0800
Angamampattu	25	12.5255	80.0967
Andikuppam	25	12.6334	80.1151
Annappanenivarigudem	02	16.7774	81.0000
Ankannagudem	02	16.7666	81.0301
Annapanavarigudem	02	16.9802	81.1137
Anukulapalem	02	17.5505	82.0239
Anantagiri	02	17.5689	82.1424
Anamanapudi	02	16.5024	81.0694
Anandapuram	02	16.5397	81.1430
Anandaraopeta	02	16.5077	81.1999
Anigeru	02	17.4798	82.0451
Annavaram	02	17.3784	82.0940
Anuru	02	17.0589	82.0449
Anumalgudem	02	16.8551	81.2581
Anantapalle	02	16.9767	81.4442
Antarla	02	17.8620	82.3370
Annavaram	02	17.9855	82.4137
Antada	02	17.7044	82.3393
Ankampalem	02	17.5850	82.3791
Antimamidijorlu Gadampalem	02	17.6952	82.4754
Anantasagaram	02	17.6850	82.4578
Anumari	02	17.4420	82.3085
Ankampalem	02	17.4007	82.3102
Anantaram	02	17.3826	82.3368
Anakoderu	02	16.4970	81.4952
Anjaneyapuram	02	17.0754	80.6133
Anjupaka	40	17.8551	80.9225
Anantavaram	02	16.5460	80.0943
Andukuru	02	16.5296	80.1727
Anjalingi	02	17.8589	82.5544
Anredi	02	17.8826	82.7455
Annavaram	02	17.6084	82.6353
Antlapalem	02	17.7272	82.6416
Anuru	02	17.2816	82.5216
Antilova	02	17.9667	82.8003
Anicut	02	17.9043	82.8117
Annavaram	02	17.8360	82.9405
Ansar	34	26.0290	84.3658
Anandapuram	02	17.6429	82.8294
Analapeta	02	17.5539	82.9039
Anjaneyah Kovil	02	17.6325	82.8779
Andalapalle	02	17.5981	82.9884
Annambhatlavaripalem	02	16.0317	80.2311
Anantavaram	02	16.0281	80.1621
Anigandlapadu	02	16.8914	80.2867
Anasagaram	02	16.7900	80.2747
Andariguda	21	19.9237	83.2763
Annavaram	02	16.0876	80.2670
Annaparru	02	16.0932	80.3059
Anantavarappadu	02	16.2343	80.4525
Anjanaguda	37	19.0547	82.1319
Anchula	21	19.2427	82.2018
Anumullanka	02	16.9755	80.5438
Anantavaram	40	16.7914	80.5988
Andirakanch	21	19.3178	83.0150
Anvalaguda	21	18.7452	82.3937
Anjor	21	19.1448	83.1127
Antamguda	21	18.4858	82.3279
Andrapalle	21	18.3174	82.3150
Andrakal	21	18.4739	82.3586
Antabongu	02	18.4111	82.4597
Anandapuram	21	19.3274	83.3936
Ankulapadar	21	19.4364	83.5543
Antigam	21	18.8667	82.5264
Antalguda	21	18.8651	82.6083
Anaraba	02	18.0803	82.5082
Andarvara	02	18.1541	82.5814
Andibi	02	18.0895	82.7392
Angalakuduru Malepalle	02	16.2514	80.6003
Anumarlapudi	02	16.2829	80.5994
Andusili	21	18.6342	82.7986
Annaraopeta	02	16.8858	80.7572
Annavaram	02	16.8327	80.8508
Anumurupalem	02	16.2588	80.7855
Andri	37	18.6022	81.1234
Antimanguda	02	19.0968	83.6242
Antharjoli	21	19.2251	83.7768
Angarasingi	21	19.0537	83.9671
Antolipara	37	18.7875	81.4559
Antivalasa	02	18.5989	83.1991
Annamrajuvalasa	02	18.6296	83.1832
Anasbadra	02	18.7284	83.2465
Annamrajupeta	21	18.4126	83.0440
Antuparti	02	18.3581	83.0766
Anantagiri	02	18.2339	83.0072
Antivalasa	02	18.9131	83.4463
Antivalasa	02	18.6976	83.3431
Antivalasa	02	18.6596	83.2531
Anavaram	02	18.5377	83.4279
Annamnayuduvalasa	02	18.6221	83.4383
Antipeta	02	18.6240	83.3723
Anantarayadupeta	02	18.6484	83.3959
Antkariras	37	18.5043	81.6176
Andumpal	37	18.5784	81.6908
Annamrajupeta	02	18.0171	83.3102
Ankavaram	02	18.7732	83.5817
Annayyavalasa	02	18.7719	83.6227
Antlavara	02	18.5221	83.5090
Antikonda	02	18.6953	83.7468
Antakapalle	02	18.4394	83.6795
Anantapuram	02	18.2440	83.5480
Anugapaturu	02	18.2051	83.7160
Anantagiri	02	18.8909	83.8252
Anguru	02	18.7523	83.9780
Anjiligadiguda	02	18.7817	83.9960
Antajhori	21	18.8787	83.9416
Annavaram	02	18.5883	83.7556
Annampeta	02	18.5185	83.8666
Anapakayaguda	02	18.7338	83.8444
Annupuram	02	18.6022	83.9724
Andili	02	18.6528	83.8847
Anandapuram	02	18.3692	83.7542
Anandapuram	02	18.4437	83.9282
Andhavaram	02	18.4778	83.9559
Andhavaram	02	18.3292	83.9711
Anandapuram	02	17.9923	83.0523
Anantavaram	40	17.3604	81.1957
Ankanagudem	02	17.3049	81.2467
Anantapuram	02	17.9593	83.0524
Ankajosyulapalem	02	17.9555	83.0630
Antakapalle	02	17.8147	83.1211
Ankampalem	02	17.2235	81.1954
Ankireddikuntapalem	02	15.9154	80.2108
Anumoluvaripalem	02	15.6883	80.1051
Anantavaram	02	15.3407	80.0760
Anemadugu	02	14.9371	80.0250
Annagaripalem	02	14.8437	80.0761
Anantabhotlakhandrika	02	14.6252	80.0674
Annareddipalem	02	14.5785	80.0965
Anantapuram	02	14.3530	80.1310
Andalamala	02	14.0232	80.1242
Anjamedu	25	13.3364	80.0296
Annavaram	25	13.3327	80.0057
Andarkuppam	25	13.3062	80.1565
Annappanayakkankuppam	25	13.3588	80.1006
Andarkuppam	25	13.4225	80.2362
Andavayal	25	13.4030	80.1809
Anuppampattu	25	13.3018	80.2258
Annadanakakavakkam	25	13.2513	80.1079
Annamalaichcheri	02	13.4582	80.2611
Andhiyari	35	24.4841	82.5063
Andarmadam	02	13.3943	80.2972
Anicut	25	13.2611	80.2519
Annavaram	40	17.5759	81.3157
Anchha	34	25.0193	84.3588
Antarvedigudem	02	17.2737	81.2893
Anturlagudem	02	17.1891	81.2528
Ankampalem	02	17.1462	81.2785
Ankanagudem	02	17.1402	81.4322
Anantapalle	21	17.8643	81.5807
Anawal	34	25.8769	84.6382
Andlagondi	02	17.7393	81.7119
Angadpur	35	23.8197	76.9846
Anwali	35	23.5937	76.9435
Antaraliya	35	23.1715	76.7576
Anwatpura	35	22.9252	76.0326
Anarthia	35	22.8129	76.0992
Ankya	35	22.9183	76.1456
Antroli	09	23.0041	73.0141
Antisar	09	23.0268	73.1689
Ankiya	35	22.7309	76.0571
Anjankhunt	35	22.5383	76.1740
Antrakori	35	22.7259	76.1695
Ankya	35	22.4728	76.0721
Anandnagar	35	22.4785	76.1793
Anjrud	35	22.1990	76.1322
Andarkhet	24	23.8650	73.6876
Anandpura	24	23.6644	73.6979
Andhari Pandoravali	09	23.3123	73.8100
Anoppur	09	23.2727	73.8291
Andhari Vagadiu	09	23.2998	73.8398
Anjanwa	09	23.1313	73.8067
Andlai	24	23.2645	74.3088
Andeshwar	24	23.2894	74.3680
Antan	24	26.0628	73.2016
Anheri	39	29.6245	79.1939
Anait	34	25.5418	84.6582
Anat Basni	24	25.9397	73.4784
Anantour	34	25.3359	84.5617
Anuwa	34	25.2766	84.5972
Ankuri	34	25.3320	84.7418
Anewa	24	25.3317	73.5675
Ankhora	39	29.7554	79.3853
Annopura	24	25.4825	73.9834
Anandkheri	35	23.0007	74.8104
Anthri	09	24.0096	73.1733
Antarbelia	35	22.8699	74.5444
Andrauri	39	29.2968	79.4839
Ano	24	24.6878	73.8562
And Khera	39	29.0301	79.3202
Anandpur	39	29.1707	79.4624
Anpur Niwar	39	29.2137	79.4218
Andhari	34	25.2171	84.5122
Ankuri	34	25.0346	84.6176
Andhi Bigha	34	25.0857	84.6568
Anandpur	34	25.1545	84.6767
Anwari	34	25.0094	84.7038
Anant Bigha	34	25.0107	84.6954
Anuan	34	25.1452	84.7436
Anarkhera	24	26.1261	74.1975
Anuli	39	29.5058	79.7342
Anryakot	39	29.5783	79.6899
Anjinia	35	22.3059	74.8846
Anjankhera	35	22.3168	74.8906
Anandpur	34	25.6192	84.8673
Anah	39	29.2943	79.5953
Anoti	39	29.4619	79.6808
Anaroa	39	29.4601	79.6956
Anarpatta	39	29.9821	79.6853
Anarban Khata	39	29.8633	79.5438
Anjua	34	27.0823	84.3945
Anturli	09	21.5159	74.2030
Anakhar	24	25.9407	74.2607
Antali	24	25.8786	74.4768
Andharibari	36	26.8164	84.0362
Anjoria	36	26.2688	84.0179
Anarsa	39	29.9043	79.8009
Angari	39	29.8778	79.8610
Aneriya	39	29.8722	79.8734
Anoli	39	29.5200	79.9962
Anirauli Dan	36	26.6216	84.3709
Anoli	39	29.7158	79.9653
Anrad	16	21.4688	74.4967
Anandpura	24	27.1239	75.7555
Ani	24	27.1269	75.9603
Anarpa	39	29.4339	79.8703
Andurkiya	39	29.3114	79.9035
Ankola	39	29.2278	79.8039
Ankheli	35	22.8455	76.3201
Anandpur	36	28.2487	79.2722
Anguia	36	28.1672	79.2136
Anni	36	28.0824	79.0715
Anwaldi	35	22.6885	76.3468
Anwalda	35	22.6884	76.3514
Anjania	39	28.8806	79.4969
Anandpur	36	28.5955	79.2941
Anjanpura	35	22.3763	76.3262
Andheraro	36	28.0049	79.3929
Angadpur	36	28.0637	79.3639
Anandpur	36	28.0084	79.4572
Ankala	09	23.7628	73.0478
Anjanvihira	16	21.2405	74.5759
Anandpur	34	26.0174	84.6923
Anandiganj	34	26.9596	84.7623
Anhara	34	26.8503	84.8636
Anjaniya Khurd	35	22.2017	76.4065
Anjaniya Kalan	35	22.1753	76.4105
Anhra Chapra	34	26.4123	84.8921
Anandi Chapra	34	26.3084	84.9757
Anjrada	35	21.9820	74.8211
Andhar Bar	34	26.0805	84.9022
Anora	16	21.0453	74.9524
Anchalvadi	16	21.0208	74.9239
Anandipur	36	28.6110	79.5016
Anandipur	36	28.5021	79.5312
Anrudhpur	36	28.7123	79.5527
Anand Jagir	36	28.5448	79.6523
Anandaper Lachhman Narain	36	28.5456	79.6657
Angadpur Khamaria	36	28.3401	79.6668
Anandapur Lekhraj	36	28.4308	79.7012
Anaunian	36	28.2553	79.7121
Angani	36	28.2074	79.6230
Antewali Gauntia	36	28.7452	79.7618
Andrain	36	28.6965	79.7607
Anwarganj	36	28.6867	79.8707
Anjorpur Arazi Mafi	36	25.7143	84.0764
Andariganj	36	28.4572	79.8080
Andaha	36	28.3193	79.8892
Anchaltola	34	25.2740	84.7640
Andhera Chauki	34	25.4690	84.8981
Anantpur	34	25.4759	84.9647
Anauli	34	25.3167	84.9495
Anjani	34	25.2858	84.9406
Angari	34	25.2158	84.7602
Angari Chak	34	25.2180	84.7644
Ankupur	34	25.0570	84.9340
Anjanian	34	24.7631	84.1952
Andari	34	24.5177	84.1278
Andua	34	24.6041	84.1523
Ankupa	34	24.5923	84.2471
Andaur	34	25.2526	84.0072
Anwarhi	34	25.3498	84.1604
Angrer Kalan	34	25.2962	84.1795
Angrer Khurd	34	25.2817	84.1714
Antaria	38	24.1748	84.0018
Andbarwa	38	24.1117	84.1292
Ankorha	34	25.2336	84.0155
Andaur	36	25.8307	84.2533
Andauli	34	25.6070	84.4656
Andar	34	25.5736	84.4336
Angarua	34	25.5050	84.4239
Angra	34	25.3808	84.2987
Anuwan	34	25.3247	84.3200
Anhar	34	25.2719	84.2730
Anharibagh	34	25.4952	84.4218
Ankorha	34	24.9835	84.4729
Angrahi	34	24.9988	84.4986
Anta Khurd	38	24.3095	84.3926
Anta Kalan	38	24.3210	84.3851
Andharwari	35	22.3445	76.5990
Anandipura	35	22.9959	76.7571
Angra	38	24.1481	84.2625
Anchhatola	34	24.9487	84.5591
Anti	34	24.8838	84.6893
Angra	34	24.8713	84.7073
Andhomanjhauliya	34	24.6187	84.6588
Anjanwatola	34	24.6410	84.5908
Anjan	34	24.5004	84.6809
Angarah	38	24.2100	84.5186
Anjnu	38	24.2877	84.6206
Anantpur	34	24.4002	84.6335
Angaluru	02	16.1848	79.7807
Annavarappadu	02	16.1430	79.9287
Annavaram	02	16.2233	79.9718
Anaisipur	36	25.9365	80.2038
Anjan Pokhar	34	25.0777	85.7669
Angpur	34	25.0624	85.9120
Andauli	34	25.0864	85.9061
Angara Khurd	38	24.1213	85.0498
Angara Kalan	38	24.1213	85.0478
Angara	38	24.0190	85.1957
Anandpur	36	25.0833	80.5288
Anokha Purwa	36	25.0796	80.5515
Anbiliha Purwa	36	25.6027	80.8376
Andauli	36	25.5378	80.8142
Anjana Bhairon	36	25.6829	80.9912
Anjar	19	13.3571	74.8491
Anthinabettu	19	13.1598	74.8464
Anantatakere	19	13.1203	74.9413
Anarka	19	13.0817	74.9553
Anekal	13	12.7526	74.9941
Anekallu	13	12.7484	74.9915
Antur	19	15.3662	75.4687
Anantagiri	19	15.8471	75.8315
Ankli	19	15.1412	75.9709
Andebail	19	14.7279	75.0030
Andgi	19	14.6121	75.0126
Anicut	19	14.7224	75.0620
Andigi	19	14.3752	75.1572
Analukoppa	19	14.1920	75.0285
Andasura	19	14.0587	75.2365
Andalgi	19	14.9093	75.1250
Angargatti	19	14.6667	75.4544
Anur	19	14.6011	75.4685
Anantapuram	02	14.4039	77.3026
Annadanapura	19	14.2247	77.4505
Anumpalle	02	14.9956	77.5136
Ankampeta	02	14.8783	77.5660
Anandaraopeta	02	14.8761	77.7333
Anantapuram	02	14.4206	77.9159
Anterwalli	19	14.5273	75.6276
Ankasapur	19	14.6859	75.7075
Angargatti	19	14.3501	75.5192
Anaji	19	14.3161	75.5556
Anveri	19	14.0605	75.7411
Anguru	19	14.9544	75.7567
Anantanahalli	19	14.7664	75.9500
Anupanhalli	19	13.4041	77.2183
Antarsanhalli	19	13.3778	77.1131
Anchipur	19	13.1568	77.0910
Anurpalya	19	13.1295	77.1426
Anchipalya	19	13.0695	77.1952
Angajanhalli	19	13.0315	77.1243
Anantapuram	02	13.9483	77.3403
Annenahalli	19	13.7748	77.4155
Anudi	19	13.6288	77.4107
Anniahnapalya	19	13.4087	77.3880
Anugalpur	19	13.2914	77.4960
Anantpur	19	13.1313	77.3780
Anchipur	19	13.1283	77.3753
Anchipur	19	13.0665	77.3715
Anagattahalli	19	13.6582	77.6256
Anjanapura	19	13.6401	77.6156
Anemadagu	19	13.5433	77.7006
Ankangundi	19	13.4512	77.7108
Antarhalli	19	13.3542	77.5104
Angatta	19	13.3634	77.7043
Anigatta	19	13.2782	77.6892
Annesvara	19	13.2128	77.7151
Ananthpur	19	13.1140	77.5657
Angalpur	19	13.0689	77.6822
Ankonahalli	19	13.2048	77.7999
Anupahalli	19	13.2149	77.8562
Anekonda	19	14.4774	75.9299
Anpura	19	14.0020	75.9156
Anpura	19	14.0770	75.9006
Anegadde	19	13.8527	75.1687
Anegerasu	19	13.8646	75.2289
Annavalli	19	13.6360	75.1544
Andbailu	19	13.6960	75.1668
Andar Chouki	19	13.3190	75.0440
Anakadi	19	13.1796	75.0364
Andinje	19	13.0343	75.1585
Angadibettu	19	13.0975	75.1172
Andagere	19	13.6261	75.2604
Angala Kodagi	19	13.6503	75.3642
Andugali	19	13.4295	75.3596
Annukodagi	19	13.4767	75.2854
Anjadi	19	13.0115	75.4262
Anadka	19	13.1453	75.3721
Angal	19	13.2408	75.3715
Aniyur	19	13.0158	75.4441
Anupankatte	19	13.9345	75.5294
Anehalli	19	13.8402	75.6954
Antragange	19	13.8325	75.7460
Aniganahalli	19	13.3097	75.5885
Andavani	19	13.3262	75.5035
Annuru	19	13.3020	75.6907
Ansana	19	13.0913	75.5763
Angadi	19	13.0593	75.6510
Anajur	19	13.0736	75.6699
Antargaon	16	19.7821	79.2781
Antargaon	16	19.5422	79.4817
Annur	16	19.5311	79.4969
Anksapur	40	19.3621	79.2694
Annaram	40	19.2954	79.3198
Anksapur	40	19.3515	79.4044
Ankusham	40	19.1199	79.4418
Ankaipalli	40	19.1480	79.4284
Andanahalli	19	13.5465	75.9828
Ankihalli	19	13.0253	75.8637
Anduru	19	13.0841	75.9191
Andele	19	13.1246	75.9513
Anugatta	19	13.0786	75.8024
Anantakallu	19	12.7990	75.1101
Anantadi	19	12.8102	75.1074
Angadimograr	13	12.6322	75.0157
Annapadi	13	12.5125	75.2498
Anije	13	12.4708	75.0380
Anapadi	13	12.3237	75.2230
Anjanamukkund	13	12.4575	75.2311
Andrahalu	19	15.1227	76.9325
Annur	13	12.1288	75.1966
Anaji	19	12.7606	75.2771
Andamagru	19	12.8582	75.2961
Ana	19	12.8137	75.3255
Andi	34	25.2458	85.6464
Andeli	40	19.3278	79.5178
Ankhora	40	19.4043	79.5854
Annaram	40	19.1877	79.5308
Ankanpet	40	19.1404	79.6649
Anijigeri	19	14.5879	76.0848
Annapura	19	14.3297	76.0719
Andanur	19	14.2256	76.0892
Antapura	19	14.1453	76.0586
Andaha	34	25.7537	85.7886
Angar	34	25.8055	85.9072
Anaburu	19	14.5968	76.4055
Andusomani	34	24.7204	85.1768
Anar Chak	34	24.6359	85.1108
Anand Chak	34	24.6179	85.0872
Anar Chak	34	24.6661	85.2109
Ankammanahalu	19	14.9913	76.5082
Anarpur Pakariya	34	24.8904	85.3959
Ange	34	24.9696	85.4511
Ankri Panre Bigha	34	24.7423	85.3956
Angaha	34	24.6945	85.3501
Anumampalle	02	14.3286	76.9543
Ankanahalli	19	12.7458	76.2687
Annechaknahalli	19	12.7267	76.2972
Ankanahalli	19	12.6266	76.2738
Ankanahalli	19	12.5635	76.2955
Annechakanahalli	19	12.7318	76.4682
Anandur Koppal	19	12.3982	76.4777
Ankanahalli	19	12.3307	76.4934
Anaila	34	24.8543	85.6622
Antitola	34	24.9165	85.5807
Anandpura	34	24.9039	85.5629
Anatdih	38	24.4174	85.6177
Andipatti	34	26.4187	86.1038
Anjikaru	19	12.5188	75.4239
Andhri	34	26.2204	86.0228
Andah	34	26.2465	86.1316
Antaur	34	26.0692	86.1664
Andauli	34	26.0846	86.2105
Anuvanhalli	19	13.8005	76.0289
Annapur	19	13.7764	76.0729
Anivala	19	13.8257	76.1695
Antaragatta	19	13.7294	76.1180
Annigere	19	13.5566	76.1539
Angrahatti	19	13.4622	76.1841
Annayikanhalli	19	13.2667	76.2123
Anandanahalli	19	13.4020	76.2449
Anuganalu	19	13.0757	76.0276
Anugavalli	19	13.1119	76.1934
Annenahalli	19	13.2601	76.3515
Anenahalli	19	13.3252	76.3126
Anivala	19	13.3630	76.3939
Anchekoppal	19	13.2682	76.3626
Annapura	19	13.2786	76.4765
Ankusi	34	26.1981	86.3085
Anhara	34	26.0808	86.3648
Ankhora	16	19.7072	79.8049
Anesidri	19	13.8446	76.7220
Andhiari	34	25.9113	86.1199
Annuru	19	12.1621	76.2749
Anknathpura	19	12.0471	76.2845
Anagatta	19	12.0268	76.3311
Anandpur	34	25.4354	86.1352
Ankora	40	19.4800	79.7843
Anila	19	12.7880	75.5756
Anparti	40	18.9417	79.1293
Ankatpalli	40	18.8861	79.2412
Anandpur	34	25.1876	86.1863
Anachehalli	19	12.9922	76.0519
Anniganahalli	19	12.9605	76.0590
Ankanayakanahalli	19	12.7859	76.0548
Ankanahalli	19	12.8614	76.0948
Ankanahalli	19	12.8916	76.2220
Ankanahalli	19	12.7952	76.1770
Ankavalli	19	12.7772	76.1690
Ankapura	19	12.8661	76.1176
Ankanathapura	19	12.6867	76.0420
Anivalu	19	12.5082	76.1207
Anadur	19	12.5801	76.1366
Anjaneyanahosahalli	19	12.6260	76.1322
Ankanahalli	19	12.6540	76.1496
Ankanahalli	19	12.8895	76.5766
Antanahalli	19	13.0000	76.6262
Anchebuvahalli	19	12.9060	76.7464
Ankasapura	19	12.8769	76.7352
Ankanhalli Koppal	19	12.3165	76.0924
Ankanhalli	19	12.3233	76.0918
Ankanalli	19	12.4908	76.2343
Anuvanakatte	19	12.6642	76.5008
Anchanahalli	19	12.5943	76.5475
Anchemudanahalli	19	12.5880	76.5603
Angatahalli	19	12.2893	76.2476
Ankegaudanakoppal	19	12.5492	76.5929
Anakuppe	19	12.6771	76.7288
Anunahalli	19	12.6118	76.6891
Anavalu	19	12.5461	76.7121
Antanhalli	19	12.4680	76.5430
Anugahalli	19	12.2562	76.5400
Anandur	19	12.4131	76.5357
Anandur	19	12.3896	76.6208
Annenahalli	19	12.9865	76.3145
Anegola	19	12.8383	76.3958
Anekere	19	12.9107	76.3427
Ankanahalli	19	12.9277	76.4598
Ankanahalli	19	12.7912	76.4345
Ankanahalli	19	12.9358	76.8208
Ankegaudanakoppal	19	12.8116	76.7709
Ankanahalli	19	12.8872	76.8605
Ankusapura	19	12.7343	76.7816
Anandur	19	12.5622	76.8893
Anasosalu	19	12.6648	76.9139
Ankusapura	19	12.7447	76.9971
Ankanahalli	19	12.7217	76.9991
Ankusapura	19	12.7148	76.9581
Anedoddi	19	12.7090	76.9962
Anumanali	19	12.3676	76.8683
Anasale	19	12.4298	76.9515
Ankanahalli	19	12.3445	76.7610
Anchenahundi	19	12.2108	76.8214
Ankusharayanapura	19	12.0151	76.9189
Angasakallu	02	15.4664	77.2231
Anantapuram	02	15.5343	77.5530
Annaram	40	18.4094	79.2357
Anantpur	34	25.0029	86.3734
Andauli	34	25.8376	86.6439
Anadpur	34	25.6677	86.7387
Anemahal	19	12.9313	75.7664
Anigalale	19	12.8956	75.8817
Antanahalli	19	12.7014	75.9475
Andanipura	19	12.5529	75.9624
Anugonda	02	15.6721	77.9022
Annupalle	02	15.3484	77.7536
Ankampalle	02	14.7027	77.2379
Anandapura	19	12.2506	75.8676
Anandpur	34	25.7110	86.9204
Antur	13	11.9865	75.3835
Andalur	13	11.7946	75.4779
Anasagar	40	18.1848	79.0005
Ankireddipalli	40	18.1675	79.0069
Antakpet	40	18.0667	79.2161
Anksapur	40	18.0405	79.0043
Antargaon	40	18.8289	79.4318
Andharvadi	09	23.3498	73.5539
Anklia	09	23.3105	73.7193
Antlavada	09	23.2787	73.7320
ankalwa	09	23.1622	73.6317
Andpur	36	27.4570	80.7294
Anba Ghat	36	27.3802	80.6475
Andauli	36	27.3811	80.6320
Anogi	36	27.3336	80.6657
Anjarkandi	13	11.8796	75.5087
Aniyaram	13	11.7409	75.5793
Andhiyari	35	22.3846	79.4911
Annassheri	13	11.3684	75.7713
Andona	13	11.3982	75.9416
Angakaran Kshetram	13	10.9885	75.9715
Anjukudi	13	10.9484	75.8779
Annara	13	10.9015	75.9140
Anantavur	13	10.9057	75.9840
Andathode	13	10.6789	75.9681
Anaipur	36	26.6352	79.2301
Andawa	36	26.5700	79.2047
Andhai	36	26.2386	79.1910
Anghora	36	26.1803	79.0369
Anandpur	36	26.9596	79.2938
Anuddapur	36	26.8324	79.3647
Anguthia	36	26.5322	79.4521
Antargaon	16	19.8187	79.0901
Anturli	16	19.9574	79.1813
Andugulapalli	40	18.6700	79.4044
Ankampalli	40	18.5331	79.4439
Anantapalli	40	18.5429	79.3239
Ankusapuram	40	18.3422	79.4880
Ankiagudem	40	18.3036	79.2957
Anandlapalli	40	18.3052	79.3632
Anksapuram	40	18.2389	79.4930
Anantsagar	40	18.0752	79.4599
Ancharami	40	18.4640	79.7092
Anchapalli	40	18.4587	79.6008
Anksapuram	40	18.3753	79.6342
Anksapur	40	18.3187	79.6622
Anandevanahalli	19	15.1649	76.2185
Ankasamudram	19	15.1308	76.2231
Anantasayanagudi	19	15.2783	76.4071
Anegundi	19	15.3510	76.4917
Anekallu	19	15.0422	76.2710
Anipinakatte	19	15.2199	76.3443
Anchari Narasapura	19	15.4688	76.5899
Antapuram	19	15.1079	76.7148
Anjeri	19	12.6308	75.5659
Angadimajalu	19	12.5743	75.5032
Anegudda	19	12.7392	75.7053
Angol	19	15.8196	74.5037
Anigol	19	15.7901	74.8757
Angadi	19	14.8956	74.1261
Antravalli	19	14.4727	74.4685
Analgar	19	14.8979	74.6894
Angod	19	14.9997	74.6671
Anegundi	19	14.4840	74.5133
Angdibail	19	14.6041	74.5284
Angalmane	19	14.6964	74.6910
Angdibail	19	14.4423	74.6064
Angar	19	14.3774	74.6150
Anegadde	19	14.2545	74.6414
Angal	19	14.3485	74.7029
Ansara	34	24.9871	84.7501
Anhkupa	34	24.5896	84.2564
Anarban	34	24.5500	84.3986
Anjania	34	24.6840	84.3605
Anandpura	34	24.7087	84.4067
Anandpur	34	24.6761	84.4364
Anjanian	34	24.6372	84.4353
Anantpur	34	24.7442	84.7728
Anwar Dohar	34	24.5063	84.8930
Anwarwadohar	34	24.5575	84.8650
Angra	34	24.5585	84.9045
Anganj	34	24.7291	84.8981
Antiya	34	24.7019	84.9345
Andauli	34	26.5075	85.8116
Anchra	34	26.3883	87.0934
Anandpur	34	26.1033	87.0379
Anarkali	34	26.1647	87.8222
Angarh	34	26.0959	87.8081
Angia	28	26.0083	87.8524
Andwakol	34	26.2145	87.9599
Andipatti	34	25.9914	87.0358
Anjhari	34	25.4622	87.1203
Anandpur	34	25.1775	87.0382
Anandpur	34	25.0470	87.0042
Ankita	34	25.1578	87.1868
Anjna	38	25.0348	87.2528
Antadih	38	25.1351	87.4501
Andarpur	34	25.9404	87.6755
Anti Chak	34	25.3273	87.2810
Anjani	34	25.9314	85.0212
Aniai	34	25.9137	85.0674
Anrra	34	25.7752	85.2221
Andari	34	25.7793	85.2454
Anwarpur	34	25.7975	85.2441
Anda	34	25.5673	85.0035
Anwarpur	34	25.7035	85.2252
Andar Kila	34	25.6854	85.2003
Anadpur	34	25.7027	85.1816
Anjni	34	25.4023	85.1065
Anand Khanda	34	25.2991	85.0494
Anantpur	34	25.2931	85.1532
Ankopur	34	25.3006	85.1783
Andari	34	25.4168	85.1941
Anaili	34	25.6963	87.6369
Angarmani	28	25.4591	87.9649
Anupnagar	28	25.3273	87.9944
Andua	38	24.8754	87.2064
Angargaria	38	24.2820	87.6645
Anandapur	38	24.4768	87.7442
Anapur	38	24.4823	87.7497
Anandi Chak	34	25.1302	85.0173
Anatpur	34	25.2286	85.1412
Andharpur	28	24.0003	87.5343
Anguthia	38	24.7483	87.7749
Antardipa	28	24.6463	87.9130
Anupdanga	38	24.4979	87.7879
Andipur	28	24.3486	87.8871
Anantapur	28	24.2159	87.7630
Anandanagar	28	24.1413	87.9542
Anantapur	28	24.2271	87.9016
Anantapur	28	24.2457	87.9684
Ananti Kamtaul	34	25.9936	85.3172
Anjangaon	35	21.6413	75.1296
Andharwara	34	25.6756	85.3140
Anathpur	34	25.3439	85.3761
Andhana	34	25.2574	85.4548
Andwas	34	25.0562	85.3126
Ankuri Bazar	34	25.0282	85.2654
Andad	35	21.9422	75.8250
Anjangaon	35	21.7375	75.8118
Anjalsond	16	21.0353	75.9039
Andalvadi	16	21.1398	75.9448
Annasamudram	02	16.0405	79.5085
Andgollapalli	40	17.9056	78.2743
Anantapalli	40	17.8006	78.3066
Anantsagar	40	17.9791	78.4858
Ankreddipalli	40	17.8860	78.6127
Anantagiripalli	40	17.8088	78.5329
Anantaraopalli	40	17.8890	78.7061
Anganuti	40	17.6796	78.6392
Antaipalli	40	17.5573	78.5774
Anantaram	40	17.6845	78.6638
Antwaram	40	17.3925	78.7395
Ankshahpur	40	17.4466	78.7264
Anampatla	40	17.4703	78.8359
Ankreddiguda	40	17.2557	78.9437
Ankampalli	40	17.3830	78.9955
Angia	34	26.0557	87.5606
Andhasur	34	26.1376	87.7223
Anjandoho	16	20.0011	75.5351
Anad	16	20.5413	75.7682
Antarbari	36	27.8250	80.1191
Angne Purwa	36	27.6960	80.0403
Andawa	36	27.6560	80.0492
Anji	36	27.6384	80.0254
Antora	36	27.5804	80.1320
Antha Purwa	36	27.5863	80.1611
Anjna	36	27.7230	80.2271
Aneg Behta	36	27.4161	80.1287
Antwa	36	27.2585	80.2474
Antwa	36	27.3311	80.2433
Anjan Purwa	36	27.2134	80.0775
Andhera	36	27.2216	80.1033
Antarbari	36	27.9270	80.3273
Anaparthy	02	16.9341	81.9552
Annamanada	13	10.2400	76.3211
Anumandai	25	12.0914	79.8963
Angbrashu	17	24.3931	94.0106
Anantpet	02	19.1143	78.3779
Anemadagu	19	13.5228	77.8971
Angarekhanhalli	19	13.4469	77.8212
Andarlahalli	19	13.4333	77.7748
Angattatti	19	13.3082	77.8174
Anur	19	13.3781	77.8722
Andanigowdanpalya	19	12.9304	77.1147
Anathhalli	19	12.8233	77.0430
Angurhalli	19	12.7303	77.2113
Anigere	19	12.6606	77.1295
Ankusanahalli	19	12.5730	77.1428
Annappandoddi	19	12.5709	77.2257
Ankegowdandoddi	19	12.5222	77.1135
Anekaldoddi	19	12.5035	77.1026
Ankanhalli	19	12.4595	77.1960
Antrahalli	19	12.4404	77.1668
Anchipur	19	12.4111	77.0042
Anchekodi	19	12.3982	77.0775
Ankanhalli	19	12.3991	77.0904
Annur	19	12.4797	77.0463
Anagalli	19	12.2436	77.0903
Anapuram	19	12.1145	77.2469
Anigalli	19	12.1798	77.1034
Anepalya	19	12.8597	77.4755
Anchipur	19	12.7696	77.4313
Angarhalli	19	12.7646	77.3936
Angarpalya	19	12.7217	77.4739
Annihalli	19	12.6996	77.3838
Anjanapuram	19	12.6846	77.2714
Anajevadi	19	12.6334	77.3627
Angarahalli	19	12.6461	77.4053
Antapela	19	12.6425	77.4054
Anamanhalli	19	12.5291	77.3762
Ankacharidoddi	19	12.4991	77.4467
Anchipuradoddi	19	12.4402	77.3513
Ankegaudandoddi	19	12.4449	77.3324
Ankandoddi	19	12.7068	77.5172
Anganapuram	19	12.2351	77.2886
Anagalli	19	12.1422	77.3773
Anehoshalli	19	12.6238	77.5038
Anniyalam	25	12.5507	77.7463
Andamaru	25	12.5562	77.6331
Anaikerai	25	12.5424	77.6300
Anihola	19	12.0372	77.5827
Ankireddipalle	02	15.0279	78.0470
Annavaram	02	15.2391	78.1672
Anupuru	02	15.4063	78.3755
Annappasastripalle	02	14.7891	78.6675
Annavaram	02	14.7631	78.6338
Ankabhupalapuram	02	15.6715	78.9367
Ankalammapalle	02	15.2167	78.8852
Anantapuram	02	14.7611	78.1606
Ankevamipalle	02	14.5529	78.1394
Ankalammaguduru	02	14.5705	78.1755
Anavaripalle	02	14.9971	78.9332
Angampalle	02	14.9213	78.9067
Anavalapalle	02	14.8872	78.9926
Ankanagodugunuru	02	14.8508	78.9938
Anantagaripalle	02	14.4453	78.7793
Annaluru	02	14.6998	78.7705
Ankumadugu	02	14.3318	78.8627
Anchelavandlapalle	02	14.0979	78.9356
Annarajugaripalle	02	14.0272	78.8145
Annampalle	02	14.0284	78.8604
Ankadivandlapalle	02	13.7238	78.1909
Annapalli	19	13.5420	78.0567
Annapalli	19	13.5899	78.0089
Annepalli	19	13.5015	78.1536
Anapuvaripalle	02	13.6833	78.2424
Ankireddivaripalle	02	13.6649	78.2086
Anantapuram	02	13.6724	78.1023
Ankireddipalle	02	13.7167	78.1719
Ankalemadugu	02	13.6500	78.1163
Anajiganahalli	19	13.3038	78.1513
Annenahalli	19	13.2681	78.2115
Anur	19	13.3440	78.1115
Anakal	19	13.4887	78.0322
Ankakatte	19	13.2268	78.0770
Analakunte	19	13.1994	78.0923
Annehalli	19	13.1897	78.2015
Anepur	19	13.0368	78.0424
Anantapura	19	13.0258	78.2420
Angajarivandlapalle	02	13.9051	78.4035
Annagaripalle	02	13.8342	78.3360
Anegalavandlapalle	02	13.8439	78.3997
Angadivandlapalle	02	13.8292	78.2678
Angajalapalle	02	13.7742	78.2887
Aniganivandlapalle	02	13.7287	78.4438
Angallu	02	13.6287	78.4857
Anepalli	19	13.5075	78.2587
Anepalli	19	13.5539	78.3538
Ankisettipalle	02	13.5406	78.4853
Anupalle	02	13.3752	78.3791
Ankireddi Kottapalli	02	13.3249	78.4352
Anehalli	19	13.2095	78.4346
Anantapura	19	13.1593	78.3333
Ankatattihalli	19	13.0240	78.3297
Angondahalli	19	13.0682	78.3644
Annipalle	02	13.4238	78.6276
Anantapura	02	13.2686	78.5228
Angutotapalle	02	13.3738	78.6465
Anupuvaripalle	02	13.3266	78.7167
Anantapuram	02	13.1970	78.5687
Andaur	34	25.5981	85.6873
Angisettipalli	19	12.9885	77.9793
Anikarhalli	25	12.8140	77.9989
Anchimuskuru	19	12.9042	77.8671
Angondhalli	19	12.9564	77.8155
Andivadi	25	12.7146	77.8029
Anchetti	25	12.5413	77.8389
Anupur	25	12.5409	77.8553
Anchetti Durgam	25	12.5931	77.8900
Anusunai	25	12.5724	77.8976
Ankepalli	25	12.7319	77.9309
Anchalgiri	25	12.6162	77.9505
Anaikallanur	25	12.1183	77.9189
Anjehalli	25	12.1395	77.9808
Animittanhalli	19	12.9445	78.0874
Anasandiram	25	12.6819	78.0103
Angandahalli	25	12.3345	78.0996
Annamalaihalli	25	12.3481	78.1187
Andarahalli	25	12.1875	78.0811
Annasagaram	25	12.1173	78.1630
Anderikottai	25	12.0984	78.2286
Andihalli	25	12.2107	78.2206
Anagarapalli	02	12.7684	78.2874
Anganamalakotturu	02	12.7748	78.3541
Anikeri	19	12.9182	78.3662
Ankireddlapalli	02	12.8411	78.4640
Animiganipalli	02	12.7228	78.3504
Anginayanipalli	25	12.5323	78.3915
Andiyur	25	12.5266	78.4889
Anjur	25	12.4926	78.2874
Anukodi	25	12.4189	78.3178
Anukodi	25	12.4232	78.3127
Anandur	25	12.2616	78.3755
Aniyeri	25	12.4613	78.4434
Angampatti	25	12.3440	78.3874
Andarippatti	25	12.3481	78.4707
Annandapatti	25	12.4685	78.4846
Andippatti	25	12.1452	78.3739
Annamalampatti	25	12.1688	78.3718
Annamalaipatti	25	12.0642	78.4263
Andipatti	25	12.0433	78.4418
Annamalahalli	25	12.0226	78.4378
Annandapatti	25	12.5187	78.5765
Andiyappanur	25	12.5342	78.7024
Andippatti	25	12.2594	78.5216
Andiyur	25	12.3539	78.5800
Anganadavalasai	25	12.4017	78.6179
Aneri	25	12.4643	78.5765
Anandavadi	25	12.2579	78.6559
Ananganellur	25	12.8919	78.8703
Anaikkattu	25	12.8765	78.9871
Annamalaitanda	25	12.0879	78.7835
Andapattuchekkadi	25	12.1099	78.8385
Andiyur	25	12.1037	78.6111
Andipatti	25	12.2206	78.7394
Antkoraldoddi	19	12.4672	77.5090
Anumanapalle	02	15.4892	78.9685
Anumanavid	02	15.4583	78.9953
Ankireddipalle	02	15.2834	78.8994
Animala	02	14.4717	78.5055
Anantapuram	02	14.1833	78.7277
Anadivandlapalle	02	14.0388	78.6823
Anantavaram	02	15.7803	79.3639
Ankireddipalle	02	15.3967	79.0061
Anumayapalle	02	15.3373	79.1005
Ankireddipalle	02	15.3169	79.2328
Anikepalle	02	15.1529	79.2830
Annavaram	02	15.7034	79.6574
Annavaram	02	15.6221	79.7006
Ankepalle	02	15.4894	79.6791
Ankayapalle	02	15.2777	79.5464
Annapureddivandlapalle	02	15.1930	79.5900
Ankabhupalapuram	02	15.1966	79.6898
Anamanamuru	02	15.7405	79.9705
Anandapuram	02	15.4869	79.2640
Anantasagaram	02	15.2267	79.8564
Anandapuram	02	15.1759	79.9317
Anneboyinapalle	02	15.0717	79.7917
Angirekulapadu	02	15.0909	79.8120
Angirekulapadu	02	15.0838	79.8093
Ankireddipalli	02	14.9815	79.2065
Annampalli	02	14.9035	79.2258
Ankireddipalli	02	14.5070	79.0748
Annagaripalli	02	14.2467	79.1114
Anatapalli	02	14.2385	79.2327
Anumulaguduvaripalli	02	14.2032	79.1919
Anantarazupuram	02	14.1997	79.1592
Anantarazupuram	02	14.1631	79.1578
Anantayyagaripalli	02	14.1604	79.1994
Anantasamudramchennamambapuram	02	14.0761	79.1704
Anatasamudram	02	14.0668	79.1693
Anantampalli	02	14.0954	79.2250
Anumulavaripalli	02	14.1632	79.3950
Anantarazupeta	02	14.0014	79.3319
Ankupalli	02	14.3926	79.6433
Annamarajupalli	02	14.1320	79.6356
Anantavaram	02	14.7122	79.9784
Annareddipalem	02	14.5266	79.8485
Anikepalli	02	14.3324	79.9969
Anupallipadu	02	14.2942	79.9176
Ankulapaturuyerur	02	14.1306	79.9842
Anambaka	02	14.0924	79.9844
Annemmagaripalli	02	13.9169	79.0010
Anupulavaripalli	02	13.4483	79.1473
Andravaripalli	02	13.4345	79.0651
Anantapuram	02	13.3548	79.1077
Anantapuram	02	13.3425	79.1094
Anupakhandrika	02	13.0655	79.1426
Anuppalli	02	13.1587	79.0991
Anantapuram	02	13.2025	79.1707
Anagallu	02	13.1841	79.1993
Anantapuramdoddi	02	13.1513	79.1725
Anantapuram	02	13.1677	79.2111
Ananipalle	02	13.4902	79.2895
Ankanpalle	02	13.2924	79.2937
Anantarajupuram	02	13.3255	79.3849
Annuru	02	13.3661	79.4140
Annakuppam	02	13.3746	79.4503
Anumapalem	02	13.7191	79.6779
Anambattu	02	13.4728	79.5587
Ananthanayudukhandigai	02	13.3207	79.6166
Anavardikanpettai	25	13.0622	79.5576
Anavardikanpettai	25	13.1150	79.6367
Anurpet	25	13.1411	79.6117
Anaipakkam	25	13.1511	79.7309
Anantapuram	25	13.0206	79.7479
Anakavolu	02	13.8541	79.7772
Annamedu	02	13.9527	79.9338
Anjur	02	13.6538	79.7849
Angericheruvu	02	13.6461	79.7609
Anantapuram	02	13.7221	79.8328
Anandari	25	13.3172	79.9031
Anakattaputtur	25	13.0486	79.7850
Anantapuram	25	12.6884	79.1238
Andipalaiyam	25	12.7177	79.1441
Aniyagal	25	12.6340	79.2407
Andalur	25	12.5726	79.2472
Andapattu	25	12.2768	79.0849
Andapattu	25	12.4086	79.0734
Anavarapettai	25	12.4355	79.1070
Anaivadi	25	12.4620	79.1227
Aniyalai	25	12.4338	79.1592
Anandal	25	12.3888	79.2234
Anapurandan	25	12.2210	79.0274
Andapattu	25	12.1374	79.1097
Ananandal	25	12.0736	79.1758
Andipalaiyam	25	12.0736	79.1539
Andampallam	25	12.0897	79.1676
Angunan	25	12.0832	79.1836
Andalur	25	12.1864	79.2231
Annukkamalai	25	12.1240	79.2400
Anaimallur	25	12.8361	79.2788
Anaitangal	25	12.9424	79.3804
Ananthalai	25	12.9398	79.3774
Annaitangal	25	12.8382	79.4387
Annapalaiyam	25	12.4243	79.2964
Anmarudai	25	12.5999	79.3739
Anadimangalam	25	12.5077	79.3612
Anaibogi	25	12.5386	79.4932
Annamangalam	25	12.3349	79.3944
Anangur	25	12.2865	79.4928
Anattur	25	12.2749	79.4571
Andeparadi	25	12.4518	79.4222
Angarayanattam	25	12.0316	79.2991
Anaiyeri	25	12.1442	79.3822
Anumantapuram	25	12.0508	79.3799
Anniyur	25	12.0674	79.3946
Angarayanallur	25	12.2290	79.4136
Anjanjeri	25	12.2403	79.4326
Aniladi	25	12.1570	79.4895
Anjur	25	12.7951	79.7481
Anditangal	25	12.6668	79.7424
Anumantandalam	25	12.6594	79.6950
Andaivettitangal	25	12.5224	79.5350
Anakkavur	25	12.6360	79.5452
Anapattur	25	12.6329	79.5841
Anantamangalam	25	12.3242	79.6718
Anaikkunnam	25	12.4217	79.7264
Annankal	25	12.3904	79.7032
Andipalaiyam	25	12.0494	79.5839
Anganikuppam	25	12.0655	79.5805
Annamputtur	25	12.1685	79.6749
Angambakkam	25	12.7719	79.8394
Anarampundi	25	12.5738	79.7783
Anambakkam	25	12.7022	79.8459
Andavakkam	25	12.5725	79.8665
Anumandakuppam	25	12.5401	79.8927
Annadur	25	12.6880	79.9091
Anur	25	12.5769	79.9742
Annampakkam	25	12.2982	79.7959
Andappattu	25	12.2577	79.7596
Andarkuppam	25	12.2835	79.8730
Anpakkam	25	12.0845	79.7826
Andipalaiyam	25	12.0462	79.7645
Anichankuppam	25	12.0599	79.8807
Anapara	13	11.8356	76.0436
Anamala	19	11.8732	76.1502
Anarivayal	13	11.6670	76.0754
Angadicchari	13	11.7468	76.1855
Annamvayal	13	11.6987	76.1491
Andur	13	11.5959	76.2237
Anayankunnu	13	11.3211	76.0054
Anakkayam	13	11.0852	76.1218
Ankamkalari	25	11.5196	76.4556
Annakunnu	13	11.6016	76.2859
Anamundakolam	13	11.2518	76.2892
Anchandan	13	11.3748	76.2914
Anaiadiambalam	13	11.0160	76.4553
Annur	19	11.7784	76.6972
Ankhalli	19	11.7190	76.7352
Anikalmund	25	11.4097	76.6300
Anikorai	25	11.4585	76.7327
Anihatti	25	11.3407	76.6922
Anayayle	13	11.1308	76.5155
Anakallu	13	11.0819	76.5723
Anali	13	11.1557	76.6070
Ankansettipur	19	11.8573	76.9612
Anaihatti	25	11.4312	76.8526
Anasur	25	11.2057	76.7863
Anaikatti	25	11.1162	76.7549
Anakkara	13	10.8120	76.0429
Annur	13	10.6399	76.0332
Anjur	13	10.6389	76.0446
Annakara	13	10.5606	76.1111
Anamangad	13	10.9384	76.2627
Angara	13	10.6937	76.4895
Anandapuram	13	10.3774	76.2611
Annallur	13	10.2909	76.2841
Andikadu	13	10.2522	76.2719
Anjamvirutti	13	10.1565	76.2538
Annakattumula	13	10.0030	76.3607
Anarkol	34	25.4599	87.5049
Anikkod	13	10.7733	76.5796
Anamukra	13	10.8509	76.6844
Andazhi	13	10.8597	76.6956
Anamatchini	13	10.4757	76.5454
Anapanthan	13	10.3795	76.5124
Anandanarayanapuram Ambalam	13	9.4877	76.3411
Anapadi	13	10.4450	76.8130
Angalakurichchi	25	10.5282	76.9962
Anavarambil Vadakku	13	9.3650	76.4920
Anavarambil Tekku	13	9.3616	76.4917
Anaithanam	13	9.6588	76.8249
Anaikal	13	9.5697	76.7912
Angadikkal Tekkekara	13	9.1962	76.7842
Anthaman	13	9.0674	76.7675
Andur	13	8.9322	76.8284
Anapuzhakal Kadavu	13	8.9052	76.8969
Anangur	13	8.9283	76.9340
Anakunnam	13	8.8165	76.8142
Anakulam	13	8.8694	76.9878
Anakudi	13	8.7288	76.9078
Anaikkotanam	13	8.6312	76.8748
Anad	13	8.6653	76.9931
Aniyur	13	8.5690	76.9061
Anjamada	13	8.5198	76.9734
Anandagirir	25	11.2093	77.2108
Andakkapalaiyam	25	11.0834	77.0596
Anandapuram	25	11.1214	77.2335
Anapur	25	10.7716	76.8973
Anakkottur	13	9.0030	76.7430
Anaikulattuseri	13	8.9289	76.5952
Anjuvilamud	13	8.9321	76.6088
Annur	13	8.9734	76.7463
Anapadi	25	11.8507	77.4949
Anakkarai	25	11.7002	77.3141
Aniganattam	25	11.6469	77.4097
Anjanai	25	11.6497	77.3745
Anupparpalaiyam	25	11.4588	77.2757
Andipalaiyam	25	11.4053	77.2873
Anjanur	25	11.3438	77.2640
Angamuttanpudur	25	11.3471	77.4575
Anaikkalpalaiyam	25	11.3082	77.2789
Andipalaiyam	25	11.2524	77.3427
Anaiyappadi	25	11.2555	77.3820
Andipalaiyam	25	11.1832	77.3603
Anaippudur	25	11.1727	77.2964
Anuppapalaiyam	25	11.1462	77.3188
Annaiyampalaiyam	25	11.1734	77.3381
Angalipalaiyam	25	11.1411	77.3294
Anaippalaiyam	25	11.1083	77.3106
Anaippudur	25	11.1110	77.3582
Anaippalaiyam	25	11.1272	77.4489
Andipalaiyam	25	11.0532	77.4536
Andipalaiyam	25	11.0018	77.4066
Andipalaiyam	25	11.0188	77.4093
Anaipadu	25	11.7402	77.6342
Anaikavundanur	25	11.6401	77.6843
Annamarpalaiyam	25	11.5700	77.5528
Anaikavundanur	25	11.5643	77.6055
Andikavundanur	25	11.5329	77.6804
Andipalaiyam	25	11.5244	77.6800
Andipalaiyampudur	25	11.5204	77.6805
Andiyampalaiyam	25	11.4646	77.5287
Angappakavundanpudur	25	11.4473	77.5996
Anaikkattupalaiyam	25	11.2938	77.7318
Anjurampalaiyam	25	11.1848	77.6499
Annampalaiyam	25	11.1260	77.5752
Andikkulimedu	25	11.0680	77.5088
Andipalaiyam	25	11.6039	77.9164
Andikavundanur	25	11.8660	77.9138
Andikkarai	25	11.8528	77.8814
Andiyur	25	11.8407	77.9815
Annamalaipalaiyam	25	11.4855	77.7566
Annadanappatti	25	11.4720	77.9047
Anaikkalpalaiyam	25	11.4413	77.8994
Anangur	25	11.3953	77.8285
Andirapatti	25	11.4046	77.9381
Anangurampm	25	11.4006	77.9647
Andipalaiyam	25	11.3460	77.8671
Animur	25	11.3319	77.8727
Andivalasu	25	11.2829	77.8731
Anantampalaiyam	25	11.2594	77.7509
Anantampalaiyam	25	11.2088	77.7992
Andippalaiyam	25	11.1028	77.9173
Anangur	25	11.1183	77.8919
Anaimalaikottai	25	11.1380	77.8113
Anaimalaipalaiyam	25	11.1328	77.7804
Anupatti	25	10.9570	77.2387
Andipalaiyam	25	10.8009	77.1019
Andikavundanpudur	25	10.8050	77.0120
Anikkadavu	25	10.7299	77.1791
Anupparpalaiyam	25	10.6702	77.0727
Andiyur	25	10.6082	77.1736
Andiyur	25	10.5341	77.0772
Andipudur	25	10.9432	77.4905
Angittoluvu	25	10.7419	77.3826
Andinayakkanvalasu	25	10.6403	77.4958
Andikavundanur	25	10.5310	77.2667
Andippatti	25	10.4393	77.3473
Andikkuli	25	11.7151	79.4109
Annangarakuppam	25	11.5662	79.4861
Annangarakuppam	25	11.6946	79.4628
Anikkudittan	25	11.2891	79.4000
Annangarankuppam	25	11.3435	79.3822
Anandagudi	25	11.4539	79.3311
Andipalaiyam	25	11.3403	79.4956
Andikkuppam	25	11.3113	79.4423
Anikkurichchi	25	11.0935	79.2600
Anur	25	11.0497	79.3931
Annangarambettai	25	11.1091	79.4103
Anaikkudam	25	11.1372	79.3769
Angarayanallur	25	11.1698	79.3563
Anakkudi	25	11.0343	79.4270
Andiramapuram	25	11.1386	79.4833
Anakkudi	25	11.0526	79.3396
Andakkudi	25	10.9521	79.3022
Aniyamangalam	25	10.8923	79.3568
Andittoppu	25	10.9085	79.3870
Anaikkarappalaiyam	25	10.9499	79.3877
Andalampettai	25	10.9763	79.4545
Andamangalam	25	10.9798	79.4728
Andakudiyan	25	10.9435	79.4316
Andalur	25	10.8984	79.4461
Annantiruchchirai	25	10.8863	79.4502
Annachchiyur	25	10.8544	79.4550
Andankovil	25	10.8767	79.4160
Annal Agraharam	25	10.9436	79.4108
Annavasal	25	10.7116	79.3770
Andami	25	10.5176	79.3998
Annavasal	25	10.7106	79.4397
Annamalainattam	25	10.6893	79.4701
Anditenparai	25	10.5369	79.4926
Andikkadu	25	10.3105	79.3124
Anaikkadu	25	10.4057	79.3477
Anditheru	25	10.4907	79.4359
Angiyanur	25	10.9957	79.0188
Andangarai	25	10.6287	79.6152
Angudi	25	10.6734	79.6432
Andagudi	25	10.7075	79.6791
Anaikkudi	25	10.6970	79.7356
Anaikkudi	25	10.6548	79.7215
Annimangalam	25	10.9275	79.0682
Andali	25	10.8498	79.0305
Andanakkurichchi	25	10.8862	79.1031
Andichcheri	25	10.8635	79.2443
Annappampettai	25	10.8371	79.1987
Anakkudi	25	10.9293	79.1345
Anaivilundankeni	25	10.6782	79.0449
Anganvidudi	25	10.5389	79.1515
Andippatti	25	10.5595	79.0964
Angudi	25	10.6269	79.2125
Andippatti	25	10.5931	79.1755
Andanur	25	10.5002	79.0606
Andanappettai	25	10.7498	79.8226
Andayapuram	25	10.6113	79.8060
Anniyur	25	10.9640	79.5590
Andiyur	25	10.8758	79.5443
Andarpandi	25	10.9431	79.6040
Anaikkuppam	25	10.8440	79.6037
Anaivadapadi	25	10.7856	79.5767
Andukkudi	25	10.9388	79.6784
Anangur	25	10.8506	79.6904
Annavasanallur	25	10.8382	79.6904
Annadanapuram	25	10.9998	79.7112
Anaimangalam	25	10.7955	79.7521
Andharkoat	21	20.3732	84.8329
Andharkoat	21	20.3375	84.8572
Andharkhani	21	20.3167	84.9680
Andhikiari	21	20.1451	84.9969
Anatu	38	23.6015	85.1877
Ango	38	23.7406	85.2172
Angrabari	38	23.0286	85.1972
Anandi	38	23.4855	85.4885
Ani	38	23.3245	85.2784
Anidih	38	23.1821	85.3354
Anigara	38	23.0337	85.2987
Anidih	38	23.0333	85.3764
Ango	38	23.9340	85.5850
Andhuatoli	38	23.8321	85.9223
Anbatanr	38	23.7406	85.9179
Angwali	38	23.7317	85.9858
Anantpur	38	23.6487	85.9653
Ankura	28	23.3667	85.9114
Anekesukratola	38	22.7334	85.1654
Anbatoli	38	22.5815	85.0819
Antanda	38	22.8782	85.3044
Anidih	38	22.8114	85.3208
Angria	38	22.8137	85.3745
Angara	38	24.1139	84.8010
Anandpur	21	22.0687	85.6372
Angbali	38	24.1802	86.9308
Andag	38	23.9423	84.5015
Anpurnadih	38	23.6827	84.6428
An	38	23.6988	84.6491
Anandpur	38	23.4972	84.6521
Anriyatoli	38	23.1234	84.7182
Angara	38	23.7147	84.7660
Antatoli	38	23.3452	84.7559
Anchi	38	23.4051	84.9961
Anjantoli	38	22.8326	84.3927
Andhatoli	38	22.6154	84.4391
Anriatoli	38	22.9179	84.7432
Anai	38	22.4757	84.9675
Andhatoli	38	22.4584	84.9383
Ankaphutapara	21	21.8663	84.1560
Analur	25	9.2128	77.5123
Anicut	25	9.6096	77.6678
Andittalaippatti	25	9.4515	77.6505
Anandappanaikkanpatti	25	9.3682	77.6457
Annapuranipuram	25	9.3092	77.7220
Annapuranipuram	25	9.2693	77.7434
Annapuranapuram	25	9.1378	77.6388
Andur	25	8.3387	77.3035
Anantirapuram	25	8.2961	77.4262
Anditoppu	25	8.2606	77.4483
Anantanadankudiyiruppu	25	8.1506	77.3836
Anandaswamipuram	25	8.1278	77.4244
Ananta Padmanabhapuram	25	8.2282	77.4796
Anupparpatti	25	8.9564	77.6938
Anantakrishnapuram	25	8.7633	77.7423
Anantakrishnapuram	25	8.7790	77.7413
Anaikarai	25	8.4471	77.6237
Anaikkulam	25	8.3995	77.6695
Anantapuram	25	8.4854	77.6843
Anaikkulam	25	8.4466	77.7488
Anjuvittuvilai	25	8.0847	77.5425
Anaittalai Pacheri	25	8.8524	77.7893
Anaiyarkulam	25	8.6845	77.7552
Anavaradanallur	25	8.6885	77.8261
Andanambikurichchi	25	8.6903	77.8547
Anaiyappapuram	25	8.6032	77.7672
Aniyaparanallur	25	8.6922	77.9499
Ananthapuram	25	8.5007	77.9374
Anaippatti	25	10.7572	78.1474
Anandakavundanur	25	10.8721	78.1855
Andipalaiyam	25	10.9361	78.1613
Anaikkalpatti	25	10.9999	78.2431
Andankovil	25	10.9530	78.0382
Anaikkulampatti	25	10.6244	78.1089
Aniyappur	25	10.7011	78.1315
Andikovilpatti	25	10.4935	78.0941
Anaippatti	25	10.4004	78.0144
Andivadanchettiyur	25	10.3179	78.0751
Anuppappatti	25	10.2781	78.0413
Andippatti	25	10.3760	78.1226
Andippatti	25	10.4931	78.0980
Anjukulippatti	25	10.2444	78.0794
Andaman	25	10.0331	78.1650
Andirappatti	25	10.8984	78.3223
Andarappatti	25	10.9644	78.4442
Anaippatti	25	10.9646	78.4844
Andippatti	25	10.8170	78.4842
Aniyappur	25	10.6643	78.3297
Anaikkaranpatti	25	10.5865	78.2972
Anukkanattam	25	10.5806	78.3184
Anjakkaranpatti	25	10.5647	78.3460
Annasamudram	25	10.5242	78.2979
Anagamkonappatti	25	10.5081	78.2991
Andikkavundanpatti	25	10.5090	78.4165
Anampatti	25	10.5533	78.4309
Andikavundanpatti	25	10.6058	78.3739
Anaiyur	25	10.6192	78.3843
Andavarkovil	25	10.6248	78.4349
Anaikkavundanpatti	25	10.7133	78.4967
Andiyapatti	25	10.5985	78.4647
Angurakulattupatti	25	10.5822	78.4612
Anandanur	25	10.5505	78.4585
Andippatti	25	10.4326	78.4583
Anaikkaraipatti	25	10.0089	77.3781
Anjupanangadu	25	10.9998	77.5791
Andipalaiyam	25	10.8695	77.6531
Anaippudur	25	10.8781	77.6010
Andipalaiyam	25	10.8649	77.5185
Andipalaiyam	25	10.8035	77.7085
Anuppapatti	25	10.7227	77.7335
Anaippalaiyam	25	10.7072	77.7401
Anaippalaiyam	25	10.6917	77.6072
Annamanayakkanpatti	25	10.5118	77.6999
Aniyampatti	25	10.1563	78.4390
Anakkarappatti	25	10.2079	78.4176
Anuppapatti	25	10.4729	77.6591
Anaikkaraippatti	25	10.0470	77.6491
Analai	25	10.8693	78.5622
Ananjanur	25	10.8761	78.5430
Andanallur	25	10.8743	78.5973
Annadanappatti	25	10.5044	78.5009
Andangudippatti	25	10.5316	78.7229
Anaippatti	25	10.4239	78.6466
Andakkudippatti	25	10.2362	78.7210
Anattidal	25	10.0072	78.7104
Anandapuram	25	10.9230	78.8947
Angarai	25	10.8783	78.8049
Anandanur	25	10.9128	78.7806
Anandimedu	25	10.8562	78.8535
Andakkulam	25	10.5270	78.8944
Annappatti	25	10.4913	78.7884
Andipatti	25	10.4114	78.7577
Andikkonpatti	25	10.4124	78.9526
Angaranpatti	25	10.2912	78.9271
Anaippatti	25	10.2587	78.7594
Andippatti	25	10.2781	78.8074
Andavarayansamudrai	25	10.2774	78.9906
Anavari	25	10.2109	78.8282
Anikkini	25	10.1452	78.9174
Andakkottai	25	10.0392	78.9601
Andakkudi	25	10.0305	78.9655
Andakkudi	25	10.0387	78.8976
Andikapatti	25	9.9902	78.2313
Andarkottaram	25	9.9070	78.1812
Andarasupuram	25	9.8950	78.1584
Ananjiyur	25	9.8633	78.2373
Angadimangalam	25	9.8424	78.2461
Anjuvidu	25	9.8624	78.1341
Anaikkulam	25	9.7681	78.1299
Anaiparakki	25	9.6634	78.1650
Andipatti	25	9.3675	78.0765
Andipatti	25	9.9711	78.3267
Anniyendal	25	9.7551	78.3809
Anaikkulam	25	9.7515	78.3048
Annapunayakkanpatti	25	9.1821	78.2924
Annavasal	25	9.6741	78.4143
Anadikottai	25	9.6252	78.4738
Andukondan	25	9.6236	78.2857
Andiyendal	25	9.5959	78.3849
Anaikkulam	25	9.5025	78.4548
Anaikkulam	25	9.4832	78.2958
Andanayapuram	25	9.4529	78.4493
Anaiseri	25	9.4157	78.4995
Anaiyur	25	9.3891	78.4374
Animavali	25	9.8968	78.5295
Andichchi Urani	25	9.8615	78.6614
Andarendal	25	9.8067	78.6791
Aniyavayal	25	9.8070	78.6804
Andiyurani	25	9.8048	78.6293
Anjampatti	25	9.7531	78.7185
Aniyavayal	25	9.7283	78.7020
Andakkudi	25	9.5413	78.5484
Anjamadai	25	9.5306	78.7260
Anaikkudi	25	9.3693	78.7390
Andichchiyendal	25	9.3530	78.5847
Anikurundan	25	9.3552	78.6178
Anumanerimelappatti	25	9.3540	78.6927
Anumaneri	25	9.3546	78.6994
Anjattan	25	9.3115	78.5156
Annunni	25	9.2797	78.6547
Andichchikulam	25	9.2667	78.6666
Anukkanendal	25	9.9681	78.8469
Anaiyadi	25	9.9635	78.9129
Andakudi	25	9.9766	78.9817
Anaiyadivayal	25	9.9306	78.7991
Andivayal	25	9.8978	78.9731
Andakkudi	25	9.8776	78.9887
Angalankottai	25	9.8308	78.7667
Andakkudi	25	9.8239	78.8014
Anikki	25	9.8669	78.9158
Anjukottai	25	9.8228	78.9406
Anikkani	25	9.7964	78.7934
Andivayal	25	9.8150	78.8037
Anumanendal	25	9.7640	78.8278
Andivayal	25	9.7715	78.9273
Anjurenduvayal	25	9.7999	78.9637
Anandanendal	25	9.5884	78.8084
Andankulam	25	8.4162	77.8000
Anaikarai	25	8.3312	77.7967
Anaikudiyiruppu	25	8.3033	77.8709
Anandavilai	25	8.3486	77.9005
Anbunagaram	25	8.4092	77.9733
Angamangalam	25	8.5922	78.0425
Andisangilipalaiyam	25	10.9986	77.9325
Andippatti	25	10.9828	77.9655
Andiyur	25	11.7799	79.1046
Andichettipalaiyam	25	10.9053	77.8803
Annur	25	10.9191	77.9951
Anaippalaiyam	25	10.8770	77.9585
Anaippalaiyam	25	10.8363	77.8476
Anchalpalaiyam	25	10.8308	77.9853
Andali	25	11.9663	79.2320
Anuppuppalaiyam	25	10.7568	77.7583
Anjakavundanpatti	25	10.7260	77.9644
Andippatti	25	10.6901	77.9356
Andimupamkottai	25	11.7233	79.0642
Anganur	25	11.7400	79.2288
Annamalaipudur	25	10.5323	77.7992
Andur	25	11.2523	79.0259
Anganur	25	11.3570	79.1606
Anigamuttampatti	25	10.4951	77.9499
Andarasampatti	25	10.3954	77.8202
Andipattakkadu	25	11.0155	79.1830
Anandavadi	25	11.1862	79.1771
Anaivari	25	11.8110	79.3904
Andarayanur	25	11.8947	79.3154
Anattur	25	11.8140	79.4718
Anjipalaiyam	25	11.9466	79.5350
Anagur	25	11.9066	79.5208
Andipalaiyam	25	11.8780	79.5323
Andippalaiyam	25	11.8141	79.5713
Andikkuppam	25	11.7858	79.5405
Angichettippalaiyam	25	11.7742	79.5255
Andikkuppam	25	11.7577	79.5555
Andipalaiyam	25	11.7834	79.6072
Andipalaiyam	25	11.9659	79.6492
Andipalaiyam	25	11.9299	79.6285
Andrasipalaiyam	25	11.8296	79.6674
Anandapuram	22	11.9182	79.7160
Andikkuppam	22	11.9301	79.6920
Anaiyankuppam	25	11.4816	79.7168
Anaikkaranchattram	25	11.4661	79.7176
Anaitandavapuram	25	11.1428	79.6609
Annavasal	25	11.0679	79.7107
Andipalaiyam	22	11.8925	79.7600
Andipalaiyam	22	11.8568	79.8030
Anaikkuppam	25	11.7544	79.7718
Anavattom	13	9.4158	77.0682
Anaimalaiyanpatti	25	9.7830	77.3459
Anaippatti	25	9.7496	77.3228
Anantapuram	25	9.0051	77.3238
Andarkulam	25	9.1616	77.4557
Anaikulam	25	9.0079	77.4532
Andarkulam	25	9.0533	77.4841
Anuppapatti	25	9.9671	77.6373
Anaikkaraippatti	25	9.7825	77.7143
Annanperumalkovil	25	11.1901	79.7648
Anchamalai	25	11.1858	79.7668
Anaimuttam	25	11.0596	79.7601
Andur	25	11.0347	79.7901
Annakovil	25	11.0681	79.8375
Andikulappatti	25	10.4404	79.0643
Andakkottai	25	10.2667	79.1326
Anavayal	25	10.3349	79.1139
Anavayal	25	10.3475	79.0901
Andavarayapuram	25	10.3515	79.1051
Andippatti	25	11.5193	78.0694
Annamalaippatti	25	11.5342	78.1218
Andippatti	25	11.6446	78.0919
Annadanappatti	25	11.6452	78.1434
Anaippalaiyam	25	11.4101	78.0372
Andippatti	25	11.2871	78.0005
Aniyarkulandaipalaiyam	25	11.2724	78.0588
Anaippalaiyam	25	11.4291	78.1706
Anjuttampalaiyam	25	11.1618	78.0004
Andippalaiyam	25	11.1000	78.1088
Aniyapuram	25	11.1423	78.1501
Aniyapurampudur	25	11.1394	78.1648
Andippatti	25	11.2101	78.1064
Andapuram	25	11.0641	78.2261
Anaikkad	25	11.8805	78.2763
Anuppur	25	11.7239	78.3317
Andiyur	25	11.7488	78.4213
Anankadu	25	11.3409	78.2883
Anjalam	25	11.0772	78.3958
Andipatti	25	11.1269	78.3793
Angiyam	25	11.1832	78.4433
Andippatti	25	11.9946	78.6762
Anaimaduvu	25	11.9974	78.8491
Anaikkaraikottalam	25	11.7968	78.9928
Annamangalam	25	11.3259	78.7943
Anukkur	25	11.3327	78.8644
Anaipadi	25	11.0993	78.9387
Antaraganga	02	14.7626	77.4253
Andharu	38	23.9521	85.4566
Anjedbera	38	22.4941	85.6013
Antabera	38	22.9573	85.7722
Ananddih	38	22.7778	85.7986
Ankolkuti	38	22.6879	85.7721
Angardiha	38	22.4345	85.8733
Angarpada	38	22.0193	85.8020
Andhari	38	22.1494	85.9069
Angardiha	38	22.2232	85.9076
Anandpur	21	21.8771	85.2443
Andhari	21	21.1979	85.0018
Andimara	21	21.7818	85.3820
Andharikhaman	21	21.7442	85.4283
Andhari	21	21.2685	85.2737
Andhari	21	21.1606	85.3817
Angudi	21	21.9824	85.5564
Andharikhaman	21	21.8546	85.5965
Ankalpada	21	21.4711	85.7161
Ankalpada	21	21.4819	85.7141
Anaiyampatti	25	11.4967	78.6551
Ankur	21	21.8496	85.7615
Angarpara	21	21.9694	85.8366
Ankura Garhsai	21	21.7635	85.9678
Ankura Bijadiha	21	21.7807	85.9622
Andharjhari	21	21.7958	85.9491
Ankurabandha	21	20.3815	85.1038
Anlapata	21	20.3507	85.0489
Angsingh	21	20.2813	85.0238
Anandapalli	21	20.0761	85.2043
Anandpur	21	20.0025	85.0617
Angsingh	21	20.0401	85.1132
Anlakata	21	20.8648	85.3632
Antkadih	38	24.1029	85.7351
Anjurnar	34	24.9470	85.8519
Angar	38	24.6799	85.7960
Andharkolwa	38	24.4337	85.9236
Andharkola	38	24.1157	85.9353
Andauli	34	26.0878	86.6375
Anrahi	34	25.7762	86.3693
Anjanwa	38	24.6362	86.0919
Andhari	38	24.0963	86.0786
Andidih	34	24.5725	86.4414
Andharkola	34	24.4597	86.4057
Andudih	38	24.2089	86.2684
Angaia	38	24.0358	86.3132
Antapali	21	21.3560	84.0072
Andhari	21	21.1933	84.1363
Andharipali	21	21.8233	84.4151
Ankadihi	21	21.6920	84.2514
Angarapada	21	21.0317	84.3675
Andhari	21	21.3970	84.6042
Angabira	21	21.2067	84.7179
Angrapara	21	21.9809	84.8674
Anandpur	21	20.8550	84.1852
Anandpur	21	20.8844	84.1195
Ankun	21	20.6716	84.1178
Anamunda	21	20.6653	84.1789
Anandapur	21	20.6858	84.4995
Andhardadi	21	20.3418	84.4897
Angapara	21	20.9296	84.5592
Anandapur	21	20.8277	84.6528
Anandamunda	21	20.9276	84.7448
Antarsingha	21	20.7200	84.5735
Anantapali	21	20.6815	84.6177
Analaberni	21	20.9872	84.7607
Anandpuri	24	23.3813	74.0260
Anumula	40	16.7837	79.3021
Angphang	20	26.5004	94.9793
Andarnal Baihk	12	34.5674	74.4106
Anjania	35	22.5693	80.4742
Anji	11	30.8638	76.9959
Anji	11	31.0368	77.0870
Anji	11	31.0228	77.0671
Anji	11	31.0048	77.0655
Andhra	34	26.3968	86.3379
Annaram	02	18.3447	79.2828
Annaram	02	17.3640	78.5226
Anedoddi	19	12.6508	77.0135
Anumandai	25	12.1318	79.9109
Anaippatti	25	10.3866	77.9254