Arrah	34	25.5563	84.6633
Aruppukkottai	25	9.5096	78.0959
Arakkonam	25	13.0845	79.6705
Araria	34	26.1493	87.5132
Arni	25	12.6677	79.2853
Arambagh	28	22.8833	87.7833
Arcot	25	12.9057	79.3190
Arsikere	19	13.3145	76.2570
Arwal	34	25.2428	84.6657
Arvi	16	20.9959	78.2291
Arantangi	25	10.1723	78.9912
Aroor	13	9.8694	76.3050
Ariyankuppam	22	11.8953	79.8071
Arangaon	16	19.0268	74.7149
Ariyalur	25	11.1385	79.0756
Aron	35	24.3811	77.4174
Arumuganeri	25	8.5688	78.0909
Areraj	34	26.5503	84.6801
Aramboli	25	8.2496	77.5216
Ariyallur	13	11.0833	75.8490
Arang	37	21.1964	81.9691
Arukutti	13	9.8667	76.3500
Arkalgud	19	12.7617	76.0603
Arumanai	25	8.3670	77.2433
Ara	38	23.7604	85.5415
Arumbavur	25	11.3810	78.7297
Aravakkurichchi	25	10.7760	77.9087
Arachchalur	25	11.1627	77.7007
Arwani	12	33.7823	75.0674
Arasur	25	11.0866	77.1146
Arshakunti	19	13.0785	77.4225
Arambol	33	15.6868	73.7045
Arsande	38	23.4296	85.3514
Arimalam	25	10.2550	78.8840
Arjyapalli Marine	21	19.3167	84.9737
Ariyur	25	12.8756	79.1034
Arumbanur	25	9.9944	78.1924
Arak	34	25.6116	84.2216
Artist Village	16	19.0323	73.0428
Arsodiya	09	23.2490	72.5212
Arakandanallur	25	11.9720	79.2228
Aruvankad	25	11.3631	76.7579
Arkula	19	12.8743	74.9434
Arempudi	02	17.2696	82.3751
Arjunda	37	20.9460	81.2020
Aralgoria	38	23.7519	86.3643
Arki	11	31.1520	76.9668
Arya	35	22.9214	76.9429
Arak	16	20.3016	77.2761
Arhal	11	31.2094	77.6999
Arwin	12	33.7797	75.0687
Arwi	16	19.1352	73.9454
Arvi	16	20.7470	74.7147
Arvi	16	18.4606	74.6622
Arvi	16	18.3584	73.8157
Aruru	02	13.9121	80.0530
Arunachal	03	24.8667	92.7667
Artiya Kalan	24	26.5419	73.4167
Arthuna	24	23.4995	74.0961
Arthal	12	33.2648	76.1638
Arsisar	24	28.4077	74.1267
Arsia	37	22.7355	82.7245
Arpora	33	15.5469	73.7572
Aros	33	15.7816	73.7846
Aropu	30	28.6333	95.9667
Arong	01	9.1667	92.7167
Aron	35	25.9521	77.9322
Arola	16	17.7528	74.0524
Arod	35	25.9767	77.2960
Arnoda	24	24.7001	74.7546
Arniwala	23	30.3472	74.2578
Arnia Khurd	36	28.1347	77.9186
Arniyan	35	24.1614	76.4234
Arni	16	20.0621	77.9517
Arnetha	24	25.3795	75.9945
Arnauli	10	30.1728	76.4138
Arnaud	24	23.8822	74.8113
Arnas	12	33.1850	74.8228
Arnalapada	16	19.4500	72.7500
Arnala	09	20.4167	73.0833
Armori	16	20.4665	79.9839
Arli Buzarg	16	19.8365	78.3738
Arla	16	17.0983	73.9072
Arakeri	19	16.2748	76.9489
Arkar	37	20.8519	81.4661
Arjuni	37	21.6901	82.0612
Arjuni	37	21.5113	82.6086
Arjuni	16	21.0953	80.1527
Arjuni	37	21.0246	80.9169
Arjuni	16	20.8169	80.0280
Ariz	12	33.3693	75.8182
Ariyakundu	25	9.2962	79.2764
Aring	36	27.4837	77.5267
Ariman Chelka	40	16.2667	79.1000
Arikkod	13	11.2355	76.0504
Arikh	09	22.2529	70.0092
Arigam	12	33.9303	74.6873
Ariawan	34	25.5211	84.2067
Aria	09	23.7793	72.0171
Ari	35	21.9409	79.7134
Argoal	28	21.9694	87.6340
Argi	41	33.6444	78.0321
Argaon	16	21.1192	76.9413
Argaon	16	20.0335	73.8656
Argaon	16	19.5657	76.8668
Areth	09	21.3053	73.1644
Arehalli	19	13.0436	75.8028
Ardi	09	22.7180	73.0370
Ardhapur	16	19.2825	77.3725
Ardavidu	02	15.6769	78.9607
Ardai	30	28.4539	95.5039
Arav	16	17.7253	73.6270
Araul	36	26.9153	80.0256
Arau	41	34.0901	75.2627
Arasur	25	11.2688	79.7250
Arasinagundi	19	13.7209	76.5535
Arasikeri	19	14.6702	76.0738
Arasalu	19	13.9989	75.3060
Ararki	24	29.0998	74.7344
Ararhi	21	20.8117	86.6552
Arann	41	34.8820	77.4629
Aranmula	13	9.3333	76.6833
Arang	24	26.4698	71.5465
Arang	34	25.1629	84.0771
Arandkhera	24	25.0396	76.0397
Aranya Kalan	35	23.2448	76.7435
Aramda	09	22.4301	69.0353
Arambakkam	25	13.5258	80.0710
Aramba	35	21.6099	80.0665
Aralagundi	19	16.9332	76.4943
Aralagodu	19	14.1435	74.8183
Araku	02	18.3375	82.8448
Arakhera	35	21.7102	76.8271
Arakeri	19	16.9180	75.6947
Arajkund	37	20.6839	80.7124
Arainj-laka-punga	01	12.5998	92.7186
Arain	24	29.8578	73.6048
Arain	24	26.4508	75.0446
Araidanga	28	25.1228	87.9837
Arai	34	24.9333	85.3167
Arag	16	16.7910	74.8051
Arjansar	24	28.9051	73.9442
Armalsar	24	28.3733	74.5572
Aravi	16	18.0908	72.9989
Arsapota	28	22.9118	88.3016
Arapanja	28	22.4329	88.4690
Arbalia	28	22.7119	88.7756
Arahom	12	34.2997	74.8162
Arch	12	34.2454	74.7762
Arampura	12	34.0914	74.7745
Aramwar	12	34.0690	74.8386
Arauli	12	33.8175	74.2471
Arat	12	34.0886	74.6585
Archanderhama	12	34.1138	74.6104
Arampur	12	34.1298	74.6198
Aripanthan	12	34.0598	74.5778
Aru	12	34.0350	74.5833
Arakharwar	12	34.2584	74.2835
Arampur	12	34.2882	74.4591
Arampur	12	34.4569	74.2940
Arai	12	33.7902	74.2766
Arli	12	32.9884	74.9357
Arda	12	32.8814	74.9863
Arlot	11	31.1839	77.0417
Arsiyaguda	40	17.1867	78.4376
Arvapuram	40	17.4603	78.7366
Arutla	40	17.1353	78.7583
Areguda	40	17.1011	78.8966
Aregudam	40	17.2157	78.9595
Aratla	40	17.6293	78.1903
Arkalguda	40	17.5897	78.5200
Arnota	36	26.9571	78.3695
Arath	16	18.0874	72.9969
Arumbakkam	25	13.0734	80.2069
Arunachaleswaranpet	25	13.1319	80.2919
Arasankalani	25	12.8782	80.1953
Arumbakkam	25	13.2107	79.9604
Aranvayal	25	13.0998	79.9547
Ariyappancheri	25	13.0719	80.0750
AreKere	19	12.8891	77.5973
Arehalli	19	12.9103	77.5381
Arun Arekar -residence	09	22.2741	73.1969
Arangasar	24	28.1145	75.3330
Aruka	24	28.2254	75.6697
Ardawata ki Dhani	24	28.1853	75.6260
Ardawata	24	28.1870	75.6319
Arnoli	23	30.2363	76.5502
Arthu Kalan	10	30.1544	76.6312
Arthu Khurd	10	30.1614	76.6331
Armala	10	30.6124	76.9933
Arwaho	36	24.8434	78.4044
Arhauli	36	27.9880	79.0194
Arora	36	27.7664	79.0118
Artharakhera	36	27.7817	79.3809
Arrua	36	27.2011	79.4342
Arjunpur	36	27.0914	79.4090
Arsania	36	27.1383	79.4096
Arsara	36	27.0669	79.2692
Arifpur	36	27.0535	79.4201
Arwal	36	27.2264	79.7909
Arharpur	36	26.8596	79.1863
Arjara	36	25.6080	79.1409
Arjunpur	36	26.9653	79.6179
Arhu	36	26.9037	79.5183
Arhanpur	36	26.6118	79.9293
Arjaniar	24	27.0918	71.4712
Arimara	03	26.0444	90.6575
Arganglas	41	34.5910	77.7678
Artara	36	25.7161	80.1638
Arhauli	36	25.4523	81.2282
Arnakonda	40	18.5989	79.1192
Aregura	40	19.2446	79.2504
Aran	16	17.9302	75.3660
Arukizhaya	13	11.1005	76.1199
Arimanal	13	11.1547	76.3259
Arwi	16	19.0820	75.5196
Arava	16	21.1515	74.6436
Arjunkhedi	35	23.7275	77.5936
Arthkheda	35	23.6374	79.4718
Aranyadhani	35	24.3716	75.3346
Aruha	21	20.7375	86.1007
Arniya	35	22.8546	75.6756
Arearjhar Pt I	03	26.2682	90.4149
Aranji	21	21.1055	86.4276
Arsingri	28	23.1147	88.8491
Aradapalli	21	20.5242	86.5700
Arini	19	12.7367	75.6813
Ara	12	34.4954	74.5141
Argam	12	34.3763	74.6856
Ar	12	34.2885	74.8878
Arniwali	10	29.4415	75.0461
Arind	24	28.1241	76.3949
Argi	12	33.2979	74.3800
Arjot	11	31.3365	77.1542
Arayan	12	34.6125	74.0515
Arki	11	31.3137	77.3081
Artha	11	31.4061	77.3996
Arniwala Wazira	23	30.0676	74.4687
Arog	11	31.1056	77.2900
Arshala	11	31.0238	77.4637
Arsu	11	31.4792	77.5778
Arbal	11	31.1680	77.5858
Arni	11	30.8308	77.0528
Argu	11	30.8341	77.1301
Arandwala	11	30.5520	77.1750
Aryog	11	30.7344	77.2408
Arwan	11	30.9099	77.3041
Arta	11	30.7117	77.2842
Arwali	11	30.5613	77.3725
Arlu	11	30.7063	77.3901
Arji	11	30.6499	77.3195
Arjon Majra	10	30.3268	77.3913
Arnauli	10	30.2248	77.2898
Arat	11	30.7307	77.5023
Ari	11	30.6472	77.7043
Arandka	24	27.9410	76.9175
Arazi Jhuri	36	30.2569	77.5553
Arifpur	36	30.3152	77.5957
Ara	39	30.6508	77.8161
Arniya Khurd	24	26.6638	76.3161
Arniya Kalan	24	26.6430	76.2977
Arniya	24	26.4249	76.1265
Arjani	35	23.2167	78.3134
Arpura	24	26.4248	76.4487
Arjuna	35	23.7146	78.8904
Arnia	24	26.4709	76.6573
Arampura	24	26.2746	76.6812
Aroda	24	26.2669	76.6647
Arjuni	35	23.4144	78.6810
Aribas	24	26.5733	76.9905
Arej	24	26.7308	76.9079
Arodri	35	26.0409	76.9086
Arliya	24	25.0408	76.0196
Arifpurkheri	36	29.0994	77.3360
Arnaich	36	29.5583	77.5460
Arka	35	22.8727	78.0348
Aregaon	35	22.8647	78.6368
Arjungaon	35	22.8007	78.6319
Aritoriya	35	22.5771	78.5187
Aregaon	35	22.8002	78.7809
Arvi Chhoti	16	21.2198	78.1391
Arambhi	16	21.2690	78.3483
Arjunvari	35	21.9675	78.9651
Arjuna	16	20.3221	78.0680
Arnawli	36	29.0230	77.6061
Arasalur	25	10.9834	78.3116
Ardusa	35	25.8182	76.5454
Arna	24	24.5693	72.7522
Aruwali	23	29.9763	74.1672
Arjumanpura	10	29.4283	74.6616
Aradru	24	24.1395	73.2641
Arol	24	24.4514	73.4931
Arwar	35	25.7177	76.5156
Arnya Khurd	24	24.6324	76.0212
Arnya Kalan	24	24.5877	76.0611
Aroliya	24	24.5187	76.0276
Arjungarh	24	25.6627	74.0881
Arjunnugar	07	28.5619	77.2074
Arthala	36	28.6745	77.3931
Arangpur	10	28.4611	77.2656
Arwa	10	28.3054	77.4639
Aronda	36	28.3261	77.7129
Arha	36	28.4152	77.7484
Arniala Shahpur	23	31.6119	75.9412
Arniala	23	31.6257	75.9505
Arwar	24	26.1602	74.9347
Arnali	24	25.8096	74.0569
Arjya	24	25.4179	74.6329
Arnetu	10	29.9567	76.2009
Arnon	23	29.8585	76.2195
Aryanagar	39	30.3386	78.0647
Araghar	39	30.3077	78.0555
Aralgaon	39	30.3116	78.2311
Arazi Kandla	36	29.3745	78.6247
Arazi Beondhan Buzurg	36	28.4216	79.0305
Arniya	24	24.4153	76.4861
Aroliya	35	24.0549	76.3860
Aramti	35	24.1251	76.4130
Arnyakhera	24	24.7944	76.5649
Arrand	24	24.9333	76.6105
Arnya	24	24.9707	76.6454
Arjunpura	24	24.4084	76.7433
Aravelli	40	18.7190	79.0262
Arjangutta	16	18.8685	79.9570
Arinda	40	18.6831	79.8074
Arkapalli	16	19.1319	80.1691
Arepalli	37	19.1494	80.4161
Arsali	16	18.9409	80.1868
Arubote	29	27.1738	88.2443
Arifpur	36	28.8495	77.9154
Aritar	29	27.1852	88.6653
Aritar Barbati	29	27.1777	88.6646
Arsi	37	21.3760	81.2254
Aru ka Pura	35	26.4642	77.8185
Arhela	35	26.4215	77.8197
Arua	35	26.3941	77.7679
Arupura	35	26.3045	78.3375
Aru	35	25.9071	78.3170
Arusi	35	25.8899	78.4000
Araq	23	30.9046	76.1471
Argadegavhan	16	19.3893	76.0310
Ardatolaji	16	19.7293	76.3260
Arda	16	19.6083	76.3893
Arvi	16	19.3582	76.7004
Arkhed	16	19.0449	76.9168
Arnauli	23	30.8191	76.4874
Arni	36	27.8634	77.8263
Arrana	36	27.9325	77.8865
Arniyan	36	27.8038	77.9450
Arni	16	18.0748	76.2913
Archheri	10	30.3682	76.9720
Arbujwadi	16	18.8865	76.7992
Ari	16	18.3431	76.7967
Arali Khurd	16	17.9005	76.1488
Arali Budrukh	16	17.8841	76.1384
Arabali	16	17.8199	76.1537
Arduka	24	27.6310	77.0261
Arhera	36	27.5262	77.6220
Aruki	36	27.4302	77.6710
Arli	16	17.7267	76.1598
Arhauli	36	28.4215	77.8130
Arauli	36	28.4207	77.9347
Arnia Mansurpur	36	28.2142	77.8358
Aru Nagla	36	28.0224	77.9712
Arjunpur	36	28.0731	77.9876
Arjunpura	24	27.0231	77.6372
Arua Khas	36	27.1933	77.7253
Arhera	36	27.0752	77.7463
Aradaya	36	27.1693	77.7496
Arangi	37	21.4482	82.7442
Arbichapmangaon	37	21.2619	82.7164
Arod	37	20.8104	81.2403
Arjuni	37	20.9439	81.2067
Arejhar	37	20.5310	81.0540
Armurkasa	37	20.6266	81.0808
Arjal	37	20.6426	81.1207
Arjuni	37	20.7367	81.5608
Araud	37	20.5330	81.5640
Arod	37	20.6688	81.6393
Arjuni	37	20.3988	81.7598
Areshankar	19	16.4061	76.0171
Are Mural	19	16.3118	76.2187
Arasanal	19	16.2714	76.2228
Arikyal	19	16.3389	76.3562
Areshankar	19	16.2774	76.3202
Arakeri	19	16.5389	76.8024
Arla	37	21.0470	81.1231
Arasnara	37	21.3105	81.3429
Arjuni	37	21.0010	81.3195
Arabandha	37	21.9195	81.5218
Arabandha	37	21.9677	81.6989
Arasnara	37	21.0722	81.5132
Arli	16	18.8362	77.6937
Arjapur	16	18.7882	77.7477
Arepalli	40	18.1879	77.9078
Aredu	40	18.1810	77.9029
Arepalli	40	18.0704	77.9064
Arti	36	27.4871	78.1160
Arela	36	27.2878	78.1146
Arjamga	19	17.2832	77.1275
Ari Bahmanhalli	19	17.2137	77.2425
Arabgarh	36	27.4531	78.2953
Arazi Birhar	36	27.4296	78.2975
Arapur	36	27.2643	78.4875
Arvi	16	20.7883	78.7311
Arvi	16	20.5036	78.7431
Arambha	16	20.5595	78.9785
Arvi	16	20.4130	78.9554
Arjuni	16	20.0354	78.7761
Arrua	36	27.6225	77.7814
Arhapura	36	27.6584	78.5162
Arjunpur	36	27.5790	78.5307
Arthra	36	27.5618	78.5944
Arur	40	17.6329	77.8750
Archna	35	23.1935	79.8307
Arakera Buzurg	19	16.8459	77.0225
Aronj	36	27.1083	78.5490
Araon Khurd	36	27.0187	78.7291
Armarajat	36	27.0699	78.5306
Arakera Khurd	19	16.7638	77.2703
Arakera Khurd	19	16.7800	77.2803
Arsiger	19	16.2462	77.4834
Aralibenchi	19	16.1519	77.3250
Aravli	19	16.0299	77.2521
Arhupura	36	27.0639	78.8774
Artauni	36	27.4131	77.8642
Arautha	36	27.4151	77.9506
Arjunpur Nauabad	36	27.6702	78.7883
Arjunpur Qadim	36	27.6774	78.8009
Arron	35	26.6852	78.4546
Arusi	35	26.6212	78.3402
Arele ka Pura	35	26.5312	78.4715
Arandiya	35	22.3818	79.5866
Artauni	36	27.2276	77.9095
Arsena	36	27.2348	77.8379
Arazi Heonra	36	26.9222	78.9583
Arron	35	24.5867	78.0897
Arupur	36	27.6184	79.0390
Arjunai Simri	36	27.5524	79.1038
Arjunai Simri	36	27.5383	79.1148
Arjunnagar	36	27.6365	79.2263
Arli Khurd	40	19.0885	78.1065
Arigela	40	19.0453	78.1739
Arderam	40	19.1659	78.2484
Arhupura	36	27.2889	79.0312
Arord	24	26.2599	77.1102
Arroda	24	26.6225	77.3359
Arka	16	21.0844	79.2399
Arrah	36	27.3396	79.2557
Arjunpur	36	27.3171	79.2908
Arsani	36	27.2880	79.4612
Arjuni	35	21.6778	79.3918
Aroli	16	21.3235	79.4424
Arwa Khanpur	36	27.7547	79.7292
Arungpur	36	27.8705	79.5894
Araunda ka Pura	35	26.2822	77.7108
Araunda	35	26.2835	77.7177
Arrahat	35	26.2249	77.6628
Arenti	35	26.0585	77.6696
Ari	24	26.7837	77.7706
Arrah Paharpur	36	27.4064	79.5480
Arampur	36	27.3670	79.5636
Arwah	36	27.2719	79.5162
Arjan	36	27.3564	79.5871
Arauli	36	27.4123	79.7485
Arjunpur	36	27.3604	79.7006
Argaon	35	21.2076	76.1860
Arud	35	21.6248	76.2553
Ardalan Kalan	35	21.7042	76.4041
Arnapur	36	27.0560	79.5038
Aryanagar	36	27.0990	79.6758
Arthua	36	27.7514	79.8246
Ari	35	25.0557	77.6242
Arawara	35	25.0153	77.5866
Arampur	35	24.3888	77.1531
Arnia	35	24.1969	77.0902
Ari	35	24.7324	77.3224
Araskhera	35	24.4115	77.3595
Ari	35	24.0635	77.3045
Arepani	35	24.1062	77.3588
Arnot	35	24.0006	77.9730
Aregudem	40	17.2168	79.0709
Arianpur	36	27.5064	78.0189
Arani	36	27.9228	78.3490
Arifpur	36	27.8159	78.4221
Arnoth	36	27.7233	78.3483
Arnian Talesra	36	27.7010	78.4252
Aregudem	40	17.4431	79.2533
Arlagaddadudem	40	17.1347	79.3807
Arevarigudem	40	17.0920	79.4971
Aregudem	40	17.0904	79.4741
Arhupur	36	27.9330	78.6958
Arvapalli	40	17.3325	79.5127
Arvapalli	40	17.9130	79.8047
Arpanpalli	40	17.7198	79.9368
Aregudem	40	16.9124	79.1464
Ariari	36	26.7029	79.5704
Araji	36	26.4415	79.6787
Arsun	36	26.3002	79.5459
Arjun Purwa	36	26.9940	79.8151
Arangapur	36	26.9835	79.8471
Arazi Zabti	36	26.8771	79.9278
Arhariamau	36	26.3031	79.8187
Arhan	36	26.1737	79.9378
Arlegudem	40	16.9905	79.9016
Arseni	35	25.2327	80.3668
Arak Talia	36	25.1111	80.3587
Arabganj	36	25.7032	81.1857
Arjunpur	36	25.5791	81.0457
Arwansi	36	25.6034	82.1370
Ari	36	25.1901	79.4467
Arghatmau	36	25.1869	79.6266
Arjun Kund	35	24.4562	79.2068
Ararah	36	25.9441	82.9269
Ara	36	25.8250	82.7675
Ari	36	26.9777	78.0275
Ardala Khurd	35	21.6551	76.1286
Aroli	35	26.6139	78.0745
Arwariya	35	23.4148	77.7867
Arjani	35	23.1374	77.8889
Aruapurwa	35	24.7585	79.6585
Arar	36	25.6085	83.1252
Arazi Bagahi	36	25.7200	83.1805
Arjunpura	36	26.8876	78.4162
Arar	36	25.3802	83.0734
Arazi Sarahwa	36	25.3397	83.2233
Arhia	36	25.3644	83.0806
Arjunpura	35	26.7370	78.5446
Arjunsingh ka Pura	35	26.5190	78.5147
Ari	35	26.2139	78.5384
Araura	35	26.1992	78.5148
Arazi Chak Burhia	36	25.1020	83.0708
Arazi Lijhri	36	25.0880	83.0146
Arokhar	35	26.3378	78.7985
Ari	35	22.7605	77.8790
Arazi Muafi Padri	36	25.7311	83.3705
Arazi Inglish	36	25.6711	83.4799
Ari Paharpur	36	25.4314	83.4931
Arangi	36	25.2838	83.4852
Arari	36	25.0852	83.2892
Arazi Krishnarpan	34	25.0303	83.3210
Arazi Khurd	36	25.0275	83.3097
Arazi Kalan	36	25.0267	83.3038
Arjunghondi	35	22.1052	77.9329
Ari	36	25.5408	78.6068
Ardauna	36	25.9171	83.6719
Arazi Taufir	36	25.8820	83.6252
Arakhpur	36	25.7517	83.5326
Arjunyai	35	24.7314	79.9818
Arangi	36	25.4087	83.7005
Arya	35	21.9855	77.0714
Arul	35	21.8812	77.9495
Arjunwari	35	21.7685	77.9948
Ara	34	25.2313	83.6364
Arail	34	25.1283	83.5168
Ararua	34	25.1291	83.8773
Arwatand	36	24.7935	83.2466
Arao	16	21.4302	77.0951
Aregaon	16	21.2575	77.4466
Arnadi	16	21.3849	77.4306
Arhad	16	20.8311	77.8240
Arambardhana	35	21.4528	77.5219
Arambar	35	21.4485	77.5281
Argaon	16	21.1527	77.8470
Arkhed	16	20.6761	77.3775
Arala	16	20.9504	77.4344
Arambhi	16	20.1525	77.8339
Arjuntola	35	21.6351	79.7349
Arjunitola	35	21.7510	79.8856
Arjunnalatola	35	21.7545	79.8032
Arjunnala	35	21.7583	79.7948
Arjuni	35	21.7439	79.8859
Arjuni	16	21.5373	79.9606
Arauli	36	24.6493	83.1128
Arangpani	36	24.0668	83.0995
Argarh	36	24.5143	83.4163
Arangi	38	24.4547	83.4864
Arari	34	24.9599	83.6466
Arsali	38	24.3754	83.5903
Arher Nawargaon	16	20.6586	79.8843
Arunnagar	16	20.7088	79.9857
Arjuni	16	20.3594	79.2144
Arjuni Tukum	16	20.3673	79.2220
Aregaon	16	20.4126	79.4257
Aregaon	16	20.1091	79.3514
Aregaon	16	20.4677	79.5460
Arsoda	16	20.4812	79.9640
Arhana	36	25.8959	80.3152
Arkhan Dera	36	25.8314	80.4076
Arjunah	36	25.3444	80.4332
Arbai	36	25.4486	80.4101
Arhawal	36	25.8310	80.5194
Arakeri	19	16.5341	76.5071
Aralhalli	19	16.4087	76.7130
Arwapur	19	16.0730	76.6626
Aralhalli	19	16.7883	76.7986
Arangi	38	24.1747	83.7618
Arwatan	38	24.1473	83.8387
Arjar	36	25.3158	78.8361
Arkapalli	40	16.8208	78.7654
Ardawa	16	19.9960	76.6119
Arsaunda	36	25.5914	80.5502
Arjunapatla	40	17.9993	79.0016
Arnya	24	24.9798	76.4009
Aregudam	40	17.5575	79.0315
Arjunwada	40	17.2862	79.0994
Arur	40	17.3908	79.0905
Aregudem	40	17.6818	79.5006
Arpiral	40	17.5132	79.6438
Arpiral Tanda	40	17.5480	79.6470
Aregudem	40	17.2243	79.6108
Arjungi Budrukh	19	17.1230	76.1717
Arjangi	19	17.3641	76.4341
Arjunkhiria	36	24.4278	78.6332
Arli Khurd	16	19.8385	78.4028
Arli	40	19.6161	78.4212
Arli	40	19.6988	78.5898
Arkapur	40	19.4775	78.6545
Ardwan	16	19.8282	78.7942
Arjoni	40	19.6034	78.8026
Arjunpur Garhi	36	27.1665	79.2117
Aram	36	27.2450	79.2412
Arjuni	35	23.8032	78.7132
Arjunkahuwa	35	24.5027	81.7084
Aruari	36	24.9710	81.9421
Argat	35	24.2864	81.2469
Arebas	35	22.3585	78.3313
Aradongri	35	22.0415	78.4558
Ararh	36	25.9581	80.9692
Aryarah	36	27.5118	79.3824
Aram Nagla	36	27.6443	79.4747
Arjundeh	35	23.2765	79.1728
Arjanpur	35	24.9998	80.6594
Arsi	35	23.2109	79.0815
Arar	36	25.8315	82.0998
Araiya Dih	36	25.8727	82.1587
Arjunpur	36	25.9591	82.2093
Arazi Gaddopur	36	25.8689	82.3493
Arhanpur	36	25.7614	82.3923
Arazi Sawansa	36	25.8482	82.4079
Arjunpur	36	25.9858	82.4441
Arazi Anusar	36	25.9981	82.4701
Arjanpur	36	25.9317	82.6556
Ardhpur	36	25.8044	82.5917
Aryanagar	36	25.9846	82.6817
Arnaula	36	25.9989	82.7290
Arand	36	25.9988	82.7168
Arazi Dariba	36	25.6895	82.7272
Arthkhera	35	23.6389	79.5610
Argalipur	36	25.5111	81.3082
Arjunpur	36	25.4861	82.3712
Araon	36	25.3550	82.2747
Arta	36	25.2689	82.3362
Argaja	36	25.0962	82.4633
Arjunpur	36	25.2211	82.3673
Arjunpatti	36	25.3045	82.5444
Arjunpur	36	25.3192	82.6610
Arazi Debui	36	25.3970	82.6698
Arazi Bhonda	36	25.4772	82.7109
Arazi Karaundi	36	25.4527	82.6716
Arazi Muafi	36	25.4170	82.6047
Arjunpur	36	25.2231	82.5377
Arjunpur	36	25.1829	82.5298
Arjunpur	36	25.1550	82.5943
Arjunpur	36	25.1164	82.6296
Arjunpur	36	25.0303	82.7053
Arjunpur	36	25.1342	82.7410
Arjunpur	36	25.3319	82.7660
Arazi Fateh Bagh	36	25.2569	82.0851
Ara Kalan	36	25.4683	82.1514
Ara Khurd	36	25.4811	82.1453
Arai	36	25.3865	82.2273
Arjunpatti	36	25.4044	82.2043
Arai	36	25.2617	82.2233
Arazi Line	36	25.1895	82.8563
Arazi Line	36	25.1820	82.8912
Arjunpur Suklan	35	24.7772	82.0405
Arjunpur Pakan	35	24.7728	82.0494
Arangi	36	24.7617	82.9571
Aruwan	36	24.7640	82.8879
Aryanagar	24	28.3836	75.8211
Aruwapathar	36	24.4577	82.8884
Arangi	36	24.4302	82.9299
Arai	36	25.1755	82.0206
Ararupur	36	25.1107	82.2022
Arwa	36	25.7471	82.3055
Aruanwan	36	25.6567	82.4633
Arjunamau	36	26.6692	80.7606
Arhauli	36	26.3428	80.7514
Aryanagar Defence Colony	10	28.6758	76.9297
Arazi Gopal Jat	36	29.2924	78.4348
Arua	36	27.5935	81.0192
Ariapur	36	27.5003	81.0723
Arhipur	36	27.5803	81.5308
Arjun Purwa	36	27.5284	81.5914
Arwan Ganj	36	27.5531	81.6009
Arai Khurd	36	27.4908	81.5019
Arazi Purkhipur Dihwa	36	27.6091	81.7479
Arashti Purwa	36	27.7193	81.6008
Arhmalpur	36	27.4206	81.5721
Arai Kalan	36	27.3920	81.5363
Arazi Inglisa	36	25.9171	83.8973
Arazi Takha	36	25.9007	83.9466
Arkapur	36	27.4694	81.7432
Arazi	36	27.5512	81.7942
Arazi	36	27.7126	81.7762
Arjun Purwa	36	27.0480	81.8611
Arjunjhir	35	22.2913	79.9392
Ardunamau	36	26.8082	81.0040
Aranpur	36	26.7759	81.2285
Arjan Chak	36	26.9430	81.2273
Arjunganj	36	26.5560	81.1773
Araruganj Purwa	36	26.5047	81.2302
Arwi Khurd	36	26.7512	81.4059
Arwi Kalan	36	26.7547	81.4027
Arjuni	16	21.0500	79.6111
Aregaon	16	21.0056	79.5846
Araruganj	36	26.5072	81.2596
Arvi	16	20.6345	79.1406
Ara Purwa	36	26.2936	81.2475
Arjumpur	36	26.4447	81.2499
Arazi Ganjhera	36	29.1108	78.8828
Arwal	36	26.4488	81.8550
Ari Dih	36	26.4603	81.9983
Arazi Pal	36	25.9623	81.0469
Arahpur	36	25.8229	81.0202
Arditara	16	21.4109	74.0579
Arda	09	21.4741	74.1007
Arkha	36	25.4481	81.0551
Arki	36	25.4564	81.0964
Archha Barethi	36	25.4093	81.0004
Arjunpur	36	25.3586	81.0746
Arakpur	36	28.8966	78.3349
Arwara	36	25.2178	81.0876
Arjunpur	36	27.0514	80.9038
Aramba	36	27.1388	80.9035
Arsena	36	27.2401	80.9845
Arra	36	26.4014	80.3008
Arai Umri	36	27.1758	81.6231
Arjan Singh	36	27.0877	81.7209
Arbarwa	36	27.2911	81.8880
Arunas	36	27.4823	81.9177
Arati	16	19.6282	77.3633
Aregaon	16	19.9396	77.6082
Arthal	36	28.3823	78.4655
Ara	16	19.5442	77.6069
Areli Ismailpur	36	28.0288	79.8849
Arjunpur	36	28.1256	79.8727
Arepalli	40	18.6211	78.1542
Arjunpur	36	28.5378	78.7461
Arkha	36	25.8774	81.3136
Arkha	36	25.8555	81.3091
Arkha	36	25.8696	81.3104
Arjunpur	36	28.4099	78.5436
Arkanan	36	26.7685	81.9261
Arjan Purwa	36	26.9480	81.9483
Ariphpur Bhagta Nagla	36	28.1751	78.7083
Arjunpur	36	26.0264	81.8817
Arsahni	36	26.1710	81.8782
Arikhera	36	28.5718	78.7902
Arang	12	33.6930	74.4043
Aruwali	12	33.5144	74.4172
Arazi Motipur	36	27.8604	82.0188
Arepalli	40	18.0580	78.1377
Arazi Hatwa	36	27.8448	82.0093
Arazi Gabbapur	36	27.8383	82.0681
Arazi Dhonrpurwa	36	27.8304	82.0734
Arazi Phulaiya	36	27.8315	82.1074
Arazi Haraiya	36	27.6714	82.0709
Arazi Jankinagar	36	27.6557	82.0888
Arnahwan Khurd	36	27.6177	82.0735
Arnahwan	36	27.6195	82.0747
Arazi Raghunathpur	36	27.5472	82.0560
Arbarwa	36	27.5320	82.1616
Arazi Partabpur	36	27.5408	82.1588
Arazi Burantpur	36	27.5386	82.1751
Arazi Lalia	36	27.5836	82.1316
Arazi Dhama Chauri	36	27.6152	82.1806
Arazi Gangapur	36	27.5985	82.0604
Arazi Dingur Jot	36	27.5436	82.0340
Arzal	12	33.9254	74.5950
Arampor	12	33.9750	74.7340
Argul	40	18.7353	78.2748
Arangi	12	33.4986	74.7168
Arjunpur	36	27.3264	82.0597
Ararpakar	36	27.4939	82.1067
Arazi Kondri	36	27.4841	82.1259
Arazi Bhatta	36	27.4170	82.1617
Arazi Muhammadpur	36	27.4633	82.1997
Arazi Munda Dih	36	27.4848	82.2309
Arjunpur	36	27.0204	82.0124
Arjun Singh	36	27.0667	82.0821
Arhmalpur	36	27.0065	82.1679
Arkandai	39	29.9099	79.0262
Argonda	40	18.2294	78.2800
Arepalli	40	18.2164	78.3476
Arjanpur	36	27.3405	82.4933
Arbaraha	36	27.2286	82.2535
Arsihwa	36	27.2141	82.3581
Arazi Bharatpur	36	27.1771	82.3912
Arazi Ganeshpur	36	27.1853	82.4041
Arazi Intahia	36	27.1748	82.4225
Arazi Achalpur	36	27.1693	82.4289
Arapeta	40	18.8396	78.6491
Arni	36	27.1531	82.6392
Arda	36	27.0405	82.7667
Argadha	36	27.1907	82.9624
Arjun Singh Purwa	36	26.8816	82.1040
Arahal	12	33.8206	74.8736
Arihal	12	33.8140	74.8938
Arigom	12	33.8250	74.8860
Aramul	12	33.8190	74.9532
Arpur	12	33.7870	74.9293
Arwawan	36	26.6804	82.1264
Arwawan	36	26.6040	82.2319
Arepalli	40	18.2156	78.6207
Aryasi	36	26.4288	82.1844
Arsath	36	26.4480	82.1914
Arapathar	12	33.5661	74.8896
Arijan	12	33.6467	74.8661
Arishpur	12	33.7133	74.8624
Arahom	12	33.7381	74.8370
Arae	12	33.6792	74.9612
Ara	12	33.5213	74.9373
Arapur	12	33.5836	74.9721
Araru	36	26.2224	82.0198
Ar Dih	36	26.2212	82.0332
Arjunpur	36	26.1116	82.0842
Arpapalli	40	18.8761	78.9635
Arra	36	26.1788	82.0953
Arjunpur	36	26.1903	82.2166
Arjunpur	36	26.0936	82.1933
Araila	36	26.0505	82.2447
Ari Tal	12	33.4490	74.9083
Arepalli	40	18.6169	78.9559
Arapalli	40	18.3788	78.7679
Arapalli	40	18.2852	78.9832
Arepalli	40	18.4464	78.9110
Arwari	36	25.1885	81.4854
Arzanipur	36	26.8967	82.3224
Arbarwa	36	26.9132	82.4942
Arjunpur	36	26.7566	82.3296
Arwat	36	26.6081	82.2963
Arazi Marauti	36	26.7182	82.4437
Arjunpur	36	26.2925	82.2783
Arjunpur	36	26.4948	82.4055
Arjanaipur	36	26.3309	82.3959
Argupur	36	26.2523	82.4632
Arazi Marukpur	36	25.7880	83.2314
Arju	36	26.0788	82.3211
Arzanipur	36	26.1852	82.3889
Arjun Bhiro	36	26.9015	82.6379
Arjundiha	36	26.8350	82.6395
Arkhabari	36	26.8425	82.7421
Arazi Bankat	36	26.7553	82.7131
Arkhapur	36	26.6781	82.5865
Arsawan	36	26.5360	82.5907
Arkhapur	36	26.5479	82.6445
Arbapur	36	26.7099	82.7365
Aria	36	26.4806	82.5825
Arzanipur	36	26.4591	82.5170
Ariauna	36	26.4595	82.5041
Arsiwan	36	26.1413	82.5811
Arghupur Khurd	36	26.0828	82.6482
Arghupur	36	26.0190	82.7398
Arghupur Kalan	36	26.1564	82.6470
Arail	36	26.8430	82.7928
Arabpur	36	26.5312	82.7899
Arari	36	26.6031	82.8204
Arail Digur Patti	36	26.7421	82.9326
Arazi Saraunda	36	25.8764	83.3889
Araila	36	25.9622	83.3948
Arar	36	25.8294	83.4942
Arusa Azampur	36	26.4880	82.7831
Arai	36	26.3503	82.7577
Aribpur	36	26.4674	82.8820
Arusa	36	26.1571	82.9065
Arharia	36	26.2298	82.9198
Arjun Patti	36	26.1535	82.9194
Arazi Sankalp	36	26.1736	82.9546
Araria	36	26.0634	82.9587
Ariun Patti	36	26.0298	82.9228
Arazi Kanaitha	36	26.0187	82.9528
Arapal	12	34.0202	75.0710
Armiun	41	34.0974	75.3349
Argarha	36	27.1861	83.0229
Arazi Bichhia	36	27.1234	83.0146
Arazi Jhunria	36	27.1235	83.0285
Arji	36	27.0760	83.0235
Arazi Ainchni	36	27.1166	83.0671
Arigom	12	33.9355	75.1020
Arlachh	12	33.8051	75.2174
Arguhal	12	33.8069	75.2409
Arbarhawa	36	27.0077	83.3703
Arnahwa	36	27.2002	83.5707
Arigutun	12	33.6294	75.0181
Arhang	12	33.5251	75.1171
Arigom	12	33.6395	75.0965
Arwadar	12	33.5845	75.2045
Arjunpur	36	25.9646	81.6167
Arron	36	25.9227	81.5015
Arjun Ateru	36	25.8261	81.5033
Aruhari	36	25.8486	81.6228
Arar	36	26.8712	83.0126
Arar	36	26.7992	83.0769
Arar	36	26.7849	83.0836
Arazi Thakurapar	36	26.9425	83.2348
Arar	36	26.7487	83.0387
Arazi Zabti	36	26.7298	83.0752
Arar Ramharkh	36	26.4704	83.1060
Arjun	36	26.4637	83.1183
Arazi Dewara	36	26.3477	83.1093
Arazi Mallah Purwa	36	26.3477	83.1610
Arar Gobind	36	26.4423	83.1726
Arazi Purainian	36	26.3544	83.1745
Arazi Gangapur	36	26.3511	83.1714
Arazi Nawaz Singh	36	26.3467	83.1763
Arazi Khalanga	36	26.3464	83.1812
Arazi Pargas Singh	36	26.3429	83.1725
Arazi Ghulam Rasul	36	26.3412	83.1740
Arazi Baghwa	36	26.3398	83.1782
Arazi Shankar Jot	36	26.3426	83.1781
Arazi Kheru Jot	36	26.3487	83.1804
Arazi Nakib Ali	36	26.3511	83.1849
Arazi Hathiagarh	36	26.3539	83.1840
Arazi Tiwaripur	36	26.3590	83.1812
Arazi Raghunath Tiwari	36	26.3524	83.1950
Arazi Machhrihwa Roshan Bibi	36	26.3559	83.1974
Arazi Harbans Tiwari	36	26.3265	83.2109
Arazi Dewara	36	26.3077	83.1668
Arazi Hukania	36	26.3123	83.1733
Arazi Amani	36	26.3041	83.1998
Arazi Dewara Karkhia	36	26.2975	83.2405
Arazi Khonkhar Jot	36	26.3494	83.1946
Araon Jhanian Patti	36	26.2188	83.0530
Arazi Baghmati	36	26.0244	83.1458
Aria	36	26.0695	83.1174
Arazi Baghat	36	26.0741	83.1778
Arharia Khanumrai	36	26.2402	83.1832
Arharia Nirghin Patak	36	26.2434	83.1859
Arharia Parsan Patak	36	26.2448	83.1856
Arazi Unaula Jungle Number Two	36	26.7939	83.4706
Arazi Chauri	36	26.7727	83.4727
Arazi Barua	36	26.8477	83.4836
Arazi Bankat	36	26.8294	83.4817
Arazi Unaula Jungle Number One	36	26.7904	83.4762
Arazi Paltan	36	26.7573	83.3844
Arazi Mahuapar	36	26.5794	83.2503
Arazi Jangal Bisrampur	36	26.6314	83.3714
Aranda Jot	36	26.6345	83.3962
Arazi Cheria	36	26.6491	83.4040
Arazi Jangal Bansi Jaiswar	36	26.6674	83.3650
Araon Jagdis	36	26.4791	83.2607
Arazi Naubarar Karkhia Number One	36	26.3124	83.2531
Arazi Dewara Nainijor	36	26.3016	83.2735
Arazi Naubarar Ajgara Maghrabi	36	26.3209	83.2921
Arar Ajaib	36	26.4517	83.3226
Arazi Naubarar Ajgara Mashriki	36	26.3029	83.3178
Arazi Hariharsir Khurd	36	26.4377	83.4535
Arazi Hariharsir Buzurg	36	26.4324	83.4557
Arakhpur	36	26.8151	83.7081
Arazi Sankhapar	36	26.7170	83.6352
Arbar ka Purwa	36	25.6360	81.5896
Arjundiha	36	26.6688	83.7111
Araipar	36	26.6050	83.7430
Arjanpur	36	25.6004	81.7478
Arazi Amoni	36	26.4737	83.6137
Ariasan	36	26.0925	83.5604
Aramdaki	12	33.4258	75.1245
Arwar	12	33.4777	75.1923
Arahg	12	33.3315	75.0010
Arenda	16	19.3778	80.2703
Arikhar	12	33.8431	75.2579
Ariyenbroer	12	33.4834	75.4525
Arewada	16	19.4565	80.6144
Arazi Kachhuia	36	26.8291	83.9006
Arjunha	36	26.8301	83.9416
Arazi Parsauni	36	26.7614	83.9287
Aripur Sarayan	36	26.0384	83.7954
Arazi Ora Sand	36	25.7011	83.5392
Arshadpur	36	25.6595	83.5581
Aripur	36	25.6942	83.6197
Arakhpur	36	25.6564	83.5978
Arzanipur	36	25.6674	83.6815
Arjunalli	37	18.8296	80.4051
Arlagudem	40	18.4753	80.4220
Arang	12	33.4012	75.5459
Arunachalapuram	40	18.4151	80.5235
Arnora	12	33.1502	75.5826
Argyut	12	33.4557	75.9231
Aro	12	33.0926	75.8989
Arnua	12	32.5386	75.3364
Arla	12	32.6692	75.4451
Arjan Chak	12	32.4779	75.2699
Arai Sumerpur	36	25.4972	81.5079
Arka Fatehpur	36	25.4602	81.5175
Arka Muhammadpur	36	25.4496	81.5167
Arjo Chak	23	32.0846	75.3327
Aruaon	36	25.7153	81.7587
Aruaon	36	25.7143	81.7702
Ar	12	32.7284	75.5556
Aripar	12	32.5190	75.6802
Aria	12	32.5356	75.6238
Arni	12	32.4983	75.5225
Arni	12	32.4888	75.5677
Arjunpur	36	25.5962	81.7531
Araispur	36	25.5541	81.8125
Arhanpur	36	25.5597	81.8899
Arazi Dih	36	25.5743	81.9558
Aruaon	36	25.7239	81.7656
Arel	12	32.4330	75.5732
Areli	23	32.3921	75.7087
Arail	36	25.4179	81.8800
Arada	35	22.2041	74.5479
Arthiwal	23	32.0014	75.6845
Arthi	35	22.3602	74.2957
Arai	16	20.5605	74.2298
Arni	16	20.9289	74.8460
Arnya	35	22.8481	75.6851
Arabakapura	35	22.4338	75.5505
Arandiya	35	22.7947	75.9394
Arsi	35	22.0987	75.8753
Ardhial	11	32.1266	75.8168
Arnivada	09	24.3315	72.4297
Aratkhed	16	20.2012	75.9661
Arandia	35	22.1999	80.0132
Arnameta	35	22.2115	80.1204
Arifke	23	31.0402	74.7414
Armari Kalan	37	20.8365	81.4113
Armari Khurd	37	20.8608	81.4105
Arajgudra	37	20.5664	81.2679
Arjuni	37	20.7303	81.3390
Arekona	37	20.5449	81.4724
Arakasipara	37	20.4603	81.2530
Araud	37	20.4282	81.4609
Araud	37	20.4362	81.4565
Arjuni	37	20.2987	81.4869
Arjuni	37	20.2984	81.4787
Aroli	35	22.3817	80.4351
Arolitola	35	22.3895	80.4367
Arjun Tola	35	22.2369	80.2737
Arandia	35	22.1796	80.2699
Arandi	35	22.2713	80.7390
Arar Hithar	23	31.0896	74.7961
Arar Utar	23	31.0868	74.8007
Araianwala	23	31.0932	74.9776
Arawal	23	31.0409	74.7612
Arandi	35	22.4152	80.8700
Araianwala Khurd	23	30.7867	74.5473
Arli Bhan	23	31.9657	75.1360
Arjan Manga	23	31.6997	75.2096
Arjuni	16	21.5281	80.2433
Arupchua	16	21.1405	80.4432
Arjanpur	23	31.8787	75.3125
Araianwali	23	31.7525	75.2870
Arjanpur	23	31.9898	75.4429
Aryanwala	23	31.3228	75.3877
Argowal	23	31.7513	75.7370
Aram	37	21.0216	80.7412
Arnada	35	23.2087	75.4886
Archedabri	37	21.4792	80.8758
Arbira	37	21.1374	80.8737
Argaon	37	21.1041	80.9059
Aretara	37	22.6005	82.8348
Arsena	37	22.6692	82.8567
Arasmeta	37	21.9550	82.3377
Arjuni	37	21.9980	82.3545
Artondi	16	20.8510	80.0216
Arasia	37	21.8014	82.8038
Arand	37	21.1043	82.1831
Arjuni	37	21.4707	82.2658
Arjuni	37	21.2703	82.4823
Arkha	36	27.2468	80.5616
Arand	37	21.1960	82.5288
Artondi	16	20.5589	80.0190
Artondi	16	20.5973	80.1363
Artonditola	16	20.6016	80.1341
Artondi	16	20.7002	80.1787
Arni Khana	36	27.9064	80.7911
Armalpur Parsia	36	27.7648	80.9631
Armi	36	27.7186	80.7618
Arjanpur	36	27.2826	80.7914
Arsenian	36	27.2601	80.8750
Arpoli	16	20.2219	80.0122
Arkog	11	32.7439	76.1066
Arhu	11	32.5850	76.0513
Arjuni	16	20.3920	80.3047
Arel	11	32.4838	76.1719
Arupher	11	32.4055	76.0634
Arodba	11	32.3764	76.1566
Arla	11	32.3260	76.0462
Arsitola	37	20.9855	80.7370
Arwara	24	25.2136	73.8380
Arhaikatta	37	20.6057	80.6231
Arhaikatta Dandasur	37	20.6120	80.6058
Armurkasa	16	20.5606	80.6010
Arich	11	32.9961	76.4254
Arejhar	37	20.7054	80.7892
Arajkund	37	20.8965	80.9731
Arjuni	37	20.7667	80.9490
Ari	37	20.9908	80.8741
Arajpuri	37	20.7494	80.9554
Armagondi	37	20.6548	80.9458
Arar	11	32.4904	76.2927
Arar	11	32.4342	76.3398
Arni	11	32.4376	76.3790
Arki	11	32.4429	76.4756
Ardhi	11	32.1640	76.4703
Arath Uparli	11	32.1053	76.4714
Arath Jhikli	11	32.0950	76.4672
Arla Khas	11	32.0761	76.4975
Argaon	36	27.0838	81.0175
Araura	36	27.0653	81.2014
Arat	11	32.7514	76.6396
Arat	11	32.6724	76.7205
Arda	11	32.3087	76.5772
Armantola	37	22.8612	81.9431
Arth	11	32.0292	76.5034
Arla	11	32.0018	76.6719
Arnbel	11	31.7795	76.1469
Arroh	11	31.7535	76.1600
Araiband	37	22.1118	81.9390
Arajkund	37	21.6641	81.5167
Arjuni	37	21.6786	81.6616
Arsena	37	21.3483	81.8298
Arjan Naga	11	31.8774	76.3178
Arjan Lahr	11	31.8807	76.3018
Arjan Lahr	11	31.8882	76.2985
Arekel	37	21.2677	82.8110
Arthi	11	31.9847	76.7958
Arohi	11	31.8419	76.8645
Arthi	11	31.7893	76.8544
Arnodi	11	31.7693	76.8659
Arn	11	31.7753	76.9586
Aran	11	31.7550	76.9964
Arthi	11	31.7450	76.9323
Arrara	11	31.7087	76.9579
Arthi	11	31.6252	76.9246
Arthi	11	31.5295	76.8633
Arkhar	11	31.3983	76.8242
Arsapur	19	14.7238	74.8463
Arsikeri	19	14.5644	74.8431
Arsadod	19	14.5424	74.8482
Arehalla	19	14.5337	74.8780
Arjanpura	24	26.0905	74.6478
Aria	11	30.9645	76.9856
Araun	11	30.8605	76.9716
Arnia	24	25.8747	74.7893
Arur	24	25.8220	74.8152
Arhapani	21	21.0878	82.8178
Arghaun	11	31.0310	77.1562
Arsikanhar	37	20.2447	82.0720
Arjuni	37	20.2525	82.1260
Arkholi	21	20.0526	82.4493
Arakot	39	31.0390	77.8287
Armela	21	20.1516	82.5201
Arjunapara	21	20.2043	82.5981
Arsapara	21	20.0377	82.7079
Aragahi	37	23.7573	83.6853
Ar	11	30.8737	77.6959
Arnot	11	30.8586	77.7051
Aremane	19	14.2956	74.8306
Arendur	19	14.2802	74.8784
Arlihond	19	14.3050	74.8960
Arjunpura	35	24.1023	79.7919
Araya Ka Khera	35	23.9345	75.9989
Aradohartoli	38	23.9198	83.8173
Arniatalai	35	23.6481	76.0382
Arni	35	23.5982	76.0834
Aroliya	35	23.6077	76.2306
Arniya	35	23.6887	76.1320
Arah	11	30.8963	77.7564
Arar	38	23.7476	83.9892
Arjuni	37	21.9953	83.0082
Arola	37	21.7160	83.0392
Arsian	37	21.8747	83.1582
Arajhar	37	21.9317	83.1396
Arsipali	37	21.8618	83.2104
Aren Dogri	11	31.5848	78.3844
Arehada	19	14.1655	74.9229
Arodi	19	14.0077	74.8178
Araballi	19	14.0367	74.8679
Aravadi	19	14.1416	74.7923
Arjunda	37	21.2689	83.0097
Artunda	37	21.1682	83.1325
Arsyun	39	30.2270	78.9552
Aru	39	29.8041	78.9730
Arjunda	21	21.3283	83.3060
Arnia	35	23.1250	76.3969
Arda	21	21.1340	83.4210
Arbahal	37	21.9322	83.5419
Arjundarha	21	21.9343	83.7353
Argaon	21	21.3063	83.6977
Arsindi	39	30.5805	79.2086
Araiguri	21	21.1490	83.7082
Arkatha	21	21.9665	83.9904
Arhapara	21	21.6780	83.8764
Arhadihi	21	21.7218	83.8952
Arda	21	21.3387	83.9446
Arjunda	21	21.2387	83.8288
Argarwa	36	27.9581	81.3128
Argurwa	36	27.9965	81.4654
Arnawa	36	27.7035	81.3162
Arazi Kondar Chauba	36	27.4651	81.3237
Aronwa	36	27.3814	81.4092
Ariamau	36	26.9809	81.5234
Arwa	36	26.9411	81.6124
Arsanda	36	26.9131	81.6045
Ariawan	36	26.4051	81.5177
Arsidpur	36	26.2770	81.5735
Arifpur	36	26.4400	81.6420
Araru	36	26.1177	81.5035
Argawan	36	26.1821	81.6928
Arjunpur	36	26.1633	81.7107
Arambakkam	25	12.5576	80.1413
Arunkunram	25	12.6445	80.1104
Aruthagalapadu	02	16.5277	81.2517
Artamuru	02	16.6087	81.4260
Aredu	02	16.6686	81.4685
Arulla Agraharam	02	16.8240	81.6337
Arugollu	02	16.8253	81.5775
Arulla	02	16.8354	81.6383
Arlapadu	02	17.0338	80.4818
Arasalpadu	40	17.1296	80.7034
Arlapeta	37	17.9521	80.9939
Arlagudem	40	17.8201	80.9612
Arlada	02	17.7772	82.6147
Arjanapuram	02	17.7749	82.7435
Aratlakota	02	17.3528	82.5812
Ardapuram	02	17.9638	82.7504
Arjanagiri Agraharam	02	17.9110	82.9353
Aranda	34	26.0850	84.3601
Arjanipur	34	26.0562	84.3316
Arjal	34	26.0872	84.4187
Arabupalem	02	17.6460	82.9817
Arundelpet	02	16.2352	80.0437
Arakperi	21	19.6502	83.0307
Arisakendu	21	19.5388	83.3067
Aringiguda	21	18.4567	82.0190
Ardara	21	19.0920	83.0161
Arlapada	02	18.3934	82.3806
Arlarputtu	02	18.3956	82.4334
Arisakani	21	19.4909	83.4344
Aribi	21	19.3025	83.4861
Arjunaguda	21	19.1545	83.3839
Arugali	21	19.4326	83.6384
Arati	21	19.4575	83.6725
Aralaba	02	18.2414	82.4879
Aradagudem	02	18.1965	82.5449
Arledda	02	18.1884	82.6662
Arugolanupeta	02	16.9683	80.8615
Ardeli	37	19.8565	81.7886
Arangula	37	19.8125	81.9651
Aretongu	37	18.0445	81.0520
Arsinguda	21	19.0855	83.7882
Arradul	21	19.0720	83.9412
Arwe	37	18.5425	81.3544
Aranpur	37	18.4985	81.2914
Arlagudi	02	18.3581	83.1452
Arlampalli	37	18.1498	81.3860
Argatta	37	18.0922	81.4569
Arigipalem	02	18.0355	83.1331
Artam	02	18.8250	83.4533
Arumapara	37	18.8984	81.5718
Arjalpara	37	18.7817	81.6487
Arkatong	37	18.5515	81.6272
Arikatota	02	18.4622	83.3143
Araveti	21	18.0477	81.9002
Aravetigudem	21	18.0542	81.8906
Arnamala	21	18.1110	81.8720
Arnada	02	18.7840	83.6172
Arkuya	02	18.8255	83.7454
Arasada	02	18.6595	83.5019
Arasada	02	18.5428	83.6473
Aradala	02	18.6219	83.7232
Ardevalasa	02	18.2839	83.5923
Arasabalaga	02	18.4627	83.5919
Arjunavalasa	02	18.1970	83.6228
Artamuru	02	18.2071	83.5967
Aregeda	21	18.9425	83.9287
Argarsingi	21	18.8569	83.9668
Ariba	21	18.8618	83.9974
Arsilu	21	18.8705	83.9826
Artanada	21	18.9080	83.9448
Arli	02	18.7930	83.9685
Arepalli	40	17.5191	81.2074
Arasavalli	02	18.2884	83.9126
Arangipeta	02	18.2400	83.7924
Arle	02	17.8558	83.0614
Arepaka	02	17.7977	83.0756
Ardhannapalem	02	17.9176	83.1992
Arkatvaripalem	02	15.8215	80.1384
Aresalavarikhandrika	02	14.4968	80.1234
Aramai	25	13.3633	80.0130
Ariyapakkam	25	13.3126	80.0320
Arani	25	13.3346	80.0848
Arigatturai	25	13.3510	80.1211
Arasur	25	13.3813	80.1899
Aruvakkam	25	13.3532	80.2237
Ariyanvayal	25	13.2795	80.2643
Arai	34	25.0846	84.4900
Ariawn	34	25.9025	84.5256
Arwa	34	25.9022	84.7405
Aragada	02	17.6751	81.6617
Arniya	35	23.7105	76.5315
Arnya Gazi	35	23.0398	76.5631
Arolia	35	23.0293	76.5296
Aranya Khurd	35	23.2416	76.6588
Arnia	35	23.9419	76.9194
Aranya	35	22.7016	76.0907
Aroda	35	22.4031	76.0214
Arod Muwara	09	23.1443	73.9057
Arani	39	30.1211	79.6440
Artia	24	25.9458	73.2212
Arazi Mahua Khera	36	29.0064	79.0140
Araila	34	25.4077	84.6269
Arkola	39	29.8778	79.4614
Artal	35	23.2062	74.8280
Aramtia	35	22.7903	74.6368
Aranda	34	25.0585	84.6927
Aramtia	35	22.9909	74.7858
Arna	34	25.8784	84.9106
Arna	34	25.8900	84.9385
Ararka	24	26.6309	74.7248
Arjanpur	39	29.1605	79.5160
Aran	39	29.9124	79.5959
Arjunpura	24	26.2986	74.5374
Araria	34	27.2282	84.5593
Arpa	16	21.6956	74.0907
Arnota	24	25.3040	74.1626
Arniya	24	25.3014	74.2268
Arnia	24	25.2289	74.0223
Arkia	24	25.0280	74.0178
Arsipura	24	25.3568	74.3525
Arazi Bundelgir	36	26.7964	84.0928
Araswa	36	26.6291	84.0581
Arazi Khap Pachamwa Dube	34	26.5353	84.0989
Arazipur	34	26.6106	84.2210
Arazi Math Hankar	34	26.6138	84.2189
Arazi Gadaipatti	36	26.6964	84.2396
Arazi Taliwand Rai	36	26.6988	84.2193
Arazi Korea	34	26.4943	84.0885
Arnia	24	25.1337	74.3296
Arni ka Khera	24	25.0792	74.3237
Arni	24	25.0689	74.3071
Arazi Motipur	34	26.4288	84.1735
Arazi Husepur	34	26.4737	84.1562
Arazi Inglish	34	26.2149	84.1297
Arazi Inglish	34	26.2001	84.1312
Arazi Barwa	34	26.0886	84.2297
Arakpur	34	26.1292	84.1966
Ara	39	29.8623	79.7822
Arauli	39	29.8437	79.7634
Arazi Nankar	34	26.8792	84.3488
Arjankheri	24	25.2161	74.7672
Artola	39	29.6283	79.8265
Ara	39	29.5022	79.8417
Ara	39	29.5775	79.9926
Arazi Bandobasti	34	26.6977	84.4594
Arazi Bhagwanpur	36	26.6903	84.2830
Aruhwa	34	26.8564	84.5886
Arazi Nankar	34	26.7912	84.6870
Arla	16	21.4224	74.4942
Argeni	24	24.2482	74.1432
Arazi Tikuliya	34	26.6314	84.6338
Arazi Nankar	34	26.5984	84.7032
Arazi Inglish	34	26.5995	84.7129
Arbara	24	24.0565	74.3740
Arna	24	27.2413	75.9789
Arnia	35	22.9884	76.2706
Arlaoda	35	22.8262	76.2831
Arifpur Nawada	36	28.0536	79.1348
Arnra	24	25.9927	75.0271
Arnbajhar	35	22.6670	76.2510
Arsia Bojh	36	28.8418	79.4635
Aruan	34	26.0908	84.6581
Arazi Balaha	34	26.1129	84.6311
Arazi Nagwa	34	26.1450	84.6856
Arsiabojh	36	28.7598	79.6584
Arzanagar	34	26.8578	84.8546
Arara	34	26.9212	84.9240
Arazi Sirsia Tola Machhaha	34	26.5948	84.9860
Aroda	35	22.2130	76.3910
Arazi Dewpur Nankar	34	26.4676	84.8885
Arazi Madhopur	34	26.2665	84.9177
Arazi Nawa Nagar	34	26.2760	84.9530
Arazi Jagdispur	34	26.2750	84.9557
Arazi Bandobasti	34	26.3131	84.9775
Arazi Sariatpur	34	26.4959	84.9201
Arna	34	26.1663	84.7722
Arazi Murwa	34	26.0448	84.7766
Artha Budrukh	16	21.4041	74.8212
Artha Khurd	16	21.4010	74.8211
Ardi	16	21.0460	74.9567
Arauli	36	28.6987	79.6968
Arazi Nand	36	28.5714	79.7168
Arupura	36	28.4360	79.5019
Arjunpur	36	28.2927	79.7184
Arazi Dinnagar	36	28.7658	79.8303
Arazi Dahagla	36	28.6797	79.8187
Arazi Rampuria	36	28.6728	79.8163
Arazi Jadaunpur Ihtamali	36	28.6395	79.7890
Arasia	36	28.5839	79.7564
Arazi Chant	36	28.6569	79.8461
Arjunpur	34	25.6003	84.0168
Arjanpur	36	28.3287	79.7778
Arazi Kondri	36	28.2699	79.7657
Arjunpur	34	25.6736	84.1579
Aranda	36	25.7471	84.2290
Arsiabojh	36	28.4584	79.8807
Araila	34	25.5158	84.1726
Arari	34	25.3329	84.9042
Arap	34	25.4909	84.8984
Aropur	34	25.4741	84.9641
Arif Chak	34	25.1302	84.8687
Arkotha	34	24.9783	84.2391
Arjun Bigha	34	24.9696	84.2477
Arthu	34	25.3307	84.1492
Arapur	38	24.2375	84.0346
Aruhi	34	25.0266	84.0220
Arila Raghunathpur	34	25.1909	84.1323
Araila	34	25.5007	84.3712
Araidih	34	25.2803	84.3735
Aranda	34	24.9650	84.3933
Arri	34	24.9806	84.4626
Arai Khap	34	24.9461	84.4435
Arolia	35	22.9892	76.6799
Arya	35	22.7311	76.6233
Arniya Daud	35	22.9478	76.7885
Arniya Ram	35	22.9401	76.7877
Arniya Johri	35	22.9133	76.7965
Aroliya	35	22.9821	76.9104
Ara Chauki	38	24.1512	84.3331
Aredana	38	24.1434	84.2555
Arka	38	24.1052	84.3078
Arkanda	38	24.1033	84.3142
Arthua	34	24.7475	84.6855
Ara	38	24.0931	84.5385
Arepalle	02	16.2498	79.8427
Aravapalle	02	16.1807	79.9913
Aruara	34	25.0388	85.8645
Ariari	34	25.0451	85.8571
Arari	34	25.0273	85.8858
Arabhusai	38	24.2153	85.2293
Arghawa	34	26.5282	86.0258
Arraha	34	26.6038	86.1926
Armar	36	25.6273	80.8289
Arthara	36	25.5737	80.7501
Arwari	36	25.6762	80.8837
Areshirur	19	13.8290	74.7532
Aregundi	19	13.7530	74.8790
Arkole	19	13.5653	74.7758
Arabi	19	13.3365	74.7964
Arrekandige	19	13.3520	74.9209
Arur	19	13.4159	74.7961
Arkana	19	12.8151	74.9514
Aringula	13	12.7465	74.9097
Arikadi	13	12.6140	74.9433
Artagal	19	15.9022	75.1720
Arhatti	19	15.5965	75.1038
Arlihond	19	15.1020	75.0011
Artal	19	15.0079	75.1292
Arlikatti	19	15.2099	75.1661
Arashangodi	19	15.7891	75.3751
Arekuratti	19	15.5173	75.3145
Arban	19	15.7196	75.3787
Arhatti	19	15.6640	75.4375
Arahunashi	19	15.7050	75.6534
Are Telagadde	19	14.6020	75.0939
Arsanguppe	19	14.6635	75.1979
Arekoppa	19	14.3518	75.2071
Arekop	19	14.7678	75.0825
Arekop	19	14.8794	75.1016
Araleshwar	19	14.7850	75.1766
Arlihalli	19	14.8740	75.4739
Arabgond	19	14.7497	75.4948
Aralikatti	19	14.5819	75.4449
Arikatti	19	14.5124	75.3540
Aralikunte	19	14.1166	77.3868
Arakativemula	02	14.8536	77.9071
Arsinagere	19	14.1852	75.3277
Aralehalli	19	14.2116	75.5230
Arakeri	19	14.2777	75.6917
Arundi	19	14.1776	75.5670
Arehalli	19	14.1500	75.6246
Arabagatte	19	14.1919	75.6321
Aralihalli	19	14.9474	75.7782
Aremajigeri	19	14.7622	75.8802
Arkeri	19	13.3994	77.1194
Arjerangiahnapalya	19	13.3592	77.0920
Aregujjanahalli	19	13.3271	77.2130
Ariyur	19	13.2683	77.0002
Arehalli	19	13.2250	77.1302
Arepalya	19	13.0705	77.1903
Arishinkunte	19	13.0942	77.2126
Arelinganpalya	19	13.0805	77.0820
Arepalya	19	13.0743	77.0424
Aralimaradahalli	19	13.6764	77.3415
Arasapura	19	13.5949	77.3448
Arodi	19	13.4854	77.4062
Arjunbettahalli	19	13.1599	77.4186
Arledibba	19	13.1406	77.3288
Arlesandra	19	13.1266	77.3170
Arebammanhalli	19	13.1432	77.2855
Arumakulapalle	02	13.8675	77.6770
Arasalbande	19	13.5339	77.5633
Arakunda	19	13.5193	77.5693
Arkere	19	13.4673	77.7120
Arsanhalli	19	13.3941	77.7128
Aravanhalli	19	13.3027	77.6344
Aralmalgi	19	13.2730	77.5085
Ardeshahalli	19	13.2222	77.5649
Arasanhalli	19	13.2371	77.6426
Arsinkunti	19	13.1939	77.7049
Argahar	19	13.1826	77.5794
Arekere	19	13.2001	77.5384
Arebannimangala	19	13.1544	77.7167
Arasanhalli	19	13.2020	77.7998
Arehalli	19	13.2227	77.9485
Arasanahalu	19	14.7492	75.8274
Aremallapur	19	14.6393	75.7577
Arebasapuram	19	14.5381	75.9554
Arehalli	19	14.2737	75.8657
Arasanaghatta	19	14.0787	75.7650
Aralikoppa	19	13.9341	75.0877
Aramanekoppa	19	13.8822	75.0004
Arlasurali	19	13.8147	75.1751
Arehalli	19	13.5714	75.1911
Araga	19	13.7483	75.2035
Artota	19	13.4141	75.2127
Artota	19	13.4032	75.1929
Aryabettu	19	13.2682	75.0504
Arsinamane	19	13.4997	75.0604
Arkudel	19	13.0122	75.1764
Arambodi	19	13.0226	75.0565
Arbi	19	13.2291	75.0354
Aralikoppa	19	13.8225	75.3477
Ardak	19	13.5476	75.4259
Aratal	19	13.5934	75.4510
Aralikoppa	19	13.6917	75.4517
Aramballi	19	13.6822	75.4972
Arasringeri	19	13.6610	75.4963
Aralikoppa	19	13.5619	75.4827
Aradavalli	19	13.4246	75.3164
Aradalu	19	13.4262	75.3517
Aranur	19	13.3429	75.4292
Aradalu	19	13.4122	75.3567
Aragi	19	13.4971	75.4879
Aramane	19	13.0214	75.4163
Aramanetalagur	19	13.1732	75.4566
Arabi	19	13.0758	75.2808
Arahatolal	19	13.9797	75.7384
Aredotlu	19	13.9425	75.7222
Arlihalli	19	13.8941	75.7477
Arlekoppa	19	13.7871	75.6850
Arenuru	19	13.2803	75.6001
Aranhalli	19	13.2438	75.7151
Archalli	19	13.0270	75.7079
Arvat	16	19.9188	79.2866
Arvi	16	19.7620	79.3281
Arwi	16	19.6369	79.4966
Ardirai	40	19.4107	79.3601
Arakere	19	13.9510	75.7717
Arabilache	19	13.9430	75.7519
Arakaravalli	19	13.0642	75.8557
Arla	19	12.9524	75.0160
Arebettu	19	12.8309	75.0878
Ariga Dev	19	12.7861	75.2233
Arthya	13	12.5290	75.2259
Aryapu	19	12.7279	75.2021
Aravanadka	13	12.5184	75.1698
Arthikodel	13	12.6248	75.1983
Aryakochi	13	12.4742	75.1178
Ariyapadi	13	12.4908	75.0994
Aramballa	13	12.4189	75.1392
Aralekadu	13	12.3670	75.1415
Arichap	13	12.4718	75.1799
Arpapur	40	19.5173	79.5554
Arabbi	19	12.8441	75.2520
Arvar	19	12.7794	75.3071
Aragudem	40	19.2698	79.5381
Arasapuram	19	14.6516	76.0185
Arabugatte	19	14.3176	76.1849
Arlikatte	19	14.1217	76.0224
Arehalli	19	14.0933	76.1826
Arasanagatta	19	14.1201	76.1941
Arehallihatti	19	14.0360	76.1387
Arehalli	19	14.0332	76.1496
Arjuna	34	24.5576	85.0811
Aropur	34	24.7216	85.1424
Armedag	38	24.3310	85.0843
Arugara	38	24.2535	85.0297
Arhwan	34	24.8167	85.2625
Areadih	34	24.8273	85.2497
Arandi	34	24.7865	85.3109
Ariyan	34	24.8681	85.4512
Ariapur	34	24.6659	85.3917
Arapagar	38	24.3511	85.3339
Aragaro	38	24.4212	85.4809
Arwantatola	38	24.4237	85.4179
Arar	38	24.1764	85.3671
Arasinagundi	19	14.4621	76.3442
Aralikere	19	14.1079	76.2538
Arjunachinnayyanahalli	19	14.7660	76.5475
Arehalli	19	12.7370	76.3062
Arjunahalli	19	12.5302	76.3843
Arakere	19	12.6224	76.3368
Arenahalli	19	12.6623	76.3699
Aralakeppe	19	12.5645	76.4954
Arasina Koppal	19	12.4599	76.3359
Arekere Koppal	19	12.4065	76.3892
Arekere	19	12.4094	76.3939
Arekal Koppal	19	12.4356	76.3542
Arniaon	38	24.3937	85.5145
Aramurgotoli	38	24.3337	85.6462
Arwatanr	38	24.3720	85.7320
Aranthamajlu	19	12.5491	75.3603
Arantodu	19	12.5312	75.4725
Arabagatte	19	13.8956	76.1395
Arasinakatte	19	13.8035	76.1196
Arabala	19	13.7757	76.1211
Aralihalli	19	13.7858	76.2274
Arhara	34	26.4251	86.2802
Arria	34	26.3027	86.3536
Arehalli	19	13.6427	76.0926
Arakere	19	13.3750	76.1291
Arehalli	19	13.4544	76.2195
Arehalli	19	13.7963	76.3948
Aralahalli	19	13.7066	76.3415
Aralam	13	12.2910	75.2514
Arangam	13	12.2665	75.4779
Arpalli	16	19.7193	79.8835
Aratil Vayal	22	12.1003	75.2627
Arjuna Bijulia	34	25.9185	86.1163
Arrahi	34	25.7966	86.1730
Arjuntoli	34	25.5959	86.0834
Aregudem	40	19.3959	79.8197
Aregadde	19	12.7750	75.7149
Aranapalli	40	18.9324	79.0980
Arazi Majhiawan	34	25.1596	86.2083
Arma	34	25.1966	86.2468
Aremadanahalli	19	12.7599	76.0295
Arekalhosahalli	19	12.8785	76.2391
Arakere	19	12.9359	76.5684
Aruvanahalli	19	12.8291	76.5088
Arehalli	19	12.9062	76.7231
Arubid	19	12.3502	76.0010
Arlimarad Koppal	19	12.4733	76.1075
Arenhalli	19	12.4186	76.1775
Arakanakere	19	12.6524	76.7146
Araluguppe	19	12.4592	76.6136
Aramane Bane	19	12.1312	76.0580
Arasanakere	19	12.1707	76.5431
Arlapura	19	12.9173	76.4262
Arsegaudanakoppal	19	12.8501	76.7693
Arsigaudanakoppal	19	12.8028	76.8832
Arakere	19	12.8254	76.9010
Arjunahalli	19	12.8082	76.9338
Archinagere	19	12.7416	76.8935
Araginamole	19	12.7334	76.9917
Arekalludoddi	19	12.6938	76.9998
Arakere	19	12.4133	76.8168
Aravattige Koppal	19	12.3833	76.8248
Aralebanda	02	15.8992	77.1584
Arikere	02	15.4050	77.1994
Arakallu	02	15.6583	77.3670
Arepalli	40	18.4695	79.1247
Arraha	34	25.9290	86.6969
Arraha	34	25.9597	86.7352
Arraha	34	25.8663	86.6933
Arra	34	25.7820	86.6839
Arjunapar	34	25.7876	86.7468
Aran	34	25.9290	86.6146
Arekeri	19	12.8885	75.7791
Arakanahalli	19	12.8151	75.8740
Arkalli	19	12.7792	75.9142
Areyur	19	12.5667	75.8968
Argal	19	12.5697	75.9625
Araunga	34	25.1146	86.6762
Aravakuru	02	14.7418	77.4631
Arraha	34	25.8918	86.8371
Arnama	34	25.8570	86.8577
Arlikumri	19	12.4139	75.9688
Arsi	34	25.6688	86.7515
Arsandi	34	25.3790	86.9572
Aroli	13	11.9543	75.3637
Arnawan Bank	34	24.8045	86.1295
Arsar	34	24.9495	86.1496
Arepalli	40	18.1361	79.2003
Arepalli	40	18.1080	79.0635
Arapalli	40	18.0703	79.0701
Aritha	09	23.1486	73.6459
Arithi	09	23.1508	73.6820
Arthapur	36	27.3291	80.6048
Arhnapur	36	27.3738	80.6328
Arjunpur	36	27.3740	80.7339
Arsalia Bhur	36	27.2569	80.5545
Arabganj	36	27.3483	80.5349
Aralam	13	11.9738	75.7353
Arur	13	11.6544	75.6950
Arumalaivayal	13	11.7791	75.8408
Arambram	13	11.3395	75.8900
Arayangod	13	11.2790	75.9642
Arikkad	13	10.9432	75.9341
Aravancheri	13	10.9061	75.9584
Arvalem	33	15.5663	74.0466
Ara	40	19.4221	79.2257
Arepalli	40	19.0645	79.0231
Arshanapalli	40	18.5216	79.4611
Arepalli	40	18.4597	79.4967
Arepalli	40	18.4161	79.4977
Arakalgudem	40	18.2658	79.3655
Arikuntla	40	18.3569	79.3289
Arrapalli	40	18.1143	79.5010
Aravapalli	40	18.1029	79.5961
Arrapalli	40	18.0274	79.6193
Arakeri	19	15.4620	76.0990
Arsikera	19	15.5018	76.2938
Arlapur	19	15.3488	76.3870
Aralehalli	19	15.4394	76.6471
Aruvattokkalu	19	12.1733	75.9361
Arlihalli	19	15.5982	76.8278
Araliganuru	19	15.5933	76.9424
Arigudi Katta	19	12.7011	75.5193
Arampadi	19	12.6665	75.5879
Arlikatti	19	15.7888	74.6546
Aravalli	19	15.7513	74.8892
Ardifond	33	14.9964	74.0932
Arav	19	14.8889	74.1405
Arvashitta	19	14.8210	74.1837
Arge	19	14.7668	74.1598
Arsankeri	19	14.3574	74.4655
Aroli	19	14.2980	74.4718
Ariton	19	14.3820	74.4956
Areguli	19	14.9942	74.6225
Arbail	19	14.8448	74.6439
Arlikop	19	14.9995	74.7202
Arsinmane	19	14.7986	74.7357
Argutti	19	14.3791	74.7005
Arsur	19	14.3293	74.7233
Arsingod	19	14.3297	74.7318
Arehole	19	13.8327	74.7234
Armanekap	19	13.9827	74.7260
Arti	34	24.6465	84.2621
Arjunbigha	34	24.6190	84.3074
Arruwa Khurd	38	24.5411	84.2807
Arruwa Kalan	38	24.5378	84.2880
Aradih	34	24.8324	84.9677
Arsi Khurd	34	24.6671	84.7570
Arsi Kalan	34	24.6712	84.7502
Arjun Bigha	34	24.6721	84.9368
Arraha Madarganj	34	26.1999	87.3128
Arraha	34	26.2253	87.1877
Arraha	34	26.1989	87.2056
Ararbari	34	26.2508	87.5362
Arugaon	34	26.1244	87.7575
Ardana	34	26.0983	87.8237
Arsendi	34	25.5395	87.0251
Arajpur	34	25.5197	87.0808
Arbana Chakla	34	25.7272	87.0984
Arazi Khalsa	34	25.4969	87.1113
Arsanda	34	25.0715	87.0748
Arar	34	25.1213	87.2573
Arazi Bisal	34	25.2241	87.4395
Arthauli	34	25.9539	85.1051
Arazi Shahbazpur	34	25.7738	85.2003
Arhit	34	25.2625	85.1681
Armar	34	25.3129	85.1671
Arani	28	25.9463	87.9490
Arihana	34	25.5796	87.7711
Arjuna	28	25.4044	87.8357
Arkota	34	24.8368	87.0053
Arol	38	24.4479	87.6859
Arjungachi	38	24.3591	87.7408
Aripura	34	25.0641	85.0329
Arabuni	28	24.2165	87.6855
Arenda	28	24.2114	87.6880
Araboni	28	24.1455	87.6992
Arol	28	24.5023	87.8863
Arangi	28	24.2769	87.8113
Arjuni	28	24.1247	87.7603
Aroali	28	24.0430	87.9443
Aras	28	24.0499	87.7579
Aret	24	25.1286	73.5722
Ariawan	34	25.3915	85.3102
Arpa	34	25.2584	85.3093
Arhanpura	34	25.0323	85.2547
Arawan	34	25.2000	85.3749
Araut	34	25.3358	85.5160
Ardalan	35	21.7132	75.9508
Aregorildarti	40	17.9147	78.3568
Arepalli	40	17.8874	78.6497
Arepalli	40	17.9069	78.6775
Arasgudem	40	17.4194	78.5157
Arepalli	40	17.9882	78.8917
Aregudem	40	17.3246	78.9462
Artia	34	26.1457	87.6148
Arjunbhita	34	26.1002	87.7089
Artaha	34	26.0187	87.7201
Araria	34	26.0033	87.6796
Arwa	36	27.5448	80.1590
Arangapur	36	27.2206	80.2094
Aradgaon	16	17.9871	74.2071
Argaon	16	16.7838	73.6585
Arabal	21	20.6993	86.2471
Arepalli	02	19.1998	78.4489
Arepalli	02	19.1043	78.4668
Arigepalli	19	13.7010	77.8262
Arigepalli	19	13.7058	77.8235
Arur	19	13.5773	77.7803
Arkere	19	13.3020	77.9039
Arkere	19	12.9876	77.0146
Arepalya	19	12.9373	77.0390
Arekandoddi	19	12.6845	77.0100
Aralapura	19	12.6831	77.0782
Arechakanhalli	19	12.4706	77.0019
Arsinkere	19	12.4935	77.0246
Arehalli	19	12.7748	77.2586
Arekoppa	19	12.3351	77.4795
Archikanhalli	19	12.7123	77.2666
Arokaldoddi	19	12.6564	77.4007
Aralalu	19	12.5218	77.4295
Arlalsandra	19	12.5871	77.4113
Aruballe	19	12.4024	77.4270
Arekattedoddi	19	12.4816	77.3171
Are Hoshalli	19	12.4915	77.3323
Arbeikere	19	12.1551	77.4749
Arhalli	19	12.7002	77.6518
Arvatigepur	19	12.7376	77.7151
Arupalli	25	12.6000	77.6496
Arekarkal	19	12.6579	77.5618
Arupalli	25	12.5426	77.6684
Arjunapuram	02	15.2280	78.4751
Arakatavemula	02	14.8818	78.5403
Aravitikota	02	15.5785	78.9259
Aravedu	02	14.6475	78.0040
Aramativandlapalle	02	14.0262	78.7870
Arigevarigutta	19	13.8190	78.0295
Aremakalahalli	19	13.3282	78.1487
Arikunte	19	13.3923	78.1910
Aralimaradahosanalli	19	13.2141	78.1913
Arehalli	19	13.1667	78.1209
Arabikottanuru	19	13.1228	78.0414
Arinaganahalli	19	13.2129	78.1525
Arimanupenta	02	13.6033	78.3692
Arikela	02	13.4062	78.4942
Arapalli	19	13.3801	78.3361
Arikere	19	13.2985	78.2511
Arahalli	19	13.2248	78.3523
Argahara Somarasanahalli	19	13.0743	78.2594
Arantlapalle	02	13.4534	78.5062
Aravapalle	02	13.3391	78.5729
Arasanapalle	02	13.2587	78.7066
Aravatla	25	13.0083	78.6794
Arniya	34	25.7150	85.5448
Araia	34	25.5901	85.6166
Arleri	19	12.9852	77.9863
Aranagatta	19	12.9263	77.9409
Arehalli	19	12.9364	77.8289
Arehalli	19	12.7640	77.7667
Arsanhalli	19	12.9650	77.8884
Arasanatti	25	12.7422	77.8089
Arasakuppam	25	12.5462	77.7986
Arasa Agraharam	25	12.5427	77.7795
Artakur	25	12.5194	77.7825
Arasajjur	25	12.4355	77.8605
Armanhalli	19	12.8566	78.2278
Arupalli	25	12.7109	78.0425
Ariyanapalli	25	12.7014	78.2035
Ariyakavundanhalli	25	12.0812	78.1399
Arimuttanapalli	02	12.8731	78.4059
Arasanapalli	25	12.5849	78.4740
Arasampatti	25	12.2849	78.3052
Aruppandakuppam	25	12.6932	78.5845
Aravamattarappalli	25	12.4449	78.5066
Arunappadi	25	12.3877	78.5547
Aramalampatti	25	12.3971	78.6903
Arasankanni	25	12.2705	78.6833
Arimulai	25	12.7790	78.8475
Arjadi	25	12.7968	78.8755
Arattavadi	25	12.2335	78.8001
Aruvankadu	25	12.0556	78.8394
Ariyakunjur	25	12.2227	78.8342
Arulambadi	25	12.0067	78.9792
Arkeri	19	12.4606	77.5019
Argaralkal	19	12.4410	77.5985
Arjonhalli	19	12.3898	77.5175
Artakkal	25	12.3660	77.6264
Arulnattam	25	12.3871	77.6673
Aramadakavaripalle	02	14.0226	78.2796
Aravavandlapalle	02	14.0378	78.3048
Aratarobalareddipalle	02	14.4937	78.6065
Aravitivandlapalle	02	14.0320	78.5071
Aravavandlapalle	02	14.0156	78.6428
Arepalem	02	15.0655	79.3201
Arlapadiya	02	15.0305	79.2582
Aravellipadu	02	15.7526	79.5264
Aravapalem	02	15.2175	79.8284
Arepalem	02	15.2541	79.3205
Aravapalli	02	14.1598	79.3441
Arwanaru	02	14.8561	79.7253
Arigepalli	02	14.0031	79.6488
Aravapalem	02	14.5423	79.8571
Arimanipadu	02	14.0244	79.8041
Arepureddivandlapalli	02	13.7587	79.0630
Aravandlapalli	02	13.6577	79.1069
Arigelavandlapalli	02	13.6447	79.1412
Arigalavaripalli	02	13.4919	79.2144
Arapalapalle	02	13.4561	79.2720
Arimakulapalle	02	13.2994	79.2845
Aravasinapalli	02	13.2525	79.2866
Arimanipalli	02	13.2067	79.2538
Arthingivarayur	02	13.1444	79.2537
Arajunapuram	25	13.0743	79.3573
Ariyun	25	13.1017	79.4716
Aravakotturu	02	13.7652	79.6838
Arai	02	13.4712	79.7248
Arasankuppam	25	13.0109	79.5792
Arumbakkam	25	13.0524	79.6046
Arungolam	02	13.2320	79.6758
Arumbakkam	02	13.2398	79.6990
Arkadu	25	13.2119	79.7132
Arkonamkhandigai	25	13.0895	79.6797
Arigilavadi	25	13.0283	79.6871
Ariapadu	02	13.8016	79.8233
Ardamala	02	13.7859	79.8296
Aruperivedu	02	13.8802	79.9472
Arudur	02	13.5780	79.9451
Ariyattur	25	13.0984	79.8855
Arumbakkam	25	13.2028	79.8567
Ariyattur	25	13.2393	79.8545
Ariyapakkam	25	13.2424	79.8563
Arumalakuppam	25	13.0969	79.9686
Ariyankuppam	25	12.7126	79.1414
Ariyapadi	25	12.7137	79.2258
Ariyattur	25	12.5604	79.2278
Arumbalur	25	12.5303	79.2163
Arni	25	12.4515	79.0441
Arunagirimangalam	25	12.4352	79.0158
Ariankuppam	25	12.2751	79.1665
Arappakkam	25	12.3721	79.1858
Arasudaiyampattu	25	12.1863	79.0445
Arkkavadi	25	12.0158	79.0217
Arumbarampattu	25	12.0116	79.0185
Aradapattu	25	12.1265	79.0999
Aranji	25	12.2210	79.1362
Arumbakkam	25	12.1873	79.1467
Aruddirapattu	25	12.0577	79.1232
Arasankuppam	25	12.0160	79.1986
Arunapuram	25	12.0468	79.2381
Arunkunram	25	12.8752	79.2560
Arumbakkam	25	12.8184	79.4519
Ariyur	25	12.8622	79.4776
Aralyalam	25	12.6069	79.2728
Arur	25	12.6752	79.4211
Ariyapadi	25	12.5596	79.4416
Arumparutti	25	12.7301	79.4937
Arkampundi	25	12.2670	79.3237
Arkampundi	25	12.3898	79.3591
Arunotaiyam	25	12.4187	79.3565
Arasampattu	25	12.4650	79.4051
Ariyampundi	25	12.4365	79.4659
Arintodu	25	12.4225	79.4526
Ariyanur	25	12.3615	79.4852
Arungunam	25	12.1552	79.3874
Ariyalurtirukkai	25	12.0129	79.3834
Arumbuli	25	12.0177	79.4304
Arasalapuram	25	12.1017	79.4462
Arasankuppam	25	12.8178	79.6098
Ariyaperumbakkam	25	12.8861	79.6569
Arupalaiyam	25	12.8146	79.7250
Arattirivelur	25	12.7388	79.5224
Ariyattur	25	12.5399	79.6708
Arasanimangalam	25	12.5665	79.7226
Arasanipalai	25	12.7043	79.7316
Arasur	25	12.5144	79.5456
Arugavur	25	12.6842	79.5086
Arasur	25	12.6024	79.5594
Arugavur	25	12.2969	79.5118
Arinkunam	25	12.3710	79.6355
Ariyankuppam	25	12.1275	79.6708
Aruvappakkam	25	12.1387	79.7104
Arungunam	25	12.2189	79.7492
Ariyambakkam	25	12.9106	79.7965
Ariyavakkam	25	12.9835	79.8394
Aravapalaiyam	25	12.9971	79.8350
Araneri	25	12.9244	79.9154
Arpakkam	25	12.7342	79.7621
Arunkunnam	25	12.7351	79.8645
Arumpuliyur	25	12.7342	79.8972
Arayapakkam	25	12.5490	79.9327
Arasarkoil	25	12.5638	79.9626
Arappedu	25	12.3729	79.8002
Arasur	25	12.2789	79.8638
Arkadu	25	12.3279	79.9484
Arunkunnam	25	12.4941	79.9141
Ariyanur	25	12.4161	79.9847
Ariyantangal	25	12.2097	79.7823
Aruvadai	25	12.1238	79.8094
Arathutara	13	11.8013	76.0237
Arimula	13	11.6931	76.1272
Aramangalam	13	11.5899	76.0302
Arimbra	13	11.1198	76.0257
Aravankara	13	11.1019	76.0700
Aripra	13	11.0041	76.1746
Ariakottu	25	11.5703	76.4508
Arakadavu	25	11.5407	76.4910
Arathani	13	11.5984	76.2772
Ariarni	13	11.5866	76.2883
Arambetta	13	11.5931	76.3084
Arnapalam	13	11.3850	76.2936
Arakurisshi	13	11.0039	76.4690
Ariyur	19	11.9951	76.5051
Arepur	19	11.9642	76.6625
Arekadavu	25	11.2966	76.6386
Araihatti	25	11.3194	76.6643
Araiyatti	25	11.2928	76.7176
Arali	13	11.1631	76.5979
Arakadavu	25	11.1638	76.7459
Arlikatte	19	11.9908	76.7598
Arkalvadi	19	11.7762	76.8697
Aralavadi	25	11.7671	76.9199
Arakadupatti	25	11.5775	76.7631
Arekambe	25	11.4443	76.8403
Araikkadavu	25	11.3591	76.8811
Arevenu	25	11.4080	76.8736
Areyatti	25	11.4627	76.8847
Arakkodu	25	11.4505	76.9773
Arikkad	13	10.8107	76.0820
Arangottukara	13	10.7568	76.2036
Arangottukara	13	10.7523	76.2107
Arikkad	13	10.7027	76.0166
Arthat	13	10.6242	76.0526
Ariyannur	13	10.6091	76.0839
Aranattukara	13	10.5121	76.1955
Arakkuparamba	13	10.9868	76.3194
Ariyur Tekkummuri	13	10.7734	76.3885
Aravakkad	13	10.8366	76.4026
Ariyur	13	10.9759	76.4022
Arnalod	13	10.6844	76.4072
Aricheri	13	10.1988	76.3047
Arakkapadi	13	10.0555	76.4607
Arakkod	13	10.8138	76.6978
Archinakunnu	13	10.4621	76.7056
Arandapallam	13	10.7140	76.8000
Ardhanaripalaiyam	25	10.7017	76.9809
Arttuvattala	13	9.4783	76.3735
Arttuvattala	13	9.4377	76.3919
Arudai	13	9.5718	76.9965
Aruvapalam	13	9.2011	76.8673
Arukundam	13	8.7357	76.7357
Ariyiraksam	13	8.7251	76.7169
Arakkal	13	8.9522	76.8661
Archai	13	8.9582	76.9380
Arukunnur	13	8.8769	76.8385
Arukonam	13	8.8402	76.7727
Arakonam	13	8.8521	76.7854
Arakanjarani	13	8.8313	76.8341
Arur	13	8.7832	76.8605
Arivarikuzhi	13	8.7597	76.9308
Arandanam	13	8.7303	76.9113
Arasuparambu	13	8.5950	76.9811
Arasinmudu	13	8.5431	76.8881
Aralipura	19	11.9080	77.0091
Arepalya	19	11.8127	77.2429
Ariyappareddipudur	25	11.2455	77.1221
Arasapalaiyam	25	11.2003	77.1841
Arikavundanpalaiyam	25	11.2042	77.2168
Aruvachettipudur	25	11.1426	77.0152
Arugampalaiyam	25	11.1404	77.0670
Arugampalaiyam	25	11.0626	77.1456
Arasipalaiyam	25	10.8662	76.9753
Arattungalbhagam	13	9.6587	76.2985
Ariyad North	13	9.5540	76.3495
Arunuttimangalam	13	9.2294	76.5727
Arattakal	13	8.9883	76.5294
Arikara	13	8.7885	76.7045
Arasur	25	11.4350	77.2635
Arabikere	19	11.9141	77.2667
Arigiyam	25	11.6982	77.3715
Arasur	25	11.4533	77.2789
Arugankattuvalasu	25	11.4528	77.4800
Arasankattur	25	11.4010	77.4936
Argampalaiyam	25	11.3673	77.4610
Arumaikkaranpudur	25	11.3391	77.4987
Ardarnarlpalalyam	25	11.2906	77.4465
Aruvankattuppalaiyam	25	11.2241	77.4364
Arugampalaiyam	25	11.1250	77.4638
Arumuttampalaiyam	25	11.0562	77.2945
Ariyakavundanur	25	11.5643	77.6515
Archchampalaiyam	25	11.3767	77.6268
Arasankuttai	25	11.3706	77.5062
Ariyakkattuvalasu	25	11.2166	77.6395
Ardhanaripalaiyam	25	11.1698	77.6037
Arasampalaiyam	25	11.0574	77.5208
Ariyampatti	25	11.7174	77.9106
Arurpatti	25	11.7115	77.9456
Arichchipalaiyam	25	11.6432	77.9051
Ariyampalaiyam	25	11.6394	77.8698
Aramanaikkadu	25	11.5321	77.9643
Arachamarattur	25	11.8826	77.9772
Arakkavundanur	25	11.8849	77.9538
Ariyampalaiyam	25	11.4909	77.9649
Aruvappuliyur	25	11.4391	77.7969
Aruvangkattur	25	11.4333	77.7537
Arunagiripalaiyam	25	11.2596	77.9159
Arasampalaiyam	25	11.1822	77.8668
Arikarankattur	25	11.1871	77.8513
Armpalaiyam	25	11.1446	77.8372
Arampalaiyam	25	11.1407	77.8547
Arasampalaiyam	25	11.0676	77.8776
Arasampalaiyam	25	11.0075	77.9530
Ardhanaripalaiyam	25	11.1886	77.9997
Arakulam	25	10.9909	77.2056
Arasampalaiyam	25	10.8466	77.0428
Arugampalaiyam	25	10.8375	77.2075
Arasur	25	10.7877	77.1736
Arekavundanpudur	25	10.7826	77.0062
Aramanaippudur	25	10.7557	77.0059
Ardhanaripalaiyam	25	10.5370	77.0572
Arasur	25	10.5544	77.0285
Arasamarattupudur	25	10.8468	77.4640
Ariyanachchipalaiyam	25	10.6064	77.3769
Arali	25	11.7243	79.2944
Arasampundi	25	11.6508	79.2904
Arularkudi	25	11.6112	79.2725
Arasakkuli	25	11.5251	79.3921
Arinattam	25	11.6995	79.3657
Ariyaravi	25	11.4161	79.2514
Arangottai	25	11.0341	79.3111
Arumuli	25	11.0616	79.3439
Arayapuram	25	10.9242	79.2566
Arusuttiyarteruvu	25	10.7925	79.2982
Arundavapuram	25	10.7497	79.3215
Ariyapadaivedu	25	10.9345	79.3582
Ariyachcheri	25	10.8837	79.4669
Arasur	25	10.8342	79.4822
Aravattur	25	10.7919	79.4283
Aravur	25	10.7897	79.4409
Arasamangalam	25	10.7825	79.4484
Arusuttippattu	25	10.7463	79.2697
Arumalaipettai	25	10.7270	79.2560
Arasappattu	25	10.7226	79.2982
Arumulai	25	10.5877	79.3370
Arumainadanteruvu	25	10.5350	79.3382
Arichchapuram	25	10.7114	79.4707
Aravattur	25	10.6922	79.4763
Ariyalur	25	10.5422	79.6502
Arundavanpulam	25	10.5542	79.7020
Aravalur	25	10.7331	79.5871
Aramanaikkurichchi	25	10.9267	79.0592
Arkkadu	25	10.8397	79.0789
Arkkadu	25	10.8283	79.1078
Arasur	25	10.8481	79.1225
Arasancheri	25	10.9644	79.1882
Arayanipatti	25	10.6448	79.0332
Arusuttividudi	25	10.5113	79.1572
Ariyalur	25	10.4948	79.5595
Arukatti	25	10.3918	79.8653
Arasavanangadu	25	10.8238	79.5561
Arappar	25	10.8024	79.5040
Arasur	25	10.8952	79.6907
Arumulittevan	22	10.9044	79.7910
Arasahi	21	20.3097	84.9007
Arghatiapatna	21	20.3285	84.8612
Aripara	21	20.1477	84.9622
Arahara	38	23.8880	85.2244
Ara	38	23.5781	85.0537
Ara	38	23.5773	85.1434
Arid	38	23.6443	85.1707
Arra	38	23.4913	85.1401
Arotoli	38	23.1013	85.0687
Arigada	38	23.6480	85.4559
Arasaha	38	23.5997	85.3236
Armadag	38	23.5945	85.4150
Ara	38	23.5272	85.4410
Argora	38	23.3504	85.2927
Ara	38	23.3505	85.4002
Argori	38	23.1846	85.3193
Aradih	38	23.1287	85.4645
Arangdih	38	23.1235	85.3429
Aradih	38	23.7414	85.5558
Arjuntanr	38	23.7182	85.6162
Aritoli	38	23.3420	85.6733
Arjuntoli	38	23.2002	85.6966
Aradih	38	23.1641	85.5602
Aredih	38	23.1129	85.5582
Arki	38	23.0020	85.5298
Arjari	38	23.9243	85.7858
Armo	38	23.8255	85.8531
Arjua	38	23.6770	85.8029
Arari	38	23.5977	85.8407
Aral	38	23.3252	85.7649
Arjundih	28	23.3545	85.9995
Arahara	28	23.3022	85.9232
Arahassa	38	22.7509	85.0022
Arwakocha	38	22.3739	85.2485
Ara	38	24.2879	84.9584
Aratu	38	24.0742	84.7724
Arsel	38	24.0088	84.8341
Ara	38	24.2187	84.9277
Arjanpur	38	22.5923	85.4091
Arangapar	21	22.0766	85.6142
Araria	34	25.3605	86.6930
Arai	38	24.2133	86.7571
Aradamtoli	38	24.1103	86.9497
Aragara	38	23.8652	84.0499
Aru	38	23.9817	84.2100
Ara	38	23.8547	84.4557
Ara	38	23.7930	84.4210
Arangloia	38	23.3713	84.3354
Aragundi	38	23.7810	84.6098
Arahra	38	23.8327	84.6350
Ara	38	23.4174	84.5699
Arratoli	38	23.3454	84.5198
Arru	38	23.3715	84.6329
Area	38	23.4157	84.6240
Arahasa	38	23.4282	84.6397
Arkosa	38	23.4302	84.7319
Armai	38	23.0376	84.5888
Aringtoli	38	23.1008	84.6131
Arangi	38	23.1940	84.6335
Aradakatoli	38	23.8881	84.9151
Ara	38	23.8377	84.9401
Ardhe	38	23.6979	84.7712
Ara	38	23.6105	84.8601
Ara	38	23.5445	84.9639
Arko	38	23.3129	84.7705
Armalatdag	38	23.1675	84.9737
Arshankartoli	37	22.7103	84.2039
Ara	37	22.8179	84.2735
Aranda	38	22.9222	84.4147
Area	38	22.8213	84.8019
Arahara	38	22.9540	84.9392
Arda	21	21.9076	84.1019
Arulaputtur	25	9.3608	77.5044
Arjunapuram	25	9.6248	77.6143
Ariyanayagapuram	25	9.5391	77.7010
Arasappatti	25	9.6560	77.7383
Arugankulam	25	9.3292	77.5229
Arasiarpatti	25	9.4745	77.6074
Arunachelapuram	25	9.0991	77.5085
Aruthakonendal	25	9.1431	77.5534
Arachipattimelanatham	25	9.0748	77.6266
Arumugampatti	25	8.7140	77.4083
Arakkad Kanikkudi	25	8.4846	77.2716
Aramannam	25	8.3663	77.2769
Aruvikkara	25	8.3331	77.2788
Arasankudi	25	8.2617	77.4390
Arumanallur	25	8.3220	77.4085
Aruvilakudiyiruppu	25	8.2006	77.4280
Arungnanapuram	25	8.2309	77.4293
Arunachalapperi	25	8.9082	77.5536
Arugankulam	25	8.7557	77.7335
Arasankulam	25	8.7149	77.5542
Arasankulam	25	8.5603	77.6686
Arayankulam	25	8.6761	77.6955
Araikkulam	25	8.6651	77.7010
Arppundarkulam	25	8.5323	77.7156
Ariyakulam	25	8.5102	77.7294
Arasakulam	25	8.4748	77.6635
Arasakulam	25	8.2307	77.7361
Arasankulam	25	8.9258	77.7640
Araikkulam	25	8.9168	77.9756
Araikkulam Paracheri	25	8.9238	77.9717
Ariyakulam	25	8.7282	77.8023
Ariyanayakipuram	25	8.6542	77.7527
Arumuganeri	25	8.5158	77.7621
Ariyanayakipuram	25	8.5840	77.8925
Arasakulam	25	8.5919	77.8421
Arampannai	25	8.6618	77.8580
Arugampalaiyam	25	10.9845	78.0847
Arikkarampalaiyam	25	10.9733	78.0603
Arcotnayakkanur	25	10.7841	78.0366
Arasanpalaiyam	25	10.9469	78.1450
Aramanaiyur	25	10.6092	78.1205
Aramanaiyur	25	10.6428	78.1073
Arasamarattuppatti	25	10.5004	78.2207
Aruppampatti	25	10.4936	78.0188
Arasampatti	25	10.4636	78.0227
Aramanaiyur	25	10.3041	78.1183
Aramanaipatti	25	10.4264	78.1678
Arasampatti	25	10.1596	78.1232
Araiyur	25	10.0043	78.0786
Arapalaiyam	25	10.0129	78.2416
Arappalippatti	25	10.8889	78.3398
Ariyaneri	25	10.9152	78.3854
Ariyanampettai	25	10.9928	78.3818
Ariyampatti	25	10.8963	78.4702
Arattampatti	25	10.8111	78.4468
Arasunilaippalaiyam	25	10.6732	78.3445
Aranampatti	25	10.5993	78.3495
Aruvangalpatti	25	10.5369	78.3742
Ariyappatti	25	10.5150	78.4327
Arugankalappatti	25	10.6227	78.4763
Ariyakkavundanpatti	25	10.5658	78.4608
Ariyampatti Pallakkudi	25	10.4892	78.3437
Arasakkavundanpatti	25	10.4109	78.4075
Ariyandipatti	25	10.3695	78.4853
Ardanaripalaiyam	25	10.9806	77.5756
Arattoluvu	25	10.9222	77.5679
Ariyandivalasu	25	10.9047	77.6904
Aramanaivalasu	25	10.5892	77.6520
Aruvankattuvalasu	25	10.5475	77.6094
Arukkampatti	25	10.1700	78.2949
Arasappanpatti	25	10.0480	78.3038
Arittapatti	25	10.0375	78.2848
Ariviripattanam	25	10.0351	78.4237
Arayampatti	25	10.1427	78.3708
Aralippatti	25	10.1757	78.4956
Arudakudi	25	10.1340	78.4716
Arasappapillaipatti	25	10.4842	77.7169
Aruppukkottainayakkarpatti	25	10.0306	77.5994
Arachchampatti	25	10.7770	78.5473
Aravanur	25	10.8357	78.6568
Ardarappatti	25	10.9469	78.5106
Ariyamangalam	25	10.8209	78.7285
Ariyavuerpatti	25	10.7570	78.5822
Ariyavur	25	10.7658	78.5735
Aravakkurichchi	25	10.7311	78.8448
Aramundampatti	25	10.7339	78.9478
Ariyavur	25	10.7440	78.5807
Arasakudippatti	25	10.5611	78.5371
Ariyakkonpatti	25	10.5050	78.5781
Arasampatti	25	10.5952	78.6219
Arasikkadu	25	10.6511	78.7045
Arangudippatti	25	10.5599	78.7012
Arulappatti	25	10.4520	78.5476
Arinjanappatti	25	10.4014	78.6365
Arasamalai	25	10.3490	78.6376
Aranippatti	25	10.3040	78.5116
Ariyandipatti	25	10.2861	78.5344
Aranginampatti	25	10.2911	78.7254
Ariyur	25	10.4223	78.7367
Aramanaippatti	25	10.1567	78.7284
Aripuram	25	10.1476	78.6517
Aralikkottai	25	10.0250	78.5358
Arogyapuram	25	10.9640	78.9335
Ariyur	25	10.8758	78.9105
Aranmanaimedu	25	10.8669	78.8490
Arasangudi	25	10.8197	78.8183
Arkkadu	25	10.8191	78.9498
Aravampatti	25	10.5802	78.9994
Arnippatti	25	10.4999	78.8755
Ariyur	25	10.4754	78.9014
Arasadipatti	25	10.3930	78.9521
Arasandapatti	25	10.3480	78.7667
Arayappatti	25	10.3073	78.9807
Arasampatti	25	10.2802	78.7562
Arbutapuram	25	10.2643	78.7951
Aramanaippatti	25	10.1894	78.7630
Arasuvayal	25	10.0858	78.8837
Aramanaivayal	25	10.0929	78.9640
Ariyakkudi	25	10.0425	78.7867
Arappalaiyam	25	9.9372	78.0996
Arasapatti	25	9.7500	78.0074
Arasakkulam	25	9.7371	78.1177
Arunachalapuram	25	9.4614	78.0773
Arasamarattupatti	25	9.3765	78.0101
Arunachalapuram	25	9.2650	78.0002
Arunachelapuram	25	9.0956	78.0029
Arungulam	25	9.0880	78.0823
Arasappanpatti	25	9.9594	78.3484
Arasanur	25	9.8736	78.3396
Arunakiri	25	9.6811	78.2852
Arasakkulam	25	9.6610	78.3561
Arimantapam	25	9.6507	78.4176
Arasanendanur	25	9.6680	78.4693
Arimantapamrajakkalkudi	25	9.6493	78.4076
Arungulam	25	9.5620	78.4671
Arasanendal	25	9.4875	78.4512
Aravatti	25	9.4107	78.4676
Arisikkuludan	25	9.3622	78.3618
Ariyanapuram	25	9.2560	78.4738
Araikudi	25	9.2640	78.4327
Ariyamangalam	25	9.2692	78.3828
Ariyanayakipuram	25	9.1120	78.2519
Arukarunchchi	25	9.9610	78.7130
Arakka Samastharam	25	9.8807	78.6414
Ariyanachchi	25	9.8746	78.6264
Arasanippatti	25	9.8702	78.5010
Ariyakurichchi	25	9.8499	78.5881
Ariyamangalam	25	9.6953	78.6244
Aramanaikkarai	25	9.6661	78.7040
Ariyalur	25	9.6585	78.7092
Arasadi	25	9.6651	78.7282
Ariyandipuram	25	9.6198	78.6579
Aranaiyur	25	9.6484	78.6526
Ariyanur	25	9.6393	78.5234
Arambakkottai	25	9.5881	78.7390
Ariyanendal	25	9.5098	78.6267
Arasaivandai	25	9.4890	78.7187
Araiyanur	25	9.4370	78.7136
Ariyakudi	25	9.4094	78.6837
Arappodu	25	9.3218	78.6003
Arukudi	25	9.3471	78.7395
Aravayal	25	9.9963	78.8029
Aramavayal	25	9.9812	78.8302
Arakkottai	25	9.9648	78.9488
Arivitti	25	9.8855	78.9692
Arunuttivayal	25	9.9081	78.9785
Ariyavanendal	25	9.8648	78.8189
Araiyani	25	9.8717	78.8660
Arasattur	25	9.8469	78.9623
Arasur	25	9.7990	78.8761
Ariyappuvayal	25	9.7892	78.9781
Arunuttimangalam	25	9.7010	78.8867
Ariyankottai	25	9.5787	78.7937
Arasur	25	8.3453	77.9103
Arumuganeri Sanarkudi	25	8.4337	77.9239
Arumugamangalam	25	8.6483	78.0421
Aranikinar	25	8.4078	78.0027
Arikkarampalaiyam	25	10.9815	77.8303
Arudangudi	25	11.9562	79.0889
Ariyur	25	10.9093	77.9140
Ariyur	25	11.8735	79.1699
Arasampalaiyam	25	10.8770	77.9812
Arumbakkam	25	11.9349	79.1998
Arasampalaiyam	25	10.8259	77.9286
Ariyur	25	10.8061	77.9291
Arikkaranvalasu	25	10.7979	77.8558
Aranmanaiyur	25	10.6786	77.9894
Arugankattuvalasu	25	10.7124	77.7819
Arugankattuvalasu	25	10.6917	77.7700
Arianachikudikadu	25	11.5173	79.0959
Arumbalavadi	25	11.7333	79.2061
Arichchakkavundanur	25	10.5145	77.9241
Ariyapettanpatti	25	10.5096	77.9488
Arangur	25	11.3968	79.0253
Arugeri	25	11.4372	79.2216
Arugampatti	25	10.4851	77.9212
Arasamarattuppatti	25	10.4428	77.7971
Ariyanllur	25	10.3158	77.9142
Arunagirimangalam	25	11.1202	79.0186
Arungal	25	11.0172	79.1105
Aranur	25	11.0733	79.1393
Arakkattalai	25	11.0088	79.2394
Arumbattu	25	11.8189	79.3903
Arumulai	25	11.9561	79.2634
Aramedu	25	11.9404	79.2801
Arungurukkai	25	11.8603	79.2500
Arkadu	25	11.9333	79.3229
Aralavadi	25	11.9267	79.3338
Arasur	25	11.8293	79.4288
Ariyur	25	11.9629	79.4407
Ariyalur	25	11.8895	79.4782
Arasamangalam	25	11.8680	79.5336
Arisikavundanpalaiyam	25	11.8101	79.5923
Arpisampalaiyam	25	11.8988	79.5833
Ariyirundamangalam	25	11.7537	79.6779
Aranganur	25	11.8313	79.7476
Arasappanchavadi	22	11.8654	79.7325
Ariyasaippetta	22	11.9078	79.7425
Arugur	25	11.9103	79.7012
Arantangi	25	11.3136	79.5127
Arumulidevan	25	11.4794	79.6920
Ariyagoshti	25	11.4865	79.7334
Arakkadu	25	11.0971	79.5482
Aralur	25	11.0997	79.5203
Arivalur	25	11.0579	79.6560
Arumolittevan	25	11.1238	79.6215
Aruvappadi	25	11.1494	79.6458
Arupadi	25	11.1066	79.7144
Arangakkudi	25	11.0786	79.7021
Arasur	25	11.0247	79.7162
Arumattapuram	22	11.9228	79.7754
Arasur	22	11.9252	79.7609
Arachchikkuppam	25	11.7826	79.7528
Arulachipatti	25	9.2768	77.4281
Arachiuttu	25	9.4517	77.4671
Arunachalapuram	25	9.1011	77.4231
Arinayyagapuram	25	9.1078	77.4252
Ariyur	25	9.2129	77.4673
Arunachalapuram	25	9.0168	77.4685
Arasaripallam	25	11.9385	78.0425
Arasamarattur	25	11.8714	78.2253
Aramanaikkadu	25	11.8043	78.2445
Arasamedai	25	11.3970	79.7687
Aricharamangalam	25	11.2798	79.7606
Arappakkam	25	11.2664	79.7506
Ariyandi	25	10.4382	79.0129
Ariyakavundanpatti	25	11.6355	78.0227
Ariyanur	25	11.5907	78.0832
Arisipalaiyam	25	11.6594	78.1448
Ariyakkavundanpatti	25	11.6677	78.0997
Arasampalaiyam	25	11.4464	78.0813
Aramattanpalaiyam	25	11.4816	78.1044
Arasampalaiyam	25	11.4422	78.2198
Ariyurpatti	25	11.2258	78.0051
Arumaikaranpudur	25	11.0396	78.0584
Arugangattanur	25	11.0198	78.0766
Aruvangattuppudur	25	11.0806	78.1157
Ariyur	25	11.0967	78.1313
Arur	25	11.0968	78.2110
Arasanattam	25	11.0769	78.1959
Arasanattam	25	11.9236	78.4970
Arangam	25	11.8032	78.2995
Arunuttumalai	25	11.7812	78.3470
Ariyampalaiyam	25	11.6152	78.4733
Arikavundanpatti	25	11.4449	78.2726
Aruvangadu	25	11.3869	78.3075
Arasampatti	25	11.2930	78.3987
Ariyurnadu	25	11.3092	78.3812
Arugangadu	25	11.3509	78.4203
Araikkalapatti	25	11.2313	78.3351
Araiyapuram	25	11.0172	78.2810
Arapilipatti	25	11.2446	78.4483
Araychchi	25	11.1015	78.4672
Aruvankadu	25	11.8089	78.5679
Arasanattam	25	11.7720	78.5639
Arampundi	25	11.7723	78.6628
Arana	25	11.8036	78.6057
Aruvangadu	25	11.8828	78.6585
Arasambattu	25	11.8455	78.7445
Arasambattu	25	11.8947	78.8573
Arassarambattu	25	11.8756	78.9784
Ariyaperumanur	25	11.7819	78.9490
Ariyalur	25	11.9257	78.9975
Arur	25	11.8839	78.9464
Arattiagraharam	25	11.5548	78.7640
Aragalur	25	11.5615	78.7900
Arasankudi	25	11.5562	78.9653
Arasalur	25	11.3092	78.7834
Arumadal	25	11.2642	78.9360
Aranarai	25	11.2292	78.8499
Arra	38	23.9664	85.2494
Arasikere	19	14.0848	77.0415
Aralihalli	19	14.0962	77.2084
Arahasa	38	22.4771	85.4467
Arahasa	38	22.4682	85.4515
Aranga	38	22.7593	85.5748
Arwan	38	22.7583	85.7070
Arwan	38	22.7472	85.7037
Arahanga	38	22.8965	85.8421
Arahasa	38	22.5952	85.9159
Arjunbila	38	22.5968	85.9647
Arjunchua	21	21.9079	85.0012
Arkil	21	21.1891	85.1277
Arthanda	21	21.8373	85.3104
Ardapal	21	21.0711	85.7395
Arjunpur	21	21.7856	85.8539
Arjunbila	21	21.8948	85.8242
Arandai Erendai	21	21.5879	85.9369
Aradihi	21	20.6689	85.0776
Arakhabari	21	20.4812	85.1071
Archar	21	20.0784	85.1590
Arbandh	21	20.1077	85.1840
Arara	21	20.0028	85.0423
Artasantra Katni	21	20.7789	85.3931
Ara	38	24.1185	85.5025
Arha	34	24.9417	85.8328
Arsaniya	34	24.9120	85.8138
Aragaro	38	24.6017	85.8803
Araia	38	24.5093	85.8237
Arkhango	38	24.4397	85.8703
Argali	38	24.3674	85.9810
Arkosa	38	24.3570	85.8454
Arwatanr	38	24.3082	85.8897
Arwatanr	38	24.2723	85.9799
Arari	38	24.2983	85.9785
Arwara	38	24.1149	85.8136
Ara	34	25.8692	86.4092
Arpathar	38	24.5375	86.0756
Aragaru	38	24.5168	86.1292
Arwatanr	38	24.1539	86.1090
Arpeti	34	24.8426	86.2522
Arbaria	34	24.6709	86.3122
Arwara	38	24.5471	86.2975
Arghudih	38	24.3875	86.2649
Artoka	38	24.3214	86.2665
Arjanbad	38	24.0796	86.4878
Ardabahal	21	21.8289	84.3700
Ardapal	21	21.5459	84.3348
Argan	21	21.4254	84.4424
Ardabahal	21	21.6374	84.6126
Arjunjhari	21	21.3851	84.7291
Arkaikela	21	21.8409	84.9405
Arkhakud	21	20.9983	84.1862
Arapaju	21	20.4496	84.1663
Arakholo	21	20.2456	84.2984
Arabaka	21	20.2867	84.3145
Arapaju	21	20.3863	84.4367
Arampur	21	20.7991	84.6048
Arkhakud	21	20.8072	84.6565
Arjundara	21	20.9125	84.6930
Arakhpadar	21	20.5984	84.6187
Araniganda	21	20.3356	84.6367
Arangapari	21	20.0071	84.6349
Ariapalli	21	20.0246	84.6424
Arjundhara	21	20.8073	84.7709
Araku Valley	02	18.3278	82.8776
Arsha	28	23.3266	86.1733
Arnakonda	02	18.6145	79.1644
Arhauli	36	25.4919	81.2296
Arapur	12	33.6400	75.0369
Arua	36	27.6780	80.9995
Arandia	35	23.2128	76.6754
Aranganur	25	11.7990	78.0027
Arangur	25	11.0046	78.3582