Asansol	28	23.6833	86.9833
Ashoknagar Kalyangarh	28	22.8642	88.6370
Ashoknagar	35	24.5758	77.7312
Ashta	35	23.0175	76.7221
Ashta	16	16.9494	74.4094
Asandh	10	29.5212	76.6055
Asifabad	40	19.3585	79.2841
Asika	21	19.6111	84.6600
Asind	24	25.7342	74.3328
Asara	36	29.2471	77.3089
Asola	07	28.4573	77.1841
Asangaon	16	19.4387	73.3059
Ashti	16	19.3767	76.2252
Ashokapuram	25	11.1017	76.9545
Ashti	16	18.8052	75.1756
Asudubi	03	26.0232	90.6658
Asan Khurd	10	29.4045	76.8732
Asarganj	34	25.1505	86.6864
Ashmuji Khalsa	12	33.6713	75.0727
Asham	12	34.2517	74.6259
Asara	16	20.0590	78.0126
Ashta	16	18.4519	76.7546
Asurabandh	21	19.7972	84.3651
Asulkhar	37	20.1916	81.1167
Asu	16	18.0522	74.6557
Asthanwan	34	25.2215	85.6262
Astgam	09	20.9000	73.0389
Astera	24	27.2332	75.5335
Astaranga	21	19.9814	86.2701
Astagaon	16	19.6713	74.5026
Astagal	33	14.9784	74.1510
Assundi	16	19.8667	80.2833
Assonora	33	15.6187	73.8986
Assolna	33	15.1807	73.9712
Assolda	33	15.1009	74.0283
Assegaor	16	21.1277	77.5756
Assaye	16	20.2451	75.8872
Assagao	33	15.6029	73.7595
Asra	16	20.8716	77.5041
Aspura Bara	24	27.4355	75.7588
Aspur	24	23.9491	74.0849
Aspari	02	15.4762	77.3875
Asotra	24	25.7631	72.2959
Asothar	36	25.7549	80.8852
Asop	24	26.7949	73.5824
Asonli	30	28.7104	95.6355
Asona	16	17.6833	73.2775
Asoda	16	21.0416	75.6076
Asnawar	24	24.4802	76.3276
Asna	34	25.3307	83.5064
Asmauli	36	28.6944	78.5354
Aslaoda	35	23.2409	75.6176
Aslana	35	23.9356	79.3113
Askot	39	29.7753	80.3467
Asiwan	36	26.8105	80.4506
Asiaki Gorawas	10	28.3372	76.6499
Ashwi Khurd	16	19.5167	74.3667
Ashwi Budrukh	16	19.5167	74.3667
Ashwi	16	19.3500	74.3500
Ashwaraopet	40	17.2471	81.1339
Ashti	16	21.2008	78.1844
Ashti	16	19.6833	79.7965
Ashti	16	17.8439	75.4103
Ashtami	16	18.4371	73.1310
Ashta	16	21.2784	74.2092
Ashalin	30	28.5727	95.5444
Asgan	16	17.6214	73.4500
Asegaon	16	20.0322	76.9528
Asauda Todran	10	28.7505	76.8718
Asarsa	09	21.9507	72.5915
Asarlai	24	26.2140	74.0381
Asara	09	24.3360	71.3902
Asapur	35	21.9107	76.6920
Asansol	38	24.2297	87.2747
Asandiah	37	23.8199	82.8340
Asandi	19	13.7135	76.0925
Asanbani	38	24.1281	87.4467
Asanad	40	18.7500	79.7454
Asambia	09	22.9687	69.4514
Asalatganj	36	26.6855	79.8482
Asadganj	40	17.6742	77.5206
Asnahra	36	27.0838	82.6551
Asrasar	24	28.8860	73.7807
Asalsar	24	28.2817	74.6065
Aspalsar	24	28.5773	74.5053
Asal Kheri	24	28.4507	74.9002
Asurabad	28	22.2653	88.3550
Astar	12	34.3820	74.7915
Asthanpur	12	34.0196	74.8041
Ashkanpur	12	34.4542	74.1959
Ashpur	12	34.3279	74.2623
Asan	12	32.9311	74.4120
Assarwan	12	32.8221	74.7766
Asgharipur	23	30.7411	76.0946
Aslapur	23	30.6925	76.0594
Asenda	10	28.7558	76.7556
Astangas	41	34.5583	76.1917
Ashniji	12	34.0891	73.9065
Asanbagh	39	30.4326	77.7597
Asarori	39	30.2458	77.9753
Asifgarh	36	29.6699	77.3407
Astoli	24	25.4277	75.5776
Asan Kalan	10	29.4086	76.8780
Asinkhal	39	29.9515	78.5513
Asankhet	39	29.7952	78.7493
Ashok Nagar	25	13.0392	80.2147
Asian Games Village	07	28.5533	77.2146
Ashoka Pillar	19	12.9438	77.5849
Ashoknagar	19	12.9634	77.6114
Asas ki Dhani	24	28.4364	75.6909
Aseriwali	10	30.6711	76.9461
Astari	35	25.2421	78.8648
Asaupura	36	24.8906	78.4815
Asauli	35	24.1367	78.4658
Aston	35	24.6288	78.8115
Asrasi	36	27.9396	79.0804
Asmai Rafayatpur	36	27.7672	79.2026
Asguna	36	27.8413	79.1925
Aspur	36	27.9163	79.2123
Asdharmai	36	27.8525	79.3416
Asi Nawada	36	27.9122	79.4850
Asafpur	36	27.8997	79.4194
Astauli	36	27.7616	79.4887
Asalatnagar	36	27.1466	79.4933
Asalatabad	36	27.1121	79.4327
Asimpur	36	27.5262	79.5729
Asimpur	36	27.5136	79.5959
Asimpur Balipatti	36	27.5265	79.5976
Astal	36	27.2153	79.7697
Asa Purwa	36	27.1961	79.8202
Askan Purwa	36	27.0139	79.8887
Asanandpur	36	26.8551	79.0985
Asupura	36	26.4653	79.1891
Ashna	36	26.2991	79.1054
Asarpura	24	26.8652	75.7271
Asewa	36	26.4898	79.2699
Asta	36	26.4316	79.4295
Asta	36	25.6534	79.2124
Asjana	36	26.7545	79.5302
Ashokpur	36	26.5094	79.8145
Ashvem Beach	33	15.6467	73.7166
Askandra	24	27.3689	71.7469
Ashok Nagar	24	26.9128	75.8041
Asthapanahalli	19	14.0844	75.8586
Asangi	19	16.4976	75.1273
Asasar	24	28.2900	74.2343
Asusar	24	28.4376	74.6804
Asas	24	28.0403	74.9285
Asukukhwami	20	26.0759	94.5392
Asota Mota	09	22.2676	69.3779
Asaon	34	26.0861	84.2136
Asansol	38	24.0908	86.8147
Asalai	24	26.7068	72.2648
Asauri	24	26.7799	73.6825
Asurgarh	37	20.0785	83.3533
Ashudi	28	22.9041	88.5891
Ashtiung	12	34.4154	74.5380
Asthal Bohar	10	28.8773	76.6443
Asalwas	10	28.1149	76.6214
Asiaki Tappa Jarthal	10	28.1446	76.7083
Asan	10	28.9017	76.7718
Ashrafpur Matindu	10	28.8687	76.8720
Asarjana	24	29.1664	74.6435
Asaram ki Dhani	10	29.5239	75.3151
Asa ki Dhani	24	28.5870	74.9647
Asan	24	29.0447	75.3668
Asiu	24	28.3604	75.0862
Asalwas Marhata	10	28.6659	76.0193
Asalwas Dubia	10	28.6683	76.0356
Asawari	10	28.5427	76.1436
Asni	11	31.3181	77.1681
Aspal Shahabad	23	30.2373	74.3892
Asa Buttar	23	30.4430	74.6667
Astari	11	31.2002	77.6175
Ashnala	11	30.7890	77.0472
Ashni	11	30.9443	77.1476
Asgharpur	10	30.4640	77.2087
Aspura	24	27.6377	76.1064
Astal	24	27.5354	76.0280
Asadpur	36	30.0385	77.3719
Ashola	11	30.7411	77.5049
Aspalti	11	30.7479	77.5759
Ashyari	11	30.6491	77.6646
Asoi	39	30.7496	77.7122
Aslimpur	24	27.9414	76.8299
Asaka	24	27.5038	76.9582
Asha Rori	39	30.5052	77.8719
Astar	39	30.6933	77.8373
Astika	39	30.6017	77.9808
Aspur Nawada	36	29.3929	78.2250
Asranwan	10	29.2762	75.6015
Asha ki Dhani	24	28.4243	75.3905
Asgarpur	36	29.5280	78.1795
Astoli	24	26.5047	76.7022
Astoli	24	26.5023	76.6866
Asron	24	26.9138	76.8013
Ashrafpur	36	29.5193	77.1635
Asra Kheri	36	29.9057	77.3153
Asa ki Gwari	24	26.2055	76.9374
Ashrafabad Thal	36	29.1848	77.3242
Asafpur Kharkhari	36	29.1249	77.2940
Asadpur Karanjali	36	29.7216	77.6844
Ashit Kalan	16	21.1806	78.8757
Ashti	16	21.2296	78.9680
Ashoknagar	16	20.8781	78.1209
Asegaon	16	20.5213	78.0252
Asegaon	16	20.7309	78.1551
Asida	24	25.7854	76.5169
Asa Khera	10	29.8056	74.5834
Aspal Khera	10	29.9371	74.7113
Asihar	10	29.8796	74.9177
Asoli	24	24.4672	73.2622
Asan	35	25.6999	76.5496
Asida	35	25.6884	76.5902
Asapura	24	26.3347	74.7798
Asan	24	25.5415	74.2019
Aspal Khurd	23	30.2057	75.5436
Aspal Kalan	23	30.2039	75.5391
Asafnagar	39	29.8256	77.8693
Asafnagar	39	29.9853	77.9522
Asgarpur	39	29.7044	77.9880
Asadnagar	36	29.4511	77.8292
Asawarpur	10	28.9427	77.1080
Asi Khurd	23	30.7678	75.7877
Asi Kalan	23	30.7724	75.8021
Asalatpur Khadar	07	28.6218	77.0787
Ashoknagar	07	28.6365	77.1041
Asmara Lines	07	28.5819	77.1464
Ashgarpur Jagir	36	28.5196	77.3539
Asalatpur	36	28.7258	77.3772
Ashoknagar	36	28.6641	77.4424
Asalatnagar	36	28.7531	77.4918
Asadpur Nangal	36	28.8776	77.4811
Asafpur Ujhera	36	28.8493	77.5151
Astaula	36	28.3889	77.6602
Asalpur	23	31.5696	75.8359
Asan	24	25.9454	74.1343
Asawa	24	24.7083	72.7054
Asadpur	10	29.0323	77.1320
Asthal	36	29.2271	77.2065
Asthal	39	30.3453	78.1121
Asafabad Bhawan	36	29.3151	78.6139
Asafabad Chaman	36	29.3518	78.6701
Asokpur	36	28.8344	79.1682
Asadnagar	36	28.4782	79.1745
Aspur	36	28.2567	79.1735
Asalpur	24	24.2706	76.5036
Asalpura	24	24.4713	76.6245
Asafpur	36	28.1979	77.7279
Asa	16	19.2309	80.2787
Asli	16	19.0665	80.2732
Asaura	36	28.7553	77.7757
Asra	36	28.7965	77.8360
Asifabad Chandpura	36	28.5142	77.8139
Asawar	36	28.5913	77.8433
Ashrafpur	36	28.5240	77.9279
Asangthang	29	27.1535	88.3316
Asola	16	19.9969	76.1278
Asangaon	16	19.3952	76.1404
Asarpur	23	30.9413	76.4413
Ase Majra	23	30.3611	76.3151
Ashabpur	23	30.3352	76.2904
Asarpur	23	30.3290	76.4878
Ashakpura	23	30.4997	76.4829
Asthal	36	27.8511	77.8288
Asthal	36	27.8328	77.8023
Asthal	36	27.8073	77.8315
Asthal	36	27.9510	77.9271
Asuka	24	27.6971	77.2883
Asarpur	23	30.1979	76.2558
Asmanpur	23	30.9051	76.5310
Asardhav	16	18.8210	76.2556
Aswalamba	16	18.8655	76.4101
Asiv	16	18.1045	76.3434
Astur	16	18.9119	76.9569
Astauli	36	27.7489	77.6098
Asthal Kashidas	36	27.6492	77.7371
Asthal Bahera	36	27.6687	77.7236
Astal	36	27.6354	77.7493
Asgharpur	36	27.4964	77.6169
Ashta	16	17.7991	76.3884
Asgharpur	36	28.2011	77.8470
Ashta	19	17.4527	76.7822
Asonda	37	22.0566	82.9092
Asra	37	20.8701	81.0454
Ashok Nagar	19	17.3328	76.8168
Asantapur	19	16.6988	76.4263
Aski	19	16.6108	76.3686
Ashihal	19	16.0551	76.3894
Asarjan	16	19.1239	77.2848
Asdavan	16	19.0958	77.3060
Astal	36	27.1571	78.0423
Asnathpalle	40	17.2214	77.6545
Asthepuram	40	17.2135	77.7247
Asan	36	27.2549	78.3805
Ashtarampur	16	20.6693	78.2659
Ashti	16	20.4865	78.2665
Asoli	16	20.2035	78.4394
Ashram	16	20.7867	78.6668
Ashta	16	20.6556	78.6763
Ashtona	16	20.2344	78.7616
Ashta	16	20.7686	78.9731
Asola	16	20.8668	78.9119
Ashta	16	20.7030	78.8081
Ashti	16	20.5411	78.8064
Asi	16	20.3119	78.9216
Ashti	16	20.2234	78.9541
Asagarhi	36	27.6318	77.7512
Asawar	36	27.7136	77.9429
Asroi	36	27.6079	77.9809
Asogpur	36	27.7062	78.7319
Asapur	36	27.7062	78.6282
Asatpur	36	27.6942	78.6005
Asrauli	36	27.5745	78.6469
Ashratabad	40	17.6340	77.9564
Ashanal	19	16.7997	77.2173
Aslempur	36	27.2074	78.6034
Asdeomai	36	27.1577	78.6123
Asua	36	27.0802	78.6065
Aswai	36	27.0863	78.6700
Asapur	19	16.1468	77.3231
Askihaj	19	16.2051	77.3199
Asadpur Qayam	36	27.8864	78.1137
Ashrafpur Jalal	36	27.8849	78.0546
Asgharpur	36	27.8183	78.2007
Asnaiti	36	27.8287	78.0066
Asanpalli	40	16.8749	77.5578
Asroi	36	27.0063	78.8706
Aspura	36	26.9784	78.8452
Aswa	36	26.7866	78.9161
Ashireddipalli	40	16.9005	77.8160
Asuli	16	19.8377	78.0017
Asogpur	36	27.6581	79.0256
Asadpur	36	27.5220	79.1515
Asifpur	36	27.3372	79.1950
Asalpur Ismailpur	36	27.4717	79.2262
Ashoknagar	16	21.1690	79.1042
Asoli	16	21.1406	79.2041
Ashokhan	16	21.0091	79.0491
Asalpur	36	27.3913	79.4094
Asgharpur	36	27.4728	79.4800
Aspalliguda	40	17.1406	78.1230
Ashti	16	21.2671	79.3679
Asoli	16	21.3572	79.4540
Asalwara	16	21.1159	79.3359
Assay	36	27.9483	79.5797
Asanpur	35	26.3432	77.5203
Ashoknagor	35	26.3434	77.7164
Ashrafpur	36	27.4533	79.7462
Asaisika	10	27.9280	77.0078
Asifpurpatti	36	27.0118	79.6543
Aseh	36	27.0957	79.5885
Asaulia	36	27.1469	79.7390
Astal	36	27.2416	79.6653
Ashrafnagar	35	21.8395	76.6792
Aslapur	36	27.4288	79.8995
Ashakheri	35	24.1722	77.1330
Aspur	36	27.4908	78.7775
Asogpur	36	27.4165	78.9473
Ashokpur	36	27.3408	78.9087
Asdai	35	24.2847	77.6238
Ashwaraopalli	40	17.8105	79.2614
Asoi	36	27.6247	78.3567
Asalpur	36	27.2400	78.4518
Asafabad	36	27.1376	78.4196
Ashoknagar	40	17.9520	79.9516
Assu	36	26.6841	79.6385
Asaini	36	26.6660	79.5632
Asha ka Purwa	36	26.6823	79.5413
Asha Ka Purwa	36	26.6675	79.5119
Asbi	36	26.5055	79.6219
Astapur	36	26.4564	79.6228
Asalnapur	36	26.3868	79.6849
Aseni	36	26.4792	79.9752
Asanda	36	26.4469	79.9567
Asapur	36	26.3783	79.8742
Aslapur	36	26.2621	79.9297
Asuapur	36	26.2416	79.7932
Asewa	36	26.2467	79.8811
Astia	36	26.2096	79.8656
Asadullahnagar	36	25.7483	81.0241
Asohi Azampur	36	25.0360	80.3402
Asahut	36	25.6385	81.0156
Ashapu	36	25.7462	82.1625
Ashapur	36	25.6348	82.2226
Asthaun	36	25.3955	79.7176
Asarha	36	25.9588	82.8843
Aswaniyan	36	25.7957	82.8944
Astariya	35	21.6175	76.1624
Asaram ka Pura	35	26.6263	78.1192
Asman Chak	36	25.5535	83.0985
Ashe ka Pura	36	26.9360	78.4756
Ashapur	36	25.3595	83.0306
Asrauli	36	26.9749	78.5433
Aslempur Nagla Kanhar	36	26.9781	78.6576
Asharam ka Pura	35	26.6547	78.5085
Ashokhar	35	26.5524	78.5905
Asohana	35	26.2423	78.7378
Ashrafabad	36	25.1459	83.0190
Asalatpur	36	25.1316	83.0141
Aspur	35	25.2915	78.0127
Aspur	36	25.6987	83.2755
Aswaria	36	25.4038	83.3811
Asartek	16	20.6365	77.2398
Aser	35	25.6442	78.6021
Astot	35	25.6147	78.7062
Asna	36	25.8430	83.6209
Asaichandpur	36	25.3365	83.5782
Ashai Dih	34	25.3086	83.6362
Asurah	34	25.2655	83.5192
Asaura	34	25.2688	83.7238
Asari	35	21.9916	77.5865
Asti	35	21.5376	77.9065
Ashoga	34	25.1751	83.5238
Asrarhi	34	25.1046	83.6560
Asapur	36	25.7390	83.9934
Asraulia	34	25.0931	83.7785
Asola Buzurg	16	20.2633	77.5194
Asola	16	20.1701	77.5351
Asalwada	16	21.3110	77.1557
Asegaon	16	21.0547	77.1266
Asadpur	16	21.0893	77.4800
Ashti	16	21.0557	77.6440
Ashrafpur	16	20.7208	77.9900
Asola	16	20.5029	77.9711
Ashtoli	16	21.2813	77.8262
Ashtgaon	16	21.3087	77.9240
Asona	16	21.2602	77.9875
Asalpani	16	21.4953	79.6652
Asola	16	20.1531	77.1762
Asegaon	16	20.1526	77.3347
Ashta	16	20.0360	77.8100
Ashti	16	21.5850	79.7348
Ashtatola	35	21.9295	79.8031
Ashta	35	21.9325	79.8156
Asnahar	36	24.2983	83.0021
Asanda	34	24.8166	83.4678
Asna Dohar	36	24.4393	83.2577
Asnabandh	36	24.3627	83.3691
Asui	36	25.6830	80.0251
Asnakhar	38	24.4428	83.6893
Asnabandh	38	24.4234	83.5380
Asgaon	16	20.8083	79.7228
Asola	16	20.7403	79.8707
Asoli	16	20.6942	79.9946
Asola	16	20.4916	79.0290
Asala	16	20.3416	79.0605
Ashta	16	20.3119	79.2297
Asola Mendha	16	20.2236	79.8442
Asilpur	36	25.7637	80.7236
Aswar Tarapur	36	25.9458	80.6592
Astha	36	25.9686	80.7056
Asnaulia	38	24.3120	83.9677
Asea	38	24.1263	83.9324
Ashoknagar	40	17.4057	78.4944
Asati Khirak	35	25.4007	78.8433
Asati Khas	35	25.3873	78.8497
Aspatkheri	35	24.4819	78.0795
Asireddipalli	40	16.8066	78.7885
Asola	16	19.9357	76.6630
Asan Nakti	24	24.9878	76.2844
Asoli	35	23.9462	78.2809
Asangihal	19	17.0487	76.2990
Asapalli	40	19.4389	78.8870
Asandhi	36	27.0276	79.2315
Ashta	35	21.6598	78.1666
Asti Bazyatti	36	25.9296	80.7831
Aswan	36	25.8404	80.9307
Asoh	36	25.3020	80.9408
Ashti	16	21.4559	78.8982
Ashta	16	20.4889	78.5211
Asalpur	36	25.9514	82.0769
Asipur	36	25.7859	82.0240
Asapur	36	25.8391	82.1625
Asapur	36	25.8465	82.1476
Ashokpur	36	25.8845	82.1993
Asodhi	36	25.8896	82.1894
Aspur Deosara	36	25.9668	82.3070
Asapur	36	25.8893	82.3546
Asrupur	36	25.8195	82.2563
Aswapar	36	25.8982	82.3957
Asapur	36	25.5155	82.6008
Asapur	36	25.6201	82.7078
Asmanpatti	36	25.6885	82.6482
Askaranpur Mangrohi	36	25.5401	81.3699
Asadpur	36	25.6789	81.3907
Asaipur	36	25.4088	82.3843
Asmanpatti	36	25.1899	82.3494
Aswah	36	25.2042	82.3519
Aswa	36	25.4687	82.5164
Asapur	36	25.4544	82.5392
Ashanandpur	36	25.4757	82.5504
Asti	36	25.4340	82.5613
Asnao Bazar	36	25.3411	82.5435
Asogapur	36	25.3758	82.6896
Aswari	36	25.4762	82.7614
Asmanpatti	36	25.1101	82.5748
Asbaranpur	36	25.4947	82.8085
Asla	36	25.4996	82.8310
Asarh	36	25.2556	82.7828
Aswari	36	25.2574	82.8552
Ashoknagar Colony	36	25.3160	82.9947
Asirhia	36	25.3051	82.0986
Asepur Khas	36	25.3918	82.0878
Aswan	36	25.3848	82.1819
Aspatal	36	25.1945	82.8859
Asoni	35	24.3911	80.3202
Asmanpatti	36	24.9182	82.3303
Asadpur	36	29.3423	77.2416
Asnan	36	24.7905	82.9800
Ashatali	36	24.7407	82.9348
Asalwas	24	28.2982	75.8680
Asalwas	24	28.3015	75.8779
Aswan	36	25.5566	82.2903
Asawar	36	26.5302	80.7990
Asoha	36	26.5856	80.8352
Asrenda	36	26.5166	80.9933
Asehru	36	26.4693	80.7924
Asad Ali Khera	36	26.3825	80.8539
Asgharganj	36	26.3821	80.8372
Asur Khera	36	26.4004	80.8453
Asre Khera	36	26.4661	80.8959
Asauda Sewan	10	28.7484	76.8750
Asadpur Khera	10	28.4526	76.6324
Asdaha	36	25.7280	82.7977
Aswara	36	25.7279	82.8466
Asmanpatti	36	25.5928	82.9186
Asbaranpur	36	25.5502	82.7773
Aslapur	36	25.5043	82.8266
Asalatpur Khadar	07	28.5417	76.9510
Asni	36	26.0470	80.9188
Ashikpur	36	29.0168	78.1574
Asrafpur Dudhli	36	29.5155	78.2994
Asdullahpur Kaliyan	36	29.4221	78.4155
Ashrafpur	36	27.6313	81.1878
Asaipur Mataria	36	27.6984	81.2211
Asaipur	36	27.7047	81.2270
Ashrafpur	36	27.4923	81.0271
Ashi Sah	36	27.4005	81.0169
Ashrafpur	36	27.3514	81.0723
Ashrafpur	36	27.2560	81.0685
Ashraf	36	27.5349	81.5468
Asoka	36	27.5679	81.6590
Asni	36	27.7285	81.7301
Asadabad	36	27.6929	81.7434
Ashrafnagar	36	27.6308	81.6999
Asraura	36	27.5926	81.6846
Asawar	36	25.7684	83.8444
Asanwar	36	25.8879	83.9554
Asela	36	27.4888	81.7475
Aswa	36	27.5597	81.8318
Asai Purwa	36	27.6315	81.9502
Asogpur	36	27.1771	81.8863
Ashgar Ali	36	27.0911	81.8432
Ashraf Purwa	36	27.0899	81.9946
Asai	36	26.8680	81.1767
Asgharnagar	36	26.9035	81.2248
Ashakpur	36	26.9557	81.1644
Asrehna	36	26.9889	81.1762
Aslamnagar	36	26.6122	81.1616
Asti	36	26.7086	81.1117
Astal Purwa	36	26.9486	81.3037
Asrauli Sarai	36	26.7788	81.3438
Asdamau	36	26.7673	81.2942
Asalatnagar	36	26.9077	81.4630
Asriganj	36	26.8215	81.4529
Asganj	36	26.7782	81.4516
Ashrafpur	36	26.8381	81.2972
Asti	16	21.2221	79.5013
Asadpur Dhamrauli	36	29.1694	78.3971
Asgaripur	36	29.1268	78.4553
Ashrafpur	36	26.6827	81.2893
Asauri	36	26.6885	81.3290
Asokhpur	36	26.5259	81.2646
Ashrafpur	36	26.5556	81.4601
Ashrafabad	36	26.5315	81.4911
Asandra	36	26.6978	81.4419
Asrakhera	36	29.1310	78.5773
Asnet	39	29.7180	78.9635
Asrar	35	24.4066	80.9913
Asrar	35	24.4042	80.9809
Asrar	35	24.3967	80.9883
Asrar	35	24.3883	80.9864
Aspur	39	29.3066	78.7708
Asalatpur	36	29.2455	78.7815
Ashan Jagatpur	36	26.4813	81.2055
Asni	36	26.4085	81.2121
Ashti	16	20.2005	79.2009
Asdullahpur	36	29.0711	78.8374
Aslempur	36	29.1369	78.8617
Asapur Garhi	36	26.3787	81.4249
Asapur Rura	36	26.3758	81.4727
Ashrafpur	36	26.3633	81.3187
Asola	16	20.6484	79.5019
Ashrafpur	36	26.4318	81.8264
Ashrafpur	36	26.3967	81.8964
Asripur	36	26.2637	81.9048
Asroga	36	26.2991	81.9500
Ashiqpur	36	25.9129	81.0129
Asanandpur	36	25.9987	81.1555
Asli Pada	16	21.3142	74.0470
Ashtana	16	21.0063	74.2596
Asepur	36	28.9458	78.3995
Asawar	36	28.7881	78.4073
Asgharipur	36	28.8213	78.4901
Asnahan	36	27.1084	80.9359
Asund	16	19.5967	77.1222
Asola	16	19.5345	77.0934
Asarna	36	27.1874	81.7171
Asarna Dih	36	27.1914	81.7149
Ashikpur	36	28.5202	78.3474
Asrer	36	27.1155	81.7300
Ashrafpur	36	28.7121	78.4251
Ashuran Purwa	36	27.4281	81.7568
Asdaha	36	27.3447	81.9283
Asogwapur	36	27.2783	81.7734
Asoli	16	19.5638	77.2640
Ashta	16	19.8777	77.9867
Asgaripur	36	28.9697	78.5634
Ashrafpur Faizganj	36	28.7844	78.5440
Asgaripur	36	28.7554	78.5508
Ashta	40	18.9305	78.0201
Asalatnagar Baga	36	28.6845	78.6780
Asalatnagar Kalijpur	36	28.5287	78.7206
Asadpur	36	28.7202	78.7012
Aslapur	36	25.9525	81.3021
Asispur	36	25.8075	81.2816
Asthan	36	25.8718	81.4007
Asthawan	36	25.8243	81.4782
Ashrafganj	36	25.9995	81.4974
Asarhiaon	36	26.0975	81.1316
Asanandpur	36	26.2402	81.1517
Ashrafpur	36	26.7110	81.5653
Ashrafabad	36	26.6337	81.5524
Asispur	36	26.5556	81.6047
Asraul	36	26.6997	81.7318
Asogipur	36	26.7584	81.8782
Asaram Shiwala	36	26.9701	81.9622
Aslaur	36	28.1942	78.6732
Asapur	36	26.0083	81.8814
Asalatpur Jarai	36	28.4694	78.8007
Asafpur Phakaoli	36	28.3920	78.9061
Asogpur	36	28.3768	78.8831
Asaipur	36	27.4911	82.0972
Asre Dih	36	27.2980	82.1659
Asadha	36	25.4385	81.3904
Asapur	36	27.2139	82.2108
Asnahra	36	27.1450	82.1989
Ashrafpur	36	27.0354	82.2442
Asre Jot	36	27.4542	82.3310
Ashrafpur	36	27.1563	82.3172
Asnrafabad	36	27.0410	82.3150
Ashgar Ali	36	27.0739	82.4591
Ashraf Diwan	36	27.0343	82.4644
Asnahara	36	27.0183	82.4967
Asnahra Mafi	36	27.2196	82.5270
Asani Buzurg	36	27.0272	82.5092
Asani Firoz	36	27.0427	82.5216
Asadharpur	36	27.1624	82.5872
Asnahri	36	27.0781	82.6696
Asurainan	36	27.0294	82.6968
Asnahra	36	27.1877	82.7210
Asnahri	36	27.0640	82.8368
Asnahra	36	27.0654	82.8334
Asogwa	36	27.1747	82.8993
Asnar	36	27.0854	82.8797
Asartha	36	26.8826	82.0079
Asogpur	36	26.8993	82.0985
Asapur	36	26.7637	82.1900
Asif Bagh	36	26.7744	82.2061
Ashmindar	12	33.8794	74.8662
Asrewa	36	26.5187	82.0970
Askarnpur	36	26.5626	82.0830
Ashrafpur	36	26.7355	82.1277
Asarha	36	26.2906	82.1268
Asapur	36	26.3019	82.2439
Asron	36	26.1080	82.0520
Ashrafganj	36	26.1726	82.0558
Aswa	36	26.1652	82.1209
Ashrafpur	36	26.0846	82.1071
Astura	36	26.0039	82.1452
Asapur Bhagwan	36	26.0282	82.1679
Asereddipalli	40	18.5701	78.8014
Asilpur	36	25.9990	83.0136
Asokepur	36	26.9425	82.3341
Asogpur	36	26.8450	82.4292
Asnehra	36	26.9821	82.3985
Ashraf	36	26.9855	82.3834
Asapur Chandai	36	26.6319	82.2569
Asgawan	36	26.5195	82.3252
Asanwa	36	26.5569	82.3471
Asogpur	36	26.6611	82.4473
Ashrafpur Barah	36	26.5341	82.4758
Asagarh	36	26.5250	82.4484
Asapatti	36	26.3810	82.3114
Asajitpur Ahiran	36	26.4346	82.4116
Ashraf Patti	36	26.2640	82.4160
Asajitpur Kalan	36	26.4379	82.4264
Aspalpur	36	25.9647	83.2239
Aslampatti	36	25.8521	83.1520
Asaur Tikar	36	25.8728	83.0040
Asaunsa	36	25.8068	83.1127
Asapur	36	25.7883	83.2121
Asdhirpur	36	25.7810	83.2068
Aslampur	36	25.7882	83.2445
Asaipur	36	26.1360	82.3907
Asogpur Khurd	36	26.1075	82.4685
Asogpur Kalan	36	26.1043	82.4630
Aslahuddinpur	36	26.0563	82.4467
Asnahra	36	26.8614	82.5491
Asnabra Bazar	36	26.8607	82.5526
Asapara	36	26.5914	82.5462
Ashrafpur	36	26.5456	82.5736
Asopur	36	26.5638	82.6451
Ashrafpur	36	26.3958	82.5475
Aswapur	36	26.4431	82.6920
Ashraf Patti	36	26.4497	82.6278
Ashrafpur	36	26.4665	82.6763
Ashrafpur Majhgawan	36	26.3472	82.7382
Ashrafpur Bhua	36	26.3184	82.7044
Astabad	36	26.3670	82.7198
Ashrafgarh	36	26.0018	82.5490
Ashrafour Usrahta	36	26.0025	82.6922
Ashrafpur	36	26.1149	82.6189
Ashrafgarh	36	26.1888	82.6021
Ashrafpur Usrahata	36	26.1871	82.6071
Asuraina	36	26.9573	82.8412
Asnahra	36	26.7827	82.8374
Asnahra	36	26.7839	82.8915
Ashrafpur	36	26.8221	82.9126
Asthalwa	36	26.5273	82.7630
Ashrafpur	36	26.7012	82.8971
Asiapar Riuhari	36	26.7103	82.9325
Asalpur	36	25.8890	83.3762
Assi	36	25.9255	83.4014
Ashrafpur Kichhaunchha	36	26.4216	82.7596
Ashrafabad	36	26.4659	82.9115
Asnari	36	26.3909	82.9898
Asapar	36	26.2502	82.8574
Aslai Khurd	36	26.2017	82.8653
Aslai Buzurg	36	26.2007	82.8775
Aspatpur	36	26.0551	82.8736
Asai Molnapur	36	26.0069	82.8501
Asrampur	36	27.1868	83.1574
Aswur	12	33.7987	75.1569
Ashmuj	12	33.6713	75.0696
Ashashpur	12	33.7203	75.1547
Ashogpatti	36	25.8691	81.5082
Asogi	36	25.8666	81.5237
Asrahi	36	25.9028	81.6650
Asainapur	36	25.9630	81.6815
Ashrafabad	36	26.7332	83.1146
Asapar	36	26.6694	83.1937
Ashrafpur	36	26.4883	83.0313
Ashrafpur Khurd	36	26.4973	83.0335
Ashrafpur	36	26.4084	83.0073
Ashrafpur	36	26.2595	83.0536
Ashadpur	36	26.3136	83.0670
Asaunji	36	26.4750	83.2188
Asanandpur	36	26.4493	83.2234
Ashrafpur	36	26.1436	83.0041
Asni Ta Kazi	36	26.0647	83.0446
Ashrafpur	36	26.8586	83.4436
Asnaiya	36	26.9139	83.4252
Asnaiya	36	26.9103	83.4225
Asekhor	36	26.5531	83.3652
Aslabhar	36	26.4845	83.2917
Asthaula	36	26.4119	83.4190
Asapar	36	26.4329	83.4127
Asnan	36	26.8588	83.6433
Asnahar	36	26.5646	83.6866
Ashrafpur	36	25.5308	81.5422
Astullaganj	36	25.5131	81.5306
Aswandpar	36	26.3802	83.5178
Asarhia	36	26.0620	83.6987
Asar	12	33.4666	75.1842
Asmar	12	33.2227	75.1241
Asar	12	33.2384	75.2473
Ashu	12	33.3699	75.4695
Asar Ali	16	18.7268	80.1904
Asaupur	36	26.0873	83.8151
Ashrafpur	36	26.1192	83.8795
Astan	12	33.6688	75.7116
Ashia Chak	36	25.5110	83.6031
Asmani Chak	36	25.6470	83.7389
Asisi	12	33.1699	75.6954
Asor	35	23.9596	80.9627
Ashwanipur	36	25.2966	81.6310
Aswan	36	25.2793	81.6768
Aswan	36	25.2862	81.6718
Asrawal Khurd	36	25.3601	81.7195
Asrawal Kalan	36	25.3792	81.7312
Ashrapur	36	25.4515	81.6624
Asarwai	36	25.2358	81.7436
Asthal	12	32.6305	75.5610
Asapur	36	25.8210	81.7926
Ashapur	36	25.9920	81.9326
Ashapur Mishra	36	25.9992	81.9102
Asa Bano	23	32.2898	75.5733
Asawandi	16	19.8792	80.2745
Ashoknagar	36	25.4698	81.8240
Asolia	35	23.0371	74.7439
Astane	16	20.6857	74.6416
Asiriya Bari	35	22.4416	75.5426
Asapur	35	22.2809	75.5617
Asravad Khurd	35	22.6289	75.9003
Asakheri	35	22.7065	75.9956
Asravad Buzurg	35	22.7000	75.9788
Asapura	35	22.4976	75.7525
Astariya	35	22.2544	75.9553
Asapura	35	22.4773	75.9905
Asankheda Budrukh	16	20.7590	75.4535
Asankheda Khurd	16	20.7577	75.4513
Asankhed	16	20.1631	75.0395
Asodi	16	20.3434	75.7526
Asarkhed	16	20.0207	75.9221
Ashmapur	09	24.2157	72.4761
Asal Uttar	23	31.1848	74.6047
Ashmapura	09	24.1363	72.5321
Asrapur	35	22.7454	80.2940
Astara	37	20.2714	81.2548
Asoga	37	20.9591	81.5487
Asal	23	31.2631	74.8434
Asal	23	31.2552	74.8499
Asiake	23	31.1103	74.8538
Asafwala	23	31.0602	74.8414
Asil	23	30.9576	74.6533
Ashrafgarh	10	29.2916	76.3677
Asan	10	29.3119	76.4727
Asolpani	16	21.3339	80.0921
Asarkhed	16	20.3314	74.1826
Asarma	35	21.7684	80.4929
Asoli	16	21.4776	80.2653
Asolitola	16	21.3115	80.3260
Asolitola	16	21.3246	80.3274
Asoli	16	21.3190	80.3345
Asnatola	16	21.2891	80.4789
Asan	24	25.9573	73.7131
Asan	24	25.6468	73.6052
Asanjodhwan	24	25.5834	73.7409
Asiwal	23	31.1258	75.3154
Asan	24	25.7772	73.9900
Asan	24	25.6107	73.9822
Asan	24	25.6289	73.7987
Asra	37	21.0128	80.7419
Asatpur	23	31.9466	75.7579
Asan	23	31.9621	75.7845
Asnid	37	21.5797	82.4588
Asapur	36	27.2439	80.5321
Asi Khera	36	27.0796	80.5670
Ashik Khera	36	27.0790	80.5440
Ashta	16	20.5059	80.0115
Asogapur	36	27.8918	80.9393
Asokapur	36	27.8424	80.8474
Asodar	36	27.5079	80.7610
Ashrafpur	36	27.5029	80.7939
Asil	36	27.3100	80.7504
Asodhan	36	27.2700	80.9380
Ashrafpur	36	27.4216	80.9137
Asrepur	36	27.4254	80.9797
Asolpar	16	20.3682	80.2272
Ashaur	23	31.0261	75.8665
Asnalu	11	32.7671	76.1773
Asnalu	11	32.7514	76.2160
Asai	11	32.7161	76.1008
Asund	11	32.6759	76.1202
Aswalhurki	16	20.7434	80.4425
Asotiya	24	25.0560	73.9082
Asotiya	24	25.0597	73.9153
Asan Pat	11	32.1196	76.4544
Asifinagar	36	27.0021	81.0957
Asrauli	36	27.1317	81.1922
Asalatpur	36	27.1883	81.1288
Asohna	36	27.1276	81.2494
Asadanda	24	26.0098	74.4119
Asaunda	37	21.3527	81.8701
Asalaipur	23	31.1389	76.5242
Aspur	23	31.0637	76.5776
Aslu	11	31.2883	76.9252
Asama Manjari	11	31.2910	76.8302
Asmailpur	23	30.7105	76.2973
Asarh	24	26.7577	75.8179
Asan	24	25.7139	75.3414
Aspur	09	23.1720	74.0124
Astandli	11	31.2001	77.7863
Asnahar	36	23.9598	83.0323
Asandih	37	23.9018	83.1525
Asol	39	30.7502	77.7140
Aslampur Bartha	36	30.2207	77.5279
Asanwali	36	30.0187	77.6120
Asgharpur	36	30.2341	77.6126
Asa	36	29.1814	77.9159
Asaoti	10	28.2489	77.3190
Asaota	10	28.1076	77.3511
Asrang	11	31.6665	78.3199
Aspano Dogri	11	31.5654	78.3153
Askanam Dogri	11	31.5992	78.3727
Ashong Dogri	11	31.6667	78.3312
Aser	35	23.1819	76.0880
Asnauli	39	30.1905	78.7720
Asingi	39	30.1848	78.8348
Asaun Damrara	39	29.9726	78.4365
Aslot	39	29.9098	78.9132
Asankhet	39	29.8796	78.8265
Asifabad	36	28.9596	78.0260
Asilpur	36	28.8953	78.0249
Askaripur	36	28.8929	78.0895
Asaori	36	28.3525	78.0457
Ashrafpur Abdullapur	36	28.3238	78.0507
Ashrafabad	36	28.3013	78.1398
Asrauli	36	28.2421	78.0555
Asgarabad	36	28.0721	78.2352
Asadpur	36	28.1727	78.4621
Asadpur Gher	36	28.1693	78.2587
Asalatpur	36	28.1123	78.4349
Ashrafabad	36	28.0465	78.3377
Asir	35	23.2337	76.4562
Asrna	39	30.5278	79.1770
Aswapur	40	18.0364	80.5335
Asharfa	36	27.8834	81.4612
Asodu	19	13.5766	74.7380
Asmanpur	36	27.6782	81.4122
Asapur	36	27.3086	81.2768
Asapur	36	27.4897	81.3530
Asaipur	36	27.3324	81.3139
Ashrafpur	36	27.2744	81.4297
Asogpur	36	27.0873	81.3447
Asogpur	36	27.0540	81.3696
Asanpur	36	26.1005	81.3561
Asaria	36	26.0384	81.3725
Asapur	36	26.1237	81.4748
Asghar Purwa	36	26.0196	81.4473
Asena	36	26.8290	81.5268
Ashrafpur Gangrela	36	26.8018	81.5741
Ashrafnagar	36	26.7980	81.5725
Ashaknagar	36	26.7572	81.5520
Ashrafnagar	36	26.7567	81.6021
Asumau	36	26.7997	81.7233
Asua	36	26.9115	81.7163
Asni	36	26.3548	81.5057
Ashrafpur	36	26.4585	81.6817
Ashrafpur	36	26.2127	81.5414
Asaindih	36	26.2261	81.6111
Asura	36	26.1889	81.6172
Asaidapur	36	26.2016	81.7023
Asanagudem	02	16.9522	81.1036
Asurodda	02	17.8371	82.2905
Asanagiri	02	17.5429	82.3377
Aswapuram	40	17.8347	80.8236
Asayyapeta	02	17.5003	82.6510
Asurodda	02	17.8290	82.5010
Asahni	34	26.0080	84.4799
Asergam	21	19.7570	83.4526
Asabali	21	19.9449	83.6657
Asna	37	19.1168	82.0233
Asana	21	18.8931	82.3047
Asorada	02	18.4973	82.4810
Asbanputtu	02	18.4098	82.4747
Asada	21	19.3841	83.7934
Aspaka	40	17.3886	81.1111
Asakapalle	02	17.7693	83.1167
Asodapalem	02	15.8841	80.4574
Aseragudem	37	17.8947	81.3862
Asanabudur	25	13.3752	80.2433
Asareta	35	23.5941	76.6306
Asapura	35	23.8067	76.8603
Asa Kheri	35	22.7120	76.0828
Aspur	09	23.1647	73.3759
Asundria	09	23.1609	73.4674
Asundria	09	23.1538	73.4502
Asera	24	23.8347	73.7855
Ashiwara	09	23.1821	73.8350
Asan	24	26.2080	73.3083
Asinkhal	39	29.7218	79.0134
Asnan	39	29.6945	79.1050
Asutale	39	29.6971	79.1749
Asni	34	25.5313	84.5930
Asodhan	34	25.4768	84.5454
Asalatpur	36	29.0071	79.0820
Aslan	34	25.4177	84.6000
Asapura	24	25.4948	73.6848
Aseti	39	29.9046	79.4045
Asan	24	25.3048	73.8089
Asan	24	25.4822	73.8444
Asan	24	25.3943	73.9280
Asan	24	25.3054	73.9151
Aswal Kotiura	39	29.6848	79.3356
Asgoli	39	29.7282	79.3990
Asau	24	24.7689	73.0440
Asar	09	22.1761	74.0059
Asabari	24	24.1254	73.1789
Aslempur	34	25.1046	84.5120
Asarhitola	34	25.1070	84.6225
Asota	39	29.5569	79.6867
Asaon	34	25.9778	84.8259
Asoia	34	25.9233	84.8329
Asoia	34	25.9784	84.8439
Aspura	35	22.2974	74.8318
Asurari	34	27.2242	84.5110
Asogwa	34	27.1067	84.5988
Asli	16	21.7138	74.1242
Astamba	16	21.6983	74.1495
ashta	09	21.5470	74.1556
Ashrava	09	21.5160	74.1896
Asapur	09	21.5167	74.0278
Asli Matha	16	21.6960	74.1325
Asuna	24	25.3198	74.0900
Aspur	24	25.4051	74.2698
Asaholi	24	25.3354	74.2784
Asogwa	36	26.7996	84.2109
Asogwa Khurd	36	26.7977	84.2056
Asogwa Khurd	36	26.6688	84.0441
Asogwa	36	26.6678	84.0441
Ason	39	29.9332	79.8897
Asaun	39	29.7353	79.8483
Askona	39	29.5895	79.9922
asana	16	21.3252	74.4220
Asora	39	29.2603	79.9145
Asars	36	28.1891	79.2076
Asafpur	36	28.5632	79.3048
Aspur Khera	36	28.6026	79.4263
Aspur	36	28.4792	79.4711
Aspur	36	28.4536	79.4207
Aspur Khub Chand	36	28.4336	79.4917
Asori	36	28.0197	79.4888
Asai	09	23.9093	73.0025
Asus	16	21.5999	74.5339
Asvada	35	21.6399	74.7175
Aslod	16	21.5787	74.6000
Asli	16	21.3159	74.9795
Aspur Dariao Singh	36	28.5083	79.7292
Aspur Hasan Ali	36	28.4982	79.5250
Asua	36	28.3786	79.6847
Aspur	36	28.6838	79.7530
Asega	36	25.8835	84.1476
Asan	36	25.8863	84.0862
Asna	36	25.9993	84.1356
Asegi	36	25.8833	84.1675
Aschura	36	25.8339	84.2376
Ashpura	34	25.4401	84.8664
Asodhar	34	25.4505	84.4591
As Khap	34	24.9285	84.3129
Astohar	38	24.1347	84.2696
Aseahar	38	24.0363	84.3130
Asarhia	38	24.0063	84.4192
Asa Bigha	34	24.8143	84.5305
Asias	34	24.9663	84.6633
Asapur	34	24.9993	84.7150
Asurain	34	24.5412	84.6041
Asani	34	24.7093	84.7342
Asanwa	34	24.4721	84.5462
Asnahi	38	24.3526	84.6295
Asediri	38	24.1931	84.6277
Asnahi	38	24.0744	84.6798
Asdabad	34	25.3773	85.8288
Aswar Mau	36	25.9545	80.1920
Asthanwan	34	25.0542	85.9613
Asai	19	12.7999	74.9139
Astkatti	19	15.0995	75.0351
Asoti	19	15.7785	75.5880
Asundi	19	15.4080	75.5856
Asvattarayanaroppam	02	14.0279	77.2698
Asundi	19	14.6351	75.5450
Aslipur	19	13.3915	77.0036
Ashwatnarayanaswami Gudr	19	13.6689	77.4973
Astapanhalli	19	14.0772	75.8584
Asamane	19	13.7687	75.0402
Asimane	19	13.5514	75.1123
Asagodu	19	13.4904	75.2998
Asegaon	16	19.9306	79.4543
Ashta	16	19.8534	79.6596
Asanagar	34	25.2163	85.5081
Asthana	34	25.1572	85.6993
Asagodu	19	14.5606	76.1503
Asnauli	34	24.7460	85.1980
Asarhia	38	24.2569	85.1987
Asarhi	34	24.9083	85.4697
Asnachuan	38	24.4234	85.2811
Asnabad	38	24.4188	85.3607
Asdhir	38	24.0531	85.2976
Asarhi	34	24.8927	85.5720
Aswan	34	24.8145	85.5907
Asnakoni	38	24.7641	85.7131
Ashrafpur	34	24.7620	85.5096
Asna	38	24.4482	85.5346
Asnabad	38	24.4024	85.7146
Asapur	34	26.0729	86.1416
Askaul	34	26.0482	86.2460
Asundi	19	13.7699	76.0415
Asma	34	26.0585	86.3568
Asam	34	26.2023	86.4071
Ashai	34	26.0176	86.4612
Aso	34	25.8747	86.2487
Asvala	19	12.2226	76.4116
Asurari	34	25.4552	86.0331
Asval	19	12.3756	76.1291
Asgaon	16	15.9343	74.2086
Asurar	34	25.6424	86.3136
Ashrafia	34	25.3742	86.2997
Asundi	19	15.1118	77.0350
Asurni	34	25.0657	86.2898
Ashraf Chak	34	25.7417	86.5936
Asahana	34	24.7698	86.2468
asundria	09	23.0496	73.6737
Asrekha	36	27.3883	80.6817
Ashrafnagar	36	27.3279	80.5556
Asuamau	36	27.2825	80.6914
Asogpur	36	27.4132	80.7016
Asadpur	36	26.6450	79.1278
Asafpur	36	26.7431	79.1976
Asgoli	16	15.9751	74.2621
Asupura	36	26.0301	79.0555
Asnahat	35	26.2343	79.0518
Asia	34	25.2195	84.1454
Asauta	36	26.5015	79.2713
Asu	36	26.6736	79.3866
Asapur	16	19.6231	79.0481
Asoga	19	15.6262	74.4811
Aste	19	15.9009	74.6017
Asalli	19	14.6589	74.5720
Asutalmane	19	14.7350	74.6639
Asvalli	19	14.4888	74.7058
Ashikan	19	13.9842	74.6193
Asni	34	24.6267	84.9068
Asuri	34	26.3391	87.3215
Asabhag	34	26.3639	87.3712
Asura Kalan Khola	34	26.4248	87.4449
Asha	34	26.3739	87.6845
Asmanpatti	34	25.5992	87.1032
Askatia	34	25.6507	87.0858
Astulah Samra	38	25.0076	87.2494
Asi	34	25.0681	87.0911
Asi	34	25.0497	87.1558
Asnaha	34	25.0754	87.1509
Ashrafnagar	34	25.8874	87.3401
Asota	38	25.0586	87.2810
Asakhapar	38	25.1060	87.4713
Asiani	34	25.9857	87.6023
Asranda	34	25.9895	87.6597
Asja	34	25.8715	87.6416
Asja	34	25.9182	87.7420
Asopur	34	25.6033	85.0300
Asu Chak	34	25.5840	85.1710
Asdharpur	34	25.7413	85.2049
Ashrafganj	34	25.3567	85.0599
Asarhi	34	25.2892	85.2189
Ashrafpur	34	25.3554	85.1851
Asia	34	25.3895	85.1995
Asiani	34	25.7046	87.7401
Asanbana	38	25.1740	87.5326
Asanbana	38	25.0618	87.5002
Asanbani	38	25.1790	87.6850
Asja	28	25.9934	87.8433
Asja	34	25.9950	87.8166
Asalatganj	34	25.4562	87.7674
Asari Madhuri	38	24.7745	87.0880
Asanbani	38	24.8209	87.2153
Askajor	38	24.6576	87.5049
Asankura	38	24.5446	87.5636
Asanbani	38	24.7137	87.6587
Asanjole	38	24.6020	87.7140
Asnadangal	38	24.5170	87.6714
Asiawan	34	25.1450	85.0243
Astakandar	38	24.1405	87.5880
Asanbani	38	24.1712	87.6302
Asanjola	28	24.2395	87.7172
Asandhipa	38	24.6334	87.8102
Askanda	38	24.5479	87.7983
Asoi	34	25.8247	85.3301
Askaranpur	34	25.8119	85.3350
Asadpur Maibhara	34	25.9184	85.3759
Aswari	34	25.8080	85.4934
Asadpur Saidpur	34	25.8811	85.3020
Ashrafpur	34	25.4006	85.3174
Asta	34	25.2784	85.4108
Ashrafpur	34	25.1517	85.2559
Astupur	34	25.1977	85.3355
Aswan	34	25.8221	85.5684
Asadadri	34	25.8682	85.6209
Asari	34	25.8383	85.6688
Asargram	40	17.4966	78.5056
Asura	34	26.2111	87.7234
Asiani	34	26.0995	87.7031
Asauwa	36	27.8903	80.2283
Asgharpur	36	27.5815	80.0197
Asa	36	27.3960	80.1814
Ashrafabad	36	27.2675	80.2076
Asafpur	36	27.1666	80.0425
Asman	36	27.1644	80.1907
Ashrafnagar	36	27.1788	80.1262
Ashiknagar Grant	36	27.7825	80.4271
Asarwa	09	23.0450	72.6077
Asureswar	21	20.4709	86.2574
Asagalli	19	12.1513	77.2607
Asudapuram	02	15.7751	78.0160
Asia Nagla	36	28.0707	78.1114
Asthur	19	12.1279	77.6025
Ashrafpur Supaul	34	25.6529	85.5582
Asanampattu	25	12.7044	78.8117
Asasavali	25	12.6473	78.9221
Asuvanagasuranai	25	12.2402	78.9874
Asamvaripalle	02	15.2612	79.3121
Astakaveri	02	14.0060	79.7143
Asamandur	25	13.0637	79.5826
Asanellipettai	25	12.9229	79.3373
Asanallikuppam	25	12.9710	79.6200
Astinapuram	25	12.3910	79.5385
Asur	25	12.0583	79.5076
Asur	25	12.2403	79.5517
Asur	25	12.7587	79.7809
Asapur	25	12.2347	79.8785
Asanallipalaiyam	25	11.2328	77.2138
Assamannur	13	10.1094	76.5549
Ashtamudiseri	13	8.9689	76.5984
Asinapuram	13	8.8985	76.5943
Asur	25	10.9888	79.3780
Asukkanodai	25	10.7890	79.4497
Asanagudi	25	10.9974	79.7019
Asalmandih	38	23.0711	85.1760
Aswa	38	23.7198	85.2619
Asangara	38	23.7489	85.3973
Asnagara	38	23.7019	85.3545
Asnatoli	38	23.6100	85.5855
Asri	38	23.3599	85.6710
Ashnatoli	38	23.7709	85.7784
Asnapanitoli	38	23.7617	85.8994
Asnagarha	38	23.7297	85.9230
Asurkoratoli	38	23.4156	85.8602
Asni Kalan	38	24.2272	84.9131
Asarhia	38	24.1531	84.9923
Asainka	21	22.0840	85.5216
Asainka	21	22.0710	85.5330
Asanpat	38	22.1217	85.7466
Ashiqpur	34	25.3316	86.5033
Asnachak Nayadih	38	24.2137	86.8431
Asna	38	24.1767	86.9411
Asanbani	38	24.1149	86.8241
Asanbani	38	24.1082	86.9409
Astajor	38	24.1457	86.9526
Astahir	38	24.1001	86.9254
Asanmura	38	24.0576	86.8772
Asanberia	38	24.0187	86.8260
Asandahatola	38	23.8862	84.0504
Asanpani	37	23.2282	84.0441
Asurtola	38	23.2386	84.0805
Asurtoli	37	23.0801	84.1167
Asta	38	23.1025	84.1235
Asurtoli	38	23.4451	84.4648
Asrutoli	38	23.4112	84.4352
Asurtoli	38	23.1992	84.2538
Asro	38	23.0633	84.2667
Ashotoli	38	23.9699	84.6698
Asni	38	23.0792	84.5613
Asro	38	23.0922	84.7194
Asnahitoli	38	23.6293	84.7880
Asro	38	23.2531	84.9192
Asratoli	38	23.2421	84.9219
Asanbahal	37	22.7175	84.0877
Asanbera	38	22.5929	84.2229
Asrabeoratoli	38	22.9183	84.4833
Asanbera	38	22.7858	84.4421
Asanbera	38	22.5523	84.4681
Asatoli	38	22.7532	84.9499
Asadihi	21	21.6913	84.0790
Asalpuram	25	9.3599	77.5621
Ashambu	25	8.4356	77.4177
Asramam	25	8.1582	77.4594
Asirvathapuram	25	8.5175	77.8582
Asirvathapuram Sanarkudi	25	8.5287	77.8493
Asirvathapuram	25	8.5624	77.9587
Asarippatti	25	10.7509	78.5615
Asur	25	10.7237	78.8527
Asarisusaneri	25	9.5358	78.2457
Asur	25	9.3386	78.3252
Asakalattur	25	11.5886	79.0569
Asanur	25	11.6251	79.1908
Asaripudur	25	10.5072	77.9005
Asur	25	11.2604	79.0013
Asavirankudikkadu	25	11.3209	79.2093
Asarankuppam	25	11.9862	79.4529
Asikkadu	25	11.0611	79.6082
Asambur	25	11.8053	78.2224
Asaritteru	25	10.3591	79.1243
Asakkadu	25	11.2623	78.3789
Astammanapalle	02	14.8714	77.2545
Asnagaratoli	38	23.7508	85.3954
Asantalia	38	22.6965	85.5980
Asantalia	38	22.5961	85.5174
Asantalia	38	22.7315	85.7927
Asura	38	22.7442	85.8692
Asura	38	22.4675	85.8240
Asura	38	22.1307	85.9610
Asanpal	21	21.3694	85.0541
Asanbahali	21	21.1633	85.2905
Ashuki	21	21.8662	85.5859
Asuria	21	21.8877	85.6335
Asanpat	21	21.8904	85.6590
Asno Kanda	11	31.5612	78.4383
Asanbani	21	21.8093	85.8630
Asukipal	21	21.9500	85.8863
Aswanbani	21	21.5418	85.7583
Asanbahari	21	21.6201	85.9401
Asurdhipa	21	20.0858	85.1279
Asurdhipa	21	20.0261	85.0878
Asawan	34	24.9060	85.7556
Asurhadih	38	24.7072	85.9593
Asnatari	38	24.7028	85.9674
Asnatari	38	24.5341	85.8273
Asanbani	38	24.0522	85.9899
Asi	34	25.9760	86.2590
Asman	34	25.8311	86.2875
Asarkho	34	24.6541	86.1762
Ashuradih	38	24.0003	86.2083
Asota	34	24.9517	86.4122
Asta	34	24.7861	86.4494
Asarhua	34	24.6960	86.3004
Asnaha	34	24.5616	86.4729
Asuta	34	24.6823	86.3795
Asanboni	34	24.4611	86.4690
Astha	38	24.2501	86.3407
Asanboni	38	24.1921	86.3986
Asahna	38	24.1506	86.4685
Asanleda	21	21.5156	84.5044
Asanpal	21	21.5018	84.8661
Asharada	21	20.3622	84.6967
Asrubahal	21	20.9647	84.8027
Aslali	09	22.9199	72.5956
Asuto	20	26.1143	94.6345
Asoli	16	19.8004	77.6196
Asia	34	24.7890	84.7142
Asia	38	24.0746	85.4596