Attili	02	16.7000	81.6000
Attur	25	11.5941	78.6014
Athani	19	16.7261	75.0642
Atrauli	36	28.0296	78.2857
Atarra	36	25.2862	80.5716
Athiyannur	13	8.3930	77.0637
Attingal	13	8.6961	76.8151
Atmakur	02	15.8811	78.5870
Atholi	13	11.3885	75.7597
Attimarappatti	25	8.7399	78.1053
Attibele	19	12.7781	77.7726
Athagarh	21	20.5200	85.6296
Attayampatti	25	11.5327	78.0536
Athmallik	21	20.7212	84.5351
Atmakur	40	16.3380	77.8085
Athner	35	21.6238	77.9152
Attur	25	8.3224	77.2558
Atraulia	36	26.3333	82.9473
Atru	24	24.8769	76.6611
Attippattu	25	13.2633	80.2911
Attanur	25	11.5006	78.1356
Attani	25	11.5221	77.5122
Attippatti	25	9.4939	78.1271
Ateli Mandi	10	28.1008	76.2598
Atul	09	20.5436	72.9411
Atnur	19	16.1837	77.1058
Attur	25	12.7314	79.9491
Attipadi	25	12.0348	78.7721
Attimanjeri	25	13.2548	79.4336
Attigundi	19	13.4303	75.7412
Attigam	37	19.4278	82.2867
Attar	35	22.0094	76.2073
Attappadi	13	11.0728	76.5605
Attabira	21	21.3740	83.7867
Atrauli	36	27.1739	80.6654
Atrampur	36	25.5674	81.7396
Atpadi	16	17.4224	74.9388
Aton	24	24.8544	76.5712
Atnur	19	17.2385	76.4818
Atmakuru	02	14.6452	77.3554
Atmakur	40	18.7495	78.6213
Atmakur	40	17.2330	79.6953
Atmakur	02	14.6159	79.6261
Atit	16	17.5299	74.0680
Ating	41	33.5795	76.7352
Athmalgola	34	25.4575	85.6014
Athkhel	03	26.7962	94.6550
Atharikhat	03	26.7214	91.7487
Atharga	19	16.9875	75.8863
Athamna Bara	09	22.2888	69.5010
Athaikhera	35	24.4461	77.8187
Atgulipura	19	11.8292	77.0053
Atgaon	16	19.4994	73.3348
Atgam	09	20.6507	73.0297
Ater	36	26.7506	78.6404
Atengba	17	24.9232	93.3505
Ateha	36	26.0984	81.6371
Atbara	24	26.0775	73.7369
Atarsumba	09	23.0524	72.9677
Atari	23	31.6024	74.6073
At	09	20.8877	72.8634
Atkot	09	22.0103	71.1485
Atyun	12	34.0048	74.6161
Atauli	12	33.8194	74.2528
Atmapur	12	32.5972	74.7972
Atipur	36	29.6775	77.3947
Attalli	40	17.6491	78.4896
Attippattu	25	13.0924	80.1550
Attigupe	19	12.9553	77.5331
Atawa	05	30.7275	76.7511
Atawa Choa	05	30.7425	76.7653
Atwan	10	30.0821	76.8442
Atharra Kunian	36	27.9329	79.2643
Attiya	36	27.1564	79.2556
Ata	36	27.6795	79.5653
Atri Nizampur	36	27.7171	79.6014
Atri Nizampur	36	27.6846	79.5968
Ataria	36	27.5430	79.7408
Atarchha Khurd	36	27.1836	79.9863
Atarchha Buzurg	36	27.1586	79.9849
Atara	36	27.0514	79.8205
Atthaisa	36	26.8425	79.2352
Atakua	36	26.4037	79.3900
Atarchhala	36	26.2590	79.3907
Atra Khurd	36	26.2435	79.4547
Atra Kalan	36	26.2150	79.4731
Atarsuan	36	25.6123	79.0679
Atrauli	36	25.5364	79.1265
Atia Raipur	36	26.6254	79.8566
Atia	36	26.6297	79.9471
Atari	35	24.0441	79.1225
Atgharitari	03	26.2529	89.8023
Athickal House	13	10.7832	76.3785
Atarpari	36	27.7660	82.1523
Atri	24	26.4070	77.1329
Attiuttu	31	8.8776	77.4557
Ataria	35	22.6636	81.0547
Athidhanji ki Dhani	24	28.1121	74.8872
Athani	13	10.1540	76.3552
Atariya	35	24.4866	78.9260
Atmajhia	21	21.9697	87.2102
Atlia	28	22.7838	88.8059
Athai	35	23.7726	79.4405
Atraliya	35	23.0467	76.9873
Atghara	28	22.7044	87.5754
Atgama	28	25.0362	88.0045
Atghara	28	22.7969	88.7759
Atlanta Point	01	11.6737	92.7451
Athabut	12	34.4920	74.6994
Atal	10	28.8393	76.7548
Atela Kolan	10	28.5805	76.1075
Atela Kalan	10	28.5937	76.1038
Atela Khurd	10	28.5898	76.0960
Atnam Gali	12	34.5140	74.4702
Atawa	10	30.1091	77.1251
Atawali	24	27.6402	76.1084
Atargarh	36	30.0081	77.4948
Atlau	39	30.5812	77.7722
Athuna ka Bas	24	28.0967	75.1987
Atari	35	23.5745	78.8952
Aton	24	25.2492	76.2251
Atta	36	29.3131	77.3051
Atali	36	29.4456	77.4972
Atthalsa	35	22.9791	78.7858
Atali	36	29.2133	77.5219
Aterna	36	29.1737	77.6581
Athniawar	24	24.8783	73.5468
Atari	23	30.8876	75.0764
Ath	24	24.3958	73.9854
Atralya	24	24.6952	76.0173
Atholia	24	25.7202	74.1078
Atla Khurd	23	30.0884	75.5012
Atar Singhwala	23	30.2441	75.5986
Athain	36	29.4904	77.9005
Aterna	10	28.9040	77.1571
Atawardi Sarai	10	28.5016	77.0222
Atta	36	28.5718	77.3271
Ataur	36	28.7247	77.4035
Atera	36	28.6013	77.4414
Atali	10	28.2943	77.4213
Atta Chuharpur	36	28.4355	77.4953
Atrauli	36	28.7358	77.6358
Attai	36	28.3973	77.5020
Atain Muradpur	36	28.3935	77.5554
Atta Gujran	36	28.3617	77.5180
Athamallik	21	20.7197	84.5300
Athanwali	10	29.3284	74.9763
Atun	24	25.2924	74.6154
Atoli	24	25.6901	75.0433
Atalan	23	29.9920	76.1093
Attharaha Bigha	39	30.4008	78.0601
Ataria	36	28.8429	79.0190
Atar Chendi	36	28.2759	79.2326
Atarpura	36	28.3314	79.0016
Athiyakhera	24	24.2788	76.7932
Atba	36	28.0286	77.5005
Atari	36	28.0786	77.6071
Ataav	16	19.5008	80.7025
Atrara	36	28.8116	77.8055
Atta	36	28.8559	77.8667
Atalpur	36	28.9327	77.9853
Atauta	36	28.7369	77.8764
Atta	36	28.6097	77.8413
Ataria	37	21.6025	81.0550
Ataria	37	21.4666	81.1206
Ata	35	26.4195	77.9295
Atola	16	19.3664	76.5774
Atari	23	30.9470	76.4019
Aturi	36	27.7750	77.8803
Atalpur	36	27.9072	77.9942
Atalpur	36	27.7634	77.9708
Atalgarh	23	30.8785	76.5772
Atola	16	18.4369	76.8671
Atarchata	10	27.9992	77.4922
Atavi	24	27.5446	77.0698
Atas	36	27.6047	77.6565
Athera	24	27.3070	77.5897
Atela	10	29.8425	76.2932
Atta Morpur	36	28.4863	77.9603
Atalapur	19	17.8149	76.8904
Attur Tanda	19	17.6516	76.7731
Attur	19	17.6508	76.7803
Atarra	37	21.9456	82.0019
Atharaguri	37	21.2736	82.5045
Atargaontoladih	37	20.8803	81.0342
Atargaon	37	20.8795	81.0225
Atarjhola	37	21.6025	81.2806
Ataria	37	21.8259	81.5597
Atargawan	37	21.9804	81.6487
Atari	37	21.2738	81.5487
Atari	37	21.0287	81.5490
Atnur	16	18.5370	77.2584
Atala	16	18.8968	77.6990
Atkali	16	18.6610	77.5879
Atipur	36	27.2735	78.3617
Atmurdi	16	20.3448	78.9874
Atari	36	27.6366	78.5497
Atariya	35	23.0216	79.5134
Atmakur	40	17.6833	77.9339
Aturia	36	27.2114	78.6301
Atikullahpur	36	27.0103	78.8758
Aturra	36	27.4098	77.9477
Athiya	36	27.6300	78.7685
Ata	35	26.7263	78.4290
Atus	36	27.2009	77.8788
Atari	35	22.0806	79.8292
Atrajpur	36	26.9756	78.9705
Atkur	19	16.3328	77.5405
Atpura	36	27.4056	79.0156
Atripura	24	26.4111	77.1011
Atalpura	24	26.3980	77.0814
Atseni	36	27.4554	79.3336
Atroiya	36	27.4438	79.3572
Athlakra	36	27.2561	79.2895
Atanpur Nawada	36	27.2733	79.4318
Ata	36	26.9481	77.7483
Atarsuma	24	26.7914	77.6113
Atbara	36	27.7990	79.6573
Atar	35	26.3700	77.6479
Atwa	36	27.6629	79.8006
Athaura	36	27.5306	79.7967
Atarji	36	27.5483	79.8496
Aterna Shamsabad	10	27.9217	77.0148
Atawade	16	21.2356	76.1379
Atrajpur	36	27.1306	79.5320
Atia	36	27.1161	79.5509
Atrauli	36	27.0651	79.5105
Atrauli	36	27.0728	79.6337
Atbai	35	25.5773	77.4561
Atraua	35	25.5235	77.4710
Ata	35	25.3541	77.4084
Atsalia	36	27.8665	79.9543
Athauria	36	27.4347	79.9983
Atara	35	25.2990	77.5322
Atuni	35	25.1133	77.5591
Atakheri	35	24.9593	77.1634
Atarsuma	35	24.7625	77.2097
Athaikhera	35	24.1943	77.2504
Atalpur	35	24.9095	77.5021
Atreji	35	24.2740	77.9274
Athaikhera	35	24.1480	77.7988
Ata	36	27.9346	78.4555
Athaiya	36	27.7768	78.5682
Athesi	36	26.7202	79.6265
Atia	36	26.6803	79.6503
Ataria	36	26.0829	79.5071
Ata	36	26.0442	79.6080
Ataba	36	26.8457	79.9032
Atwa	36	26.2394	79.8697
Atbal Purwa	36	26.1889	79.9951
Atra	36	25.7734	79.4976
Athgaon	36	25.6778	79.4376
Atrar	36	25.7920	79.9950
Atrauli	36	25.5040	79.8264
Atrauli	36	25.8398	79.6401
Atrauli	36	25.5851	79.5665
Atia	35	25.0458	80.3919
Atwa	36	25.1592	80.4512
Atia	36	25.1825	80.4968
Atanpur	36	25.6190	82.0407
Atarsuio	36	25.5158	82.1669
Ata	36	25.5106	82.0450
Ataran	36	25.2262	79.2162
Atpai	36	25.1642	79.0588
Atarpatha	36	25.3168	79.6975
Atrar Muaf	36	25.1519	79.7182
Atarpur	36	25.8933	82.9213
Atrauli	24	26.7670	78.0145
Atudbhikari	35	21.9263	76.3998
Atraila	35	24.5245	82.1262
Atari Ka Purwa	35	24.8682	79.6212
Atrar	35	24.8080	79.5743
Ataniya	35	24.8525	79.6900
Ataharpar	36	25.5920	83.0511
Atithan	36	25.6264	83.1372
Atarkosa	36	25.7253	83.1506
Ataullahpur	36	25.6576	83.1709
Ataiyapura	36	26.9084	78.3843
Atapur	36	26.9793	78.5631
Atepur	36	26.9907	78.6576
Atra	35	26.0751	78.7473
Atreta	35	26.0935	78.6792
Atarsuma	35	26.4412	78.9695
Atraliya	35	22.6285	77.2521
Atampur Chhapra	36	25.6790	83.2770
Atarsua	36	25.5591	83.4146
Atiganwan	36	25.7147	83.3550
Ata	35	25.5571	78.2682
Atauli	36	25.4335	83.4216
Atarsama	35	22.3944	77.0513
Ataritapariyan	35	24.7607	79.7557
Atarra	35	24.9588	79.8966
Atai Astganj	36	25.1043	83.2561
Atbai	36	25.5752	78.7247
Atarsua Khurd	36	25.8588	83.7411
Atarsua Kalan	36	25.8565	83.7423
Athondnan	36	25.4353	78.5094
Atahtha	36	25.4980	83.7339
Ataria	36	25.4235	83.5155
Ataria	34	25.2620	83.5036
Athwa	35	21.7886	77.3195
Atari	35	21.9579	77.6763
Atraulia	34	25.1512	83.7101
Atrauna	34	25.4873	83.9867
Athwalia	34	25.1844	83.8491
Atrauli Raja	36	24.8243	83.0118
Atarba	36	24.7877	83.1411
Atkali	16	20.0165	77.0297
Atkali	16	20.7651	77.3117
Atri	35	21.7549	79.8578
Ategaon	16	21.1851	79.9201
Athbahin	34	24.9251	83.6105
Atara	34	24.8028	83.5172
Attarra	35	25.2473	78.7072
Ata	36	25.9189	78.9460
Atiyari	38	24.1769	83.5276
Atri	16	20.8633	79.7496
Athli	16	20.7519	79.8627
Ataria	36	25.6892	78.9266
Atghar	36	25.4986	80.1675
Atarhat	36	25.6576	80.4341
Ataula	38	24.2707	83.8238
Atasemar	35	23.7249	78.0118
Atari Khejra	35	23.6189	78.0294
Atta	24	27.9757	76.3675
Attapur	40	17.3686	78.4356
Atmakur	40	17.4707	79.1399
Atta	35	24.3606	78.5301
Atatila	35	24.0102	78.6636
Atkarpalli	40	19.5228	78.3482
Atarhar	35	24.6910	81.1104
Atarauli	35	24.5831	81.1885
Atthaisa	35	24.9069	81.4043
Atraila	35	24.9631	81.3904
Ataraila	35	24.9861	81.7200
Atraila	35	24.8686	81.5536
Atariya	35	24.8108	81.5247
Ataraila	35	24.7020	81.5798
Atra	35	24.7250	81.6868
Atraila	35	24.6543	81.5958
Atara	35	24.5761	81.6017
Atariya	35	24.6033	81.8127
Atasri	35	22.8308	78.2500
Ataraila	35	24.4245	81.3247
Atrari	35	24.4831	81.5008
Atraila	35	24.1395	81.6823
Athraila	35	24.1431	81.5770
Atraila	35	24.0270	81.6713
Ataria	35	22.4974	78.8813
Atarha	36	25.8756	80.8642
Atika	36	27.6893	79.3654
Athaina	36	27.6859	79.3115
Atoggapur	36	27.6054	79.3079
Ataipur Jadid	36	27.5554	79.3706
Ataipur Kohna	36	27.5549	79.3787
Ath Murdi	16	20.2857	78.6105
Atraora	35	24.5337	80.4815
Atbari	35	24.7763	80.6254
Atraora	35	24.5893	80.5052
Atra	35	24.5051	80.7428
Atrohar	35	24.5447	80.6872
Atraura	36	25.9250	82.2587
Atra	36	25.8265	82.4378
Atauli	36	25.9285	82.4539
Atraura	36	25.8848	82.6389
Atrahi	36	25.8433	82.7330
Attaria	36	25.5225	82.6077
Atavari Piparia	35	23.0700	79.4715
Atari	35	22.6130	79.4663
Athsarai	36	25.6802	81.2772
Atraila	36	25.1463	82.3799
Athgorwa	36	25.3271	82.6869
Atari	36	25.0865	82.5798
Atari	36	25.0132	82.5712
Athpera	36	25.1652	82.6817
Atraura	36	25.0808	82.6843
Atarsuia	36	25.2648	82.7516
Atesua	36	25.4157	82.9720
Ataupur	36	25.4636	82.9029
Atraura	36	25.4348	82.1194
Atkharia	36	25.2678	82.1689
Atrauli Kalan	36	25.0830	82.9561
Atrauli Khurd	36	25.0774	82.9585
Ataria	35	22.7390	79.9427
Atrezi	36	24.8623	82.0810
Atrezi	36	24.8584	82.0730
Atariya	35	24.7547	82.0408
Atariya	35	24.7517	82.0499
Atari	36	24.9989	82.5874
Atraila Raja	36	24.9590	82.2931
Atri	36	24.9326	82.3491
Atri Dakkhin	36	24.8175	82.2569
Atri Uttar	36	24.9133	82.4831
Atri Dakkhin	36	24.9128	82.4783
Ataullahpur	10	29.3564	77.0824
Atah	10	29.2514	77.1005
Atraila	36	24.8759	82.5145
Atraura	36	24.9070	82.7342
Atraura	36	24.9177	82.7046
Atari	36	24.9190	82.7515
Atraila	36	24.7729	82.8610
Atrauli Kalan	36	24.6961	82.8884
Atarba	36	24.7138	82.9274
Athauna	36	24.7041	82.9145
Atari	35	24.1097	82.0759
Atarwa	35	24.2829	82.2840
Atbal Shah Patti	36	25.1957	82.2261
Atrauli	36	26.6740	80.9921
Atmannu Khera	36	26.3057	80.7693
Atarhar	36	26.3209	80.8754
Atri	36	26.2600	80.9538
Atraura	36	25.6675	82.8694
Athain	36	29.0611	78.2118
Athain Shekh	36	29.2705	78.4631
Atwaripur	36	27.3937	81.0265
Ath Kona	36	27.6311	81.5339
Atarhari	36	27.6819	81.6260
Atrauli Karmauta	36	25.9386	83.7989
Atraul Pande	36	25.9334	83.7717
Atampur	36	25.7950	83.7807
Atauli	36	25.7569	83.7976
Athila	36	25.9037	83.8549
Athila	36	25.9112	83.8508
Atbal Singh	36	27.0585	81.7725
Ata	36	27.0419	81.7742
Athan	34	24.6069	83.7240
Atim Purwa	36	26.6583	81.2049
Atrauli	36	26.8458	81.2958
Atrauli Purwa	36	26.8475	81.2981
Atrauli	36	26.7664	81.3491
Atia	36	26.9491	81.4332
Athain Zamurraddin	36	29.2258	78.3438
Athain Ahir	36	29.2021	78.4334
Atarhar	35	24.4400	80.8844
Atarhara	35	24.2802	80.8051
Atra	36	26.4057	81.1819
Atreta	36	26.3801	81.2874
Athoria	36	26.3307	81.8548
Ataula	36	26.4774	81.9561
Atrauli	36	25.4724	81.1191
Atrauli	36	25.2674	81.0507
Atarsui	36	25.3146	81.2126
Aterna	36	28.8691	78.3979
Atrasi ki Madaiyan	36	28.8489	78.3983
Atrasi Kalan	36	28.8404	78.4039
Atrasi Khurd	36	28.8347	78.4116
Atali	36	28.8249	78.3007
Atri	36	25.1211	81.0601
Atrauli	36	27.1319	80.7691
Ataria	36	27.0544	80.8372
Ateswa	36	27.1267	80.9307
Ataria	36	27.1653	80.8627
Atraura Raisinghpur	36	27.0467	80.9584
Atwa	36	26.3089	80.3434
Ata	36	26.4702	80.4720
Athuapur	36	26.4286	80.4679
Atbalpur	36	27.2265	81.5749
Atwa	36	27.1014	81.5163
Atraulia	36	27.0750	81.5705
Atkar Pande	36	27.0489	81.7134
Athaisa	36	27.1519	81.5216
Atmaram Purwa	36	27.3904	81.9737
Ataila Mafi	36	28.7950	78.6452
Atauri	36	28.7037	78.6222
Atora	36	28.7122	78.6209
Ataura	36	28.7071	78.6235
Ataulia	36	25.8036	81.4111
Atrasi	36	28.4631	78.5859
Ata	36	28.4519	78.7394
Ataura Khurd	36	26.2430	81.1172
Ataura Buzurg	36	26.2303	81.1081
Atraura	36	26.6825	81.5001
Atmaram	36	26.7747	81.9447
Athgawan	36	26.0226	81.7694
Atanpura	36	28.7326	78.9392
Atmakur	40	18.1053	78.0431
Atarpari	36	27.7638	82.0709
Atwa	36	28.4781	78.8785
Atarpari	36	27.6605	82.2219
Athgauna	36	28.0975	78.8288
Athalyan	36	28.0123	78.9524
Atarsuiya	36	25.3536	81.4828
Atraura	36	27.0705	82.3614
Athdama	36	27.0533	82.7829
Atarmau Mafi	36	27.2104	82.8711
Atall Khan Pura	36	26.7845	82.1684
Atsan	12	33.8054	74.9677
Atarsuma Kalan	36	26.4426	82.0478
Atarsuma Khurd	36	26.4403	82.0865
Atrauli	36	26.4280	82.1877
Athaisi	36	26.2552	82.2446
Ataganj	36	26.2750	81.9997
Atarsand	36	26.0505	82.0878
Athalwa	36	26.1517	82.1807
Atria	36	25.2040	81.3550
Atraura Jham	36	26.7831	82.3347
Atwa	36	26.7512	82.4475
Atila Buzurg	36	26.9514	82.3713
Atila Khurd	36	26.9547	82.3649
Atraura	36	26.8420	82.4955
Atwa	36	26.7957	82.4776
Atwai	36	26.5393	82.4100
Atraura	36	26.5853	82.4658
Atarbedia	36	26.4719	82.2861
Ataullahpur	36	26.4962	82.3306
Ataullahpur	36	26.4505	82.3759
Atraura	36	26.4215	82.3765
Atar Dih	36	26.4358	82.3778
Atampur	36	26.4864	82.4710
At Dih	36	26.3860	82.4763
Atar Disa	36	26.2236	82.2592
Atraura	36	25.9989	83.2060
Atraura	36	26.0279	82.3897
Atroh Khas Ramanpur	36	26.9200	82.5380
Atarpari	36	26.8549	82.5798
Athdamah	36	26.7086	82.6536
Atgi	36	26.3496	82.5541
Atrauli	36	26.2958	82.6670
Athwara	36	26.4512	82.6215
Atraura	36	26.1431	82.5706
Atardiha	36	26.1356	82.6224
Athdeora	36	26.9790	82.8016
Atraulia	36	26.8453	82.9627
Ata Kalan	36	26.8506	82.9780
Ata Khurd	36	26.8559	82.9831
Atraulia	36	26.5792	82.9072
Atrari	36	25.9796	83.2575
Atraura	36	25.8215	83.4467
Atardiha	36	26.1239	82.8325
Atmaua	36	26.1533	82.8333
Ataipur	36	26.1380	82.8564
Atit Thana	36	26.1219	82.9085
Atapatti	36	26.1311	82.9543
Atapur	36	26.1101	82.9882
Athlohia	36	27.0053	83.0692
Ataganj	36	25.9867	81.5019
Atesar	36	25.8072	81.6157
Atraura	36	26.7948	83.0383
Atraulia	36	26.7581	83.0715
Atraura	36	26.6048	83.1336
Atahra	36	26.3133	83.0316
Atraith	36	26.2956	83.0270
Atisa	36	26.4676	83.2218
Atraulia	36	26.8902	83.4835
Atarsingri	36	26.6470	83.2534
Atrauli	36	26.5433	83.3696
Atraura	36	26.3607	83.3480
Atayar	36	26.4007	83.4605
Atkaiya	36	26.7822	83.5479
Ataria	36	26.6115	83.5625
Atanagar	36	25.7216	81.5187
Atardiha	36	26.5933	83.6680
Atarsui	36	25.6969	81.6811
Attanagar	36	25.7429	81.7256
Atampura	36	26.2346	83.7037
Atharha	36	26.8106	83.7749
Atraulia	36	26.7585	83.8327
Atraur	36	26.1499	83.8202
Atrauli	36	25.5736	83.5281
Atarhai	35	23.9657	80.1459
Atrahi	35	23.9767	80.2456
Ataria	35	23.4197	80.2709
Atarsuma	35	23.3624	80.3655
Ataria	35	23.4746	80.5232
Ataria	35	23.4791	80.7656
Ataria	35	23.6965	80.7922
Attar	12	33.2635	75.7659
Atharaha	35	25.1371	81.5370
Atarsuiya	35	25.0464	81.5877
Atarsuiya	35	25.0063	81.6395
Atri Samdaria	36	25.1307	81.6857
Athu	12	32.7409	75.6688
Atala	12	32.6863	75.7030
Atepur	23	32.3392	75.5710
Athotarwan	23	32.3151	75.7279
Atarsuiya	36	25.1869	81.7556
Atraila	35	25.0078	81.7851
Atralia	24	23.1686	74.5423
Attarsuma	35	22.1310	74.6403
Attarsuma	35	22.1208	74.6266
Atti	16	21.9181	74.0814
Atahra	35	22.9042	75.6355
Atauda	35	22.7680	75.5980
Athwan	35	22.3548	75.9339
Athwan	35	22.3652	75.9329
Athegaon	16	20.1640	75.0785
Atroli	09	24.2836	72.4370
Ataria	35	22.3925	80.1215
Ataria	35	22.4062	80.1208
Atri	35	22.1085	80.1131
Atari	23	31.0074	74.6780
Attaji ka Mul	24	24.7520	72.8166
Aturgaon	37	20.2015	81.4990
Atang	37	20.8915	81.7186
Atarchuha	35	22.4170	80.4801
Ataria	35	22.4682	80.5089
Atri	35	21.9770	80.0580
Ataria	35	22.3604	80.7273
Ataria	35	22.0819	80.6216
Atail	10	29.1843	76.9672
Atarchuha	35	22.3127	80.8532
Athwal	23	31.9705	75.1157
Atari	23	31.9924	75.2369
Athwal	23	31.9486	75.1935
Athwal	23	31.7177	75.1870
Atarpura	36	29.2633	77.7473
Atri Tola	35	21.5987	80.0306
Atri	35	21.5973	80.0455
Atri	16	21.5135	80.0275
Ateltola	16	21.1611	80.1946
Athwal	23	31.9107	75.3043
Attipur	23	31.7200	75.3649
Attiwal	23	31.7071	75.4000
Athaula	23	31.3136	75.4556
Ataria	35	21.5921	80.5195
Atalgarh	23	31.9428	75.6023
Atrotiadand	37	22.7856	82.1584
Atraoti	37	22.6847	82.4392
Atada	37	22.4853	82.0070
Atariapara	37	22.9671	82.7255
Atardiha	37	22.9901	82.7685
Atsalia	36	27.1511	80.5614
Atamau	36	27.0881	80.5694
Atwa	36	27.1173	80.7318
Atwa	36	27.1053	80.7119
Atari	36	27.0500	80.7354
Atwa	36	27.0211	80.6787
Ater	36	27.0210	80.6420
Ataria	36	27.0658	80.6290
Atwabari	36	27.0669	80.6026
Atkohna	36	27.9330	80.8966
Atraula	36	27.7197	80.9701
Athanli	23	31.2282	75.7208
Atalgarh	23	31.4809	75.9011
Atowal	23	31.4603	75.8707
Atari	23	31.2488	75.9947
Ati	23	31.0872	75.8104
Athlog	11	32.7495	76.2465
Aterna	11	32.6812	76.0247
Ather	11	32.5388	76.1194
Atrala	11	32.4778	76.2045
Atwali	11	32.4260	76.0393
Atra	37	20.9237	80.5575
Atma	24	25.1598	73.7606
Atatiya	24	25.0153	73.7518
Atargaon	37	20.9615	80.7792
Athiari	11	32.5621	76.2522
Atra	37	20.8293	80.8195
Atargaon	37	20.7649	80.8085
Ataria	35	22.8176	81.0774
Ataria	35	22.7821	81.1488
Atariatola	35	22.8043	81.3242
Ataria	35	22.7985	81.3303
Ataria	35	22.9506	81.3367
Ataria	35	22.9292	81.3495
Atrori	11	32.4158	76.3731
Ataria	37	22.0593	81.4588
Atwatmau	36	27.0118	81.1919
Atwa	36	27.0197	81.2492
Atitmand	24	26.0285	74.3277
Atar	23	31.0443	76.2006
Atari	23	31.1378	76.5879
Atewali	23	30.6419	76.4176
Atapur	23	30.5337	76.3658
Attimurd	19	14.4858	74.7902
Attisal	19	14.2771	74.9560
Atarai	35	24.2286	79.9721
Atmapur	36	30.0438	77.6167
Atohan	10	28.0936	77.3476
Aterna	10	28.2284	77.4073
Attigaru	19	14.1605	74.8320
Attigodu	19	14.1502	74.7705
Atseni	36	28.7823	78.0431
Atrauli	36	28.2314	78.0368
Aterna	36	28.1985	78.0193
Ataria	36	28.9042	78.8764
Atabira	21	21.7979	83.5914
Ataikhera	35	23.7499	76.7127
Atai Khera	35	23.9643	76.6411
Atraura	36	27.3461	81.3328
Atahri	36	27.2879	81.3771
Ataundar	36	27.4275	81.4134
Athaura	36	26.1466	81.3456
Atulabad	36	26.0041	81.4038
Athartharia	36	26.0369	81.3939
Atawan	36	26.1149	81.4905
Atanagar	36	26.0342	81.4578
Ataganj Usri	36	26.0276	81.4908
Atrauli	36	26.9927	81.5915
Atwa	36	26.7855	81.5509
Atarsuia	36	26.9544	81.6437
Atrauna	36	26.4335	81.6571
Atrauli	36	26.3325	81.7216
Atanagar	36	26.1589	81.6478
Atuguda	02	18.2631	82.7526
Attaguda	02	18.2756	82.9290
Atapaka	02	16.5629	81.2327
Atlapadu	02	16.8877	81.6772
Atikavanipalem	02	17.4298	82.5377
Atarsua	34	26.2223	84.3804
Atarsan	34	26.0205	84.4673
Atdila	34	26.0178	84.4964
Atukuru	40	16.9570	80.3792
Atanguda	21	19.8696	83.1513
Ataraguda	37	19.2846	82.0077
Attalaguda	21	18.6177	82.1570
Attalguda	21	18.5226	82.2269
Atalguda	21	18.4241	82.0988
Attruguda	21	18.8390	82.3647
Atlapragada	02	16.9721	80.6456
Attalguda	21	18.5894	82.2529
Attalguda	21	18.6005	82.3567
Atguda	21	18.6841	82.4983
Attiguda	21	18.6822	82.5002
Atukuru	02	16.6754	80.5957
Atmakuru	02	16.4288	80.5896
Attota	02	16.2914	80.6809
Attalurivaripalem	02	16.3723	80.7100
Atamipara	37	18.4938	81.3071
Attiguda	21	18.8402	83.3346
Atapal	37	18.5088	81.5065
Atmaramuni Agraharam	02	18.1389	83.4987
Attada	02	18.0688	83.3115
Attali	02	18.6154	83.7063
Attapeta	02	18.5028	83.9462
Atava	02	17.9978	83.1040
Attupakkam	25	13.3170	80.0253
Attivakkam	25	13.2715	80.0638
Attippedu	25	13.2759	80.1521
Atturkandigai	25	13.2561	80.1396
Attuppakkam	25	13.4317	80.1478
Atreyamangalam	25	13.3110	80.2094
Attupakkam	25	13.2604	80.1992
Attamananjeri	25	13.3481	80.2715
Atpa	34	25.1726	84.2655
Atimiganj	34	25.0600	84.3620
Atimi	34	25.0768	84.3632
Atralya	35	23.6581	76.7154
Ataralia	35	23.8766	76.9700
Atarsumba	24	23.7998	73.5590
Athu	39	30.0651	79.6136
Atatola	34	25.4676	84.5097
Atatia	24	25.3664	73.5560
Atawa	35	22.1777	74.2887
Atta	35	22.0673	74.2513
Atreta	24	24.1923	73.1753
Athpa	34	25.2372	84.5229
Atharbani	39	29.6077	79.6550
Ata Bichhla	39	29.4939	79.5227
Ata	34	25.9449	84.8414
Atgad	39	29.4102	79.6795
Atawara	24	25.3424	74.1842
Atardiha Sadasi Rai	36	26.7305	84.0704
Atwa	34	26.2404	84.2050
Ati	39	29.5567	79.9370
Atkanyan	39	29.4720	79.8309
Atgar	39	29.2026	79.8036
Atanagar	36	28.1541	79.2359
Ata Patti Shimali	36	28.5544	79.4604
Ata Patti Janubi	36	28.5520	79.4598
Ata Kaithan	36	28.4473	79.4132
Ataganj	36	28.1512	79.2815
Atohar	36	28.0673	79.4268
Atsaina	36	28.0168	79.4415
Atarsumba	09	23.9853	73.2224
Atud	35	22.1155	76.2745
Athith	34	26.1564	84.7776
Atanagar	34	26.0438	84.8076
Atar Sambha	35	21.9259	74.8216
Atala	16	21.0480	74.9935
Atanga Ogi	36	28.5900	79.5627
Ataria	36	28.6294	79.5849
Athain	36	28.2815	79.6819
Athana	36	28.2881	79.6800
Athkona	36	28.2880	79.7163
Atanga Chandpur	36	28.5050	79.7543
Athkonan	36	28.5342	79.8878
Athkona	36	28.3886	79.7793
Ataulah	34	25.2235	84.7880
Athar	34	25.4482	84.1772
Atmi	34	25.4002	84.1804
Atardaria	36	25.8415	84.3520
Atrauli	34	24.9095	84.3836
Atralia	35	22.9772	76.5607
Atwas	35	22.5362	76.7078
Atli Bigha	34	24.6857	84.5528
Atopur	34	24.6444	84.7229
Atwahitoli	38	24.0466	84.6851
Atraiya	36	25.7615	80.2378
Atradi	19	13.3530	74.8343
Atradi	19	13.1671	74.8405
Atikaribettu	19	13.1039	74.8079
Attur	19	13.0397	74.8270
Attavara	19	12.8604	74.8483
Attigeri	19	15.1051	75.3340
Attikatti	19	15.2716	75.6521
Attangi	19	14.8405	75.0023
Attikatti	19	14.6183	75.2784
Attiraladinne	02	14.9876	77.8584
Atmakuru	02	14.5286	77.8404
Attikuntepalya	19	13.2524	77.3461
Attiganahalli	19	13.5936	77.7249
Attibele	19	13.2842	77.7175
Attur	19	13.1075	77.5639
Ativatta	19	13.0865	77.8522
Attibele	19	13.1694	77.7953
Attur	19	13.1002	77.8586
Attigere	19	14.3223	75.9921
Attigar	19	13.9907	75.0964
Attisara	19	13.5158	75.2279
Attirijal	19	13.0779	75.1670
Attigadde	19	13.7838	75.3510
Attimare	19	13.4613	75.2656
Attimattu	19	13.4682	75.3205
Attikodagi	19	13.3185	75.3450
Athuru	19	13.0007	75.4672
Attgere	19	13.1273	75.5324
Attigatta	19	13.8750	75.9986
Attigonda	19	13.8952	75.7609
Attiganalu	19	13.6928	75.8073
Attimage	19	13.7301	75.9925
Attaja	19	12.8212	75.2520
Atarua	34	25.5503	85.9566
Atiya	34	24.6336	84.9991
Atia	38	24.0253	85.3282
Atuatola	34	24.9160	85.5570
Athar Got	34	26.0802	86.0500
Athar Dih	34	26.0742	86.0521
Athar	34	26.0392	86.0590
Attigatta	19	13.9283	76.0762
Attihalli	19	13.0502	76.0717
Attavara	19	13.1021	76.2438
Attigatta	19	13.7690	76.3305
Attimagi	19	13.8303	76.3832
Atiyadam	22	12.0414	75.2825
Athar	34	25.9594	86.1569
Atapur	34	25.7542	86.2087
Attihalli	19	12.7636	75.7281
Atmakur	40	18.7727	79.1264
Attni	19	12.8087	76.0976
Attnikoppal	19	12.8016	76.0989
Attigod	19	12.4883	76.1487
Attikuppe	19	12.3310	76.2073
Attuppe	19	12.5558	76.5133
Attuppekoppal	19	12.5519	76.5138
Attkuppe	19	12.5500	76.6886
Attihalli	19	12.9647	76.4769
Attahalli	19	12.3233	76.8794
Attikalgundu	02	15.4685	77.4194
Attekal	02	15.4908	77.4511
Attiganhalli	19	12.8133	75.8072
Atlakha	34	25.7330	86.8036
Attadappa	13	11.8636	75.4352
Atalvada	09	23.2683	73.7070
Atwa	36	27.3744	80.5967
Atama	35	22.4732	79.3070
Attancheri	13	11.8950	75.7708
Attiyode	13	11.5255	75.8440
Athirssheri	13	10.9728	75.9567
Athalur	13	10.8329	75.9780
Attivad	19	15.9438	74.4320
Atora	36	26.0400	79.0564
Ata	36	26.0570	79.1511
Atagaon	36	26.2385	79.1981
Atrauli	36	26.2069	79.0325
Atreti	36	26.2247	79.0236
Atia	36	26.8769	79.3364
Atsu	36	26.5886	79.3513
Atta	36	26.5502	79.4875
Atmakur	40	18.0712	79.7360
Atturu	19	12.1987	75.9305
Atimarad	19	12.5833	75.6868
Atre	19	14.9187	74.2645
Atadbail	19	14.8978	74.6172
Attisal	19	14.8333	74.6675
Atatmane	19	14.6195	74.6770
Atiyal	19	14.4351	74.6315
Attodi	19	13.9418	74.6652
Atraulibanwari	34	24.6225	84.3557
Atraulidhan	34	24.6261	84.3536
At	34	24.6457	84.4918
Athania	34	25.3381	87.0142
Athpahara	34	25.0571	87.1412
Athgawan	34	25.2444	87.1839
Athania Diara	34	25.3530	87.4682
Ataullahpur	34	25.8489	85.1703
Atarpura	34	25.3580	85.0995
Atapur	34	25.3061	85.1651
Athara	34	25.5237	87.7396
Atanagar	28	25.9008	87.9565
Atiawan	34	25.2066	85.1506
Ata Sarai	34	25.1464	85.1943
Atnadih	28	24.1085	87.5904
Aturia	28	24.1588	87.6057
Atagali	38	24.5746	87.8635
Atiapara	38	24.4560	87.7661
Attala	28	24.2772	87.8764
Atgram	28	24.2803	87.8618
Athua	28	24.3441	87.9835
Athi	28	24.2052	87.8181
Atai	28	24.0772	87.9986
Atkulia	28	24.2270	87.9808
Atghoria	28	24.0166	87.9402
Atla	28	24.1114	87.7750
Atar Samba	35	21.9317	75.1756
Atwal Bigha	34	25.2675	85.3672
Atram Chak	34	25.2983	85.4692
Atbal Bigha	34	25.2733	85.4274
Atram Chak	34	25.2202	85.2806
Atma	34	25.1314	85.3163
At	34	25.1947	85.4053
Atnawan	34	25.3913	85.7271
Atraval	16	21.1636	75.7385
Atalgavhan	16	20.5965	75.5267
Atmakuru	02	16.4270	79.5019
Atali	39	29.1810	80.1189
Atahar Purwa	36	27.8702	80.1044
Atwa	36	27.7377	80.0866
Athraha	36	27.5517	80.1322
Atmadnagar	36	27.6865	80.1893
Atwa	36	27.4809	80.0631
Atwa	36	27.3768	80.2493
Atwa Purwa	36	27.2140	80.0934
Atwa Ali Mardanpur	36	27.1310	80.2319
Atwa	36	27.2282	80.1201
Atmanagar	36	27.8854	80.3909
Athwa	09	21.1730	72.7935
Atagollahalli	19	13.5916	77.9306
Attiganhalli	19	13.2911	77.9022
Atturu	19	13.3164	77.9303
Athagur	19	12.6613	77.0683
Atvanhalli	19	12.3982	77.1204
Attimagere	19	12.8706	77.2791
Attihalli	19	12.5044	77.3288
Attappanadoddi	19	12.4297	77.4283
Attiguppe	19	12.6778	77.5286
Atchampeta	02	15.7017	78.9402
Atchampeta	02	15.5413	78.9502
Atiavaripalle	02	14.1191	78.9567
Attavalpalle	02	13.3998	78.4048
Attikunte	19	13.1314	78.3692
Atlavaripalle	02	13.4611	78.6339
Attisandiram	25	12.8239	77.8958
Attur	25	12.8037	77.9068
Attimugam	25	12.7536	77.9752
Attatti	25	12.7683	77.9650
Attur	25	12.7467	77.9131
Attikkottai	25	12.4899	77.8111
Attimutlu	25	12.4056	77.9757
Athimarathuhalli	25	12.0042	77.8844
Atturnahalli	25	12.3516	78.0597
Attiguttappatti	25	12.3366	78.1574
Attanur	25	12.2860	78.1600
Attichinnanahalli	25	12.1330	78.0009
Attukkaranahalli	25	12.1565	78.1151
Athinattam	02	12.8364	78.2613
Attikuppam	02	12.8845	78.4798
Attiganur	25	12.4093	78.3758
Attippallam	25	12.3654	78.4450
Ativiriyampatti	25	12.2947	78.4692
Attur	25	12.0416	78.3417
Atturkuppam	25	12.5999	78.5423
Athiparamanur	25	12.5907	78.5268
Attanayur	25	12.5857	78.6301
Attur	25	12.5150	78.5400
Attikuppam	25	12.4551	78.6187
Attikuppam	25	12.7530	78.8683
Attipattu	25	12.5686	78.8903
Attiyanur	25	12.5285	78.8962
Attippadi	25	12.2058	78.6589
Attanur	25	12.0757	78.7254
Attinathain	25	12.2994	77.6483
Atidenavaripalle	02	14.4801	78.6798
Atakaravaripalle	02	15.6545	79.0197
Atchampalle	02	15.4111	79.0019
Atchammapalle	02	15.1058	79.5683
Attavaripalle	02	15.2697	79.4314
Atmakuru	02	15.1788	79.9790
Atluru	02	14.5583	79.0545
Attigaripalli	02	14.2782	79.2316
Atchampalli	02	14.3165	79.0873
Atterala	02	14.2448	79.1688
Atterala	02	14.2292	79.1682
Attalurivaripalli	02	13.7209	79.0640
Attavaripalli	02	13.3732	79.1870
Attimanipalli	02	13.3499	79.2148
Athmakuru	02	13.1893	79.2142
Attinjeri	25	13.2630	79.4230
Atturu	02	13.5836	79.5273
Atturu	02	13.3363	79.7271
Attur	25	13.0480	79.6977
Attivaram	02	13.9231	79.7805
Atchukattukhandrika	02	13.7703	79.9151
Attalapalem	02	13.9152	79.9487
Attipattu	25	13.1712	79.7754
Attupakkam	25	13.1261	79.8435
Attirambakkam	25	13.2320	79.8871
Attimur	25	12.5413	79.0817
Attuvampadi	25	12.5988	79.1222
Attimalaippattu	25	12.7240	79.1830
Atturai	25	12.4702	79.2443
Attiyandal	25	12.2295	79.0253
Attipadi	25	12.0872	79.0285
Attiyandal	25	12.0445	79.0707
Attippakkam	25	12.0197	79.1558
Athithangal	25	12.8258	79.3574
Attipattu	25	12.8836	79.4606
Athiyanam	25	12.7347	79.3897
Attipattu	25	12.2763	79.2803
Attiyandal	25	12.3034	79.3222
Attiyur	25	12.1661	79.3981
Attiyurtirukkai	25	12.0458	79.3710
Attuppakkam	25	12.9969	79.6631
Attiyurmeltuli	25	12.5503	79.7444
Atti	25	12.6541	79.6104
Attippakkam	25	12.3524	79.5649
Attipakkam	25	12.4709	79.6009
Attikuppam	25	12.0775	79.5778
Attur	25	12.2249	79.6838
Attuputtur	25	12.8918	79.7861
Attivakkam	25	12.8873	79.8255
Attimanam	25	12.5821	79.9241
Attiyur	25	12.6826	79.9283
Attivakkam	25	12.4256	79.7988
Attur	25	12.3471	79.7968
Attupattukottaipanji	25	12.3449	79.8349
Attivakkam	25	12.4661	79.9493
Athara Vayal	13	11.9244	76.0299
Athanda	13	11.8884	76.0475
Athirath	13	11.7321	76.1600
Aticchalati	13	11.6691	76.1682
Attambayil	13	11.5991	76.1717
Attipali	25	11.5204	76.4851
Attikonnu	25	11.5942	76.3812
Aticchalati	13	11.6630	76.3076
Attikunnu	25	11.5023	76.3567
Attubail	25	11.3293	76.6235
Attikkallu	25	11.4713	76.6677
Attuvani	25	11.4586	76.7424
Attavalai	25	11.4205	76.8332
Attikadavu	25	11.2124	76.7562
Attipalaiyam	25	11.1291	76.9810
Attippatta	13	10.9072	76.1075
Attasseri	13	10.9353	76.3748
Attur	13	10.7010	76.2885
Attipotta	13	10.6666	76.4824
Attupuram	13	10.1816	76.3031
Attupuram	13	10.1720	76.2593
Attayampathi	13	10.6110	76.7865
Attuppollachi	25	10.6491	76.9196
Attikatti	25	10.4440	76.9854
Attangal	13	9.5302	76.7867
Athiringal	13	9.1533	76.8777
Atturkonam	13	8.8560	76.8004
Attipara	13	8.5495	76.8757
Attavanaichemmilanjanpatti	25	11.2454	77.0430
Attuppalaiyam	25	11.0858	77.1896
Attaooakavundanpudur	25	11.0320	77.0747
Attapallam	13	10.7988	76.7928
Attikod	13	10.7526	76.8167
Attuvasseri	13	9.0564	76.7255
Attakavundanpalaiyam	19	11.8197	77.2513
Attiyur	25	11.5990	77.2960
Attiyurpudur	25	11.6084	77.2999
Attalyankattupalaiyam	25	11.3744	77.3197
Attutalaiyampalaiyam	25	11.3226	77.4803
Attappakavundanpalaiyam	25	11.2966	77.4067
Attaiyampalaiyam	25	11.1879	77.2558
Attikadu	25	11.2339	77.3735
Athiyur	25	11.2384	77.3975
Attuppalaiyam	25	11.1553	77.3231
Attayampalaiyam	25	11.0809	77.2704
Attimalai	25	11.7729	77.5101
Attampalaiyam	25	11.5765	77.5812
Attireddiyur	25	11.6017	77.6100
Attavanaippudur	25	11.5897	77.6616
Attakkalanur	25	11.5868	77.7200
Attimarattur	25	11.5586	77.5628
Attayampalaiyam	25	11.3586	77.6399
Attandikkavundanom	25	11.2712	77.5065
Athaiyampalaiyam	25	11.3067	77.6727
Attippalaiyam	25	11.0366	77.7179
Attirampatti	25	11.7476	77.9584
Attikattanur	25	11.6846	77.9935
Attavana Talaiyur	25	11.5370	77.9550
Attukkaranhalli	25	11.9018	77.9537
Attukkaranur	25	11.8960	77.9610
Attimarattur	25	11.7992	77.9845
Attimarappatti	25	11.3952	77.9904
Attipalaiyam	25	11.3434	77.8982
Attipalaiyam	25	11.2964	77.8701
Attikkattuvalasu	25	11.1872	77.7632
Attukaranpudur	25	11.1498	77.8722
Attappampalaiyam	25	11.1334	77.7755
Attuppalaiyam	25	11.0246	77.8234
Attiyappakkavundanpalaiyam	25	11.0045	77.8873
Attippalaiyam	25	11.0193	77.8999
Attimarattuppalaiyam	25	10.7531	77.4122
Attukkinattuppatti	25	10.7137	77.3044
Attimarattuvalasu	25	10.6196	77.4477
Attippatu	25	11.5730	79.4988
Attiyadikuppam	25	11.6953	79.4857
Attukurichchi	25	11.4085	79.3562
Attiyur	25	11.0410	79.3778
Attaneri	25	11.1453	79.3652
Attippakkam	25	11.1213	79.4972
Attikkulam	25	10.8943	79.4379
Attikkadai	25	10.8656	79.4781
Attikkottai	25	10.6264	79.4049
Attikkottai	25	10.4489	79.3419
Attivetti	25	10.4224	79.4230
Attur	25	10.7376	79.7078
Attikkadai	25	10.7488	79.5061
Attur	25	10.8115	79.2039
Attangaraippatti	25	10.6126	79.1404
Atticholamangalam	25	10.7908	79.5273
Attippuliyur	25	10.7585	79.7018
Attippadi	22	10.9038	79.8002
Atharganda	21	20.2097	84.9332
Ata	38	23.2512	85.1362
Athpahrutoli	38	23.2789	85.4394
Atna	38	23.7357	85.5848
Atmaramtanrtoli	38	23.7666	85.8825
Atna	28	23.1578	85.9206
Atargram	38	23.0628	85.9183
Atampur	38	24.0957	84.8392
Atariatola	38	24.2245	84.9481
Athsaiya	34	25.4002	86.6131
Atikheta	38	23.7770	84.3343
Ataria	38	23.1316	84.6327
Atakora	38	23.0469	84.6226
Atakora	38	23.2182	84.8073
Attangaraippatti	25	9.6413	77.5987
Attipatti	25	9.4900	77.6460
Attikkulam Sengulam	25	9.4903	77.6468
Attikulamsankudi	25	9.4885	77.6479
Attippatti	25	9.1725	77.6855
Attalanallur	25	8.7205	77.4920
Attur	25	8.4173	77.2779
Attunkaravur	25	8.1448	77.3154
Attikattuvilakudiyiruppu	25	8.1142	77.4285
Attakulamcheri	25	8.2112	77.4080
Attikulamcheri	25	8.2009	77.4720
Attikkulam	25	8.9448	77.7497
Attur	25	10.9882	78.0343
Attukkaranpatti	25	10.6577	78.0119
Attikkulattuppatti	25	10.6380	78.2321
Attimarattuppatti	25	10.4052	78.0134
Attippatti	25	10.2476	78.2227
Attalappatti	25	10.9805	78.4383
Attuppatti	25	10.7193	78.2669
Attuppatti	25	10.7347	78.3155
Attuppatti	25	10.3841	78.3850
Attampalaiyam	25	10.9530	77.6597
Attikkattuvalasu	25	10.9201	77.5170
Attur	25	10.6338	77.6000
Attur	25	10.5095	77.7424
Attukkulam	25	10.0048	78.3556
Attappatti	25	10.0872	78.3907
Attappakavundanur	25	10.4997	77.7278
Attani	25	10.8922	78.6978
Attipallam	25	10.6121	78.5147
Attuppatti	25	10.5939	78.5894
Attukkaranpatti	25	10.6763	78.7011
Attur	25	10.2820	78.6453
Attirampatti	25	10.2384	78.6230
Attangudi	25	10.1677	78.7238
Attangudi	25	10.1403	78.6648
Atikaram	25	10.0927	78.6413
Attirivayal	25	10.5427	78.7925
Attangudi	25	10.3452	78.8037
Attangaraippatti	25	10.2974	78.8660
Attani	25	10.1921	78.9441
Attani	25	10.1228	78.9579
Attikkulam	25	9.9528	78.1347
Attikkulam	25	9.6042	78.1295
Attippatti	25	9.3656	78.0254
Attangari	25	9.1835	78.1226
Attapatti	25	9.9960	78.3891
Athinipatti	25	9.9822	78.4559
Attur	25	9.8358	78.4394
Attikulam	25	9.6552	78.3133
Attikkulam	25	9.3760	78.4740
Attappallam	25	9.9619	78.9065
Attur	25	9.8151	78.8722
Attanivayal	25	9.7874	78.9221
Attur	25	9.6707	78.9113
Attanur	25	9.6023	78.8756
Attangudi	25	9.5525	78.8128
Attukudiyiruppu Sanarkudi	25	8.3836	77.7511
Attukurichi	25	8.2706	77.7519
Attur	25	8.6224	78.0699
Attapponavalasu	25	10.9860	77.7610
Attikkattur	25	10.9865	77.8352
Attupalaiyam	25	10.9696	77.8417
Attikkattupudur	25	10.9767	77.8681
Attippakkam	25	11.8338	79.2154
Attur	25	10.6893	77.9697
Attikkattupudur	25	10.6637	77.7757
Attappanpatti	25	10.6058	77.8045
Attiyur	25	11.3859	79.0835
Attikkombai	25	10.4916	77.7695
Attuppatti	25	10.4764	77.9501
Attuppatti	25	10.3094	77.8883
Attur	25	10.2876	77.8520
Attur	25	11.0957	79.0570
Attur	25	11.1705	79.1708
Attippattu	25	11.8222	79.3998
Attandamarudur	25	11.9384	79.2529
Attur	25	11.8009	79.3025
Attiyur	25	11.8801	79.4505
Attippattu	25	11.3377	79.6693
Attiyur	25	11.2575	79.7039
Attur	25	11.1737	79.5777
Attukkudi	25	11.1682	79.7093
Atchutharayapuram	25	11.1057	79.6822
Attur	25	11.0130	79.6915
Attangaraippatti	25	9.8862	77.4964
Attuppatti	25	9.8876	77.4990
Attuvali	25	9.2650	77.4114
Attangaraipatti	25	9.8516	77.7051
Attiyur	25	11.8021	78.2221
Atur	25	11.8574	78.1406
Attangaraividudi	25	10.4681	79.0784
Attalur	25	10.2930	79.2159
Attayyampatti	25	11.5687	78.1477
Attanurpudur	25	11.5005	78.1403
Attappampatti	25	11.4820	78.0248
Attappampalaiyam	25	11.3269	78.0029
Attanurpatti	25	11.6896	78.4093
Attuvalavu	25	11.7729	78.5465
Attaripatti	25	11.7598	78.6378
Attimarattuvalavu	25	11.7947	78.6427
Attippadi	25	11.8592	78.7381
Attavanaikottampadi	25	11.6267	78.5407
Attikkuli	25	11.9633	78.7841
Attiyur	25	11.9332	78.9835
Atra	38	22.9183	85.6032
Atra	38	22.9271	85.6105
Atodih	38	22.5654	85.9557
Atopur	21	21.6271	85.5912
Atanda	21	20.4176	85.2064
Atari	34	24.9378	85.8076
Atari	34	24.9072	85.7511
Atraha	34	25.8465	86.2659
Atki	38	24.0526	86.0944
Atigoba	21	20.3998	84.2195
Atasrambu	21	20.4005	84.0391
Atreyapuram	02	16.8340	81.7933
Athibung	20	25.5444	93.6183
Atoizu	20	26.0720	94.4845
Ataria	35	22.5825	81.0613
Attiganahalli	19	13.5959	77.7615
Attippalaiyam	25	10.9847	77.7550