Aurangabad	16	19.8776	75.3423
Aurangabad	34	24.7520	84.3742
Auraiya	36	26.4652	79.5092
Ausa	16	18.2473	76.4993
Aurad	19	18.2540	77.4176
Aurangabad Cantonment	16	19.8761	75.2916
Auhammadpur Majri	07	28.7292	77.0383
Auras	36	26.9141	80.5079
Audhan	16	20.8481	74.7661
Aur	23	31.0684	76.0024
Auroville	25	12.0055	79.8089
Auwa	24	25.6276	73.6378
Autgaon	21	20.6350	83.5265
Austinabad	01	11.6333	92.7500
Ausgram	28	23.5176	87.6661
Ausari Budrukh	16	18.9637	74.0053
Aurwad	19	16.3210	75.1176
Aure	16	18.8294	72.9948
Aurangabad Saiyid	36	28.5022	77.9586
Aurangabad	10	28.0282	77.3296
Aurangabad	36	27.7771	80.3512
Aurad Shahjahani	16	18.0566	76.9276
Aurad	19	17.4457	76.8932
Aunrai	36	25.2651	82.5613
Auniati Sattra	03	26.9000	94.0833
Aundi	36	25.7999	83.9798
Aundhi	37	20.2364	80.4651
Aundh	16	17.5407	74.3342
Aundah	16	19.5411	77.0416
Aulia	35	21.8981	76.9775
Auldan	36	25.3888	79.0178
Aul	21	20.6866	86.6481
Aujari	03	26.2363	92.2910
Au	24	27.1993	72.8506
Ausbaria	28	22.2755	88.1626
Aunliwala	39	30.3494	77.8277
Aurangabad	36	30.0969	77.7580
Aurangabad	36	29.6440	77.3645
Austmapur	40	17.5878	78.8461
Aujhan	23	30.1478	76.5918
Aujlan	10	30.2497	76.7978
Audho Nagla	36	27.9459	79.4732
Aulhath Nagla	36	27.9125	79.4020
Aurangabad	36	27.6575	79.6161
Aureni	36	27.2384	79.8939
Aurekhi	36	26.1841	79.2976
Aunta	36	26.0762	79.4774
Aurangpur Gahdewa	36	26.7082	79.9712
Aurangabad	36	26.5963	79.9684
Aujhan	36	26.5992	79.9111
Auli Laga Salude	39	30.5336	79.5688
Aurangabad	39	29.9843	78.0063
Augand	10	29.6702	76.8057
Auchandi	07	28.8203	76.9962
Aut	11	31.7437	77.2089
Autanwali	23	29.9615	75.2796
Aukal	11	31.4507	77.0386
Auli	11	31.4239	77.0127
Aur	11	31.3067	77.3973
Aulakh	23	30.2793	74.5134
Aud	11	31.1325	77.3267
Auli	11	30.8770	77.2078
Aurangabad	10	30.1007	77.2371
Aunu	11	30.7404	77.3226
Aunliwala	11	30.5529	77.3056
Aunta	11	30.7306	77.3465
Augarpur	36	30.1296	77.4972
Aurangzebpur	36	30.0519	77.4991
Augiyala	11	30.5010	77.6013
Auliyali	11	30.6452	77.6243
Auri	39	30.7005	77.7446
Audila	24	27.6182	76.8594
Auli	39	30.7264	77.8900
Aurangpur Haji	36	29.3667	78.1637
Aurangpur Tara	36	29.4180	78.1873
Aurangnagar Rardhana	36	29.2332	77.6118
Aulakh	23	30.6482	74.9147
Auhera	24	24.4129	73.4647
Aurangabad	10	28.9389	77.1380
Aulia Masjid	07	28.5120	77.1797
Aurangabad Ristal	36	28.7594	77.3650
Aurang Shahpur	36	28.9823	77.6678
Aurang Shahpur	36	28.9651	77.7398
Aurangabad	36	28.5423	77.7303
Aurangpur	36	28.3489	77.5118
Aurangnagar	10	29.0109	75.9825
Aulant	10	28.2683	76.4665
Authgaon	39	30.6943	79.5160
Aurangabad	36	28.4496	79.1014
Audam	40	18.9542	79.6107
Aurangabad	36	28.1155	77.6747
Aurangabad	36	28.8090	77.8929
Auleda	36	28.5281	77.7769
Aurangabad Majra	36	28.5054	77.9683
Aurkachha	35	26.2521	77.8543
Ausgaon	16	18.6243	76.1890
Aurangpur	16	18.9846	76.3500
Aundhan	24	27.7043	77.2172
Audhuta	36	27.6963	77.6364
Aurangabad	36	27.4427	77.7055
Auj	16	17.5385	76.0270
Auranga	36	28.1521	77.7921
Auradi	19	17.2115	76.5093
Aurad	19	17.1463	76.7298
Aundah	16	17.9452	76.7966
Aulendha	36	27.0303	77.6205
Aurabhata	37	22.4573	82.2952
Aunrai	37	22.2067	82.8305
Aurasi	37	21.5507	82.0618
Aunri	37	20.9742	81.0820
Aunratola	37	20.5041	81.0890
Aunrabhal	37	20.7099	81.2042
Aundhi	37	21.1801	81.4687
Auri	37	21.1511	81.4814
Auri	37	21.1688	81.4813
Aurangpura	16	18.8812	77.2006
Aural	16	18.8747	77.3255
Aural	16	18.5685	77.4830
Aurala	16	18.8663	77.6074
Audhatpur	40	18.0565	77.5625
Aunkarpur	36	27.2781	78.2095
Auranganagar	40	17.6170	77.4682
Aurangpur	16	20.6022	78.8991
Aurangnagar	40	17.8013	77.8183
Aurangabad	36	27.2375	78.6289
Aurangabad	36	27.0631	78.6240
Aurangabad	36	27.9947	78.7812
Aurangabad	36	27.9499	78.1853
Aurangabad	36	27.8801	78.0932
Aurenmandan	36	27.2266	78.9801
Aurangabad	36	27.0850	78.8409
Augan	36	27.3477	77.8083
Aun	36	27.6131	78.7933
Autarsingh ka Pura	35	26.6380	78.4751
Aurangabad	36	27.6128	79.1119
Aurandh	36	27.3385	79.1272
Aunriya	35	21.9803	79.3483
Aundhi	16	21.1631	79.2634
Autha	10	27.9005	77.1542
Aunrai	36	27.1226	79.6238
Auhadpur	36	27.4039	79.8127
Auhadpur	36	27.3895	79.8572
Auliapur	36	27.4222	79.8447
Auhadpur	36	27.4365	79.9204
Auranga Berkheri	35	24.8421	77.5329
Augrhana	35	24.2508	77.5983
Aurwani	40	17.1315	79.1588
Aundhakhera	36	27.9535	78.4829
Auchada	36	27.6514	78.3496
Auton	36	26.6803	79.5353
Aurangabad Jhara	36	26.5299	79.6781
Aurun Tahirpur	36	26.7854	79.9956
Ausir	36	26.8050	79.7955
Aunderi	36	26.3388	79.7685
Aunguri	36	26.2622	79.7847
Aurangabad	36	27.3194	78.7266
Aunta	36	25.6365	79.6289
Aunrakhera	36	25.6211	79.7265
Aunrera	36	25.5555	79.5590
Ausan ka Pura	36	25.6545	82.1368
Auriya	35	21.8394	76.0065
Auliyavithal	35	21.8647	76.2127
Auliya	35	21.7581	76.1890
Aurangabad	36	25.9190	82.8400
Auni	36	25.7340	83.1406
Aunrihar Khurd	36	25.5454	83.1977
Aunrihar	36	25.5426	83.1883
Aunrihar Khurd	36	25.5381	83.1904
Aundh	36	26.9200	78.2885
Auri	36	26.8757	78.4736
Audhipur	36	25.4393	83.1141
Auria Nisf	36	25.1648	83.0568
Auinawan	36	25.1681	83.1253
Aunrari	36	25.1552	83.2411
Audar	36	25.7067	83.4002
Audhari	36	25.7246	83.4674
Aurangpur	16	20.8154	76.3143
Aundha Buzurg	16	20.8577	76.4998
Aunraiapatti Gulab	36	25.3107	83.4246
Aunraia	36	25.2116	83.3355
Auraiya	34	25.1335	83.3980
Aunkhara	34	25.0533	83.4861
Aurangpur	16	20.8221	77.5365
Aunrakol	36	25.8480	83.7223
Aurangpur	16	20.6075	77.5329
Auraiya	34	25.1268	83.7321
Auraiya Dei	34	25.1239	83.5552
Auraiya Dewa	34	25.1216	83.5598
Ausan	34	25.0070	83.5732
Autahi	36	25.6186	83.8565
Auraiyan	34	25.0200	83.8550
Aurahi	36	24.7596	83.1360
Aurahi	36	24.7651	83.1234
Aurangpur	16	21.1014	77.4099
Aurahwa	36	24.4529	83.2043
Auradandi	36	24.4332	83.1382
Auradandi	36	24.3335	83.2243
Aurchwa	36	24.1506	83.0432
Aurwatand	36	24.8704	83.3410
Auranhiya	36	24.5790	83.2615
Aupara	36	25.5536	78.8492
Aunra Nisfi	36	25.9503	80.3315
Aurad	19	16.9716	76.7615
Auraiya	38	24.2551	83.8000
Auraspalli	40	16.4274	78.3100
Ausalkunta	40	16.2771	78.4897
Augasi	36	25.6785	80.7303
Autapuram	40	17.6046	79.5713
Au	36	25.3232	80.5936
Auren Parariya	36	27.2050	79.0292
Aung	36	27.1742	79.1983
Aurai	36	25.7988	80.9774
Aurerha	36	25.9766	80.9394
Aurangpur	16	20.4581	78.6999
Audhanpur	36	25.7827	82.1405
Aurain	36	25.9708	82.2404
Aunka	36	25.8471	82.5031
Aunrahi	36	25.7985	82.7134
Aunraila	36	25.6744	82.6079
Aunra	36	25.5267	82.5696
Aureni	36	25.7500	81.3551
Ausanpur	36	25.3491	82.3090
Ausanpur	36	25.3322	82.6181
Aurangabad	36	25.2757	82.5080
Audiar	36	25.4308	82.6758
Aunsra	36	25.3526	82.9977
Aunra	36	25.4281	82.9632
Ausanpur	36	25.3827	82.8730
Aunra	36	25.2461	82.9332
Aurwa	36	24.8924	82.3310
Audar	36	24.7324	82.8619
Auragi	35	24.4973	82.4592
Aunri	36	24.2015	82.7473
Aurangpur	10	28.5182	76.7192
Aunta	36	25.1997	82.1704
Audan Pura	36	25.5124	82.3606
Auranwan	36	26.7089	80.8218
Auseri Khera	36	26.5231	80.9558
Aulia	36	26.4804	80.8694
Auri	36	25.6424	82.9406
Audar	36	25.5791	82.9161
Auraon	36	25.5016	82.8657
Aurangzebpur Gulal	36	29.4985	78.2967
Aurangzebpur Sayali	36	29.6844	78.4961
Aurangpur Bhiku	36	29.6632	78.2583
Aurangshahpur Gangadhar	36	29.3896	78.3449
Aurangabad	36	27.7595	81.1469
Aurangabad	36	27.9582	81.1742
Aujha Purwa	36	27.6994	81.2256
Aulhi Purwa	36	27.4329	81.0782
Auriapur	36	27.3035	81.2426
Aundi	36	24.2018	82.7711
Aunraiya Tikai	36	27.6269	81.7260
Aunrai Bhaudas	36	25.7834	83.7506
Aunraiya Nidhan	36	27.5719	81.7870
Aurathi Purwa	36	27.0788	81.8308
Auraiya	34	24.8228	83.8088
Auwan	34	24.9589	83.9317
Aurangabad	36	26.9716	81.1805
Ausari Khera	36	26.6052	81.1288
Auladali Purwa	36	26.7476	81.1465
Auriha Purwa	36	26.8586	81.4380
Auhdanpur	36	26.9153	81.4353
Auliapur	36	26.9289	81.3787
Aurela	36	26.9568	81.3895
Auliapur	36	29.2008	78.3344
Ausaneswar Mahadep	36	26.6551	81.3456
Aujara Khera	36	26.3908	81.0771
Audan Singh Purwa	36	26.3422	81.0840
Auri Ahir Purwa	36	26.3260	81.1692
Auseri Purwa	36	26.4082	81.3169
Audal Purwa	36	26.4100	81.8146
Aurangabad	36	26.3791	81.8452
Aurangabad	36	25.9028	81.1430
Audaha	36	25.4149	81.0128
Auwalpur	36	28.9352	78.4189
Auna	36	27.1058	80.8211
Aumau	36	27.0230	80.8045
Aurang Khera	36	26.2630	80.4908
Ausera	36	27.2058	81.6068
Audar Singh	36	27.1767	81.6524
Ausan Singh	36	27.0772	81.6234
Aurangabad Devari	36	28.4786	78.4868
Aucheti	36	28.8739	78.6616
Aurangabad	36	28.8445	78.6491
Aurangpur	36	28.5110	78.6697
Aurangabad	36	28.2952	78.5933
Aurangabad Bhur	36	28.3036	78.5971
Autar Tiwari	36	26.9975	81.9733
Auri Dube Purwa	36	26.9707	81.9721
Aunda	36	26.1156	81.8871
Aurangabad	36	26.0277	81.9883
Aumanpur	36	26.0791	81.8531
Aulapuram	40	18.0117	78.1389
Aunrahiya	36	27.5319	82.2416
Aurangabad	36	28.1398	78.8171
Aunra Diha	36	27.2463	82.0261
Autar	36	27.1137	82.2597
Autar Barhai	36	27.0905	82.2862
Aunrahwa	36	27.2169	82.4561
Aunra Dih	36	27.1034	82.4869
Autar Purwa	36	27.0144	82.4703
Autar Purwa	36	27.0279	82.4871
Aurangabad	40	18.0783	78.2703
Auri Dih	36	27.4797	82.5381
Aunrahwa	36	27.4816	82.5924
Ausanpur	36	27.1911	82.6416
Aunra Tal	36	27.1703	82.7180
Aunsara	36	27.0354	82.9016
Aunrahia	36	27.1062	82.9308
Ausangada	36	27.0676	82.9517
Ausanpur	36	26.9220	82.2090
Aujani	36	26.5046	82.2490
Audha	36	26.4071	82.0277
Aunchwa	36	26.2468	82.0397
Aujhi	36	26.1251	82.0533
Ausanpur	36	26.1293	82.1676
Aunjhar	36	25.2084	81.3304
Aunjhar Purwa	36	25.1982	81.3361
Aunra Tanda	36	26.9753	82.3500
Aurahgabad	36	26.8254	82.3444
Aunrahwa	36	26.6627	82.2541
Aundi	36	26.5035	82.2954
Aurangnagar	36	26.4062	82.4693
Aungapur	36	26.0096	82.2734
Aujhapur	36	26.1025	82.3698
Aundh Jangal	36	26.9576	82.6405
Auspur	36	26.8683	82.7329
Aurangabad	36	26.6109	82.5550
Ausanpur	36	26.6284	82.5105
Auliapur	36	26.4402	82.5602
Auliapur	36	26.4561	82.6016
Audhna Ismailpur	36	26.3273	82.6195
Autar Purwa	36	26.9048	82.7905
Aurahwa	36	26.5773	82.9364
Ausatpur	36	25.8943	83.3230
Austi Chak	36	25.8624	83.3350
Austi Ibrahim	36	25.8939	83.3416
Auradand	36	26.1515	82.7898
Aunraipur	36	27.2247	83.2270
Aunrahwa	36	27.2163	83.4647
Aunrahwa	36	27.1715	83.4321
Augam	12	33.6736	75.0250
Ausanganj	36	25.8128	81.5148
Aurangabad	36	26.8006	83.0319
Aunrahi	36	26.9727	83.0839
Ausia	36	26.9218	83.2206
Ausia	36	26.9157	83.2275
Aunrai	36	26.6067	83.1501
Aunrarup	36	26.5739	83.1712
Autnan	36	26.5262	83.1729
Aunradand	36	26.4703	83.0737
Aundapar	36	26.4660	83.1017
Ausanpur	36	26.2621	83.1894
Aurapaltu	36	26.1523	83.0569
Aurangabad	36	26.1111	83.1084
Aunti	36	26.1024	83.1061
Aunraiya	36	26.8481	83.3618
Aurahi Jungle	36	26.8162	83.4488
Aunratari	36	26.6492	83.3463
Aunrakol	36	26.3830	83.2696
Aunrahi	36	26.8844	83.5928
Autarpur	36	25.7090	81.6281
Audhpur	36	26.5301	83.6424
Aunrwa	36	26.7131	83.6570
Aunrahi Manjha	36	26.4083	83.5509
Auliapur	36	26.1422	83.5826
Aunrai Khurd	36	26.0246	83.7065
Aunrai Kalan	36	26.0269	83.7192
Aurangabad	36	25.6058	83.5176
Aukapalli	37	18.7584	80.2787
Auth	12	33.0896	75.5811
Augunan	12	33.1400	75.7010
Aund	12	32.7226	75.2871
Audhan	36	25.3489	81.6180
Auni Unchi	35	25.0037	81.5216
Auni Nichi	35	25.0074	81.5192
Aujla	23	32.0168	75.3964
Auntali	12	32.6374	75.6281
Aul	12	32.7398	75.6144
Aund	12	32.6755	75.7469
Austapur Muhammadabad	36	25.4002	81.9275
Aund	11	32.3401	75.8753
Audane	16	20.6225	74.1740
Aurangpur	16	20.1089	75.1041
Auri	37	20.9316	81.4415
Aunri	37	20.5099	81.3406
Aughatkhapri	35	22.5414	80.4276
Aunrabhat	37	20.3453	81.3863
Aurai	35	22.4588	80.5819
Aunrai	35	22.1596	80.6505
Aulakh	23	31.1066	74.9059
Aurai	35	22.5484	80.7978
Aujlah	23	31.9710	75.1638
Aurangpur	16	21.6284	74.4209
Autla Banwali	23	31.3412	75.4144
Aujla Jogi	23	31.3407	75.4136
Aulakh Kalan	23	31.7971	75.5058
Aulakh Khurd	23	31.7888	75.5059
Aurangpura	35	22.7102	75.7072
Aulai	35	22.5450	75.6629
Aurangpur Pada	16	21.0520	75.1883
Auradih	37	21.9203	82.7469
Aurda	37	21.9478	82.9342
Aujla	23	31.0531	75.6792
Aund Adwar	11	32.9025	76.1349
Aunra	11	32.8779	76.1676
Aurai	35	22.9536	81.0371
Aur	11	32.4741	76.4078
Aunradabri	37	22.1248	81.4917
Auliapur	36	27.1998	81.1394
Aurangabad	36	27.1959	81.2406
Aurapani	37	22.4953	81.5173
Aunrahandha	37	22.2101	81.7439
Auri Dodhar	11	32.4604	76.5429
Aurapani	37	22.3928	81.9699
Aurethi	37	21.6028	81.7189
Aurethi	37	21.7442	81.9499
Aunle da Har	11	31.2011	76.7248
Aulak	23	31.1370	76.5181
Audalpur	23	30.7202	76.3583
Auda	11	30.9015	76.9448
Auhrian	11	30.8522	76.9325
Aurar	21	20.5469	82.4779
Aurajoba	21	20.8035	82.6386
Auli	11	30.9708	77.7318
Audla	39	30.8185	77.7952
Aulai Khera	39	30.9488	77.8875
Aurangpura	35	23.4967	76.2132
Aurangabad	10	28.0099	77.4726
Ausanpura	35	23.5504	76.4548
Aulankatal	39	29.9671	78.3647
Aurabhatha	37	21.8706	83.2783
Aurda	37	21.8071	83.3952
Aurangabad	36	28.4781	78.2139
Aurangabad Chandokh	36	28.3597	78.0775
Augawan	36	28.3289	78.1443
Aurangabad	36	28.2484	78.0770
Auraha	36	28.0599	78.1121
Auraha	36	28.0481	78.1055
Aukhand	36	28.2411	78.2588
Aunlapali	21	21.0740	83.5353
Aurgarh	21	21.1073	83.7173
Aulajharan	21	21.9196	83.8342
Aunlapali	21	21.2114	83.7513
Autpalli	37	18.5624	80.9873
Aunrahi	36	27.6070	81.3555
Aunradih	36	27.6109	81.3963
Auliapur	36	27.1802	81.3268
Autarpur	36	27.0850	81.4480
Aunanis	36	26.0307	81.4740
Auna	36	26.0281	81.4722
Aunasadra	36	26.0212	81.4687
Ausergarh	36	26.8867	81.6242
Aurar Purwa	36	26.8526	81.5854
Aurar	36	26.8561	81.5882
Ausan Singh Purwa	36	26.7549	81.5183
Auliapur	36	26.8087	81.6034
Auli	21	19.2270	82.1636
Auli Khandiguda	21	19.2178	82.1760
Autalguda	21	18.7271	82.4690
Aurangoti	21	19.3829	83.8349
Augarba	21	19.1856	83.8947
Aunrabhata	37	18.9050	81.3473
Audiyappapalem	02	14.7998	80.0870
Aurahwadand	35	24.2550	82.6961
Auli	34	25.8011	84.6915
Aulia Piplia	35	22.9392	76.1855
Aunlet	39	29.6464	79.0722
Aunlet	39	29.6582	79.1467
Audan Rai Inglis	34	25.6580	84.6643
Aulia ki Bagal	24	25.2616	73.6756
Aunjanian	24	24.9365	73.2880
Aura Khan	39	29.3447	79.4575
Auwadhpura	34	25.7556	84.8131
Aurha	34	25.8632	84.8416
Aunsarh	39	29.2207	79.6776
Aunsari	39	29.2306	79.6590
Aur	39	29.8181	79.6095
Auraia	34	27.1019	84.5476
Aunrwa Sofiganj	36	26.7057	84.0635
Audan Tola	36	26.7160	84.2387
Auga	36	26.2319	84.0615
Ausanpur	34	26.9832	84.5942
Auraia	34	26.8393	84.5457
Auhar Majhariya	34	26.7536	84.5836
Auhar Sheikh	34	26.7216	84.5993
Aurangabad	36	28.1612	79.1293
Aurangabad Muafi	36	28.1081	79.2201
Aurangabad	36	28.6398	79.2708
Aundh	36	28.5011	79.2913
Aurangabad	36	28.2318	79.4738
Audla	39	28.9882	79.7366
Auraia	34	26.9385	84.9575
Auraiya	34	26.6166	84.8013
Auliya	35	22.0905	76.3821
Austi	34	26.1116	84.9696
Aurangabad	36	28.5065	79.6263
Aunria	36	28.6936	79.8595
Ausantola	34	24.7121	84.2217
Aunrai	34	25.1945	84.2002
Auriatola	34	25.4244	84.4149
Aunratanr	34	24.4000	84.4646
Aulikhera	35	22.8000	76.6692
Aurawan	34	24.8225	84.6758
Aunru	38	24.4361	84.7455
Auta	34	25.3882	85.9558
Audhe	34	25.1748	85.7854
Auraha	34	26.5012	86.2475
Audhi	34	26.5334	86.2139
Audaha	36	25.6232	80.9173
Aurwadi	19	15.8897	75.4124
Audpalli	40	19.4102	79.7087
Aumera	40	19.0698	79.7354
Auvaranad	19	12.6212	75.3823
Auraha	34	26.1928	86.8373
Aura	34	25.8730	86.0557
Auranga Usuri	34	25.9374	86.0871
Auranga Purwari	34	25.9528	86.0903
Aure	34	25.6203	86.0722
Aura	34	25.7439	86.1902
Auraiya	34	25.1373	86.0807
Aure	34	25.1190	86.0459
Aurah	34	25.6983	86.3945
Aurahidih	34	25.6704	86.4489
Auraiya	34	25.0768	86.4998
Aurahi	34	25.9935	86.6432
Aurahi	34	25.5709	86.9668
Aulia	34	25.4028	86.9505
Aurangabad	36	27.3423	80.5461
Auriya	35	22.2739	79.4011
Auchampitika	13	11.7555	75.9439
Aunsalli	19	14.3628	74.4726
Audhal	19	14.7361	74.7381
Aurawan	34	24.7771	84.9363
Aunradih	34	24.6080	84.7805
Aunra	34	24.6389	84.9377
Aura	34	26.5458	85.8300
Aurahi	34	26.1896	87.3371
Aulabari	34	26.3316	87.5810
Aura	34	26.0666	87.7631
Aurahi	34	25.8263	87.1365
Aurandih	34	25.7121	87.1866
Aurahi Milik	34	25.6803	87.1894
Auria	34	25.6102	87.2298
Aulitola	34	25.7673	87.4550
Aurangabad	34	25.2454	87.2903
Aurangabad	34	25.2354	87.3046
Aurangpur	34	25.4279	85.1411
Aurangpur	34	25.2867	85.0818
Autia	38	25.1469	87.7445
Aulia	34	25.5407	87.7983
Auria	34	24.8563	87.0112
Auria	34	24.8552	87.0429
Aula	28	24.2456	87.7496
Aulia Chak	34	25.2269	85.0746
Audan Bigha	34	25.0334	85.0787
Aukar	28	24.0644	87.9081
Aungari	34	25.1943	85.2512
Ausanpalli	40	17.7670	78.6359
Auragunta	40	17.9303	78.9573
Aunreri	36	27.6256	80.0565
Aurain	36	27.4320	80.1785
Aunla	36	27.9521	80.4269
Aurangabad	02	15.5932	79.1579
Aunrwa	38	24.3135	84.7591
Ausane	38	23.9479	84.1320
Aunratoli	38	23.1960	84.2201
Auka	38	23.9629	84.4663
Aunratanr	38	23.8530	84.3896
Aunratoli	38	23.5215	84.3771
Aunratoli	38	23.0991	84.5216
Aunuratoli	38	23.5903	84.8840
Aunratoli	38	22.9859	84.2221
Aunlijor	38	22.4820	84.1015
Auga	38	22.4187	84.2484
Autal	21	21.5690	85.1820
Aunra	21	21.6903	85.4387
Aunladih	21	21.6849	85.8446
Aunra	38	24.0490	85.9197
Aurahi	34	26.0355	86.7467
Aurahi	34	25.8995	86.2507
Aunira Ramauli	34	25.9627	86.4795
Auria	34	24.7520	86.4143
Auraia	34	24.6875	86.3289
Aunragaro	38	24.3390	86.2716
Aunlapali	21	21.0094	84.2130
Aurai	34	26.3190	85.5648
Aurangabad	28	24.5978	88.0337
Auli	39	30.5360	79.5724