Azamgarh	36	26.0683	83.1836
Azhiyur	13	11.6935	75.5601
Azhoor	13	8.6441	76.7990
Azhikkod	13	11.9199	75.3355
Azhagiapandipuram	25	8.3007	77.4439
Azara	03	26.1241	91.6116
Azhikkal	13	11.9404	75.3051
Azossim	33	15.4726	73.9356
Azmatganj	34	24.8155	84.8426
Azimganj	28	24.2273	88.2581
Azamnagar	34	25.5456	87.8294
Azadpur	07	28.7066	77.1786
Azamabao	12	33.8086	74.2490
Azgang	41	34.5139	76.1944
Azizullahpur	10	29.4365	76.9917
Azimpur	10	28.1161	76.1042
Azhagiri Nagar	25	13.0581	80.2578
Azad Nagar	19	12.9564	77.5557
Azmatpur	10	30.0924	76.7182
Azizpur	23	30.5906	76.7543
Azampur	36	27.9686	79.4137
Azampur	36	27.6151	79.5503
Azizabad	36	27.5158	79.5194
Azmatnagar	36	27.1824	79.9226
Azizpur	36	26.9773	79.2205
Azhikod	13	10.2015	76.1666
Azadgarh	10	28.9069	76.5986
Azamwala	23	30.2529	74.0663
Azimgarh	23	30.1309	74.2022
Azimabad	23	30.0069	74.1254
Azampur	10	30.4355	77.1067
Azizpur	10	30.2581	77.1493
Azizpur	10	30.3170	77.2360
Azizpur	10	30.3189	77.2280
Azizpur	24	27.7550	76.5364
Azizpur	24	26.9185	76.8520
Azizpur Ka Pura	24	26.9211	76.8667
Azizpur	36	29.5992	77.1516
Azampur	36	29.8020	77.4880
Azampur Munsam	36	29.1680	77.4205
Azizpur	36	29.5172	77.6285
Azampur	36	29.0169	77.5922
Azadpura	24	24.9122	76.1980
Azadnagar	39	29.8699	77.8758
Azadnagar	07	28.6641	77.2811
Azampur	36	28.6776	77.6885
Azampurgarhi	36	28.3960	77.6462
Azampur Husainpur	36	28.3250	77.6505
Azimnagar	36	28.9632	79.0527
Aziznagar	36	28.9520	79.1261
Azimnagar	36	28.9065	79.0943
Azamnagar	36	28.8983	79.0196
Azimabad	36	28.7646	79.1044
Azampur	36	28.3534	79.1549
Azadnagar	36	28.5522	77.7624
Azimgarh	10	30.1451	76.2176
Azizpur	24	27.6386	77.3147
Azmatpur	36	27.5442	77.3504
Azizpur	36	27.7719	77.4652
Azampur	36	27.4321	77.6907
Azampur	36	28.4121	77.8386
Azizabad Saiyid	36	28.4990	77.9632
Azimabad	36	28.2323	77.7749
Azamwadi	16	18.9222	77.1544
Azampur	36	27.7405	78.6315
Azimabad Araon	36	27.1515	78.7065
Azizabad	36	27.0912	78.6375
Azamabad Machhua	36	27.9263	78.1927
Azampur	36	27.0276	78.8219
Azizpur	36	27.7230	78.9972
Azizpura	36	27.1409	77.9765
Azimabad	36	27.9727	79.5149
Azmatpur	36	27.3703	79.5613
Azizulpur	36	27.2362	79.5027
Azmutpur	36	27.9893	79.7995
Azadnagar	36	27.2473	79.6486
Azizpur	36	27.9623	79.8096
Azizpur	36	27.8133	79.8425
Azizganj	36	27.8616	79.8959
Azizpur	36	27.8299	79.9888
Azamnagar	35	24.0317	77.7638
Azadpur	36	27.8751	78.2792
Azmatpur	36	27.6440	78.3804
Azmatganj	36	27.7584	78.5806
Azadpur	36	26.5275	79.6057
Azmapuram	40	16.6179	79.0722
Azampur	36	27.3089	78.6284
Azizpur	16	21.2801	77.4844
Azampur	16	20.5414	77.4847
Azmatpur	36	25.8671	80.5885
Azamabad Bhainsahi	36	25.9749	80.7359
Aziznagar	40	17.3377	78.3300
Azizpur	16	19.9119	76.4962
Azadnagar	36	24.3050	78.4097
Azizpur	36	27.5990	79.3350
Azamnagar	36	27.5398	79.2824
Azmatpur	36	27.5813	79.3999
Azizpur	36	25.6896	81.3237
Azampur	10	28.3979	75.8427
Azadnagar	10	28.5839	76.5109
Azam Ali Khera	36	26.3757	80.8453
Azampur	36	29.0116	78.1632
Azampur Manni	36	29.5819	78.4607
Azimabad	36	27.3490	81.0547
Azlatpur	36	27.4019	81.2026
Azim Purwa	36	27.6827	81.5175
Azizpur	36	25.8865	83.7657
Azizpur	36	25.7516	83.7961
Azizpur	36	27.3830	81.5200
Azamnagar	36	29.1104	78.2555
Azadpur	36	26.5088	81.4904
Azmatu Hahganj	36	26.2975	81.1588
Azizpur	36	26.3852	81.9584
Aziznagar	36	28.8289	78.4833
Azampur	36	28.3947	78.2576
Azamabad	36	28.0215	79.7767
Azmatpur	36	28.0517	79.9028
Azizpur	36	28.1599	79.8744
Azmatpur Jondera	36	28.5971	78.7245
Azamnagar Chaupra	36	28.6642	78.6953
Azimabad	36	28.4882	78.5945
Azimganj	36	28.4658	78.7464
Azizpur	36	28.1688	78.5041
Azampur	36	28.6517	78.7736
Azmtabad	12	33.5666	74.3843
Azadnagar	36	28.3175	78.7561
Azmatnagar	36	27.0611	82.2246
Azamgarh	36	27.1835	82.9941
Azizpur	36	26.2801	82.1733
Azogpur	36	26.5314	82.3096
Azambandh	36	25.9718	83.2227
Azizpur	36	26.1566	82.4160
Azmatpur	36	26.6477	82.8622
Azizabad	36	25.9313	83.2839
Azampur	36	26.7970	83.0868
Azmatha	36	26.4841	83.1038
Azampur	36	26.1211	83.1960
Azmatpur	36	26.8217	83.4256
Aziznagar	36	26.8153	83.7296
Azamanagar	40	18.5115	80.0675
Azam Chak	36	25.6766	83.6300
Azizpur	12	32.3578	75.4651
Azadnagar	35	25.1728	81.5573
Azizpur Kalan	23	32.3202	75.5929
Azizpur	23	32.1863	75.5941
Azizwali	23	30.9207	74.7351
Azmatgarh Majra	36	29.3862	77.7160
Azmatpur	36	27.1929	80.6301
Azizabad	36	27.0541	81.2074
Azampura	36	30.0593	77.5302
Azizabad	10	28.0249	77.4288
Azadpur	36	28.7908	78.1845
Azizabad	36	28.1728	78.0874
Azadnagar	35	23.1547	76.2929
Azizmau	36	27.0877	81.2902
Aziznagar	40	16.8373	80.5091
Azizpur	35	23.4354	76.6424
Azimullahwala	39	29.1940	79.0832
Azamnagar	34	25.4348	84.5521
Azimabad	34	25.3350	84.7064
Azampur	34	25.8865	84.9842
Azamganj Mudia	36	28.1632	79.1610
Azampur	36	28.3673	79.3523
Azamahad	36	28.0242	79.3312
Azizganj	36	28.6710	79.7349
Azampur Barkhera	36	28.3041	79.8960
Azimabad	34	24.8632	84.4380
Azan	34	24.9580	84.5896
Azamgarh	34	24.5232	84.7003
Azampur	34	25.0295	85.6916
Azamganj	34	25.2086	86.3929
Azimganj	34	25.1210	86.5459
Azmatpur	34	26.1396	87.4980
Azamnagar	34	26.0458	87.4850
Azmabad	34	25.3611	87.2249
Azizpur Pithna	34	25.1636	87.0509
Azmatullah Chak	34	25.0665	87.0153
Azampur	34	25.0877	87.1311
Azim Chak	34	25.5256	85.1852
Azampur	34	25.5212	87.5357
Azampur	34	25.5114	87.5328
Azampur Shankar	34	25.5050	87.5477
Azamgarh	34	25.8600	87.7642
Azimgarh	38	24.3141	87.7523
Azizpur Ragho	34	25.9823	85.3037
Azmatpur	34	25.6817	85.3137
Azampur	34	25.6285	85.4189
Aziz Khanda	34	25.4097	85.4096
Azizpur Chande	34	25.7932	85.5944
Azhtiyarpur Doghra	34	25.8970	85.6086
Azizpur	36	27.0316	80.2241
Azhinjilam	13	11.2002	75.8670
Azhiyannur	13	10.8803	76.4717
Azhagam	13	10.2249	76.3987
Aziznagar	25	11.5242	79.4425
Azdaha	37	23.1545	84.0024