Borivli	16	19.2350	72.8598
Bokaro	38	23.6693	86.1516
Botad	09	22.1692	71.6667
Bodhan	40	18.6621	77.8858
Bodinayakkanur	25	10.0117	77.3498
Bolpur	28	23.6628	87.6970
Bongaigaon	03	26.4770	90.5581
Borsad	09	22.4079	72.8982
Bobbili	02	18.5737	83.3593
Bodupal	40	17.4188	78.5843
Boyampalaiyam	25	11.1487	77.3537
Bodh Gaya	34	24.6981	84.9869
Bopal	09	23.0334	72.4672
Boisar	16	19.8036	72.7560
Bolarum	40	17.5561	78.3482
Borawar	24	27.0237	74.6758
Bokajan	03	26.0213	93.7794
Boriavi	09	22.6112	72.9328
Borgaon	16	20.7227	78.6039
Bodri	37	22.0235	82.1136
Boothapandi	25	8.2659	77.4461
Bommasandra Industrial Area	19	12.8177	77.6842
Bodri	35	23.1652	81.4326
Borkheri	16	20.9479	79.0151
Bomminayakkanpatti	25	11.6823	78.0545
Bodeli	09	22.2731	73.7158
Bori	16	20.9121	79.0045
Bolanikhodan	21	22.1131	85.3364
Bokakhat	03	26.6402	93.6005
Bora	35	23.6585	76.8112
Borigumma	37	19.0468	82.5532
Boyapalli	40	16.7808	77.9910
Bogadi	19	12.3030	76.5982
Boraj	24	26.4541	74.6103
Boh	23	30.3809	76.8800
Bomdila	30	27.2647	92.4247
Borpukhuri	03	26.0155	92.8452
Bohari	03	26.2544	91.1391
Borim	33	15.3667	74.0000
Borgaon	35	21.5611	78.8131
Bonaigarh	21	21.8219	84.9520
Borio	38	25.0344	87.5925
Borlai Panchaitan	16	18.1700	73.0044
Bontapalli	40	17.6624	78.3640
Bondantila	19	12.9036	74.9253
Borivali Tarf Rahur	16	19.3755	73.1792
Borla	37	22.1640	81.2185
Bobruwada	19	14.6530	74.2936
Borgolai Grant No.11	03	27.2870	95.7155
Bongabar	38	23.7009	85.5239
Bowluvada	02	17.7455	82.9886
Borigam	21	19.3585	84.8061
Borkhera	24	25.5211	75.6403
Boleng	30	28.3341	94.9623
Bondukbangsora	31	22.0304	92.6296
Borut	35	21.9867	76.0218
Boddiha	35	24.1378	81.4787
Boturakachar	37	22.3506	83.3481
Both	24	25.2500	76.5000
Both	40	19.3477	78.3171
Bote	16	19.2500	74.1500
Bosana	24	27.4549	74.9478
Borwa	24	27.0766	73.9607
Borvihir	16	21.0312	73.8430
Borunda	24	26.4711	73.8019
Boru	30	28.2717	94.5910
Bortara	37	21.6441	81.2207
Bortalao	37	21.2198	80.6262
Borsi	37	20.6966	81.7130
Borsheti	16	19.8190	72.8478
Borpani	18	25.6470	91.8781
Borpani	35	22.0224	77.3422
Borpada	16	21.1270	73.9176
Borlai	35	22.0372	74.9992
Borlai	16	18.5000	72.9167
Borkund	16	20.7168	74.8230
Borki	09	22.9226	70.5655
Borkhedi	16	20.8613	78.9699
Borjhar	35	22.4366	74.4397
Borjan	20	26.7649	94.8335
Boris	16	21.0726	74.6315
Boria Tibhu	37	20.4728	80.8789
Boria Kalan	37	21.1833	81.6833
Boria	24	23.8932	74.5196
Boria	09	22.5604	71.7344
Boria	21	20.1419	83.1907
Boria	16	17.4000	73.1833
Bori	35	22.5130	74.6930
Bori	35	22.4416	78.2623
Bori	35	22.1361	77.4208
Bori	16	21.3035	76.9662
Bori Arab	16	20.3489	77.8634
Bori	16	19.8695	78.5769
Bori	16	19.4910	76.7318
Bori	16	19.1167	74.1000
Bori	16	18.8667	72.9167
Bori	16	18.3715	76.6955
Borghat	35	21.5783	75.0595
Borgbar	16	17.8190	73.4184
Borgaon Manju	16	20.7214	77.1528
Borgaon Buzurg	16	18.6366	75.9463
Borgaon	35	21.6212	76.3278
Borgaon	16	20.9622	78.5603
Borgaon	16	19.5457	77.5416
Borgaon	16	16.5983	74.5122
Borgampad	40	17.6423	80.8693
Borduttighat	03	26.9500	93.9667
Borduria	30	27.0317	95.4771
Bordoloni	03	27.4029	94.4187
Bordia	35	24.3744	75.0929
Bordi	16	20.1157	72.7388
Bordehi Khas	35	22.0053	78.3527
Borda	24	24.9769	74.5523
Borda	35	24.0521	76.9733
Borancha	40	17.9298	77.7804
Borana	24	27.6437	72.1269
Boran	21	20.2471	82.5723
Boraj	24	26.8674	75.4481
Borai	37	20.0781	81.8721
Boradi	16	21.5204	74.8943
Borad	16	21.6220	74.3369
Boot	24	25.4275	71.4471
Bonta	21	20.0704	84.7891
Bonington	01	12.9167	92.9000
Bongbal Khulen	17	24.7200	94.1609
Bongba Khulen	17	24.8358	94.4837
Bondabal	21	20.3784	83.0275
Bond	24	26.8756	76.9437
Bonangi	02	18.1473	83.2193
Bona	39	30.0572	80.3694
Bomundi	21	20.9667	83.0833
Bommakal	40	17.0197	80.2687
Bommagondekere	19	14.5910	76.6753
Bomjur	30	28.1143	95.6926
Bomdo	30	28.7510	94.8969
Bomak	30	28.2418	95.5282
Boma	33	15.4722	73.9676
Boma	33	15.3000	74.2667
Bolung	03	28.0535	95.6767
Bolthan	16	20.1922	74.9090
Bolkheri	35	23.6722	75.8034
Bolkhera	35	23.7484	75.7244
Boljang	17	24.6236	94.3980
Bolia Kalan	24	24.2619	75.9272
Bolegaon	35	21.5314	80.4610
Bolba	38	22.4308	84.3445
Bolarum	40	17.5173	78.5175
Bolagarh	21	20.1729	85.2726
Boko	03	25.9808	91.2397
Bokhrata	35	21.8554	74.6153
Bojha	37	23.3177	83.1247
Bojawas	10	28.2996	76.2178
Boirani	21	19.5866	84.7506
Boipariguda	21	18.7521	82.4313
Bohar	10	28.8969	76.6537
Boha	23	29.8348	75.5237
Boguldega	37	22.4924	83.4549
Bogu	30	28.5336	94.6643
Bogor	21	20.1833	83.2167
Bogmalo	33	15.3739	73.8450
Bodvad	16	20.8782	75.9927
Bodo Raruan	21	21.9576	85.8607
Bodobil	21	21.8591	85.8950
Bod Kharbu	41	34.3428	76.5624
Bodhegaon	16	19.3070	75.4439
Bodhan	19	17.5705	76.7523
Bodarwar	36	26.8816	83.6386
Bodadit	24	25.4000	76.2333
Bobleshwar	19	16.6679	75.5736
Boblad	16	17.2262	75.4337
Boblad	16	16.9945	75.6487
Bobda	37	22.6118	81.9016
Bobbarlanka	02	15.9500	80.8845
Boara	24	24.3856	74.3937
Boghera	24	28.7117	74.6068
Bodai	28	22.7033	88.4358
Bodra	28	22.4524	88.6093
Bobuspur	12	34.2527	74.7785
Bodpathar	12	34.2537	74.9610
Bodpathar	12	34.3734	74.9750
Bodmarg	12	34.2347	74.8708
Bobjan	12	34.1758	74.9751
Bora Chhari	12	33.8439	74.2489
Bod Dardahaj	12	34.4217	74.1007
Bowan	12	34.3713	74.1745
Bopat	12	34.0059	74.6417
Bonahama	12	34.0171	74.6582
Bodabug	12	34.3228	74.2530
Bodkut Machpur	12	34.3960	74.2543
Bolnigund	12	34.3982	74.3124
Bohani	12	33.2056	74.1034
Bohta	12	33.2272	74.1829
Bodhi	10	29.9382	76.9434
Bod Nambal	12	34.5043	73.9966
Borkheri	24	25.4738	75.5992
Borda	24	25.5617	75.6944
Borsham	10	29.3022	76.9483
Bohli	11	31.2128	77.0747
Borikh	39	29.9922	78.7385
Borgaon	39	29.7822	78.6548
Bodampahad	40	17.1122	78.1227
Bondoniguda	40	17.1908	78.2293
Botuguda	40	17.2296	78.2591
Bomaipalli	40	17.4881	78.8634
Bollepalli	40	17.4084	78.9269
Bodakonda	40	17.0609	78.7764
Bongulur	40	17.2296	78.5777
Bodupatia	40	17.6736	78.1672
Bokaiguda	40	17.6433	78.1833
Bomaram	40	17.8914	78.4566
Bopapur	40	17.5169	78.5733
Boragpalli	40	17.8883	78.7375
Boras	23	30.5978	76.5332
Bokadvira	16	18.8870	72.9766
Bommanahalli, Hosur Road	19	12.9079	77.6285
Boremill	19	13.0684	77.5029
Borano ki Dhani	24	28.0078	75.6370
Bodha	10	30.0602	76.5785
Bodhni	10	30.0489	76.5670
Boripur	10	30.2032	76.8430
Bohawa	10	30.1562	76.9780
Bohawi	10	30.1537	76.9907
Bodla	10	30.0172	76.9413
Bothi	35	24.2211	78.0606
Bojhi	36	27.8441	79.4902
Bojha	36	26.9679	79.0590
Bonapura	35	26.3540	79.0835
Bohra	36	26.2503	79.2367
Bor ki Dhani	24	26.9558	75.7010
Bonliya ki Dhani	24	26.9428	75.7401
Bohadpura	36	26.0302	79.4133
Bodi	36	25.2815	79.3737
Bojha	36	26.9651	79.5562
Bojha	36	26.8318	79.5002
Bonda	35	24.9074	79.3598
Borivali West	16	19.2361	72.8338
Bobbepalli	02	15.9237	80.0488
Bommanal	19	15.8052	76.6968
Bori	24	23.5778	74.1088
Bogadol	03	25.9436	90.1701
Boldakgiri	03	25.8268	90.1314
Boriagaon	03	26.6991	91.2778
Borboha	03	26.0152	92.9252
Boalipar	03	24.7187	92.5791
Boaroami	20	25.5760	93.8647
Bogaigaon	03	27.2282	94.7964
Bollaram	40	16.0735	78.2954
Boddam	02	18.0587	83.1419
Boddavara	02	18.1736	83.1265
Bowsahibpeta	40	18.4992	78.6741
Bomireddipalli	40	18.6882	79.1317
Borgam	21	19.1590	82.1892
Bori	16	19.5022	79.9433
Bodhaura	24	27.3167	72.2939
Borda	24	25.6497	76.3772
Bomanhalh	19	15.1587	74.7108
Borvad Wari	16	17.1542	73.3747
Borul	16	18.2170	77.1180
Bommasamudram	19	12.1085	77.4762
Bommakuru	40	15.9202	77.9574
Boyalakuntla	02	15.3951	78.5786
Borkhed	16	18.7431	75.6265
Bollavarappadu	02	15.6995	80.0794
Bochegaon	16	19.4968	75.9081
Bori Sawargaon	16	18.6585	76.2417
Bodla	37	18.6883	80.9443
Bordubi	03	27.3995	95.3125
Boginadi	03	27.4154	94.6840
Boktu	11	31.5805	78.2773
Bod	37	21.6868	81.3372
Bodar	37	23.2456	82.6375
Borigaon	03	26.3660	92.4530
Borghoria	03	26.6019	93.7969
Borkanda Sapatgram	03	26.2309	90.1530
Bor Ali	03	26.9932	94.6334
Bokkakhar	37	22.0089	81.2243
Boriya	37	21.7379	81.4087
Boda	37	22.2963	81.2498
Borbila	03	26.4728	90.8083
Bosagaon	03	26.4631	94.1130
Borpak	03	26.6858	93.7410
Bogar Gaon	03	26.5861	94.1539
Borbil	03	26.9893	94.7498
Borhula	03	26.0306	93.8766
Bokuloni	03	27.3581	95.3902
Bonth	21	21.1229	86.3200
Borka	03	26.2899	91.6724
Borobinnyakhata- II	03	26.4592	90.0618
Borgaon	03	26.5971	90.8032
Bodai	28	22.8004	88.4864
Borikina	21	20.1319	86.3225
Borda	21	20.1593	82.9838
Bouthakurani	28	22.3748	88.9055
Boxma	21	21.7031	84.3787
Boxirhat	28	26.3218	89.7591
Bonzur	12	34.4841	74.5301
Bod Biuth	12	34.4693	74.6555
Botiung	12	34.3653	74.5033
Bon	12	34.2693	74.5782
Boinzil	12	34.2976	74.8348
Bolni	10	28.1082	76.6862
Bonsh	11	31.7045	77.0933
Boal	11	31.6508	77.2469
Bondra	23	29.6825	75.3027
Bora	10	29.7361	75.4976
Bodewali	10	29.4741	75.2993
Bosti	10	29.5751	75.8029
Bobua	10	29.4410	75.9568
Bojhla	24	28.9851	75.0558
Bochadiya	10	28.1427	76.2870
Bohka	10	28.2189	76.3383
Bodsal	12	34.5597	74.3117
Bohl	11	31.3179	77.2590
Bohl	11	31.4940	77.3474
Bohl	11	31.2582	77.3732
Bohr	11	31.4367	77.3842
Bohl	11	31.4990	77.3780
Bori	11	31.3768	77.4686
Bohl	11	31.3960	77.3234
Bohl	11	31.3955	77.2874
Bodiwala	23	30.2959	74.1114
Bodiwala	23	30.2781	74.3846
Boianwala	23	30.9071	74.8846
Borawali	23	30.9980	74.8444
Botianwala	23	30.9883	74.9513
Bogra	11	31.1833	77.2993
Boridhar	11	31.1476	77.3110
Bodil	11	31.1097	77.3003
Bogna Khurd	11	31.0616	77.2905
Bolari	11	31.0374	77.3672
Bor	11	31.0100	77.4584
Bolana	11	31.1185	77.4188
Boini	11	31.5049	77.5639
Boala	11	31.3175	77.6473
Bochar	11	31.1776	77.5300
Bon	11	31.1543	77.5649
Bohari	11	31.0802	77.5077
Boch	11	30.9315	77.0484
Bora	11	30.9295	77.0953
Bodari	11	30.7788	77.2320
Boneri ki Ser	11	30.8869	77.1986
Boharli	11	30.6383	77.2160
Bogal	11	30.8829	77.2865
Bohl	11	30.8633	77.3350
Botewari	11	30.8303	77.4058
Bongli	11	30.7223	77.3221
Bohal	11	30.6294	77.2794
Bogariyah	11	30.5487	77.2640
Borila	11	30.7325	77.3796
Borli	11	30.6851	77.4278
Boriwala	11	30.5087	77.4297
Bolion	11	30.5112	77.3747
Boreta	24	27.2826	76.5519
Bori Nagli	11	30.4418	77.4551
Bonsa	36	30.0168	77.4562
Boral	11	30.7329	77.5699
Bongial	11	30.7281	77.5718
Boina	11	30.6466	77.5064
Boha	11	30.6131	77.5341
Bohal	11	30.7139	77.7245
Bobri	11	30.6727	77.7379
Bourar	11	30.6355	77.6729
Bokala	11	30.6263	77.6988
Bohal	11	30.5883	77.7040
Bohar	11	30.5879	77.7257
Bolni	24	27.8720	76.7975
Bobri	11	30.5280	77.7790
Bora	39	30.6134	77.8948
Boha	39	30.6533	77.8351
Bomanpura	36	29.3317	78.1176
Bojara	24	26.5084	76.1750
Bokna ki Dhani	24	26.4490	76.1301
Borda	24	26.4626	76.1614
Borkhera	24	26.3792	76.1868
Boraha	35	23.1513	78.4360
Boria	35	23.4637	78.5501
Boria	35	23.4363	78.9527
Bopura	36	29.1967	77.4447
Bodi	35	22.6916	78.1703
Borna	35	22.6964	78.3421
Bori	35	22.6891	78.4022
Bodri	35	22.9364	78.7653
Bohani	35	22.9329	78.8595
Bodhi	35	22.6159	78.8862
Bodalkachhar	35	22.5663	78.7874
Bodhlidhana	35	22.1780	78.9618
Bohra	35	22.0532	78.9752
Boriya	35	22.0435	78.9716
Bori	35	21.9572	78.0002
Borna	35	21.9496	78.0423
Borkhi	35	21.9322	78.1083
Bori Khurd	35	21.9735	78.1881
Bothiya	35	21.8601	78.1402
Bothiyadhana	35	21.8458	78.0277
Bothiya	35	21.8391	78.0399
Bodalpathar	35	21.8270	78.0319
Borgaon	16	21.3176	78.1857
Borgaon	35	21.7084	78.2930
Borgaon	35	21.9144	78.2767
Boyal Khapa	35	21.7791	78.4522
Borgaon	35	21.6727	78.4462
Borkhedi	16	21.2041	78.2609
Botona	16	21.1924	78.2859
Bopapur	16	21.3913	78.4600
Borgaon	16	21.1374	78.3805
Bodarthana	16	21.1262	78.3393
Bori	16	21.1675	78.4951
Borpani	35	21.7675	78.6652
Borgaon	35	21.9847	78.6162
Borgondi	16	21.2686	78.6279
Bordoh	16	21.2912	78.6412
Bori	16	21.3558	78.6709
Borkheri	16	21.3942	78.6854
Bothiya	35	21.4804	78.7253
Bopapur	16	21.0783	78.6315
Borgaon	16	21.1186	78.6195
Bothiya	35	21.8496	78.8922
Borgaon Khurd	35	21.5646	78.8949
Borgaon	16	21.2222	78.9794
Borda	16	20.9360	78.1163
Borgaon	16	20.5206	78.0789
Borvaghal	16	20.6942	78.2082
Bodhgavhan	16	20.3483	78.1564
Borgaon	16	20.4612	78.1987
Both	16	20.3329	78.0450
Borda	24	25.3268	76.4625
Bohna	24	25.8823	76.6010
Borabhuj	24	24.5078	72.9961
Borwali	24	29.8345	74.4190
Bode	24	24.4660	73.1431
Bori	24	24.4816	73.1537
Boptalai	24	24.2761	73.2109
Boti	24	24.2911	73.1822
Bobrawara	24	24.2707	73.3004
Boria	24	24.2259	73.3735
Bora ka Gurha	24	24.6604	73.7393
Borarakhera	24	24.5344	73.5310
Borda	24	25.0541	76.8475
Bodalwala	23	30.8373	75.4780
Boroli	24	24.7696	76.2193
Borda	24	24.6523	76.2208
Bonjari	24	24.5019	76.2051
Bobana	24	25.5551	74.1865
Bor ka Baria	24	25.6464	74.1465
Bopa Rai	23	30.8041	75.6333
Bodaheri Mohiuddinpur	39	29.8501	77.9915
Bocha	36	29.6784	77.9071
Bounkar	23	30.9773	75.7774
Bodana	36	28.8440	77.5624
Botena	36	28.3889	77.7155
Bodah	36	28.3891	77.7461
Boinda	21	20.9223	84.7485
Boinda	21	21.8728	85.1713
Bori	24	24.0521	73.8394
Borara	24	25.2824	74.5823
Bori ka Khera	24	24.5786	74.0475
Bopasagar	24	24.5369	74.0224
Boba ka Khera	24	24.6419	74.1190
Boglia	24	27.0532	75.5393
Boria	24	27.0274	75.5822
Borali	24	27.0116	75.5979
Bodosa	12	33.2632	76.2523
Bohla	36	29.0943	77.2054
Borsi	39	30.3152	78.1490
Boranchichhal	40	19.2274	79.7713
Bondra	16	19.1081	79.8845
Bogatagudem	16	19.1192	79.8953
Bogatagudem	16	19.1825	79.9598
Borda	24	24.5722	76.3490
Borkheri	24	24.5637	76.4884
Borkheri	24	24.4335	76.2617
Borjheri	24	24.2742	76.3078
Borkheri	24	24.4071	76.4512
Borkheri Guiran	24	24.2585	76.4671
Bokra	24	24.9167	76.5499
Borda	24	24.4251	76.5222
Borjkhera	24	24.4980	76.6454
Borikhera	24	24.4969	76.6388
Borkheri	24	24.4431	76.7374
Bombuliya	24	24.4048	76.6884
Borda	24	24.2721	76.7910
Borkheri	35	24.3093	76.8744
Bomareddipalli	40	18.7055	79.1723
Bora Pochampalli	40	18.7046	79.1207
Bommakantipalli	40	18.6263	79.0235
Boparam	40	18.9814	79.8650
Borampalli	40	18.8594	79.8650
Bogapuram	16	18.8629	79.9956
Borampalli	16	18.9790	79.9781
Boparam	40	18.6218	79.9758
Botlacheru	16	19.5203	80.0596
Bolepalli	16	19.7031	80.1340
Borara	24	26.2077	75.0461
Bori	16	19.7049	80.5921
Bondra	16	18.9727	80.2136
Bodiang	28	27.1257	88.1848
Bondra	36	28.9207	77.9733
Bondra	36	28.5675	77.9281
Bong	28	27.0422	88.4833
Bong	28	27.0537	88.4780
Bokrong	29	27.1482	88.4657
Borai	37	21.5177	81.1342
Botepar	37	21.3101	81.0645
Bori	37	21.4452	81.0893
Borai	37	21.2509	81.1918
Bodkha	16	19.7029	76.7872
Borugadda Tanda	40	16.6782	78.1609
Boyatram ki Dhani	24	28.0463	75.5066
Boriyapura	24	26.8379	77.2495
Bosoli Ka Nagla	24	26.9988	77.4146
Borkhedi Vavra	16	19.9866	76.0937
Bora	23	30.9633	76.0341
Borranjani	16	19.6135	76.0975
Borgaon Tanda	16	19.5471	76.0794
Borgaon Khurd	16	19.5478	76.0955
Bordevi	16	19.0637	76.0003
Borkinhi	16	19.6465	76.4709
Bowra	23	30.3463	76.1167
Borgavhan	16	19.3134	76.4149
Borkhed	16	19.0612	76.4369
Borgaon Jahagir	16	19.4419	76.5634
Bondarwadi	16	19.2536	76.5526
Borand Khurd	16	19.1913	76.7112
Borand Buzurg	16	19.1639	76.7027
Bobdechiwadi	16	18.6750	76.0760
Borwanti	16	18.5096	76.1153
Bora Sadhupur	23	30.8109	76.4182
Bosar Khurd	23	30.3261	76.4865
Borola	36	27.9214	77.8369
Bolla	36	27.8963	77.9201
Bohra Gorwa	36	27.7786	77.9583
Bobakpur	10	30.0464	76.2840
Bordar Kalan	23	30.9377	76.6954
Bodhegaon	16	18.8733	76.3553
Bolar Kalan	23	30.2972	76.5057
Bolari	23	30.2963	76.5244
Bodka	16	18.5317	76.3857
Borgaon Tanda	16	18.5432	76.2761
Bothicha Tanda	16	18.4918	76.9303
Borphal	16	18.2126	76.4666
Bothi	16	18.8884	76.8357
Borgaon	16	18.9115	76.8633
Bolegaon Khurd	16	18.4334	76.8524
Bolegaon Buzurg	16	18.4117	76.8475
Boranadiwadi	16	17.9357	76.1968
Borana	24	27.6975	77.0883
Bolkhera	24	27.6644	77.1765
Bolkhera	24	27.6535	77.1921
Borani	24	27.6960	77.0850
Bosau	36	27.8093	77.6063
Borpa	36	27.4388	77.5299
Borjan	10	29.4186	76.1245
Boramani Tanda	16	17.7354	76.0216
Boramani	16	17.7198	76.0242
Boregaon	16	17.6742	76.1368
Boana	10	29.2053	76.3140
Borauli	36	28.2624	77.8796
Borgaon	16	17.6494	76.3112
Bolegaon	16	17.6731	76.3947
Bongarga	19	17.6589	76.5941
Bolni	19	17.5304	76.6726
Bommandlli	19	17.3805	76.6155
Bodhanwadi	19	17.5653	76.7775
Bokdari	19	17.7404	76.9197
Bokholi	24	27.0212	77.5484
Bokramura	37	22.1098	82.8002
Bothli	37	22.2200	82.9613
Bokarda	37	22.1384	82.9297
Boirda	37	22.0417	82.9510
Boirdih	37	22.0172	82.9728
Bohardih Guma	37	21.9285	82.1421
Bohardih	37	21.9596	82.1996
Borsara	37	21.9282	82.1840
Boirdih	37	21.7561	82.1813
Borsi	37	21.7426	81.9986
Bortara	37	21.5459	82.0730
Boirdih	37	21.7052	82.2409
Bohardih	37	21.4304	82.1433
Boda	37	21.4073	82.2022
Boirdih	37	20.9906	81.0376
Borgahan	37	20.9381	81.2018
Bori	37	20.8520	81.1824
Boirdih	37	20.5273	81.0092
Borgaon	37	20.5350	81.1240
Borid	37	20.6747	81.1502
Bogar	37	20.3482	81.0227
Bogar	37	20.3335	81.0181
Bohardih	37	20.4867	81.2370
Bodeli	37	20.3054	81.1831
Botechang	37	20.2141	81.0324
Bohili	37	20.0432	81.0268
Borid Khurd	37	20.6489	81.5071
Bodra	37	20.7355	81.6062
Borgaon	37	20.1916	81.5465
Borgaon	37	20.0780	81.5885
Bodalbahra	37	20.6944	81.7891
Bokrabeda	37	20.2915	81.8670
Bokrakata	37	20.3448	81.9101
Bokrakata	37	20.3341	81.9215
Borbandha	37	20.2381	81.8146
Bodra	37	20.1192	81.8532
Bodra	37	20.1202	81.8401
Boreli	37	20.2114	81.8827
Bommanagi	19	16.2951	76.0142
Bommanahalli	19	16.5282	76.2974
Bolavad	19	16.5312	76.2905
Bopargi	19	16.3855	76.3277
Bolari	19	16.6603	76.9327
Bodalpani	37	21.8693	81.0626
Botesur	37	21.7827	81.0033
Boretola	37	21.7510	81.1099
Bori	37	21.1464	81.0526
Boirdih	37	21.1679	81.0829
Botka	37	21.7072	81.3164
Bor	37	21.6931	81.3425
Botka	37	21.6275	81.4055
Boria	37	21.7409	81.4238
Bori	37	21.3531	81.2730
Boregaon	37	21.3287	81.3453
Boria	37	21.4896	81.4532
Borsi	37	21.3097	81.4871
Borsi	37	21.1574	81.3002
Bori	37	21.0975	81.3531
Boria	37	21.1917	81.3653
Bohardih	37	21.0633	81.4341
Boerkachhar	37	21.9240	81.5432
Bohardih	37	21.9088	81.5129
Boarda	37	21.8840	81.5371
Bodtara	37	21.9495	81.6518
Bordih	37	21.8410	81.7153
Bohardih	37	21.3836	81.5163
Borsi	37	21.3662	81.5684
Boria Khurd	37	21.1985	81.6447
Bodra	37	21.2277	81.9310
Borid	37	21.1852	81.9236
Borgaon	16	19.0181	77.0861
Borgaon Telango	16	19.1207	77.2472
Bondhar	16	19.2344	77.2707
Bondhar	16	19.1647	77.3628
Borgaon	16	19.0424	77.3327
Borgaon Nandari	16	19.2032	77.4337
Bondrat	40	19.1132	77.8878
Bolsa	40	19.0739	77.8645
Borgaon	40	19.0545	77.8541
Bothi	16	19.0713	77.7826
Bori Khurd	16	18.8359	77.1134
Bori Buzurg	16	18.8261	77.2747
Bomnali	16	18.7545	77.3555
Bokaskhed	16	18.5288	77.4723
Borgaon	16	18.6666	77.4512
Borgaon	19	18.4377	77.3271
Bonti	19	18.3545	77.3808
Borjunni	16	18.9562	77.6342
Bolsa Buzurg	16	18.9873	77.7043
Bolsa Khurd	16	18.9900	77.7104
Borgaon	16	18.8076	77.6260
Borgaon	16	18.4984	77.5084
Borgaon Thadi	16	18.6953	77.5642
Bolegaon	16	18.7131	77.7490
Borgi Tanda	40	18.2715	77.6700
Borgi	40	18.2692	77.6423
Bokasgaon	40	18.1712	77.7425
Borgi Janwada	19	18.1405	77.5100
Boppapur	40	18.5737	77.9049
Borlam	40	18.3856	77.8998
Bolakpalli	40	18.3475	77.8588
Bodaghat	40	18.0539	77.9801
Bolewar	19	17.3256	77.0247
Boral	19	17.7169	77.3670
Boileauganj	36	27.1683	78.0158
Bodabanda Tanda	40	17.1051	77.7420
Borah Khurd	36	27.4467	78.4168
Boran Kalan	36	27.4170	78.4007
Borisingh	16	20.1510	78.0856
Borgaon	16	20.0774	78.0581
Bodari	16	20.0134	78.2403
Borgaon	16	20.1280	78.1406
Bodad Pod	16	20.8829	78.3242
Bodad	16	20.8677	78.3222
Borgaon	16	20.8118	78.2944
Bori	16	20.7981	78.3930
Bothli	16	20.8857	78.4713
Bothli	16	20.9351	78.3862
Borgaon	16	20.7025	78.2783
Bopapur	16	20.5206	78.4368
Bori Mahal	16	20.4378	78.3610
Bomdipod	16	20.2821	78.3690
Borati	16	20.2865	78.4917
Borjai	16	20.4550	78.4669
Bothli	16	20.8917	78.6236
Borgaon Savli	16	20.8234	78.5352
Borgaon Nandora	16	20.8182	78.5490
Borkhedi	16	20.8646	78.6484
Borkhedi Kalan	16	20.8934	78.6380
Bori	16	20.9457	78.7056
Bordharan Colony	16	20.9557	78.7088
Bopapur	16	20.6238	78.5305
Borgaon	16	20.5753	78.6219
Bori	16	20.2417	78.7770
Botoni	16	20.0029	78.6506
Botoni	16	20.1137	78.6962
Borgaon	16	20.9186	78.8888
Borgaon	16	20.8133	78.8390
Bondsula	16	20.7581	78.8158
Bothuda	16	20.6379	78.8355
Borgaon	16	20.5872	78.8591
Borgaon	16	20.5123	78.8107
Bopapur	16	20.3619	78.9523
Bopapur	16	20.4401	78.9694
Bodad Khurd	16	20.2169	78.8357
Bodad	16	20.1096	78.8853
Borda	16	20.0021	78.8284
Borai	35	23.8572	79.1254
Botrai	35	23.9329	79.1502
Bodmatpalli	40	17.9405	77.9825
Bonhari	35	23.5510	79.1443
Bobai	35	23.9593	79.3116
Boda	35	23.6774	79.8476
Boma	35	23.6656	79.3205
Boria	35	23.3422	79.8418
Bothari	36	27.1881	78.7095
Boyalmarched	19	16.0299	77.1555
Bodabanda	19	16.8314	77.3803
Bondri	36	27.9311	78.9656
Bomraldoddi	19	16.4949	77.3637
Bodamanudoddi	19	16.1856	77.4065
Bobla	36	27.7639	78.0038
Bolavanpalli	40	16.9764	77.6453
Bolvanpalli	40	16.8603	77.7073
Bommanpahad	40	16.7630	77.5939
Boyinpalli Tanda	40	16.7041	77.6113
Boyinpalli	40	16.7095	77.6034
Bondalkunta	40	16.5408	77.5870
Boriya	35	22.6710	79.1733
Bori	35	22.3683	79.2035
Bonika	36	27.3398	77.9168
Bochhar	35	22.9834	79.3348
Boriya	35	22.7812	79.4070
Boriya	35	22.9057	79.5128
Boriya	35	22.3061	79.5655
Boriya	35	22.3652	79.6431
Boriya	35	22.4398	79.6908
Bodla Mafi	36	27.1920	77.9589
Bodla	36	27.1875	77.9623
Bothiya	35	22.2393	79.6201
Bordai	35	22.0556	79.5526
Bori	35	22.0594	79.6960
Boravelli	40	16.0254	77.9719
Bochuvengannapalle	40	16.0726	77.9345
Boty Tanda	16	19.8537	78.2213
Both	16	19.8645	78.2244
Bobdi	36	27.7194	79.0899
Boregaon	40	19.0726	78.0268
Bondidi Khurd	40	19.2748	78.3435
Bondidi Buzurg	40	19.2715	78.3235
Boregaon	40	19.4602	78.4961
Borgaon	16	19.9788	78.5878
Bommareddigudem	40	17.7417	78.0433
Bori	35	21.8389	79.0136
Bordi	35	21.7729	79.1569
Bomhni Lala	35	21.9500	79.2111
Boria	35	21.7025	79.0149
Borban	16	21.4799	79.2118
Borgapur	16	21.1610	79.0933
Bothiya	16	21.5502	79.3421
Borda	16	21.4479	79.2735
Bondri	16	21.4228	79.2715
Bori	16	21.3666	79.4053
Borda	16	21.2761	79.2602
Bori	16	21.2078	79.3037
Borgaon	16	21.1573	79.4828
Borgaon	16	21.0994	79.3902
Bodkipet	16	21.0455	79.3890
Bohare ka Pura	24	26.4913	77.5050
Bori Khurd	35	21.9209	79.7382
Borgaon	35	21.7966	79.5205
Bothpura	24	26.8819	77.8932
Borara	24	25.2408	77.0672
Bogiapur	36	27.7360	79.9748
Bollawaram	40	16.1499	78.1962
Borkheda	16	21.2371	76.0564
Bohorde	16	21.1918	76.0697
Bodnampalli	40	16.9295	78.3593
Bommarajpalli	40	16.7828	78.4032
Borkhera	35	21.6785	76.4810
Boisapur	36	27.0017	79.6815
Bori Bandri	35	21.9851	76.7176
Bori Bandri	35	21.9748	76.7459
Bolaj	35	25.2946	77.6874
Bohadargath	35	24.2819	77.1280
Bonjala	35	24.1948	77.2912
Bordha	35	24.1537	77.2759
Bothi	35	24.0692	77.9493
Boddupalli	40	16.6913	78.8199
Bollanpalli	40	16.6074	78.7802
Bogguladona	40	16.5448	78.7587
Bodegani Tanda	40	16.6609	78.9653
Bongonicheruvu	40	17.2155	79.0164
Boyaguda	40	17.1700	79.0443
Bodamparti	40	17.0372	79.0447
Bodamkunta	40	17.5429	79.3918
Bommera	40	17.6912	79.4244
Bondhnu	36	27.7086	78.1332
Bonai	36	27.5616	78.2394
Bodugudem	40	17.4187	79.3492
Bollepalli	40	17.1259	79.3441
Bopatkunta	40	17.2038	79.3898
Bollikunta	40	17.8918	79.6151
Bobbilkota	40	17.7807	79.5347
Bonai	36	27.9523	78.5549
Bolampalli	40	17.3594	79.5424
Bollikonda	40	17.7110	79.8142
Bocheruvu	40	17.8201	79.9238
Bojannapet	40	17.5499	79.8383
Bodamandlagudem	40	17.1833	79.8963
Boyinapalli Kummarigudem	40	16.9604	79.1759
Boyinapalli	40	16.9695	79.1781
Bommepalli	40	16.9290	79.2341
Bolaram	40	16.8756	79.1736
Bodapahad	40	16.8831	79.1697
Boyinivaniguda	40	16.8051	79.1604
Bomhrauli	36	26.2358	79.9679
Bohra	36	25.9722	79.0798
Bora Dera	36	25.6639	79.7127
Bonutla	40	16.6920	79.3009
Boigudem Tanda	40	16.7395	79.3822
Bodanampadu	02	16.5194	79.3197
Boigudem	40	16.7276	79.3985
Boniyan Khera	35	25.2139	80.2765
Borelia	35	22.6120	76.8149
Bondgaon	35	22.2755	76.9331
Bothiya Kalan	35	22.0504	76.8388
Bothiya Khurd	35	22.0395	76.8363
Bomapur	36	25.6320	82.0015
Borisaray	35	22.0003	76.8202
Bonda	36	25.1511	79.0497
Bodanganj	35	24.3591	79.1489
Bonkna	35	24.7043	79.3409
Borbari	35	21.5764	76.1628
Bori Buzurg	35	21.4533	76.1069
Borgaon	35	21.3355	76.2344
Boharda	35	21.2686	76.2148
Borgaon Khurd	35	21.7861	76.3326
Bodul	35	21.9859	76.4964
Borkhari	35	23.0818	77.8563
Borpani	35	23.0139	77.8268
Borsal	35	21.4057	76.3417
Bori Khurd	35	21.3696	76.2952
Bordi Kalan	35	22.9630	77.0971
Bori	35	22.7038	77.0673
Borda	35	22.6462	77.0871
Bor Khera Kalan	35	22.6711	77.2267
Borpani	35	22.9452	77.3794
Bori	35	22.7850	77.4701
Bordi	35	22.7924	77.4215
Bodri	36	25.6275	83.0489
Borsar Kalan	36	25.6297	83.0388
Borsar Arazi	36	25.6218	83.0260
Borsar Khurd	36	25.6324	83.0331
Bouva	36	26.9315	78.6515
Bodalpur	36	25.0078	83.1331
Bodara Kalan	36	25.0636	83.2268
Bodara Khurd	36	25.0723	83.2130
Bohara	35	26.3005	78.9272
Borghati	35	22.7009	77.4156
Borat	35	22.5989	77.4278
Borda	35	22.9286	77.6461
Bodra	35	22.9180	77.8699
Borna	35	22.8557	77.9505
Borban	35	21.4641	76.7736
Bobdo	16	21.4793	76.8734
Bodvad	16	20.9959	76.2409
Borjawla	16	20.7287	76.3687
Borkhed	16	20.5670	76.2711
Borala	16	20.5013	76.3345
Both	16	20.5859	76.3946
Bondarkhed	16	20.7310	77.1053
Bor Kalan	35	24.1071	79.6127
Bobdah	35	22.0683	77.2438
Borgaon	16	20.2501	77.0548
Bordi	16	20.2585	77.0330
Bolawar Mafi	36	25.0209	83.2720
Boladongari	35	22.2131	77.5430
Borkunda	35	22.4273	77.5742
Borkhera	35	22.3882	77.7465
Bor	35	22.2537	77.7119
Bor	35	22.1540	77.5390
Bodipani	35	22.3126	77.8520
Borkhera	35	22.3677	77.8568
Borkhedi Buzurg	16	20.9411	77.5599
Borkhedi	16	20.9416	77.5684
Bondri	35	22.0824	77.7533
Bopnemtabad	16	20.7768	77.6501
Borgaon	16	20.8712	77.6785
Bogna	36	25.7840	83.5263
Borgaon	16	20.6918	77.7129
Bondevadi	16	20.6383	77.6548
Borkhera	35	21.9674	77.0317
Bori	16	21.5349	77.0903
Borkund	35	21.7415	77.1352
Borata	16	21.6098	77.2343
Boridhana	35	21.9351	77.3144
Bomaliyadhana	35	21.9834	77.4063
Bori	35	21.7886	77.4223
Bordha	16	21.7401	77.4132
Bordhana	35	21.9100	77.5545
Bodi	35	21.8968	77.6990
Borgaon	35	21.9327	77.6903
Bori	35	21.9829	77.6704
Bodu	16	21.6702	77.5530
Bothia	35	21.5223	77.5182
Borkheri	35	21.5264	77.5277
Bokdikhapa	35	21.6060	77.7431
Borgaon	35	21.7024	77.6646
Borgaon	35	21.9184	77.7901
Bondala	35	21.8932	77.9655
Bothi Sihar	35	21.7933	77.8067
Borgaon	35	21.7745	77.7619
Borikhas	35	21.7314	77.8173
Bothiya	35	21.7072	77.7668
Borpani	35	21.7041	77.8824
Bothi	35	21.5432	77.7619
Borpend	35	21.5013	77.9637
Both	16	20.3169	77.6930
Bodegaon	16	20.4091	77.6306
Bodalpur	36	24.8516	83.2050
Bojh	36	24.7738	83.1232
Boryha	16	20.2457	77.6162
Bori	16	20.1587	77.7243
Bothra	16	21.4904	77.0457
Borikheda	16	21.4609	77.0012
Bordi	16	21.1524	77.0313
Bochra	16	21.1590	77.1543
Borgaon	16	20.9898	77.8124
Bori	16	21.4256	77.3764
Borala	16	21.2890	77.3741
Borala	16	21.1743	77.3745
Bodna	16	20.9231	77.8886
Bordi	16	21.1925	77.4908
Bopapur	16	21.2053	77.5056
Borgaon Mohan	16	21.2143	77.6096
Borgaon Peth	16	21.1931	77.5396
Borgaon Talni	16	21.1815	77.5387
Borgaon Dori	16	21.1793	77.5335
Bokurkhera	16	21.0201	77.6052
Bori	16	20.6746	77.9428
Bothia	35	21.4168	77.7665
Boraj	16	21.2529	77.7810
Borana	16	21.2752	77.9290
Borala	16	21.1869	77.7609
Borgaon	16	20.6698	77.4714
Borgaon Khurd	16	20.6359	77.2567
Boravh Buzurg	16	20.3979	77.4097
Boravha Khurd	16	20.2907	77.4675
Borala	16	20.9511	77.4468
Borath	16	20.8202	77.4605
Bori	16	20.1189	77.2622
Borgaon	16	20.2155	77.8821
Bori	16	20.2296	77.9665
Borikhera	35	21.7335	79.6738
Bondri	16	21.3704	79.5405
Bori	16	21.3278	79.5074
Bothli	16	21.2564	79.6752
Botejharitola	35	21.8132	79.9298
Botejhari	35	21.8143	79.9400
Botejharitola	35	21.8252	79.9441
Bopli	35	21.7822	79.8362
Bodalkasa	35	21.7652	79.9809
Bordongri	35	21.6990	79.7582
Bothwa	35	21.6998	79.7746
Bori Hamesha	35	21.6218	79.7990
Bonkata	35	21.6058	79.7598
Bondrani	35	21.5479	79.9789
Borgaon	16	21.2464	79.7778
Bonde	16	21.2141	79.7808
Borgaon	16	21.1480	79.9600
Bodra	16	21.1105	79.9696
Borgaon	16	21.1029	79.8820
Bonde	16	21.0323	79.9712
Bodrawa	36	24.0982	83.2237
Bodradanr	36	24.0177	83.0115
Bodar	36	24.4249	83.3996
Bodaratola	37	24.0356	83.3706
Bopparum	40	17.2840	79.7739
Boresar	35	25.1373	78.6647
Bodar	35	25.9683	78.7539
Bothli	16	20.9920	79.5607
Borgaon	16	20.9666	79.2962
Bori	16	20.9330	79.4840
Botejhari	16	20.7389	79.3346
Bord Kalan	16	20.7154	79.4379
Borgaon	16	20.7057	79.4797
Borgaon	16	20.6651	79.4617
Boregaon	16	20.5898	79.4294
Bordha	16	20.5082	79.4883
Borgaon Buzurg	16	20.7900	79.7256
Borgaon	16	20.8893	79.7566
Bothli	16	20.8382	79.8310
Borgaon	16	20.8321	79.8609
Bodra	16	20.8682	79.9727
Bondgaon Devi	16	20.8883	79.9928
Borde Karar	16	20.8017	79.9704
Bothli Chak	16	20.5289	79.8664
Bodegaon	16	20.5732	79.9144
Borgaon	16	20.6005	79.8863
Bondegaon	16	20.6318	79.8547
Bodkha	16	20.4747	79.0282
Bothli	16	20.4626	79.2169
Borgaon	16	20.3952	79.0355
Borgaon Bhonsle	16	20.3766	79.1033
Borgaon	16	20.3196	79.0576
Borgaon	16	20.2656	79.1819
Botejhari	16	20.1896	79.4403
Borda	16	20.0155	79.4324
Bothli	16	20.4765	79.5236
Bond	16	20.4895	79.7426
Bodra	16	20.3640	79.7655
Bordha	16	20.3304	79.9394
Bormara	16	20.2285	79.9707
Bothli	16	20.1177	79.8157
Bodhi Purwa	36	25.5025	80.3005
Bondargaon	16	18.9590	76.5477
Borda	16	18.8252	76.7357
Bonal	19	16.5153	76.6556
Bodgavhan	16	20.3024	77.8888
Borjai	16	20.3213	77.9920
Borgaon	16	20.3783	77.9598
Bodra	38	24.3144	83.7726
Bokeya	38	24.2721	83.8145
Bongasi	38	24.0981	83.9173
Bompalli	19	18.0843	77.4327
Borul	19	18.2129	77.4236
Bodri Khurd	16	19.5239	78.1748
Bori	16	19.5164	78.1256
Borgaon	16	19.6835	78.1013
Bodri	16	19.4972	78.1931
Bori Rampur	35	23.5263	78.0791
Bowarpalli	40	17.4770	78.4782
Bowanpalli Bazar	40	17.4673	78.4744
Bodewadi	40	17.3903	78.4013
Bojpur	24	27.9602	76.4734
Borias	24	27.7722	76.4843
Bolligutta Tanda	40	17.0117	78.6225
Bodra	35	23.3842	78.1681
Borpani	35	23.2853	78.1298
Borpani	35	23.2792	78.1298
Boinipalli	40	16.7379	78.3464
Bodijanampeta	40	16.9228	78.2043
Bondalpalli	40	16.4400	78.2759
Bodabanda Tanda	40	16.3359	78.4252
Bopalli	40	16.3460	78.4582
Bolligutta Tanda	40	16.3901	78.6910
Boyagudem	40	16.8849	78.9799
Borkhedi	16	19.8942	76.3325
Borkheri	16	19.9838	76.6678
Borina Kalan	24	24.8750	76.2579
Bonhra	24	24.8269	76.3713
Borda	24	24.9208	76.3363
Borda	24	24.9513	76.4480
Borina Khurd	24	24.8632	76.2505
Bonakullur	40	17.8612	79.0766
Bommakuru	40	17.8558	79.1435
Bontagattu Nagaram	40	17.9714	79.2132
Bottalaparre	40	17.9870	79.2207
Bokkaniguda	40	17.3615	79.1714
Bokkallabhavi	40	17.3434	79.2122
Bommakal	40	17.5070	79.6086
Bommakal Tanda	40	17.5112	79.6254
Bodlada	40	17.5448	79.7442
Boparam	40	17.2171	79.5139
Bomkal	40	17.0327	79.5242
Bokhara	35	24.2556	78.2769
Bochi Purwa	36	25.3230	80.5691
Borkheri	35	23.7754	76.3671
Boroti Khurd	16	17.3767	76.2801
Boroti Buzurg	16	17.3773	76.2775
Bogunhalli	19	17.2666	76.4959
Bobai	35	24.1495	78.6519
Bomanhalli	19	17.1042	76.3103
Borgi	19	16.8104	76.2497
Bori	16	19.4506	77.8218
Botha	16	19.9620	78.4647
Borgaon	40	19.5686	78.5289
Boraj	40	19.4660	78.5914
Bopapur	16	19.9034	78.8348
Bodad	16	19.9015	78.8727
Borgaon	16	19.9155	78.9732
Borgaon	40	19.6444	78.7646
Bojhi	36	27.0618	79.1364
Bodha	35	23.7800	78.9733
Borahi	35	24.8957	80.0218
Bol ka Purwa	35	24.9977	80.1495
Boda	35	24.5607	81.3060
Bor	35	22.8433	78.4069
Bordaha	35	24.2419	81.1039
Bobhangama	35	24.4487	81.3413
Boddiha	35	24.1201	81.4941
Bokara	35	24.0927	81.3375
Bokari	35	24.0869	81.3238
Bokro	35	24.3433	81.6096
Bodaria	35	24.0993	81.5236
Bodur Kalan	35	22.0587	78.3129
Bodur Khurd	35	22.0652	78.3151
Bordehi Khurd	35	22.0801	78.4303
Borpani	35	22.4840	78.9569
Bornapalli	40	19.0295	78.8210
Borgaon	35	21.6649	78.0806
Bodhaiyapur	36	25.9503	80.7628
Borgaon	16	21.3464	78.9260
Boharnagar	36	27.5747	79.3844
Bori	16	20.4719	78.5287
Bodhipur	35	24.8189	80.4343
Bori	16	20.2599	78.7094
Bopapur	16	20.3667	78.7065
Bojhi	36	25.9907	82.0503
Bodhipatti	36	25.9762	82.3675
Boria	35	23.4009	79.2766
Bodhapur Sitapur	36	25.7372	82.5867
Bodhipur	36	25.5446	82.7056
Bodhiapur	36	25.6146	82.7005
Bor	35	23.0067	79.3306
Bonwar	35	24.3240	80.1633
Bori	35	24.0400	80.1375
Bohna	35	22.0951	79.0848
Bohna Dhana	35	22.0737	79.0915
Bomeraihia	35	24.4958	80.5316
Boria	35	22.6528	79.4310
Boria Khurd	35	22.6647	79.7388
Boria Kalan	35	22.6645	79.7245
Bosi	36	25.0048	82.4849
Bokaria	36	25.0768	82.5104
Bolia	35	24.3255	80.4764
Boda	35	24.1550	80.5451
Bori	35	24.0815	80.5469
Bodhipur	36	24.8395	82.2134
Bondra	36	24.9274	82.3067
Boda Khurd	36	24.8996	82.4715
Boda Kalan	36	24.8985	82.4698
Bodha	36	29.2820	77.1650
Bodraha	35	24.3945	82.0404
Bodiya	35	24.3042	82.2631
Borihir	35	24.2654	82.3686
Bori	35	24.3171	82.4224
Bodratola	35	24.0778	82.4446
Bodra	35	24.1355	82.4906
Bodarahwa	36	24.2985	82.8023
Borepur	36	25.6914	82.3226
Bodi Khera	36	26.4697	80.9459
Bodh Singh Khera	36	26.4234	80.9811
Boria Kamalpur	10	28.2601	76.5563
Bodhpura	36	25.5420	82.8173
Bori Khera	36	26.1372	80.8422
Bonimau	36	26.2448	80.9425
Boksawali	39	29.7486	78.2653
Bohra	36	27.6022	81.0925
Bohra	36	27.6490	81.2003
Bohra	36	27.6179	81.2173
Bodhi Purwa	36	27.5436	81.2397
Bohiya	36	27.2642	81.0772
Bohari	36	27.3879	81.1144
Bodhe Purwa	36	27.6744	81.5517
Bodhan Purwa	36	27.6571	81.5074
Botal Purwa	36	27.5845	81.5485
Bodhe Purwa	36	27.4139	81.5667
Botin Purwa	36	27.1276	81.7544
Botan Purwa	36	27.1087	81.8121
Bot Purwa	36	27.1287	81.7771
Bot Purwa	36	27.1285	81.8138
Bonapur	36	27.2421	81.8683
Bothia	35	22.3786	79.9584
Boja Muhammadnagar	36	26.8624	81.2656
Boria	36	26.8277	81.2617
Bori	16	21.0441	79.5378
Borgaon	16	21.0643	79.6341
Borgaon	16	21.0506	79.6987
Bora	16	21.4955	79.9779
Bori	16	21.3753	79.7836
Bopeshwar	16	21.3511	79.9181
Borgaon	16	21.3274	79.9194
Bori	16	21.2571	79.8016
Bora Baihk	12	34.1332	74.0529
Bothli	16	20.9668	79.0272
Bothli Khurd	16	20.8983	79.0817
Borgaon	16	20.7797	79.0521
Bori Majra	16	20.7682	79.1043
Borgaon Majra	16	20.7656	79.1001
Bothli	16	20.6898	79.0306
Bothli	16	20.6877	79.1389
Bodkha	16	20.6123	79.0184
Bojasera	39	29.7357	78.7695
Bodhi Khera	36	26.4561	81.2250
Borda	16	20.2315	79.0215
Bonthal	16	20.1564	79.1247
Bothli	16	20.6084	79.6961
Bojhepur	36	26.3091	81.7722
Bodhi ka Purwa	36	25.9010	81.2026
Borchak	16	21.3212	74.0234
Borda	16	21.4636	74.0755
Bodgaon	16	21.0516	74.1702
Bodkikhadi Pada	16	21.0880	74.1432
Borti Pada	16	21.1552	74.2236
Borkheri	16	19.9392	77.1070
Bodki	16	19.8810	77.1397
Boralwari	16	19.8393	77.0655
Borja	16	19.6198	77.0864
Bodian	36	27.0490	81.6429
Bot Purwa	36	27.2470	81.6787
Bodin Purwa	36	27.1596	81.6722
Borda	16	19.5417	77.2608
Bodarwari	16	19.5086	77.3709
Bori	16	19.9505	77.6736
Bori Machendra	16	19.8706	77.5623
Bori Khurd	16	19.8777	77.5500
Botha	16	19.7750	77.6640
Borwari	16	19.7543	77.9672
Borgaon	16	19.6770	77.9805
Bodakha Khurd	16	19.5204	77.9202
Bodakha Buzruk	16	19.5050	77.9397
Borgaon	40	18.9728	78.0003
Bokanpalli	40	18.7818	78.0984
Borgaon	40	18.6518	78.1186
Bodsi	40	18.5616	78.1360
Bompalli	40	18.4265	78.2047
Bonal	40	18.2616	78.1005
Boji	36	26.0486	81.8588
Bohal Purwa	36	26.0170	81.9207
Boda	12	33.5780	74.2893
Bolarum	40	18.1608	78.0694
Boparam	40	18.9684	78.2958
Bodepalli	40	18.8595	78.3639
Bo Naorbal	12	33.3186	74.5338
Bohargaon	39	29.9080	79.2118
Bokanpur	36	27.0742	82.4435
Bodhapar Mafi	36	27.1184	82.8374
Bomana	40	18.7235	78.7252
Bopapur	40	18.3798	78.6304
Boru	12	33.9143	74.7521
Bohu	12	33.8224	74.8571
Bodabaegh	12	33.9143	74.9125
Bopapur	40	18.1696	78.5940
Bonal	40	18.0327	78.5437
Bojhwa	36	26.3730	82.2123
Bodinarg	12	33.7266	74.9609
Boh	12	33.5638	74.9673
Boinpalli	40	18.5129	78.9380
Bolaram	40	18.4937	78.7969
Bonal	40	18.3971	78.7765
Bohan	36	26.9707	82.5536
Bodhpur	36	26.9045	82.6528
Bodhapur	36	26.8269	82.7223
Bodhipur	36	26.5314	82.7108
Bodwal	36	26.7650	82.9016
Bohari	36	26.6450	82.7827
Boknar	36	26.7107	82.8255
Bohna	36	25.9350	83.3067
Bongariya	36	25.8379	83.2671
Bordha	35	22.3791	77.7352
Bori Buzurg	16	20.3450	77.8563
Bodhi Patti	36	26.3351	82.9887
Bodra	36	26.2345	82.8560
Bobanpur	36	26.0578	82.9624
Bodur	12	33.8216	75.1603
Bokwa	36	27.2224	83.3653
Bolus	12	33.7015	75.0277
Bohgund	12	33.6884	75.0540
Bod Gopalpur	12	33.7269	75.2108
Bontuh	12	33.6506	75.1794
Bodhia	36	26.8695	83.1072
Bojha	36	26.4617	83.1318
Boha	36	26.8833	83.3795
Bohabar	36	26.5159	83.5632
Bodhipur	36	25.6949	81.6444
Bodh ka Purwa	36	25.7205	81.6816
Bodhipur	36	25.7033	81.6389
Bodas	12	33.2891	75.0390
Bohar Dhar	12	33.3640	75.2290
Bonkatar	12	33.0815	75.1415
Borka	12	33.2468	75.1947
Bori	16	19.4408	80.3264
Botanphundi	16	19.4545	80.3994
Boria	16	19.3466	80.4782
Bodi Chandren	12	33.3599	75.4319
Bokhar-da-Kund	12	33.3233	75.4836
Boraigudem	16	18.7376	80.1722
Boraigudem	40	18.6836	80.2131
Bot	12	33.7931	75.5704
Boerpathar	41	33.8203	75.6761
Borlagudem	40	18.4849	80.1326
Bonagiripalli	40	18.4427	80.0625
Borsia	36	25.6329	83.6221
Bodugudem	40	18.5091	80.3562
Bommanapalle	40	18.3907	80.4956
Bommanapalle	40	18.3917	80.4832
Bodupara	37	18.7832	80.5563
Borugudapara	37	18.7756	80.5472
Bonkra	12	33.0829	75.5710
Boli	12	33.0973	75.7320
Bora	12	33.0145	75.7123
Botiyan	12	32.5538	75.2637
Boriyan	12	32.7405	75.4839
Boparai	23	32.0069	75.2725
Borung	12	32.7286	75.6738
Bolu	12	32.7022	75.7255
Bojhwa	36	25.9540	81.8517
Bojha	36	25.8201	81.8750
Bojhi	36	25.8143	81.9226
Bomanpur	36	25.6265	81.9661
Boan	23	32.4123	75.7417
Bodoli	12	32.4610	75.6181
Bode ka Purwa	36	25.1531	81.7735
Bodhapura	36	25.2408	81.9441
Bordi	35	23.0737	74.6280
Borda	35	22.3981	74.3759
Borkher	35	22.3172	74.3527
Borana	35	22.3101	74.3818
Bodgaon	35	22.1323	74.5502
Borkhedi	35	22.0150	74.6565
Bomia	35	22.0310	74.8567
Bodhwada	35	22.0895	74.9469
Bodhani Talab	23	32.3307	75.7688
Bodhani	23	32.3319	75.7543
Bod	11	32.2864	75.8687
Bojur ka Basa	11	32.4039	75.9558
Borvan	16	21.8171	74.2286
Borala	16	21.4812	74.5975
Bodhe	16	20.5489	74.6563
Borvihir	16	20.7837	74.8431
Bodgaon	16	20.7574	74.9480
Bokadadara	16	20.0730	74.1963
Borgaon	16	20.0702	74.4450
Boigaon	16	20.3598	74.5094
Borale	16	20.4893	74.7492
Borkheri	35	22.5736	75.7919
Borkheri	35	22.5101	75.7810
Bordawda	35	22.2570	75.8168
Bomlia Chauki	16	21.4087	75.0956
Bondva	35	21.4094	75.9632
Borval	35	21.4541	75.8744
Boria	35	22.8497	80.2135
Borkheda Budrukh	16	20.5556	75.0325
Bodarda	16	20.6313	75.1585
Bornar	16	20.6410	75.1458
Borgaon Khurd	16	20.9520	75.2816
Borgaon Budrukh	16	20.9541	75.2807
Borkheda Budrukh	16	20.9452	75.2502
Bornad	16	20.8460	75.4359
Borsar Khurd	16	20.0994	75.0517
Borsar Budrukh	16	20.1018	75.0493
Bormal Pada	16	20.4841	75.3921
Bodad	16	20.4911	75.6850
Bodial	11	32.1739	75.7699
Bojgaon	16	20.4423	75.5706
Bordala	16	20.3643	75.5438
Borgaon	16	20.3471	75.5007
Borgaon Sarvani	16	20.3424	75.5011
Borkhed	16	20.4914	75.8580
Bodegaon	16	20.3162	75.9827
Borgaon	16	20.2702	75.8677
Borkhedi	16	20.1746	75.9487
Borgaon Taru	16	20.1319	75.7774
Bopa Rai Baj Singh	23	31.6475	74.7407
Bopa Rai Kalan	23	31.6419	74.7237
Bopa Rai Khurd	23	31.6406	74.7185
Bori Pipardahi	35	22.3998	80.1864
Bori	35	22.4461	80.2350
Bori	37	20.7925	81.2983
Borki	37	20.7512	81.2836
Borra	37	20.7514	81.4121
Borgahan	37	20.8817	81.3621
Bodal	37	20.8916	81.3900
Borwai	37	20.9370	81.4227
Bohara	37	20.8150	81.4719
Bortara	37	20.6950	81.4033
Bohardih	37	20.6785	81.4233
Borid Kalan	37	20.6412	81.4910
Boria	35	22.5136	80.3223
Bodeli	37	20.4019	81.4537
Borenjapara	37	20.1917	81.2511
Bodagaon	37	20.1203	81.2924
Borid	37	20.9920	81.5160
Borjhara	37	20.8836	81.5592
Bodachhapar	37	20.7645	81.7027
Bokar	35	22.4926	80.4611
Bodaljhola	35	22.2185	80.3540
Boda	35	22.1717	80.4768
Borasilli	35	22.7467	80.6113
Bodhanwara	35	22.4791	80.6482
Boharwala	23	31.8691	74.9220
Bopa Rai	23	31.2474	74.7870
Bohela	10	29.0811	76.8568
Bowanalakhu	10	29.2236	76.8391
Boda	35	22.3010	80.7775
Bodlawala	23	30.8091	74.6037
Boda	35	22.0317	80.8685
Bodalpani	37	22.0268	80.9982
Borewal Afghanan	23	31.8158	75.0111
Borewal Kang	23	31.7814	75.0244
Bori	35	21.9170	80.0323
Boda	35	21.8411	80.2009
Bodewal	23	31.5028	75.1769
Bothangarh	23	31.5848	75.1163
Bolara	23	31.6467	75.1636
Bopara	23	31.6695	75.1573
Bohatwala	10	29.3764	76.3793
Borvan	16	21.6883	74.2741
Bospur Jadid	23	31.2748	75.1017
Boh	23	31.3842	75.1855
Boh	23	31.3855	75.2124
Boghewala	23	31.0123	75.0959
Boda	16	21.5034	80.0210
Boyal	24	26.0037	73.7651
Bodalkasa	16	21.3551	80.0101
Borgaon	16	21.3696	80.1346
Boranda	16	21.3151	80.1008
Bortola	16	21.3997	80.2425
Bote	16	21.3491	80.2451
Boritola	16	21.2943	80.2082
Bodanda	16	21.2221	80.0679
Bopadobi	16	21.1078	80.0841
Bothli	16	21.1431	80.1576
Bopane	16	20.2563	74.2314
Bori	35	21.7902	80.2624
Bodalbahera	35	21.8375	80.3793
Bortola	35	21.6853	80.4075
Bori	35	21.5017	80.4157
Borgaon	35	21.5796	80.4249
Bodaljhola	35	21.7002	80.4948
Bothli	16	21.3674	80.3279
Boda	16	21.4962	80.3524
Borkanhar	16	21.3228	80.3963
Bori	35	21.4566	80.4932
Bothli	35	21.4184	80.4905
Bodalbori	16	21.2958	80.4549
Boritola	35	21.4678	80.4970
Borgaon	16	21.0095	80.3884
Borgaon	16	21.0097	80.4067
Borgaon	16	21.1115	80.3709
Bodaldand	37	21.1203	80.4615
Bolewal	23	31.8826	75.2530
Bopa Rai	23	31.7431	75.3590
Botala	23	31.5303	75.3628
Bolewal	23	31.6461	75.3223
Bondarakasa	35	21.6701	80.6633
Bodhadalka	35	21.5035	80.6510
Bondari	35	21.7436	80.6326
Bondaritola	35	21.7309	80.6338
Bornadi	24	25.8289	73.8117
Boti Shah	23	31.9716	75.5673
Bodal	23	31.7793	75.6693
Bordi	35	21.4307	80.5316
Bori	35	21.4725	80.6694
Boitola	16	21.2579	80.6252
Bolewal	23	31.7112	75.6303
Bola	23	31.6475	75.5050
Boparai	23	31.5435	75.5591
Bochalian	24	25.7282	73.9940
Borimadho	24	25.6954	73.8667
Boirdih	37	21.0079	80.6627
Bohali	11	31.9384	75.9474
Bohala	11	31.9566	75.9729
Bohala	11	31.9537	75.9679
Boijidongri	37	21.8090	80.8468
Bori	35	21.8551	80.7946
Bodiban	37	22.2827	82.1477
Borsar	16	20.0080	74.8480
Bodsara	37	22.0084	82.0511
Bothidih	37	22.0119	82.2312
Boida	37	22.2461	82.4472
Boriya	35	22.7216	75.6899
Borsi	35	22.7313	75.7124
Bohara	16	21.1789	75.0207
Borgaon	16	21.1232	75.0194
Boranara	37	22.5989	82.6522
Borla	37	21.3589	80.7819
Borkheda	16	21.2581	75.3578
Borchauki	16	21.3547	75.4052
Borkheda	16	21.0372	75.3868
Borgaon	35	21.9330	75.7096
Borgaon	35	21.8590	75.5524
Borgaon	35	21.8115	75.6884
Boerdih	37	21.3019	80.9470
Bola	16	20.7972	75.0172
Bodarda	16	20.8958	75.0987
Borsara	37	22.0291	82.5182
Bokramunda	37	22.1298	82.5975
Bongru	37	22.8926	82.8824
Borkheda Khurd	16	20.4935	75.0769
Bodra	16	20.3744	75.0609
Bopevadi	16	20.4481	75.2197
Bodkha	16	20.1586	75.2592
Bodhegaon Budrukh	16	20.2104	75.4642
Bodhegaon Khurd	16	20.2067	75.4597
Bohardih	37	21.8020	82.3654
Bohardih	37	21.8640	82.3671
Borsi	37	21.8781	82.3654
Bohapara	37	21.9802	82.3541
Borsi	37	21.5574	82.3708
Borda	37	21.7815	82.5721
Borsi	37	21.7828	82.7348
Borda	16	20.9871	80.0753
Bortola	16	20.8991	80.0434
Borda	16	20.8569	80.0784
Bonde	16	20.9287	80.0978
Bondgaon	16	20.7883	80.1521
Boirdih	37	21.7997	82.8926
Borasara	37	21.8504	82.8632
Bori	16	20.7026	80.0323
Boirdih	37	21.6010	82.8263
Bora	37	21.5406	82.7662
Boradih	37	21.5424	82.7758
Boriajhar	37	21.0687	82.1406
Borid	37	21.3940	82.2675
Bodra	37	21.2110	82.2567
Boirgaon	37	21.1008	82.3010
Boria Khera	36	27.1997	80.5878
Bodridadar	37	21.0023	82.5400
Boirlami	37	21.1334	82.6295
Bordha	16	20.6936	80.0485
Bohitapur	36	27.6921	80.9827
Bori	16	20.3434	80.0751
Bordha	16	20.3237	80.0701
Bori	16	20.3266	80.1960
Bodhli Tukum	16	20.1867	80.0581
Bodhli	16	20.1902	80.0601
Bothera	16	20.2478	80.1270
Bonde	16	20.9259	80.2716
Bonde	16	20.7594	80.4136
Bodaldand	16	20.8026	80.4286
Bodaldand	16	20.9656	80.4236
Boparai	23	31.1685	75.5146
Bohan	23	31.4607	75.9534
Boparae	23	31.1267	75.7650
Bojhora	11	32.8296	76.1276
Boga	11	32.5151	76.1753
Bortola	16	20.6989	80.2687
Bortola	16	20.5096	80.2665
Bondetola	16	20.7498	80.4149
Bot	11	32.4781	76.0200
Boh	11	32.3084	76.1831
Boria	16	20.1323	80.3387
Bodin	16	20.1577	80.3835
Boregaon	37	20.2149	80.4484
Botekasa	37	20.7754	80.5480
Bogatola	16	20.8261	80.5324
Bogatola	37	20.7504	80.5643
Bojela	24	25.1676	73.8270
Boraj ka Khera	24	25.1071	73.8435
Boraj	24	25.1017	73.8351
Borela	24	25.0250	73.8104
Bowari	11	32.2473	76.0634
Bohar Kawalu	11	32.0823	76.1891
Boritola	16	20.6947	80.5636
Bori	16	20.6866	80.5674
Botejhar	37	20.5567	80.6331
Bodankhera	16	20.3216	80.5547
Bodankheratola	16	20.3165	80.5484
Botejhari	16	20.4653	80.5989
Borkanhar	37	20.2600	80.7213
Bogatola	37	20.6465	80.8511
Bogatola	37	20.6107	80.9523
Bordih	37	20.7104	80.7709
Botehur	16	20.0818	80.5371
Boirdih	37	20.7854	80.7628
Bodhitola	37	20.9677	80.8539
Bodal	37	20.6609	80.7642
Boirdih	37	20.5613	80.7552
Boria Brahman	37	20.4514	80.8799
Bodra	37	20.4481	80.9527
Bodai	37	22.4673	81.1923
Bodhgundi	35	22.6913	81.0186
Bokarkhar	37	22.2522	81.1253
Bolda Kalan	37	22.1769	81.2474
Bolda Khurd	37	22.1787	81.2318
Bondar	35	22.8202	81.2566
Boria	37	22.2660	81.3035
Bohil	37	22.4359	81.4122
Boirkachra	37	22.1757	81.2787
Bodaikunda	37	22.0955	81.2959
Bortara	37	22.1497	81.4226
Bohiatola	35	22.9201	81.5759
Boda	35	22.8398	81.5638
Boita	35	22.8963	81.6202
Bondar	35	22.6960	81.6585
Bodar Balla	11	32.1018	76.2943
Bodah Buhla	11	32.0200	76.4753
Bodah Uparla	11	32.0265	76.4738
Bohia	36	27.0694	81.0241
Bortara	37	22.2599	81.6171
Boira	37	22.4872	81.6000
Bodhipara	37	22.2412	81.5044
Boda	37	22.1208	81.5655
Bodhipara	37	22.0587	81.5647
Bortara	37	22.0504	81.5971
Bodhapara	37	22.1582	81.6479
Bohl	11	32.1378	76.5517
Bodhal	11	32.0520	76.5376
Bohl	11	32.0086	76.6940
Boda	35	24.3220	79.9391
Bochang	11	32.0106	76.8618
Bokrakachhar	37	22.4342	81.8221
Boirpara	37	22.1866	81.7535
Bordehi	37	21.9366	81.4190
Boria	37	21.6857	81.6833
Boria	37	21.6797	81.6912
Botabor	37	21.9394	81.7606
Boirjhiti	37	21.5685	81.8877
Borsi	37	21.6738	81.9170
Bortara	37	21.6960	81.9231
Bohardih	37	21.3020	81.9636
Bothli	37	21.2573	81.9746
Bora	23	31.2013	76.1939
Bohara	23	31.0872	76.0237
Bohrkar	11	31.9652	76.4608
Bohl	11	31.7825	76.3203
Bohri	11	31.2108	76.6726
Boharpar	37	21.3051	82.9189
Bolna	11	31.6851	76.9406
Bobri	11	31.4638	76.8787
Bohi	11	31.3624	76.9222
Bongar	11	31.3083	76.8417
Bombeli	11	31.2669	76.9859
Boran	23	30.6017	76.4558
Boha Kheri	23	30.6098	76.5782
Boppanalli	19	14.5541	74.8005
Boppanalli	19	14.6990	74.8870
Bohdni	11	30.9754	76.9056
Bohag	11	31.1399	77.2347
Boileauganj	11	31.0996	77.1397
Borid	37	20.9717	82.0639
Bodki	37	20.8977	82.0440
Boirgaon	37	20.8448	82.1120
Boriyajhar	37	20.8342	82.2403
Boirgaon	37	20.5880	82.0050
Borda	24	25.7783	75.3293
Bodra	37	20.3153	82.0235
Boirgaon Kalan	37	20.4347	82.1075
Borani-ka-Bara	24	25.6490	75.2946
Boya-ka-Jhonpra	24	25.6549	75.3106
Borkhera	24	25.5097	75.4791
Bokramura	37	20.9946	82.3258
Borrabandha	37	20.9485	82.2747
Boirgaon	37	20.9357	82.4270
Borkunda	24	23.2204	74.1504
Bordabra	24	23.2063	74.2156
Boriabhit	09	23.0863	74.0182
Borpani	09	23.0399	74.0793
Bohirgaon	37	20.7448	82.2725
Bohirgaon	37	20.6223	82.2788
Borara	21	20.5055	82.4879
Borkheri	24	23.2281	74.3944
Borlipara	24	23.1473	74.4861
Borkheri	24	23.1412	74.3813
Borsad	09	23.0605	74.2974
Borkunda	24	23.0670	74.3374
Borapala	37	20.3757	82.2798
Boirbhadi	21	20.8733	82.6077
Boirgaon	21	20.2218	82.5447
Borpadar	21	20.7000	82.6152
Bongamura	21	20.7417	82.6761
Bodlapara	21	20.2347	82.6128
Bohla	38	23.8064	83.6994
Bomanalli	19	14.4942	74.7655
Bodna	11	30.9488	77.6005
Bohar	11	30.8002	77.7119
Bonoh	11	30.7867	77.6474
Bor	11	30.7741	77.5025
Boditola	37	23.5802	83.7152
Bor Kheri Kabal	35	23.9868	76.0740
Bor Kheri	35	23.7654	76.2318
Bor Kheri Saloki	35	23.8506	76.1463
Boila	38	23.9856	83.7886
Borri	38	23.9713	83.8421
Bokhari	35	23.5515	76.1576
Borkheri	35	23.6778	76.1937
Bogeya	39	30.7813	77.7614
Bogano	39	30.8982	77.9304
Bornagondi	02	17.4044	81.5748
Boddagondi	02	17.8649	81.8783
Bodumamidi	02	17.9474	81.8572
Bodlova	02	17.6257	81.7775
Boddapalle	02	17.5497	81.9098
Bodlanka	02	17.7439	81.8492
Bornagudem	02	17.4178	81.7769
Borda	35	23.3747	76.2046
Borri	35	23.4041	76.2226
Borkheri	35	23.4735	76.1577
Bolagonda	02	17.4807	81.8540
Bokrel	37	21.9678	83.0652
Bohardih	37	21.7941	83.0847
Borasagar	37	21.9211	83.0930
Bordaputi	37	21.8156	83.2390
Borsi	37	21.7718	83.2306
Bordadhakar	35	23.2056	76.1222
Bordamanda	35	23.1882	76.0402
Borkheri	35	23.1687	76.0404
Bodani	35	23.0588	76.0210
Borkheri Dhakar	35	23.0184	76.0781
Borida	37	21.6289	83.0019
Boirmal	37	21.5633	83.0223
Boirdih	37	21.5630	83.1469
Bohardih	37	21.6443	83.1377
Bodapali	37	21.4034	83.0340
Boresara	37	21.3966	83.0818
Bonda	37	21.3381	83.0515
Bonda Nawapali	37	21.3247	83.0616
Boirmal	37	21.3230	83.1353
Bohrabahal	37	21.4428	83.1221
Boransi	39	30.0767	78.9846
Bokramunda	37	21.8676	83.2606
Bodadera	37	21.8710	83.4145
Boirdih	37	21.8421	83.4401
Bodajharia	37	21.7507	83.4642
Bonda	37	21.7257	83.3273
Bonda	37	21.6469	83.2988
Bokramura	37	21.6415	83.2967
Boirdih	37	21.5635	83.3031
Bore	37	21.5911	83.3476
Borida	37	21.6429	83.4241
Bodha	36	28.3119	78.1680
Bohach	36	28.2783	78.0834
Bolai	35	23.3827	76.4751
Boitikra	21	21.3093	83.3880
Bor Kher	35	23.9720	76.5559
Bolanpali	21	21.0769	83.6520
Boipur	21	21.2016	83.8820
Bommarajupalle	40	18.0103	80.7267
Borjay	37	18.8544	80.7701
Bosagudem	37	18.7656	80.8689
Bodhan	36	27.7905	81.3364
Botnia	36	27.8928	81.4287
Boda Purwa	36	27.5482	81.3861
Bodanalli	40	18.0226	80.9341
Bodhi Purwa	36	27.3141	81.3447
Bore Purwa	36	26.1292	81.3022
Bojhi Bholamau	36	26.2250	81.5111
Bojhi	36	26.0153	81.6133
Bojhi	36	26.2403	81.7245
Bondupodoro	21	18.4573	82.7829
Borda	21	18.4891	82.8021
Boduguda	02	18.3152	82.7770
Bodiguda	02	18.3083	82.8832
Bondguda	02	18.3559	82.8505
Bondguda	02	18.3802	82.8770
Bodlamamidi	21	18.4127	82.8601
Boyivalasa	21	18.4579	82.8776
Bomnijala	21	18.4894	82.8450
Bodeguda	21	18.3936	82.9421
Bodevalasa	21	18.4214	82.9515
Bosbera	02	18.2919	82.9198
Bondaguda	02	18.2875	82.9561
Bondaguda	02	18.3022	82.9634
Boriguda	02	18.3192	82.9641
Bondamu	02	18.3074	82.9916
Boyiguda	02	18.2858	82.9809
Bodigaput	02	18.2165	82.7841
Bodagandi	02	18.1807	82.8221
Borapalem	02	18.2068	82.8280
Bodaput	02	18.1168	82.7899
Bodaput	02	18.1689	82.8009
Boddaput	02	18.1111	82.8810
Bodaput	02	18.1990	82.8375
Boraput	02	18.2451	82.8406
Bodapadu	02	18.1944	82.9681
Bodapadu	02	18.0365	82.9926
Bommarayapuram	25	12.5038	80.0793
Bommarajukunta	02	16.8353	81.0620
Bolinavarigudem	02	16.9681	81.1211
Bodamanupakalu	02	17.8438	82.1569
Bontupalle	21	17.9969	82.2376
Bonangipalem	02	17.5156	82.0953
Bodagondi	02	17.6269	82.2023
Boyavatu	02	17.6368	82.2282
Bommuluru Khandrika	02	16.6382	81.0024
Bolleneni Agraharam	02	16.5512	81.2397
Bodlanka	02	17.4506	82.0626
Bongadalupadu	02	17.4058	82.0281
Borunagudem	02	17.4272	82.1223
Borrampalem	02	17.1517	82.0166
Boyanapudi	02	17.0078	82.1905
Bojipeta	02	16.9111	81.2913
Bommidi	02	16.8011	81.4704
Boyapadu	02	17.8772	82.4630
Bodapalle	02	17.6923	82.2538
Boddamamidi	02	17.5971	82.3078
Borampet	02	17.5992	82.3223
Bondada	02	16.5295	81.4549
Bobbiligudem	02	16.4867	81.2543
Bodapadu	02	16.7645	81.5637
Bobbanapalle	02	16.4960	81.6332
Bobbellapadu	02	16.7160	80.2042
Boduputtu	02	17.9511	82.6436
Boddrevu	02	17.9473	82.7208
Bodapalem	02	17.5446	82.6083
Bondilipalem	02	17.7389	82.6772
Bonkulapalem	02	17.7500	82.5593
Bollavaram	02	16.3534	80.0861
Botlapalem	02	16.4255	80.1307
Boddavaram	02	17.4475	82.5075
Boyapadu	02	17.3597	82.7042
Bodugollam Agraharam	02	17.4323	82.7013
Boyipadu	02	17.9110	82.8625
Boyilakitada	02	17.8839	82.9654
Boppudi	02	16.0778	80.1329
Bondagunta	02	16.9899	82.2573
Boddavenkatapalem	02	16.8034	82.2495
Bondaguda	21	19.8170	83.0375
Boreguda	21	19.7948	83.0123
Borebhata	21	19.9477	83.1279
Boreguda	21	19.9581	83.2083
Bondelguda	21	19.7381	83.0555
Bondelguda	21	19.6920	83.0418
Boreguda	21	19.5692	83.1006
Borigumma	21	19.6461	83.1029
Boringi	21	19.5228	83.0947
Boringpadar	21	19.8913	83.3185
Boriguda	21	19.9027	83.4297
Bondumunda	21	19.8458	83.4764
Boripadar	21	19.5968	83.2767
Boriguda	21	19.5474	83.3125
Bondili	21	19.5331	83.3862
Bongupari	21	19.5417	83.3921
Borebhata	21	19.7128	83.3979
Boringpadar	21	19.7440	83.4390
Boriguda	21	19.6578	83.4677
Boriguda	21	19.6554	83.4785
Boriguda	21	19.5699	83.4596
Bondili	21	19.5472	83.4390
Bonduguda	21	19.5722	83.4984
Borigam	21	19.8051	83.5046
Bodal Kalan	37	18.9414	82.0101
Bodal Khurd	37	18.9339	82.0035
Borravaripalem	02	16.2062	80.3574
Bodipalem	02	16.0225	80.4825
Borigam	37	19.2988	82.0583
Bodiguda	37	19.3599	82.0995
Bondimal	21	19.4227	82.2384
Borpadar	37	19.1596	82.0058
Borbhata	37	19.0292	82.0678
Borbhata	37	19.0840	82.1181
Bodo Puspal	37	18.9759	82.0811
Bodopoda	21	18.7874	82.2387
Bollalambai	21	18.5200	82.0196
Bonaguda	21	18.5100	82.0643
Bogam	21	18.5802	82.2356
Boipariguda	21	18.5021	82.2459
Bonduguda	21	18.4751	82.0303
Boroja	21	18.4162	82.1044
Bonduguda	21	18.4540	82.2237
Bodoguda	21	18.9779	82.3249
Bodondal	21	18.8504	82.2749
Boroguda	21	18.8360	82.3136
Bondguda	21	18.8069	82.3286
Bondiliguda	21	18.7736	82.3483
Bodoguda	21	18.8109	82.3755
Bondiaguda	21	18.8901	82.3396
Boraguda	21	18.8951	82.3621
Borandiguda	21	18.9906	82.4647
Borogam	21	18.8645	82.4276
Borogam	21	18.8475	82.4531
Bodo Jauna	21	18.9248	82.4994
Bondali	21	19.4739	83.1291
Boribhata	21	19.4574	83.2072
Bondalmali	21	19.4384	83.2231
Bodiliguda	21	18.5387	82.2535
Boyaguda	21	18.5592	82.2700
Boliguda	21	18.7302	82.4870
Boddaputtu	21	18.6917	82.4851
Bonpadar	21	19.1323	83.0633
Bommelu	21	18.5968	82.4851
Bongutlaberu	21	18.5738	82.4989
Boriputtu	21	19.0824	83.1575
Borigumma	21	19.1308	83.1606
Bodapada	21	18.4708	82.3123
Bodoballe	21	18.4663	82.3293
Borramamidi	02	18.3376	82.3764
Bongaputtu	02	18.3305	82.3773
Boriguda	21	18.4185	82.3533
Bojaguda	21	18.4249	82.3632
Bodiliguda	02	18.3356	82.4745
Boroloda	02	18.3441	82.4800
Bondapalle	02	18.2620	82.4884
Boddaguda	21	19.4266	83.3071
Bolidhiya	21	19.3882	83.3067
Borapai	21	19.3408	83.2809
Boddapadu	21	19.3460	83.3500
Bondapadar	21	19.4449	83.3685
Boriguda	21	19.4658	83.4790
Bondaguda	21	19.4675	83.4969
Boriguda	21	19.3105	83.4424
Bodapodoro	21	18.9817	82.5278
Boruputtu	21	19.0323	83.2644
Boriguda	21	19.1257	83.4333
Bodukapadu	21	19.2923	83.5902
Bonduguda	21	19.3568	83.5887
Bondili	21	19.3513	83.6559
Boriguda	21	19.3805	83.6089
Bobbiri	21	19.4697	83.6574
Bondichuvva	21	19.4922	83.5849
Boddaguda	21	19.4767	83.7174
Boduguda	21	19.3691	83.7116
Botara	21	18.0518	82.3130
Bongjangi	02	18.2005	82.3864
Boirajultota	02	18.2218	82.4795
Bongronga	02	18.1661	82.4464
Bongtela	02	18.1285	82.4387
Bodaputtu	02	18.0623	82.4155
Boddagondi	02	18.0667	82.4783
Bonuguda	21	18.8904	82.5204
Boiguda	21	18.8636	82.5788
Bodosai	21	18.8660	82.5809
Bodapodoro	21	18.8143	82.5243
Bottachinchi	21	18.8141	82.5370
Bondiguda	21	18.8025	82.6070
Bodoguda	21	18.8551	82.6108
Boriputtu	21	18.9585	82.6575
Bondakotro	21	18.9089	82.7128
Bornuputtu	21	18.7484	82.5750
Borilapadu	21	18.5853	82.5094
Bodiliguda	21	18.5626	82.5183
Bondupoda	21	18.5473	82.5370
Bodiliputtu	21	18.5623	82.5943
Bodopoda	21	18.5513	82.6194
Boruputtu	21	18.5920	82.7383
Bodopoda	21	18.5657	82.7348
Bodiliguda	21	18.5241	82.7213
Bodilipundi	21	18.5505	82.6550
Bodomunda	21	18.5911	82.6449
Bodo Sunki	21	18.7240	82.7103
Boiguda	21	18.7403	82.7314
Bodaput	02	18.1815	82.5050
Bongajangi	02	18.1137	82.5315
Boratande	02	18.1282	82.5229
Bordaput	02	18.1226	82.5522
Bontrodput	02	18.1341	82.5482
Bodomel	02	18.0749	82.5694
Bodaput	02	18.0384	82.5908
Bokeli	02	18.0732	82.6126
Bondaput	02	18.1240	82.6007
Bodaput	02	18.1451	82.6370
Bongteli	02	18.1975	82.6208
Bodaput	02	18.1842	82.6300
Boddaput	02	18.2498	82.7019
Bodaput	02	18.1568	82.7403
Bodili Maliguda	21	18.9352	82.7760
Bodapodoro	21	18.9781	82.8142
Bodomundaguda	21	18.9162	82.8179
Bodiliguda	21	18.7696	82.7528
Boriguda	21	18.7649	82.7828
Bodaguda	21	18.8088	82.8386
Boiguda	21	18.8721	82.9107
Bodoputtu	21	18.7454	82.7923
Bodenga	21	18.6923	82.8104
Bodo Sua	21	18.6112	82.8039
Bodopodoro	21	18.5410	82.7718
Bodopodoro	21	18.5719	82.7991
Borda	21	18.5055	82.8043
Bordavalasa	21	18.5018	82.8108
Boiriguda	21	18.5459	82.8353
Boddavalasa	21	18.5547	82.8488
Boiroguda	21	18.6161	82.8468
Bodiliguda	21	18.7280	82.8906
Bodokundi	21	18.6849	82.9681
Bonduguda	21	18.6347	82.9150
Borubanda	21	18.6510	82.9878
Bodovalasa	21	18.5613	82.9175
Bodiliguda	21	18.5550	82.9490
Bodaparu	21	18.5786	82.9906
Boddavalasa	21	18.5546	82.9725
Boddapadu	02	16.3976	80.7736
Boliapadu	02	16.4105	80.8834
Bokinala	02	16.4642	80.8450
Bodepalli	37	18.5375	81.2021
Bora Kondasanvali	37	18.5146	81.2405
Boimada	21	19.1766	83.5828
Boriguda	21	19.1197	83.5271
Boddini	02	19.0617	83.6438
Boringbai	21	19.1917	83.5983
Bodaguda	21	19.1545	83.6933
Botangi	21	19.0942	83.7231
Botidi	02	19.0012	83.5013
Borchiguda	21	19.5794	83.7934
Bokkagudi	21	19.5183	83.7862
Bondari	21	19.6352	83.9074
Bonganagam	21	19.6832	83.8675
Bondaguda	21	19.6403	83.9214
Bondru	21	19.7496	83.7517
Botetongu	37	18.1906	81.0348
Bobhadra	21	19.2602	83.8552
Boibandh	21	19.3332	83.9493
Bodasingi	21	19.1476	83.8363
Bondaguda	21	19.1285	83.7984
Bondaguda	21	19.0526	83.8273
Borai	21	19.0984	83.9711
Bodamsingi	21	19.1257	83.9517
Bodapalli	21	19.2483	83.9479
Bodam	37	18.9401	81.3236
Bodipara	37	18.5421	81.3645
Boragapara	37	18.7395	81.3512
Borikonda	21	18.8539	83.0767
Boda Panasa	21	18.8098	83.0395
Bodisila	21	18.7469	83.0591
Bodapadu	02	18.5928	83.1173
Borramadi	21	18.5445	83.0203
Boddavalasa	21	18.5341	83.0037
Boddavalasa	21	18.5314	83.0166
Boddapadu	21	18.5022	83.0062
Bodipalleyanivalasa	02	18.5078	83.1095
Bobbilivalasa	02	18.5069	83.1141
Borrapanukuvalasa	02	18.6154	83.2131
Bodaidoravalasa	02	18.6641	83.1638
Botivalasa	02	18.6784	83.2168
Bodu Somanthavalasa	02	18.7044	83.2165
Boddavalasa	02	18.6963	83.1671
Bondupadu	02	18.4474	83.0237
Bondiguda	02	18.3631	83.0495
Bodanayuduvalasa	02	18.4722	83.0869
Borakalu	02	18.3307	83.0593
Bondiguda	02	18.3005	83.0344
Bondiguda	02	18.2964	83.0092
Borra	02	18.2778	83.0427
Boddapadu	02	18.3961	83.1052
Borramamidi	02	18.3991	83.1304
Bodilavalasa	02	18.4450	83.1400
Bodavalasa	02	18.3735	83.1405
Bongija	02	18.2771	83.1848
Bodiguda	37	18.0811	81.4263
Bonduguda	02	18.2499	83.0263
Boddidi	02	18.9947	83.4939
Boddavalasa	02	18.7464	83.2591
Borja	37	18.9996	81.5572
Bodenar	37	18.8993	81.5633
Bondenar	37	18.8868	81.5780
Bodetapara	37	18.8917	81.5529
Bodenar	37	18.8667	81.5861
Borkaipara	37	18.6905	81.5674
Boyapara	37	18.5511	81.5383
Bondiyapara	37	18.5929	81.5868
Borkogudiam	37	18.4252	81.5210
Borguda	37	18.4126	81.6825
Borasingipeta	02	18.2718	83.3366
Bojarajupuram	02	18.4018	83.3734
Boddanayuduvalasa	02	18.4126	83.4298
Bodatoravalasa	02	18.3513	83.4629
Bodamettapalem	02	18.0114	83.4137
Botsapeta	02	18.0370	83.3936
Bondapalle	02	18.2422	83.3488
Bodal Kalan	37	18.9263	81.9886
Bogan	37	18.6734	81.7870
Bopavada	37	18.6088	81.8350
Bodavada	37	18.7324	81.9141
Bondey	21	18.6092	81.9356
Boddeluguda	21	18.1994	81.7874
Botaras	37	18.4661	81.7553
Bondikiguda	21	18.4127	81.8101
Boddagatta	21	18.0478	81.7997
Bodiliguda	21	18.0892	81.8798
Bommika	02	18.7949	83.5870
Bodavalasa	02	18.7994	83.6161
Bodlaguda	02	18.9493	83.5912
Bottili	02	18.9148	83.6533
Bottili	02	18.9014	83.6478
Bori	02	18.8890	83.6129
Boddugudem	40	17.7529	81.2321
Bodlapadu	02	18.6595	83.6595
Boddavalasa	02	18.5738	83.7435
Bongupeta	02	18.4921	83.5581
Bondapalle	02	18.3754	83.5919
Bomminayuduvalasa	02	18.4152	83.5934
Boddam	02	18.4079	83.6306
Bottalapeta	02	18.3503	83.7327
Boddavalasa	02	18.3909	83.6787
Bodduru	02	18.4736	83.6921
Borapeta	02	18.0463	83.5653
Boddaguripeta	02	18.0155	83.5682
Boddapadu	02	18.1351	83.6621
Boyapalem	02	18.1150	83.6452
Boddapeta	02	18.1680	83.6007
Boppadam	02	18.1901	83.5907
Bontupeta	02	18.2339	83.7308
Boddapadu	02	18.2317	83.7062
Bommika	02	18.9770	83.7886
Bodaguda	02	18.9064	83.7917
Bomidi	02	18.7694	83.9131
Bottava	21	18.8940	83.8525
Bopaguduru	21	18.9401	83.9083
Bonumudi	21	18.9698	83.9640
Bodo Ukkura	21	18.9471	83.9950
Boddaguda	02	18.7608	83.9952
Bodogam	21	18.9217	83.9328
Bommika	02	18.5667	83.8309
Bodi Addaigaduguda	02	18.6248	83.8238
Bondruguda	02	18.7355	83.8644
Bommidipeta	02	18.6394	83.9337
Boddavalasa	02	18.6313	83.9198
Bottadasingi	02	18.6243	83.9102
Bogadalipeta	02	18.5901	83.9974
Boddugudem	40	17.6361	81.0448
Borrampeta	02	18.5617	83.9230
Boddu Ramavaram	40	17.6826	81.2037
Bodunuru	40	17.6439	81.2142
Bodlapadu	02	18.5468	83.8800
Bokkidiguda	02	18.6436	83.8562
Bondiguda	02	18.6621	83.8726
Bonkapalle	02	18.3134	83.7610
Bontavalasa	02	18.2520	83.7857
Boddapalle	02	18.3605	83.8548
Boddapallepeta	02	18.3642	83.8512
Bommidalapeta	02	18.3774	83.8854
Bobbilipeta	02	18.4352	83.8655
Boragavalasa	02	18.4683	83.8870
Boddapadu	02	18.4756	83.8726
Bokkanayudupeta	02	17.9982	83.0703
Bodagutlapalem	02	18.1549	83.7937
Bontala Koduru	02	18.2341	83.9158
Bottappagudem	02	17.2579	81.2149
Bodlapallevanipalem	02	17.8340	83.2370
Boddunayudupalem	02	17.8676	83.2115
Boduvalasa	02	17.8455	83.1366
Bontugudem	02	17.2085	81.1392
Borrampalem	02	17.0858	81.1966
Bommanapadu	02	15.8388	80.0100
Bodduvaripalem	02	15.7544	80.0146
Bollapalle	02	15.8788	80.0862
Bodduluruvaripalem	02	15.5538	80.1756
Bodavadamandagunta	02	15.9894	80.2996
Bodavallapalem	02	15.8256	80.3924
Bonerupalem	02	15.8615	80.3941
Bolayapalem	02	15.9901	80.5856
Bodisamikhandrika	02	14.3100	80.1039
Bodireddikandigai	25	13.4255	80.0926
Boda	35	24.4346	82.5047
Boda	35	24.4317	82.5148
Bodarahwa	35	24.3455	82.5914
Bodratola	35	24.3361	82.7146
Bojjarayudugudem	40	17.7261	81.3705
Bolapalle	40	17.4726	81.3094
Boradigudem	40	17.4789	81.3475
Bottappagudem	02	17.2128	81.3735
Bodugudem	02	17.2094	81.3773
Bottappagudem	02	17.1549	81.3863
Bodigudem	02	17.1533	81.4424
Boddeluguda	21	17.8894	81.5956
Boldina	34	25.8376	84.6467
Boriathatola	34	25.9823	84.6801
Borian	34	25.8594	84.7036
Boduluru	02	17.6950	81.7042
Bore	24	24.4122	72.9099
Bor	24	24.4289	72.8902
Bokri	35	23.6602	76.7303
Borsali	35	23.3382	76.5449
Bolda	35	23.2614	76.6483
Borkhera	35	23.5462	76.9153
Borkhera	35	23.1096	76.8169
Borkhera	35	22.9255	76.1844
Borasa	35	22.9445	76.2205
Bor	09	23.1907	73.1993
Bor-No-Math	09	23.1910	73.1938
Bolel	09	23.1298	73.2113
Bordi	09	23.1404	73.2951
Borwantia Muwara	09	23.1177	73.2759
Bothala	09	23.0524	73.3074
Bordi	09	22.9996	73.4537
Bodgaon	35	22.1139	76.1252
Borgaon	35	22.0085	76.0897
Bokariya Khal	35	22.0658	76.1699
Borari	35	22.0903	76.2324
Bokla Pal	24	23.8813	73.5547
Bori	24	23.8277	73.6786
Borsi	09	23.5479	73.5367
Boali	09	23.5142	73.5569
Bokarhel	24	23.8702	73.9596
Bormata	24	23.4082	73.9638
Borigaon	24	23.4783	74.2719
Borbhator	24	23.3326	74.3348
Borkheri	24	23.4946	74.3537
Borla	24	23.4977	74.3795
Borkhabar	24	23.3845	74.4655
Bordiala	09	24.2062	72.8938
Bonga	39	30.1297	79.5577
Borgaon	39	29.6981	79.1096
Bohra Kot	39	29.4884	79.2409
Boya	24	25.1576	73.2691
Bokhara	24	25.0113	73.4114
Borlakura	24	25.4594	73.5281
Bordi	24	25.4217	73.5079
Bor	24	25.2708	73.7017
Bosrakhet	39	29.9975	79.3211
Boragaon	39	29.8713	79.3053
Boragoan	39	29.8995	79.3587
Bori	24	25.3393	73.7545
Borari	35	23.0472	74.8358
Borda	35	23.2484	74.9762
Boharagaon	39	29.5132	79.4886
Boghadwa	09	22.6740	73.9995
Borwa Para	09	22.7142	74.2289
Borchapra	09	22.0409	74.0628
Bodabra	35	22.2135	74.1480
Borma	35	22.0767	74.1761
Borkhera	09	22.7854	74.3169
Bordi	09	22.8640	74.3494
Borkua	35	22.2029	74.3312
Borkua	35	22.2216	74.3431
Boridebar	09	24.1573	73.1074
Boria	24	24.1873	73.0999
Bokra	24	24.0978	73.2421
Bomaru	09	24.0071	73.2401
Bowria	35	22.6986	74.5757
Borchori	35	22.5214	74.6192
Bolahatti	35	22.6870	74.7041
Borkui	35	22.5724	74.6825
Bolanti	39	29.4598	79.2648
Borgaon	39	29.3183	79.4246
Bondinal	24	24.9684	73.8542
Borakura	24	24.8026	73.9404
Boeran	24	24.7150	73.9079
Bogani	24	26.1088	74.0562
Bodhi Bigha	34	25.1202	84.6633
Bodh Bigha	34	25.1465	84.5408
Borwar	24	26.0630	74.1896
Bolasa	35	22.8772	74.8842
Bondi	35	22.8877	74.9896
Bouri	35	22.6497	74.7597
Bora	35	22.7227	74.9865
Bopli	24	26.7008	74.5075
Bodabra	35	22.4000	74.9215
Borhakot	39	29.4408	79.5642
Bochyur	39	29.4263	79.6312
Bodha Chhapra	34	25.7450	84.9600
Bohra Kun	39	29.3315	79.5507
Bohara	39	29.3298	79.5952
Boda Dhura	39	29.3252	79.6315
Botgaon	34	27.2967	84.5515
Borkisapda	16	21.7154	74.1361
Borikuva	09	21.5429	74.0265
Borana	24	25.4232	74.1390
Boriyapura	24	25.3261	74.3278
Bodhi Chhapar	36	26.5767	84.0479
Bodhi Chapar	34	26.6082	84.2208
Bodha	36	26.3639	84.0068
Borgaon	39	29.8228	79.7523
Borgaon	39	29.7957	79.7633
Bora	39	29.6687	79.8577
Bot	39	29.5493	79.8574
Bori	39	29.6742	79.9817
Bolagarha	39	29.7158	79.9936
Borala	16	21.4762	74.3749
Bori	24	24.0172	74.1574
Boraj	24	24.1536	74.1155
Bolha	34	26.6045	84.7163
Borkapani	24	24.2202	74.2542
Borkapani	24	24.2456	74.3279
Boragaon	39	29.4951	79.7791
Bonj	39	29.4913	79.8166
Borabagar	39	29.3145	79.8670
Borkhera Purbia	35	22.8917	76.2941
Boinagar	36	28.1174	79.2356
Bogla	24	25.8895	75.2370
Bori	35	22.6082	76.4035
Bori	35	22.6058	76.4118
Borkhalya	35	22.5576	76.4473
Borparav	35	22.5155	76.4441
Bokhara	36	28.2966	79.4018
Bohit	36	28.4564	79.3870
Borparao	35	22.4101	76.2783
Bora	36	28.1188	79.3850
Botharia	36	28.1206	79.4477
Bothra	36	28.1110	79.4447
Borkund	35	21.9322	74.5203
Bordhar	35	22.2085	76.3691
Boaria	34	26.2602	84.9731
Bori	35	21.8198	74.8273
Borali	35	21.7869	74.9491
Borgaon	16	21.3347	74.8322
Bodarla	16	21.1158	74.8889
Boksa	34	25.5417	84.0519
Bohata	36	28.3840	79.8803
Bohiya Kamalpur	34	25.0521	84.8513
Bor Bigha	34	25.1226	84.9175
Bondea	34	25.1013	84.9561
Boknari Khurd	34	25.0703	84.9357
Boknari Kalan	34	25.0632	84.9193
Bodhari	34	25.2908	84.2039
Bokea Kalan	38	24.1356	84.0136
Bokea Khurd	38	24.1347	84.0179
Bodh Chatar	34	25.3132	84.2796
Bodhibigha	34	24.4307	84.3705
Bokheri	35	22.4977	76.7047
Borkundya	35	22.4681	76.6968
Bordi Khurd	35	22.8977	76.9833
Boradah	38	24.1870	84.2540
Bommarajupalle	02	16.2739	79.7856
Bojaino	34	24.4741	84.5540
Bochha	34	24.4607	84.5740
Bodhna Bishunpur	38	24.3756	84.5691
Borodiri	38	24.0176	84.5207
Bodhadih	38	24.1707	84.6575
Boggaram	02	16.1893	79.8268
Bodepudivaripalem	02	16.1122	79.7640
Bodevaripalem	02	16.0915	79.7783
Bondilapalem	02	16.0908	79.8438
Bongagarha	38	24.0104	85.0012
Boni Upadhya	36	25.5800	80.8614
Bommarbettu	19	13.3390	74.8784
Bola	19	13.1516	74.9087
Boluru	19	12.9031	74.8238
Boliyar	19	12.8411	74.9703
Boliyar	19	12.8332	74.9606
Bombrana	13	12.6306	74.9486
Bochbal	19	15.8876	75.1856
Bonanur	19	15.6038	75.4610
Bommanhal	19	15.8933	75.8393
Bommasagar	19	15.8273	75.8124
Bommanahalli	19	14.4890	75.0781
Boginayanipalle	02	14.4974	77.4865
Bommaganahalli	19	14.2218	77.2929
Bommattanahalli	19	14.1157	77.2566
Bommireddipalle	02	14.0410	77.4731
Boyakotapalle	02	14.7412	77.6206
Bodaganadoddi	02	14.7381	77.6809
Bommeparti	02	14.5795	77.5782
Bokkasampalle	02	14.1128	77.5313
Bogalakatta	02	14.9967	77.8122
Bondaladinne	02	14.9364	77.8427
Bommajatapalle	02	14.7036	77.7643
Bondalayada	02	14.6754	77.7879
Boppepalle	02	14.6891	77.9703
Bommaguntapalle	02	14.6565	77.7910
Bodigundlapalle	02	14.0832	77.9500
Bommareddicheruvupalle	02	14.0511	77.9495
Bommankatti	19	14.8629	75.5844
Borasamudra	19	13.7210	77.0078
Bommarasanahalli	02	13.7498	77.0736
Bommagondanahalli	02	13.8984	77.0733
Bommangowdanpalya	19	13.4837	77.0009
Bommetimmanahalli	19	13.6289	77.1068
Borogunte	19	13.6087	77.0475
Bodabandevhalli	19	13.4955	77.2461
Bommanhalli	19	13.1906	77.1712
Borgondanpalya	19	13.1272	77.0725
Boderahalli	19	13.9702	77.3864
Bodireddipalle	02	13.8934	77.4787
Bommanahalli	19	13.6960	77.4237
Bommasettihalli	19	13.6067	77.4418
Bommasandra	19	13.5538	77.4986
Bommaladevipura	19	13.5255	77.3543
Bommalingiahopalya	19	13.2883	77.2675
Bokipur	19	13.2681	77.4625
Bommanhalli	19	13.3269	77.3592
Bommanhalli	19	13.3465	77.4322
Bolamaranhalli	19	13.1606	77.3975
Bolamaranhalli	19	13.0267	77.3664
Boyilapalle	02	13.9446	77.6696
Bodibandahalli	19	13.6942	77.6268
Bommaganahalli	19	13.6506	77.7310
Bodinarenahalli	19	13.6317	77.7431
Bommasandra	19	13.6128	77.6070
Bodaganhalli	19	13.4523	77.7014
Bokipur	19	13.2944	77.6274
Bondakodigenhalli	19	13.1717	77.6896
Boyilhalli	19	13.1694	77.6804
Bommenhalli	19	13.0711	77.7451
Boyinavaripalli	02	13.9525	77.9720
Bommayyagaripalli	19	13.8752	77.8824
Boyinavaripalli	19	13.8279	77.8363
Boyinavaripalli	19	13.8763	77.9191
Boyapelle	02	13.9864	77.9034
Boppanamane	19	13.8542	75.0080
Bolakoppa	19	13.8062	75.0250
Borikoppa	19	13.8446	75.1362
Bogarakoppa	19	13.6369	75.1924
Bobbi	19	13.6130	75.0880
Bobettaya	19	13.3572	75.0380
Boladatta	19	13.3102	75.0179
Bolanje	19	13.3486	75.0282
Bobettu	19	13.4607	75.0076
Borakatte	19	13.1784	75.0280
Bollai	19	13.1303	75.0863
Bollottu	19	13.1802	75.0565
Bochuvani	19	13.7710	75.4834
Bommanahalli	19	13.7738	75.4971
Bommanahalli	19	13.6346	75.3596
Bommalapura	19	13.5538	75.2877
Bonnabilalu	19	13.5681	75.3416
Bolur	19	13.3776	75.2821
Bolikoppa	19	13.9591	75.5188
Bommanakatte	19	13.9604	75.5643
Bontradi	19	13.0616	75.4198
Bolle	19	13.1135	75.3276
Bommanakatte	19	13.8093	75.6797
Borahalli	19	13.5784	75.5318
Boyihadlu	19	13.4662	75.5135
Bogase	19	13.4004	75.5829
Bomchihalli	19	13.3156	75.6917
Bomehalli	19	13.1566	75.5311
Bommenhalli	19	13.1588	75.7295
Borka	16	19.7459	79.3278
Borjam	40	19.2539	79.2683
Borda	40	19.4066	79.3132
Boipalli	40	19.1226	79.4726
Bommanahalli	19	13.7280	75.8902
Bommanahalli	19	13.0931	75.7807
Bommahalli	19	13.1930	75.8308
Bommadihalli	19	13.1025	75.8617
Bommanamane	19	13.0425	75.9139
Bommenahalli	19	13.0673	75.9636
Borda	16	19.8784	79.5940
Borgaon	16	19.7665	79.6695
Borban	16	19.8387	79.6986
Bondara Khurd	16	19.9215	79.7393
Bollayi	19	12.8452	75.0349
Bolanturu	19	12.8166	75.0595
Boliadi	19	12.7421	75.0916
Boyikan	13	12.5055	75.0947
Bobbukunta	19	15.0875	76.9630
Boyigudam	19	15.1557	76.9223
Boranahalli	19	14.8254	76.2439
Bollavu	19	12.8274	75.2751
Bolanbuda	19	12.8087	75.2832
Bolame	19	12.8028	75.2594
Bolther	19	12.8571	75.3238
Bojhawa	34	25.0571	85.6912
Borgaon	40	19.2819	79.5556
Borepalli	40	19.3172	79.5544
Borlakunta	40	19.2904	79.6036
Boyawani	40	19.0706	79.6205
Botaipalli	40	19.1785	79.6870
Bopuram	40	19.2499	79.6870
Boragondanahalli	19	14.4652	76.0034
Bommenahalli	19	14.3202	76.0427
Bommenahalli	19	14.2447	76.0977
Bommenhalli	19	14.1084	76.0186
Bommavvanagatihalli	19	14.2378	76.2224
Boppalapuram	19	14.9311	76.3054
Bommanahalli	19	14.8963	76.3513
Boragatta	19	14.8340	76.4396
Boredevaragudda	19	14.7474	76.3097
Boriawan	34	25.6455	85.8944
Boria	34	25.7137	85.9953
Bojha	34	25.6285	85.9885
Bommanahalli	19	14.7485	76.4698
Bongaya	34	24.5022	85.1186
Bonga	38	24.2702	85.2031
Bonga	38	24.3379	85.1858
Bokhra	34	24.7581	85.3849
Bonga	38	24.0707	85.3901
Bommanahalli	19	14.2206	76.2614
Bommakkanahalli	19	14.4857	76.3585
Bommagatte	19	14.4517	76.3937
Bogarahatti	19	14.4078	76.3885
Bochchuborahatti	19	14.2738	76.4521
Bommabahalli	19	14.2621	76.4466
Borenahalli	19	14.0784	76.3143
Bommagatta	19	14.9324	76.5648
Bommenahalli	19	14.9384	76.6124
Bommalinganahalli	19	14.7540	76.6944
Bommakkanahalli	19	14.3729	76.5106
Bommasamudra	19	14.3240	76.7049
Bommadevarahalli	19	14.9577	76.8086
Bommakkanahalli	19	14.9065	76.7958
Bommanahalu	02	14.9993	76.9784
Bommayyanahalli	02	14.6817	76.9145
Bomberahalli	19	14.2143	76.7837
Bommanakunte	19	14.2975	76.8688
Bommenahalli	19	12.5454	76.3683
Bommenahalli	19	12.6196	76.4421
Bore Koppal	19	12.3495	76.3567
Bolanahalli	19	12.3652	76.4192
Bolugallu	19	12.5395	75.2848
Borwa	34	26.0168	86.2497
Bommanahalli	19	13.8868	76.1628
Bommanakatte	19	13.9980	76.1930
Bonhitol	34	26.3539	86.2969
Boraganhalli	19	13.6246	76.0563
Bommenahalli	19	13.2948	76.2117
Bommanahalli	19	13.2288	76.0397
Bommanahalli	19	13.0597	76.0575
Bommenahalli	19	13.2015	76.1420
Bogarahalli	19	13.1118	76.1289
Bommenahalli	19	13.0918	76.2271
Bokikere	19	13.7794	76.2551
Bochanahalli	19	13.8789	76.3338
Bommenahalli	19	13.6593	76.3235
Bommenahalli	19	13.5576	76.3859
Bommenahalli	19	13.3208	76.2890
Bommalapura	19	13.2938	76.4124
Bommanahalli	19	13.3982	76.4401
Bodai	34	26.2479	86.3763
Bondala	16	19.9212	79.7523
Bori	16	19.8983	79.8143
Borepalli	40	19.5195	79.8382
Bokbiani	34	26.0534	86.8318
Bokla	34	26.0896	86.8516
Boranakunte	19	13.9085	76.7176
Borwa	34	25.9512	86.0722
Bor	34	25.9241	86.0198
Boran	34	25.9062	86.0387
Borhi	34	25.8515	86.1722
Boharna	34	25.7832	86.1827
Boppanahalli	19	12.0754	76.3687
Boria	34	25.7157	86.0034
Boriadih	34	25.7054	86.0060
Bodidih	34	25.4358	86.2445
Bololi	19	12.7972	75.5277
Bodhnagar	34	25.0611	86.0936
Bommanahalli	19	12.8848	76.0613
Bolakyatanahalli	19	12.8152	76.1068
Bochihalli	19	12.8978	76.1032
Bommanayakanahalli	19	12.9888	76.1124
Bommanahalli	19	12.6227	76.0059
Bommenahalli	19	12.9061	76.5459
Bommadihalli	19	12.7657	76.5778
Boppanahalli	19	12.7536	76.5936
Bomnayakanahalli	19	12.7864	76.6500
Bonagere	19	12.8265	76.6565
Bommanahalli	19	12.9627	76.7422
Bommanahalli	19	12.9480	76.6678
Bommadihalli	19	12.7532	76.7298
Bogadi	19	12.7504	76.6493
Bommanayakanahalli	19	12.6871	76.5182
Boppanahalli	19	12.6638	76.5231
Bommenahalli	19	12.6742	76.5009
Bommanayakanahalli	19	12.6463	76.5603
Bommagaudanahalli	19	12.6101	76.5172
Boregaudanahalli	19	12.5783	76.5147
Bommalapura	19	12.5291	76.5400
Boremelanakoppal	19	12.5736	76.6145
Boregaudanahalli	19	12.6123	76.6254
Bolenahalli	19	12.6283	76.7250
Borapura	19	12.6296	76.6999
Bommanahalli	19	12.3207	76.5271
Bolamaranhalli	19	12.8284	76.3902
Bori	16	15.8615	74.0782
Bommenahalli	19	12.8997	76.4755
Bommenahalli	19	12.8280	76.4923
Bograha	34	25.5624	86.3167
Bommanahalli	19	12.8591	76.8271
Borikoppal	19	12.7679	76.7805
Bommanahalli	19	12.7569	76.8908
Bommanahalli	19	12.8003	76.9777
Bolarekoppal	19	12.7798	76.9210
Bokhra	34	25.2803	86.4741
Bommanahalli	19	12.6653	76.8045
Bokkegaudanadoddi	19	12.6143	76.8936
Bommanayakanahalli	19	12.2638	76.8279
Bommanahalli	19	12.3192	76.9452
Bommalapuram	19	15.7095	77.0358
Bommagundlahalli	02	15.4853	77.0924
Bolagoti	02	15.4169	77.1223
Bommanahalu	19	15.2664	77.1464
Bompalle	02	15.8901	77.2960
Bodabanda	02	15.7026	77.4231
Bodagonda	02	15.5633	77.4220
Bojjunayanipeta	02	15.2248	77.4336
Bommanapalle Kottala	02	15.2148	77.4842
Bommanapalle	02	15.2412	77.4808
Bommanapalle Tanda	02	15.2066	77.4879
Bodasanipalle	02	15.0174	77.4364
Boyanapalli	40	15.9413	77.5512
Bodipadu	02	15.6785	77.7156
Bondimadugula	02	15.4221	77.6798
Bontiralla	02	15.4242	77.7053
Borne	34	25.5431	86.6999
Bojkhasga	34	25.6087	86.5114
Bommankere	19	12.8507	75.7589
Botiri	19	12.8453	75.7629
Bobbanahalli	19	12.8094	75.7558
Bosmarnhalli	19	12.8741	75.8852
Bommachvalli	19	12.9249	75.9700
Bogargere	19	12.7993	75.9791
Bollavaram	02	15.6889	77.9485
Bommireddipalle	02	15.5859	77.9400
Boyanapalle	02	15.5442	77.9913
Bottiralla	02	15.4430	77.8080
Bogolu	02	15.4587	77.9309
Boyanapalle	02	15.1451	77.8249
Boyinacheruvupalle	02	15.2268	77.9229
Bollanagudda	02	14.9952	77.0497
Bommaganapalle	02	14.5963	77.0339
Bommajipalle	02	14.3080	76.9993
Bodapalle	02	14.4003	77.0942
Boyikere	19	12.4327	75.7861
Bobil	34	25.6269	86.8069
Bohradih	34	25.5889	86.9234
Bojhait	34	24.7542	86.1438
Borvai	09	23.3950	73.6483
Bokan Nada	09	23.2917	73.7237
Boria	09	23.0431	73.6590
Boria Mota	09	23.2097	73.6908
Boyaria	09	23.1419	73.7225
Bohd	23	31.5675	74.8590
Bodaden	16	15.7053	74.0499
Bokarvada	16	15.6740	74.0733
Bodhechagarh	16	15.7059	74.0662
Botvado	33	15.5119	74.1322
Bombedem	33	15.5425	74.1596
Boknur	19	15.8351	74.4191
Bodkenhatti	19	15.9819	74.4500
Bonpur	12	34.4943	73.9742
Bosia	36	26.9387	79.4461
Bojha	36	26.8938	79.3766
Borsar	16	19.8938	79.1656
Borgaon	16	19.8699	79.1406
Bori	16	19.8100	79.0032
Borgaon	16	19.6893	79.0066
Borgaon	16	19.6867	79.0163
Boramgutta	40	19.2200	79.1536
Bommena	40	19.0924	79.0516
Botla Wanparti	40	18.7198	79.2619
Bompalli	40	18.6523	79.3655
Bojnapet	40	18.6320	79.3873
Bojnapet	40	18.5743	79.4121
Bontapalli	40	18.3763	79.3641
Bommakal	40	18.1613	79.3396
Boinpet	40	18.6406	79.6472
Bodampalli	40	18.3394	79.6333
Botalapalli	40	18.0438	79.6970
Bochenahalli	19	15.1767	76.0017
Bommasagara	19	15.4971	76.3148
Bommasamudram	19	15.1754	76.2243
Boikeri	19	12.2055	75.7868
Bommanalli Kurubarahad	19	12.2352	75.9940
Bogguru	19	15.6221	76.9696
Bormane	19	12.7441	75.7206
Bol Kadbi	19	15.9835	74.9310
Bogur	19	15.5640	74.8616
Borus	33	14.9613	74.0894
Bolshitta	19	14.8862	74.2191
Bolave Jug	19	14.8938	74.2939
Bolla	19	14.8889	74.2861
Bore	19	14.9063	74.3294
Bobribail	19	14.4698	74.4848
Bolmane	19	14.8002	74.5053
Bolgadde	19	14.9944	74.6390
Bol Matha	19	14.7853	74.7359
Boroli	19	14.6372	74.5106
Bodegadde	19	14.5703	74.5116
Bolgadde	19	14.6276	74.7075
Bommangadde	19	14.5406	74.7237
Bolsut	19	14.4589	74.7392
Bommankeri	19	13.9607	74.5998
Bovladi	19	13.8283	74.6603
Bolamballi	19	13.7970	74.7199
Bokkapatna	19	13.4302	74.7092
Bodhibigha	34	24.6508	84.3656
Bogula Bigha	34	24.9922	84.9002
Boti Bigha	34	24.6043	84.9538
Bodha Bigha	34	24.5161	84.9353
Bokra	34	26.1581	87.3511
Bochi	34	26.1996	87.4867
Bochi	34	26.0950	87.4381
Bokantari	34	26.3783	87.5205
Boaldaha	34	26.4028	87.8500
Bohita	34	26.1700	87.7728
Bochagari	34	26.0733	87.8395
Boaldah	34	26.1718	87.8509
Borharihi	34	25.9358	87.0126
Bodhi Miantola	34	25.8145	87.0187
Bochaiyatola	34	25.5863	87.0880
Bora	34	25.1144	87.2046
Bochaha	34	25.1468	87.3019
Bochgaon	34	25.9229	87.5933
Bodha Chak	34	25.5491	85.1313
Borni Gorgawan	34	25.6084	87.6193
Bochahi	38	25.1637	87.5102
Boga	38	25.0776	87.6879
Boha	38	25.2293	87.6923
Botri	38	25.0854	87.7076
Borha Milik	28	25.9394	87.8910
Bohar	34	25.7928	87.8484
Boalmari Chandpur	28	25.3389	87.9228
Boalia	28	25.3489	87.9795
Bohara	38	24.7767	87.1270
Bodra	38	24.9529	87.1804
Botakpur	34	25.0081	85.1048
Bodra	28	24.2460	87.7375
Bonhat	28	24.1716	87.7473
Borio	38	24.5450	87.7910
Bona	28	24.3974	87.9051
Bothia	28	24.3901	87.8486
Boriya	34	25.8139	85.3375
Bormali	35	21.8416	75.1364
Borli	35	21.6823	75.1364
Boriawan	34	25.2533	85.2562
Bodhi Bigha	34	25.3598	85.3681
Bokna	34	25.2601	85.5010
Bodhnagar	34	25.3161	85.6065
Borala Vadi	16	21.2041	75.6213
Boraval Budrukh	16	21.1028	75.7077
Boraval Khurd	16	21.1233	75.7019
Bondrania	35	21.6128	75.9655
Borkheda Khurd	16	21.2046	75.7613
Borkheda Bedrukh	16	21.2082	75.8327
Borkheda Sim	16	21.1800	75.8996
Bohrdi Khurd	16	21.0166	75.9723
Bohordi Budrukh	16	21.0106	75.9673
Bolaram	40	16.4829	79.0065
Bodilavid	02	16.3813	79.3528
Botukulapaya	02	16.2407	79.2672
Bohalkheda	16	20.5341	75.5127
Bollapalle	02	16.1868	79.6871
Bodanam	02	16.6312	79.9525
Botanshetpalli	40	17.9248	78.4871
Bolarum	40	17.6377	78.5369
Bomraspet	40	17.6000	78.6091
Boyenpally	40	17.6351	78.7426
Bonkoniguda	40	17.4383	78.6957
Bochagari	34	26.2319	87.7387
Borgaon	16	20.1496	75.5855
Borgaon Kasari	16	20.2328	75.6551
Borgaon Khadak	16	20.1248	75.7250
Borgaon Budrukh	16	20.8688	75.8793
Borgaon Khurd	16	20.8728	75.8756
Borakhand	39	29.1432	80.0177
Bojhari	36	27.9246	80.1542
Bodhi Khurd	36	27.8982	80.1898
Bodhania	36	27.9181	80.2177
Bojawa Purwa	36	27.3711	80.0724
Bojawa	36	27.2660	80.1519
Bodal Purwa	36	27.4229	80.1584
Bojawa Purwa	36	27.4951	80.0990
Bojawa	36	27.4785	80.1774
Bojawa	36	27.3623	80.2343
Bojhbar	36	27.1809	80.0387
Bochanpur	36	27.1192	80.0944
Bojawa Purwa	36	27.2212	80.1547
Bochasan	09	22.4098	72.8435
Boinchi	28	23.1203	88.1936
Boratwada	09	23.7233	71.9264
Bodwad	16	20.9028	76.0177
Bori	16	19.7997	77.3764
Borja	16	19.8147	77.3413
Borgaon	02	19.2447	78.4622
Borgaon	02	19.1591	78.2800
Borgaon	02	19.0831	78.4825
Bommanahalli	19	13.6409	77.7515
Boyinahalli	19	13.6021	77.8251
Bommahalli	19	13.5728	77.8484
Bommanhalli	19	13.3767	77.7552
Bodenhalli	19	13.3376	77.7903
Bodagurhalli	19	13.3506	77.8642
Borsandra	19	12.9630	77.0132
Bommanahalli	19	12.9936	77.0972
Bolenhalli	19	12.8961	77.1932
Bowralinganpalya	19	12.8856	77.1378
Bommanahalli	19	12.8804	77.0337
Bommandoddi	19	12.8331	77.1367
Boregowdanpalya	19	12.7973	77.0895
Bommanayakanhalli	19	12.6984	77.0755
Bomniadoddi	19	12.5085	77.0630
Borapura	19	12.5364	77.0221
Borehalli	19	12.8438	77.3581
Bomasandra	19	12.2906	77.4119
Bokipura	19	12.7361	77.4737
Boregaudandoddi	19	12.4438	77.3176
Bodimuthanalli	19	12.1191	77.3686
Bodarhalli	19	12.7098	77.6772
Bollavaram	02	15.8295	78.2330
Bodduvanipalle	02	15.6570	78.0358
Boyanapalle	02	15.5400	78.1307
Boyalatatipatri	02	15.0071	78.1686
Bondeladinne	02	15.1965	78.2354
Bodupalle	02	14.9238	78.3697
Boditippanapadu	02	14.9654	78.4317
Boyanapeta	02	15.7015	78.3297
Bollavaram	02	15.6483	78.4015
Bodemmanuru	02	15.0710	78.4106
Bollavaram	02	14.7595	78.5426
Bollavaram	02	15.4873	78.5459
Bollupalle	02	15.7022	78.9344
Bodepalle	02	14.8835	78.0904
Boggulakatta	02	14.8978	78.2439
Bondeladinne	02	14.8454	78.1064
Bommepalle	02	14.8238	78.2143
Bogguladasaripalle	02	14.8807	78.2341
Bonala	02	14.5262	78.1335
Boyamusalayyapalle	02	14.2829	78.0139
Boyaramayyapalle	02	14.1539	78.1680
Boggulapalle	02	14.1238	78.0543
Bodeddulavandlapalle	02	14.0293	78.0324
Bokkuttavandlapalle	02	14.0676	78.0653
Bojjammapalle	02	14.0211	78.0535
Bommireddipalle	02	14.0443	78.1773
Bodukondapalle	02	14.9034	78.9532
Boggulavaripalle	02	14.8652	78.9455
Bogadapalle	02	14.7291	78.9113
Bogguletipalle	02	14.4226	78.8077
Boggaravandlapalle	02	14.4175	78.9696
Bodeddulapalle	02	14.3942	78.8059
Boyinapalle	02	14.2144	78.7616
Boyanalledinna	02	14.1926	78.8293
Bongavandlapalle	02	14.1680	78.8707
Bolluvallapalle	02	14.0741	78.9176
Bogampalle	02	14.0148	78.8487
Boganipalle	02	13.9992	78.0563
Bodinenipalle	02	13.9477	78.2286
Bodigundlapalle	02	13.8636	78.0981
Boyipalli	02	13.8649	78.0059
Bontalapalle	02	13.8002	78.2281
Bodevandlapalle	02	13.8229	78.2399
Bodimpalli	19	13.5945	78.1592
Bommireddipalle	02	13.6842	78.1766
Bommakkapalle	02	13.6826	78.1415
Bommehalli	19	13.6218	78.1155
Bodagundlapalli	19	13.6343	78.1417
Bodagundlahalli	19	13.4720	78.2009
Bontiganahalli	19	13.2096	78.0672
Bommasandra	19	13.2080	78.1107
Bommalatapalle	02	13.9357	78.3543
Bollavaripalle	02	13.9327	78.3560
Botakindapalle	02	13.9321	78.3802
Boyaoheruvupalle	02	13.9207	78.4587
Boragantlapalle	02	13.8917	78.4656
Bodireddivandlapalle	02	13.8629	78.4239
Boyapalle	02	13.9045	78.4285
Bogumvanipalle	02	13.7835	78.2655
Botikindapalle	02	13.7682	78.3867
Bolakavandlapalle	02	13.8124	78.4509
Bodukindipalle	02	13.8034	78.4405
Boyapalle	02	13.7826	78.4873
Botukavaripalle	02	13.7438	78.3586
Bodivandlapalle	02	13.7271	78.4691
Bolikavaripalle	02	13.6553	78.4542
Boyinayinipalli	19	13.5650	78.3523
Bodireddipalli	19	13.5680	78.3593
Boggatavaripalle	02	13.5014	78.4678
Bommanapalle	02	13.4972	78.4731
Boyipalli	19	13.2917	78.3301
Bommesandra	19	13.0750	78.3824
Bodivaripalle	02	13.4812	78.5527
Boyapalle	02	13.4455	78.5581
Bogativaripalle	02	13.4540	78.6269
Bodipalle	02	13.4124	78.5285
Boyapalle	02	13.3962	78.6149
Boyapalle	02	13.4151	78.6486
Bodinayanipalle	02	13.3864	78.5510
Bommanpalle	02	13.3087	78.6715
Bommanapalle	02	13.2400	78.5929
Bommarajupalle	02	13.2408	78.6601
Bordimpeta	02	13.2187	78.6485
Boyareddipalle	02	13.2403	78.7037
Bodireddipalle	02	13.1767	78.7378
Bommadoddi	02	13.1934	78.7301
Bodigutlapalle	02	13.0099	78.5166
Bonddih Dakhli	34	25.6797	85.6015
Bonddih Asli	34	25.6723	85.5876
Bommandapalli	25	12.7136	77.7770
Bodanattam	25	12.7496	77.8913
Bodichipalli	25	12.6132	77.8678
Bommatatanur	25	12.5599	77.8894
Bojasandiram	25	12.4444	77.8096
Bolahola	25	12.3575	77.8868
Bodarahalli	25	12.4721	77.9788
Bojjenahalli	25	12.1010	77.8720
Bommilingam	02	15.7917	78.9690
Boyilur	19	12.8592	78.1634
Boginhalli	19	12.9250	78.2170
Boyisonnepalli	19	12.9101	78.2309
Bodgurki	19	12.8748	78.2350
Bodenhalli	19	12.8574	78.2209
Bodgutalpalli	19	12.8450	78.2212
Boggalhalli	02	12.8241	78.2458
Bodpatte	19	12.7933	78.1867
Bogipuram	25	12.6698	78.0349
Bogipuram	25	12.5874	78.0393
Bommasamudram	25	12.5283	78.0300
Bommarasanapalli	02	12.6811	78.2184
Boganapalli	25	12.5375	78.2412
Bodinayakanahalli	25	12.4922	78.0450
Bomnianur	25	12.3910	78.0510
Bodinayakkanahalli	25	12.3708	78.0598
Boppadi	25	12.3003	78.0228
Bolabaguthanapalli	25	12.2778	78.1295
Bodapuram	25	12.3939	78.2089
Bommasamudram	25	12.3546	78.2117
Bommahalli	25	12.3114	78.1709
Bommarasanahalli	25	12.2019	78.1032
Bottitimanahalli	25	12.2289	78.1036
Bommandhalli	19	12.9857	78.3272
Boyanapalli	02	12.7984	78.2969
Bogguppalli	02	12.7601	78.3688
Bommanapalli	02	12.8655	78.3949
Bommanapalli	02	12.8906	78.4041
Bogguppalli	02	12.6761	78.3617
Bodaguttapalli	02	12.7032	78.3512
Bodikuttiyur	25	12.4658	78.4354
Bommepalli	25	12.4252	78.4333
Bojjanur	25	12.2608	78.4611
Bosinayakkanahalli	25	12.1080	78.2937
Bodinayakkampatti	25	12.1068	78.3809
Bommampatti	25	12.1557	78.3469
Bomminayakkampatti	25	12.5684	78.5327
Bothanur	25	12.5171	78.6349
Bommaikuppam	25	12.4609	78.6228
Bojanapuram	25	12.9084	78.8254
Bodinayudupalaiyam	25	12.9271	78.8339
Bordilanpet	25	12.9474	78.8628
Bodipet	25	12.9460	78.8593
Bodipettai	25	12.8124	78.8977
Bommarajakottai	25	12.7724	78.9268
Bommadasampatti	25	12.2225	78.6117
Bosireddipalle	02	14.4906	78.4463
Bokkudupalle	02	14.3992	78.2636
Bogapativaripalle	02	14.1931	78.3871
Bosannagaripalle	02	14.0755	78.2629
Bollugutlapalle	02	14.0625	78.2667
Bodigundlapalle	02	14.2185	78.5801
Bodireddigaripalle	02	14.1398	78.5828
Boyapalle	02	14.1125	78.5458
Bodisanivandlapalle	02	14.0763	78.5469
Bottinivanipalle	02	14.1118	78.6780
Botlacheruvu	02	14.0623	78.6831
Bogolu	02	15.5920	79.0326
Bondalapadu	02	15.6272	79.1931
Bodducherla	02	15.6509	79.1950
Bodapadu	02	15.7674	79.3038
Bontapalle	02	15.3290	79.0024
Bontapalle	02	15.2603	79.0357
Boyamadugula	02	15.2402	79.1897
Bontavaripalle	02	15.1788	79.1577
Bodavuladinne	02	15.1805	79.1967
Bommanaboyinapalle	02	15.1730	79.2389
Bodayasiddayapalle	02	15.0571	79.1551
Boyadagumpula	02	15.8677	79.2502
Bodipalle	02	15.9681	79.4772
Bonkerapalem	02	15.9635	79.4889
Boyalapalle	02	15.9761	79.3149
Bommireddipalle	02	15.1969	79.4758
Bodanampadu	02	15.8452	79.5904
Bogalavaripalle	02	15.1941	79.5658
Bommireddipalle	02	15.4024	79.5991
Bonavaripalem	02	15.3957	79.7352
Boganampadu	02	15.3105	79.6950
Botlaguduru	02	15.0851	79.5225
Botlaguduru	02	15.0774	79.5216
Bodavada	02	15.0740	79.6108
Bopudivaipalem	02	15.9317	79.7929
Botlapalem	02	15.7326	79.7684
Boddikurapadu	02	15.6591	79.7509
Bogasamudramvaripalem	02	15.6556	79.7784
Bomminenivaripalem	02	15.5544	79.9672
Boddupativaripalem	02	15.5087	79.9087
Bodduvaripalem	02	15.5032	79.9285
Bontakutipalle	02	15.3286	79.4356
Boillavaripalle	02	15.2641	79.2954
Botikarlapadu	02	15.2568	79.4047
Bontavaripalem	02	15.1980	79.8504
Boppapuram	02	14.9527	79.0013
Bodapad	02	14.7496	79.0112
Boyillavaripalli	02	14.7189	79.0274
Bodabanda	02	14.9238	79.2332
Boyanapalli	02	14.6882	79.0769
Bommalatapalli	02	14.6698	79.0220
Boddecherla	02	14.5742	79.1789
Boppapalli	02	14.2447	79.1153
Bonagiripalli	02	14.1818	79.1710
Bollachennayagaripalli	02	14.1603	79.2169
Bodireddigaripalli	02	14.0111	79.0035
Boyapalli	02	14.2298	79.3403
Bommavaram	02	14.0536	79.3388
Botumidipalli	02	14.0801	79.3187
Boppavallapalli	02	14.0401	79.3613
Bommarajucheruvu	02	14.8485	79.6225
Botikalapadu	02	14.7511	79.5085
Bodagudipadu	02	14.7385	79.8602
Bojjanapalli	02	14.2250	79.5686
Bodduvaripalem	02	14.5882	79.9903
Bonthalapalem	02	14.5621	79.9279
Bodilapad	02	14.0769	79.8761
Bommalatavandlapalli	02	13.8749	79.0007
Bondakanamapalli	02	13.8453	79.0323
Boggalavanellapalli	02	13.8306	79.0910
Boyapalli	02	13.8259	79.0851
Boggalavandlapalli	02	13.8128	79.0522
Bongabasireddivaripalli	02	13.8056	79.0378
Bodevandlapalli	02	13.7890	79.1035
Bodduvandlapalli	02	13.7285	79.1681
Bondamanipalli	02	13.6891	79.1744
Bodireddigaripalli	02	13.6981	79.1680
Bodireddivaripalli	02	13.7004	79.0555
Bonamvandlapalli	02	13.6545	79.0118
Bommayyagaripalli	02	13.6542	79.0454
Bodipativandlapalli	02	13.6744	79.0880
Bogivandlapalli	02	13.6730	79.1617
Bonthinayunipalli	02	13.6790	79.1751
Boggulavandlapalli	02	13.6256	79.1491
Bodireddigaripalli	02	13.6347	79.0568
Bodigattuvaripalli	02	13.4930	79.2054
Bontapalli	02	13.4460	79.1431
Boyapalli	02	13.4011	79.0033
Bolineniramannagaripalli	02	13.4186	79.1605
Bontivanka	02	13.4011	79.2430
Bottavaripalli	02	13.3258	79.1790
Bodidevarapalle	02	13.3145	79.2428
Boppiganganapalli	02	13.2734	79.2237
Bommasamudram	02	13.2856	79.0532
Bommancheruvu	02	13.1601	78.9996
Bommasamudram	02	13.0468	79.1584
Bommivaripalli	02	13.2495	79.1852
Bojjinayanipalli	02	13.1645	79.2462
Bodinattam	25	13.0813	79.2335
Bojjuvaripalli	02	13.0797	79.1741
Boppalamadugu	02	13.3913	79.2637
Bommayyapalle	02	13.3296	79.2581
Bommandodla	02	13.4559	79.3655
Bommarajupeta	25	13.3023	79.4747
Bodappanvuru	02	13.2313	79.2539
Bodireddikhandrika	02	13.2192	79.2731
Bommarajupuram	02	13.2053	79.3924
Bodapaliperumallunayudikhandriga	02	13.2188	79.4304
Bosagunta	02	13.9326	79.5624
Bodavaripalli	02	13.7944	79.6430
Boppapuram	02	13.9593	79.6052
Bomnugunta	02	13.9625	79.6335
Boditumu	02	13.5844	79.5021
Bokkasampalaiyam	02	13.7009	79.6555
Bojjayyakhandrika	02	13.5062	79.7219
Bomaraiapuram	02	13.4803	79.5175
Bonanattam	02	13.4505	79.5394
Bontalukhandigai	02	13.3282	79.5200
Bopparazupalaiyam	02	13.4057	79.6058
Bobbarajapuram	25	13.1976	79.5606
Bodinayakankhandigai	25	13.1447	79.6008
Bodiguntakandigai	02	13.9071	79.8601
Bonapalli	02	13.6781	79.7823
Bommajikolam	25	13.4224	79.9723
Boggulakhandrika	25	13.2338	79.7825
Bokkasamudram	25	12.8166	79.5128
Bogadi	25	11.5633	76.4520
Boganhundi	19	11.9273	76.6466
Bokkepuram	25	11.5401	76.6376
Bomlapur	19	11.7253	76.7259
Bokkepur	19	11.8202	76.8691
Bogapur	19	11.9878	76.9344
Bommanhalli	19	11.7308	76.8141
Bombalakambe	25	11.3000	76.7855
Bochahi	34	25.4274	87.6506
Bolipur	34	25.4023	87.6701
Boddepatti	25	10.9451	76.7064
Bodipalaiyam	25	10.6542	76.9613
Boditimmanpalaiyam	25	11.1782	77.0159
Bodipalaiyam	25	10.9007	76.9762
Bommakudisaidoddi	19	11.8559	77.2688
Bommanayakkanpalaiyam	25	11.1355	77.3504
Bommanayakkanpalaiyam	25	11.1422	77.3692
Bommampattipuduvalasu	25	11.6177	77.6315
Boganayakkanur	25	11.5150	77.5461
Bommanayakkanpalaiyam	25	11.4573	77.5043
Bommanpatti	25	11.4382	77.5511
Bodinayakkanvalasu	25	11.2516	77.7468
Bottiyampatti	25	11.7160	77.9706
Bodippatti	25	11.5961	77.8481
Borampatti	25	11.9564	77.9249
Bodinayakkanur	25	11.4837	77.9399
Bodinayakkanur	25	11.4769	77.9548
Bondakkalpatti	25	11.3128	77.9076
Bommanapalaiyam	25	11.0788	77.9258
Bogampatti	25	10.9026	77.1229
Bommanayakkanpatti	25	10.7481	77.1597
Bolikavundanpalaiyam	25	10.6804	77.0938
Bommanayakkanpatti	25	10.6068	77.1203
Bodippatti	25	10.5642	77.2336
Bommanayakkanpatti	25	10.7426	77.3189
Bolarappatti	25	10.5927	77.3041
Boipaju	21	20.3232	84.7610
Bordungi	21	20.1420	84.7813
Bongadag	38	23.9695	85.1800
Bontoli	38	23.6083	85.0847
Bokatoli	38	23.5002	85.0110
Bondo	38	23.4025	85.0255
Boreya	38	23.3410	85.0814
Bobro	38	23.3538	85.1867
Botlo	38	23.0292	85.1558
Borea	38	23.4275	85.3529
Bongamad	38	23.0934	85.4671
Bodra	38	23.8940	85.5099
Bongahara	38	23.7643	85.5311
Borobing	38	23.6055	85.6377
Bongai	38	23.5010	85.6112
Bonga Sauri	38	23.5301	85.6526
Boria	38	23.3985	85.7092
Bongaibera	38	23.3615	85.5183
Bonehartoli	38	23.2631	85.7097
Bongaburutoli	38	23.2723	85.7275
Bonehartoli	38	23.2563	85.7246
Bondolberatoli	38	23.2185	85.5281
Bodhdih	38	23.0759	85.6821
Boroatanr	38	23.8348	85.7615
Borotoli	38	23.8469	85.8334
Borea	38	23.7745	85.8914
Bohebera	38	23.5448	85.9896
Bongabari	28	23.4093	85.9600
Bongadar	38	23.1841	85.8500
Bora	38	23.0818	85.8557
Bongahuru	38	22.7713	85.2458
Boktoli	38	22.7470	85.1321
Boroe	38	22.6931	85.0841
Bokhatoli	38	22.6236	85.0298
Borotika	38	22.5712	85.1911
Bokolotoli	38	22.5629	85.0598
Bokamaratoli	38	22.5537	85.0636
Bodhtoli	38	22.5146	85.1198
Boreta	38	22.4671	85.1098
Boranga	38	22.3683	85.1629
Boesatoli	38	22.8978	85.2820
Bobonga	38	22.8001	85.3896
Boatoli	38	22.9766	85.4572
Bonra	38	24.3726	84.8048
Bonjosai	38	22.2150	85.5294
Bochahi	34	25.3323	86.5572
Borna	34	25.4373	86.6172
Bohita	38	23.9660	84.2492
Bobdipanitoli	38	23.2012	84.0673
Bohita	38	23.9581	84.2566
Borang	38	23.5334	84.4036
Borha	38	23.5597	84.3710
Bokta	38	23.0085	84.4749
Borha	38	23.7566	84.5934
Borsidag	38	23.6481	84.7411
Boda	38	23.6324	84.6941
Bodhatoli	38	23.4149	84.6492
Bonga	38	23.4284	84.6082
Bondo	38	23.3054	84.7320
Bondobar	38	23.2101	84.5972
Bokotoli	38	23.0208	84.7383
Boda	38	23.2673	84.9940
Bondatoli	38	23.2255	84.8682
Bokronda	38	23.0752	84.9175
Bonrekera	38	23.0203	84.8439
Borokona	37	22.9002	84.0573
Borokona	37	22.8823	84.0600
Bonai	37	22.8290	84.1589
Borachhapar	37	22.7438	84.1018
Bonrobadi	38	22.4938	84.2113
Bondokachar	37	22.9392	84.3042
Bonai	37	22.8823	84.3665
Bondadanr	38	22.8169	84.4870
Bodosara	38	22.7305	84.2555
Bondotoli	38	22.5608	84.3208
Bodatoli	38	22.6126	84.4510
Bogatoli	38	22.9357	84.5008
Boradih	38	22.8923	84.5383
Bongaloya	38	22.9991	84.7533
Borahtoli	38	22.8181	84.8648
Borantoli	38	22.7530	84.9297
Bongda	38	22.8582	84.9752
Bokamtoli	38	22.8811	84.9803
Bomotoli	38	22.7094	84.7746
Bokhatoli	38	22.5177	84.8247
Boroseta	38	22.7415	84.8954
Bokhatoli	38	22.7449	84.9043
Bongera	38	22.4794	84.7771
Bommanuttuppatti	25	10.8455	78.1908
Bodippatti	25	10.7111	78.0409
Bommanayakkanur	25	10.5076	78.2292
Bommanayakkanur	25	10.6935	78.2485
Bommakkavundanpatti	25	10.3309	78.0696
Bommanadapuram	25	10.3515	78.1149
Bojakavundanpatti	25	10.4370	78.1159
Bodinayakkanpatti	25	10.4965	78.1880
Bomminayakkanpatti	25	10.0999	78.1276
Bommakkavundanur	25	10.8738	78.2713
Bommanayakkanpatti	25	10.7719	78.4416
Bommanayakkanur	25	10.7374	78.3452
Bommanayakkanur	25	10.6720	78.4041
Boganayakkanpatti	25	10.7480	78.3797
Bombay Shola	25	10.2290	77.4848
Bommanampatti	25	10.0326	77.4805
Bommanayakkanpatti	25	10.6770	77.5992
Bommanallur	25	10.6122	77.5227
Bolanayakkanvalasu	25	10.5357	77.6989
Boduvarpatti	25	10.5156	77.6294
Bomminayakkanpatti	25	10.0959	77.6403
Bomminayakkanpatti	25	10.0043	77.6685
Bommasamudram	25	10.8073	78.6456
Bommakottai	25	9.5010	78.1463
Bommakottai	25	9.4571	78.1779
Bommayyapuram	25	9.4404	78.0152
Bommayyapuram	25	9.1737	78.1576
Bommalunayakkanpatti	25	9.0619	78.0227
Bommayyapuram	25	9.0347	78.0983
Bommanayakkanpatti	25	9.3463	78.2625
Bogalur	25	9.4090	78.7105
Bommananallur	25	10.4817	77.8002
Bodikkundur	25	10.4994	77.8271
Bommanankottai	25	10.4451	77.8570
Bommanampatti	25	10.2868	77.9408
Bommayyakavundanpatti	25	10.2967	77.8881
Bodikkamanvadi	25	10.2531	77.8211
Bommayapalaiyam	25	11.9922	79.8499
Bomminayakkanpatti	25	9.8913	77.3109
Bodendrapuram	25	9.9751	77.4389
Bommakka Kadai	25	9.6181	77.4057
Bodidasampatti	25	9.9683	77.6334
Bommapattiyanur	25	11.7867	78.0713
Bombanpalli	25	11.7779	78.0248
Bommayampatti	25	11.8966	78.1201
Bodinayakkanpatti	25	11.6564	78.1099
Bommanpatti	25	11.2874	78.0542
Bodanayakkanpatti	25	11.4239	78.2104
Bommanayakkanpalaiyam	25	11.2269	78.0590
Boduppatti	25	11.2205	78.1435
Bommasamudram	25	11.2019	78.2165
Bothanattam	25	11.9841	78.3656
Bommidi	25	11.9778	78.2701
Bothakkadu	25	11.9191	78.2913
Bodinayakkanpatti	25	11.2031	78.2528
Bommanappadi	25	11.1503	78.7719
Bocho	38	23.9515	85.3847
Bondia	38	22.2860	85.3355
Bosokera	38	22.8652	85.7002
Bordihi	38	22.7051	85.5418
Boeka	38	22.5912	85.5428
Borkela	38	22.5564	85.6905
Boradoro	38	22.7198	85.6577
Borodore	38	22.5387	85.7249
Bondolgutu	38	22.5334	85.6975
Bonai	38	22.4631	85.6492
Bodorasai	38	22.7063	85.8562
Borobil	38	22.5922	85.7823
Bonjsai	38	22.4236	85.8986
Bongasindri	38	22.4040	85.9913
Bordih	21	21.8234	85.0085
Bolanda	21	21.5649	85.0118
Bondabeda	21	21.1772	85.0586
Boitasarai	21	21.3169	85.2718
Bounsapal	21	21.3837	85.3620
Bounsapal	21	21.3791	85.3759
Bormal	21	21.7807	85.6137
Bonaikola	21	21.8397	85.6208
Borampur	21	21.9564	85.6771
Borabadarpur	21	21.9603	85.7124
Bonkia	21	21.9816	85.7295
Borkesri	21	21.9998	85.7101
Bogamunda	21	21.5082	85.6131
Borhagarh	21	21.3892	85.5242
Bodakkal	25	11.2756	78.5844
Bodoposi	21	21.8264	85.8690
Bodo Terinit	21	21.9390	85.8852
Bodopani	21	21.9153	85.9375
Bodosarai	21	21.8197	85.9216
Bodoposi	21	21.8225	85.9447
Bodo Deoli	21	21.7752	85.9115
Bontala	21	21.8031	85.9804
Bodoposi	21	21.9190	85.9967
Boyamunda	21	21.6496	85.7645
Bokada	21	20.4603	85.1726
Boragaon	21	20.2358	85.2024
Bodapara	21	20.1576	85.1119
Bolbali	38	24.7245	85.9537
Bodgo	38	24.3030	85.8737
Bongi	34	24.5947	86.2009
Borwatoli	38	24.0043	86.0115
Bodarbodar	34	24.7378	86.2794
Bone	34	24.5310	86.4950
Boro	38	24.2013	86.2943
Borapahari	38	24.0126	86.3319
Boijapali	21	21.7324	84.2546
Boma	21	21.6996	84.6877
Bordih	21	21.8191	84.8699
Bondadih	21	21.8213	84.8947
Bonikela	21	21.9281	84.7893
Bolang	21	21.7136	84.7986
Boniakilinda	21	21.5329	84.7802
Bolani	21	21.5839	84.9958
Bonaikela	21	21.7227	84.9205
Bonalimunda	21	21.6391	84.8783
Bordakata	21	20.9686	84.0944
Bolipali	21	20.9640	84.0337
Bomraj	21	20.9505	84.0086
Bonkia	21	20.9450	84.0962
Bogali	21	20.5222	84.0855
Bonduli	21	20.4823	84.0993
Borogoba	21	20.4413	84.0011
Bobdangia	21	20.3577	84.1630
Bokapara	21	20.3432	84.0530
Bokapali	21	20.2908	84.1564
Boningia	21	20.2356	84.1010
Bondhaguda	21	20.2215	84.1369
Boripanga	21	20.2000	84.2069
Bokamaha	21	20.2034	84.0852
Boriguda	21	20.1803	84.2324
Boriponga	21	20.1259	84.2371
Borikia	21	20.0602	84.2313
Borisikholo	21	20.3391	84.2838
Bopolomendi	21	20.2794	84.3564
Bodlasai	21	20.4815	84.3422
Borodokholo	21	20.3319	84.4402
Boropalli	21	20.2847	84.4502
Bogapari	21	20.1583	84.2560
Boropalli	21	20.0970	84.2643
Boriponga	21	20.0229	84.2634
Boppangi	21	20.0055	84.4679
Boni	21	20.3334	84.5233
Boddangi	21	20.1549	84.5823
Bokhara	34	26.3557	85.6661
Bogole	02	14.7372	79.9592
Bordumsa	30	27.5132	95.8826
Bondamunda	21	22.2459	84.9344
Boarijor	38	25.0594	87.4741
Boitamari	03	26.3511	90.5110
Botsa	20	25.8412	94.1314
Borgaon	16	21.1803	79.0538
Bojha	36	27.0064	79.0502
Borgaon	16	21.2972	78.9617
Bodra	37	20.7973	81.6377
Boria	37	21.7534	81.4647
Bochaha	34	25.5675	85.7393