Burhanpur	35	21.3087	76.2303
Bulandshahr	36	28.4039	77.8577
Budaun	36	28.0381	79.1267
Burari	07	28.7557	77.1994
Bundi	24	25.4385	75.6373
Buxar	34	25.5755	83.9804
Budge Budge	28	22.4827	88.1818
Buldana	16	20.5293	76.1846
Burla	21	21.5098	83.8726
Budhana	36	29.2880	77.4753
Budhlada	23	29.9280	75.5620
Bundu	38	23.1609	85.5901
Burhar	35	23.2149	81.5320
Budhni	35	22.7866	77.6811
Bunjwah	12	33.1458	75.9479
Buguda	21	19.8081	84.7908
Buzurg	35	25.8904	78.3453
Budipuram	25	10.0035	77.4458
Budha Theh	23	31.5177	75.3009
Buriya	10	30.1591	77.3581
Buxwaha	35	24.2511	79.2862
Buna Hir	12	34.5243	74.2030
Budhapanka	21	20.8583	85.2420
Bungal	23	32.3139	75.7491
Budhpura	24	25.1127	75.4584
Bundia	21	21.7806	83.9139
Bursera	38	23.7345	86.1448
Burhai	38	24.3566	86.5462
Budhikhamari	21	22.0921	86.4934
Bualpui NG ?E?	31	22.5176	93.0418
Buxa Duar	28	26.7586	89.5940
Butram	16	21.7000	77.2499
Butiarbal	21	20.6000	83.3333
Buti	35	21.6751	76.9607
Buthpur	40	16.6999	78.0521
Bute Wadgaon	16	19.8466	75.0051
Butana	10	29.1890	76.6256
But	30	27.3333	92.4667
Busikota	02	17.8455	82.5779
Busi	24	25.5630	73.4235
Buruwa	35	24.2249	81.4113
Buruqqu	41	34.5164	76.1901
Budsu	24	27.1428	74.7279
Burrakayalakota	02	13.7294	78.3531
Burnpur	28	23.6705	86.9466
Burmu	38	23.5734	85.1326
Burli	16	17.4168	75.2904
Burla	24	24.2371	74.0359
Burla	09	20.2903	73.1729
Buri Khamar	03	26.5521	90.9004
Burigaon	21	21.7614	86.1717
Buri Bazar	17	24.7122	93.8387
Burhwal	36	27.0906	81.3978
Burhna	35	23.2350	81.0896
Budhaguda	21	20.0029	83.9423
Burgam	37	18.5046	81.3998
Burgahan	37	22.2226	82.5149
Burera	35	25.7339	76.9332
Burdun Goempa	41	33.3978	76.9134
Burda	35	25.8327	77.5862
Buravalli	02	18.3463	84.0097
Buramara	21	22.1167	86.6500
Burakek	03	26.0031	93.1639
Bura Gujar	23	30.5302	74.5331
Buradagunte	19	13.5940	78.0309
Bupania	10	28.6349	76.8264
Bunxivara	52	20.7167	70.9000
Bungtlang	31	23.1833	92.9000
Bungtlang	31	22.3399	92.7590
Bungri	24	27.3526	73.1011
Bungidhar	39	29.9652	79.1687
Bungi	24	28.7279	75.2718
Bundi ka Gothra	24	25.6824	75.6556
Bundeli	37	21.5710	81.1160
Bundeli	37	21.1406	82.5862
Bundala	23	31.5326	74.9801
Bunaid	40	16.8102	77.6697
Bumlitan	01	11.6167	92.7000
Bullawala	39	30.1500	78.0833
Bulhowal	23	31.5912	75.7818
Buldega	37	22.4216	83.6861
Bukpui	31	23.3578	92.8446
Bukkapatnam	02	14.1995	77.8012
Bukkapatna	19	13.6519	76.7481
Bukhmai Tuak	31	24.1530	92.6894
Bukar	24	25.6116	70.7343
Buj	35	24.5788	75.4788
Buin	39	30.1515	80.2571
Buimpal	33	15.5490	74.0864
Buhari	09	20.9680	73.3084
Buha	30	27.7240	93.9958
Bugian	24	29.3733	73.6231
Bugga	40	17.9170	80.7191
Bugam	12	33.9563	74.8341
Budnur	19	16.0742	75.2349
Budithapalem	02	15.3411	79.4011
Buddinne	19	16.1932	76.8054
Budil	12	33.3772	74.6480
Budikote	19	12.9065	78.1266
Budhi	12	32.4555	75.4560
Budhgaon	37	23.1152	84.0067
Burhera	10	28.6178	75.7766
Budhat	36	26.6980	83.1337
Budhamb	21	19.6219	84.8618
Budha Khera Kalwa	10	29.3830	76.5494
Budhabar	23	32.0468	75.6984
Budh	30	27.8992	96.5193
Budh	16	17.7705	74.3305
Budbud	28	23.4013	87.5389
Budhawas	24	28.3522	75.4648
Budarasingi	02	18.9382	84.4553
Budalur	25	10.7954	78.9793
Budagurha	21	19.8393	84.2269
Budabal	21	20.6001	83.2600
Buckinghampet	02	16.5108	80.6287
Buchireddipalem	02	14.5449	79.8830
Buchas	24	28.6150	74.8898
Bubshahr	10	29.8599	74.6182
Bubel	21	20.7284	83.5912
Buarpui	31	24.1000	92.6000
Bualpui	31	24.0963	92.6831
Burlai	35	23.4833	76.5536
Buhana	24	28.2063	75.8779
Buntoli	24	27.4248	76.8055
Bukansar	24	28.5038	74.5404
Budhakhali	28	21.8231	88.2081
Burul	28	22.3604	88.1145
Bulli Chak	12	32.4932	74.7263
Buna-Prang	12	34.2782	74.8714
Busarbog	12	34.1913	74.8213
Burzahom	12	34.1673	74.8770
Burzahama	12	34.1683	74.8872
Buchhawar	12	34.0793	74.8331
Burla Nariala	12	33.2709	74.2281
Bubarnag	12	34.4862	74.2423
Budhashung	12	34.4031	74.1221
Buna Darbal	12	34.3312	74.2469
Buna Wadar	12	34.3790	74.1409
Buna Waingam	12	34.1723	74.5109
Buna Naugam	12	34.2053	74.5923
Buna Tantrepur	12	34.1107	74.5890
Buna Kirpalpur	12	34.1522	74.5933
Bunagund	12	34.0467	74.5560
Buna Sharan	12	34.0369	74.5365
Budan	12	34.0425	74.7182
Buna Sir	12	34.2530	74.4548
Buhirpur	12	34.3175	74.4227
Buna Badra	12	34.3384	74.3487
Buna Wodur	12	34.3435	74.4004
Bumai	12	34.3611	74.4227
Buna Shatgund	12	34.3598	74.2747
Burui	12	32.9728	74.7358
Burj Chhanni	12	32.8083	74.6146
Buni Karal	12	33.1960	74.0965
Burjne	12	33.1999	74.1463
Buroth	12	33.1962	74.1762
Buna Dandesar	12	33.1285	74.3240
Burli Badhanu	12	33.1315	74.4262
Budhi Dhak	12	33.0028	74.4472
Burji Pand	12	33.9597	74.3000
Budwal	12	32.8070	74.4772
Butimali	12	34.5528	75.0083
Buglandar	41	34.5402	75.1050
Bushani	12	32.9333	74.9779
Budhanpurabad	10	29.5943	76.9067
Budhori	12	32.6307	74.9845
Buroi	12	32.5993	74.9308
Bujo Darga	12	34.1091	73.9880
Bulaqiwala	39	30.4690	77.8045
Bugawala	39	30.0831	77.9044
Budhwa Shahid	39	30.0870	77.8820
Budha	10	29.9828	77.0753
Burhanpur Khalsa	10	29.9245	77.1050
Burhanpur Sikri	10	29.8901	77.0176
Budha Khera	36	29.8178	77.2236
Budpur	36	29.7532	77.2481
Bundugarh	36	29.7069	77.4135
Bunta	36	29.6133	77.3366
Buransi	39	29.9403	78.6723
Bunga	39	29.9463	78.6983
Budolgaon	39	29.8498	78.5639
Buchakhal	39	29.7802	78.7371
Bulkapur	40	17.4406	78.1578
Buchhiguda	40	17.0583	78.2503
Buddlu	40	17.3306	78.4078
Budrel	40	17.4199	78.5843
Buhipur	12	34.5183	74.2430
Bugle Rock	19	12.9441	77.5683
Budana	24	28.1950	75.4397
Budana ka Bas	24	28.1809	75.4398
Budhseli	10	28.8114	75.5803
Budaniyan	24	28.2676	75.5079
Buchiya ki Dhani	24	28.2280	75.6968
Bulipur	23	30.6810	76.2472
Buga Kalan	23	30.5425	76.1279
Buga Khurd	23	30.5392	76.1220
Burah Majra	23	30.1898	76.5058
Budhmor	23	30.0862	76.5337
Burail	05	30.7080	76.7621
Burail	05	30.6914	76.7707
Burj Tanda	10	30.7394	76.9127
Burj	10	30.7376	76.9142
Bunga	10	30.6701	76.9707
Budhanpur	10	30.6904	76.8314
Bukhara	35	24.1090	78.0606
Budheri	36	24.9463	78.3157
Burera	36	24.9328	78.3444
Bucha	36	24.8116	78.3671
Buranpura	35	24.2176	78.3869
Budho	35	24.0480	78.4820
Buti	36	24.6980	78.6804
Burkikhera	35	24.6961	78.9545
Bugpura	35	24.6710	78.9274
Burhi	36	24.5346	78.8508
Burna	35	24.1706	78.9363
Burra Faridpur	36	27.9590	79.0230
Buncha Nagla	36	27.9923	79.1925
Budhua	36	27.8457	79.3087
Budhauli	36	27.0890	79.3031
Bujhera	36	27.6834	79.6531
Budhaura	36	27.6338	79.6119
Bulaki Purwa	36	27.0203	79.9160
Butha	36	26.9739	79.1718
Burhakhera	36	26.9893	79.1962
Budhu ka Nagia	36	26.8588	79.0021
Buapur	36	26.7659	79.1356
Bulakipur Lodhpura	36	26.8227	79.0804
Budha ka Nagla	36	26.7657	79.1159
Budhanpur	36	26.2990	79.2089
Buthariya	24	26.8995	75.6643
Burero	36	25.4520	79.4339
Bunchpur	36	26.7979	79.5990
Bujhwa	36	26.5386	79.9335
Budaura	35	24.7346	79.1678
Burkikhera	35	24.6659	79.0501
Budaur	35	24.5434	79.0698
Budisyamar	35	24.1954	79.1581
Budheri	10	28.5679	75.7060
Bugte Alur	16	16.2664	74.3084
Bukhan Kani	12	32.4836	74.9416
Burj Hari Singh Wala	23	30.6918	75.5881
Burichatan	03	26.4755	89.9271
Bukansar	24	28.6275	74.4549
Burabe	03	25.7138	93.3323
Bukpi	17	24.2128	93.2420
Bura Timung	03	26.1746	93.6559
Burhi Khow	03	27.2898	94.9252
Buttayyagudem	40	18.4761	80.3210
Burgguia	40	19.3151	79.3123
Butati	24	26.8966	73.9839
Bubalcha	24	26.6851	74.7334
Bukhari	24	25.4124	76.8108
Butala	24	24.8025	73.5930
Budarkatti	19	15.6604	74.9154
Burhi Komna	37	20.5872	82.6714
Bungapali	21	21.7016	83.5854
Budhwara	37	22.1021	81.2579
Budhwara	37	22.1345	81.6158
Buraliya	35	22.3947	75.7662
Budrutop	03	26.3167	91.0000
Budhor Kalan	35	23.4921	77.5017
Buchankhapa	35	21.7279	78.6093
Buduli	21	19.9886	84.5615
Budheisuni	21	19.7096	84.8112
Budura Gaon	03	26.6721	91.7892
Budhisindhol	21	20.7916	83.5683
Budel	21	19.7824	82.8903
Budugumpa	19	15.3933	76.3138
Budhipadar	21	19.8322	82.9292
Budhipadar	21	20.8985	83.5222
Buangpui	31	23.2361	92.7455
Bunakut	12	34.4685	74.6695
Buth	12	34.4458	74.6887
Bunapur	12	34.4184	74.6047
Bunahar	12	34.4317	74.5534
Budarnar	12	34.3784	74.7151
Buna Sudarkut	12	34.3584	74.6641
Buchi	10	29.7509	76.6537
Butani	10	29.3428	76.5852
Busana	10	29.2367	76.7339
Budhanpur	10	29.6960	76.8198
Budhanpur	10	29.7234	76.9305
Burdaij	12	34.4841	74.7627
Budpur	10	28.2307	76.5752
Budana	10	28.2263	76.6893
Budani	10	28.2244	76.6793
Budhera	10	28.4773	76.9127
Budibawal	24	28.1036	76.7766
Burerah	24	28.1215	76.8152
Bubkahera	24	28.0792	76.8561
Buraka	10	28.1881	76.9680
Burdhata	11	31.6029	77.0276
Budhan	11	31.5183	77.0786
Bunga	11	31.5998	77.2072
Bung	11	31.6593	77.2028
Burna	11	31.6776	77.2256
Burthal	24	28.6091	74.4078
Burj Bhalaike	23	29.8414	75.2757
Budher	24	29.0107	75.3509
Burak	10	29.0789	75.4211
Budhanpur	10	29.7150	75.8109
Bugana	10	29.2569	75.8347
Budhakhera	10	29.4993	75.8889
Butiya	24	28.3435	75.0098
Bursham	10	29.8721	76.7971
Bukhapuri	10	29.8634	76.7920
Butana	10	29.8581	76.9347
Butan Kheri	10	29.8934	76.9991
Butana	24	28.0700	76.4264
Buroli	10	28.2488	76.4482
Bundi Nakka	12	33.3972	74.3942
Bud-ki Khanari	12	33.4874	74.4569
Burwari	12	33.2548	74.4976
Bui	11	31.3040	77.0096
Bulandkai	12	34.6103	74.1697
Bunagam	12	34.5875	74.2435
Buinar	12	34.5744	74.3205
Bunla Adar	12	34.5643	74.4477
Budhanal	11	31.2716	77.2987
Bungedhar	11	31.4780	77.2937
Butidhar	11	31.4660	77.4570
Budhoke	23	30.4997	74.1973
Burjwala	23	30.1850	74.1884
Burjan	23	30.1605	74.4593
Buri Masta	23	30.7291	74.6734
Budhi Mal	23	30.6008	74.6318
Buttar Sharinh	23	30.3573	74.6870
Buttar Bakuha	23	30.2528	74.6628
Bundala Purana	23	30.9454	74.9827
Bundu	11	31.1469	77.3622
Bung	11	31.4729	77.6044
Buttidhar	11	31.2819	77.5026
Burach	11	31.0180	77.6353
Budh	11	30.7196	77.1202
Bunga	11	30.6859	77.1630
Burbar	11	30.6671	77.2186
Buktuha	10	30.4004	77.0684
Burj Shahid	10	30.4279	77.0614
Buddha Khera	10	30.3609	77.0656
Bubka	10	30.0436	77.1252
Bukana	10	30.0611	77.1559
Bunal	11	30.7906	77.3850
Buti	11	30.7915	77.4826
Bunni	11	30.9613	77.4703
Bubi	11	30.5724	77.2608
Buri	11	30.5256	77.3585
Burara	11	30.6491	77.3687
Burja ki Dhani	24	27.5805	76.1864
Buri Kalan	24	27.3286	76.7105
Buri Khurd	24	27.3349	76.7158
Burjawala	24	27.4264	76.7393
Buddi	10	30.4205	77.3098
Butgarh	10	30.3452	77.2600
Buchhaina	11	30.6269	77.5058
Bulich	11	30.6242	77.5377
Buraila	11	30.5885	77.5337
Burek	11	30.7223	77.7006
Burja	24	27.7666	76.7612
Bujaka	24	27.6976	76.7894
Burja	24	27.5983	76.9504
Butiyana	24	27.4818	76.8420
Butiyana	24	27.4711	76.8477
Bulaheri	24	27.4209	76.9862
Buraila	39	30.7299	77.7850
Bulgaon	39	30.5768	77.8222
Budhanh	39	30.7189	77.9775
Bunga	39	30.7021	77.9813
Bungoti	39	30.6856	77.9419
Burasuwa	39	30.6849	77.9197
Budhora	39	30.6220	77.9734
Burja	24	26.6595	76.3485
Budhpur Nain Singh	36	29.4752	78.2014
Burhanuddinpur	36	29.4146	78.1081
Butrari	36	29.2569	78.0623
Buddha ka Bas	24	28.4067	75.2846
Burhpur	36	29.5632	78.2130
Bukanpur	39	29.7916	78.0435
Burha	35	23.2173	78.4301
Bucholai	24	26.4213	76.6632
Bunchipura	24	26.2851	76.6894
Bukna	24	26.2844	76.7127
Burhi Muar	35	23.3591	78.9769
Budhanwara	35	23.1176	78.6486
Budhanwara	35	23.1325	78.6456
Burha	35	23.0944	78.7900
Budha Khera	10	29.7104	77.0275
Budhanpur	36	29.8034	77.2756
Bulewala	36	29.9306	77.3575
Budhera	36	29.9802	77.4056
Budha Khera	36	29.8697	77.4768
Butrari	36	29.3886	77.3463
Butrara	36	29.4600	77.4241
Budhpur	36	29.2165	77.2986
Budhera	36	29.0280	77.3131
Budhakhera	36	29.6242	77.5694
Budhwara	35	22.7025	78.0009
Budhal	35	22.7267	78.4154
Buddi	35	22.6123	78.7484
Budlapathar	35	22.2844	78.7459
Budhwara	35	22.1509	78.6154
Burri Kalan	35	22.1432	78.6543
Burri Khurd	35	22.1437	78.6301
Budhwara	35	22.9427	78.9143
Buchanwari	35	21.9727	78.1334
Bundala	35	21.8873	78.2373
Bukakheri	35	21.7847	78.3279
Burena	35	21.9507	78.6753
Budhlagarh	16	21.0541	78.5619
Buchnai	35	21.9322	78.8720
Bubakpur	36	29.0894	77.6186
Budli	24	25.4808	76.3385
Burj Harika	23	30.5579	74.9419
Burj Jawahar Singhwala	23	30.5370	74.9873
Buglawali	24	29.7874	74.2275
Budhi Mari	10	29.4871	74.7154
Buja	24	24.0453	73.2577
Budh Singhwala	23	30.7553	75.1731
Bughipura	23	30.8021	75.2301
Bukkanwala	23	30.7928	75.1145
Bujra	24	24.5636	73.6328
Burj Duna	23	30.6772	75.2176
Budh Singhwala	23	30.6553	75.1077
Burj Hamira	23	30.5335	75.2487
Burj Ladha Singhwala	23	30.5194	75.0824
Budar	24	24.1014	73.6458
Burj Tharor	23	30.4635	75.0622
Burj Dalla	23	30.3403	75.1285
Burj Gillan	23	30.3918	75.2310
Budal	24	24.4288	73.9261
Butel	24	24.3610	73.9889
Budhol	24	26.4917	74.7547
Burj Sema	23	30.0547	75.1032
Burj Kahn Singhwala	23	30.2068	75.0885
Burj	23	30.0263	75.1823
Burewal	23	30.9993	75.3932
Buttar Khurd	23	30.7325	75.2627
Buttar	23	30.7251	75.2761
Bur Mandawar	24	24.5877	76.2360
Burj Kalara	23	30.5873	75.4090
Budh	24	25.0942	74.5344
Burj Manawala	23	30.4905	75.2643
Buggran	23	30.3127	75.3105
Burj Mansaian	23	30.3048	75.2777
Burj Fatehgarh	23	30.3999	75.3783
Buzurg	23	30.8686	75.5201
Burj Hasan	23	30.9842	75.6148
Burj Mankaur	23	30.9602	75.6995
Burj Lamrah	23	30.9566	75.6911
Buggar	23	30.2153	75.5930
Budhpura	23	30.0233	75.5452
Budpur Chauhan	39	29.8103	77.8149
Bukanpur	39	29.7784	77.9348
Budpur Jat	36	29.6958	77.8732
Buhara Kalan	36	29.3122	77.7549
Buhara Khurd	36	29.2974	77.7502
Budh Katehra	36	29.3579	77.8376
Budhpur Bijapur	07	28.7814	77.1384
Burrra	23	30.8861	75.8385
Bul	23	30.7765	75.8739
Bulara	23	30.8440	75.8698
Buthgarh Banjara	23	30.9822	75.9438
Buddhewal	23	30.9077	75.9993
Budhela	07	28.6382	77.0704
Budhseni	36	28.9967	77.4319
Burhena	10	28.3991	77.3442
Bukharpur	10	28.3228	77.3862
Budhera Zahidpur	36	28.9272	77.7251
Budha Gharbara	36	28.4133	77.5356
Bulandkhera	36	28.3800	77.6158
Burj Maihma	23	30.2619	74.7984
Buranwala	10	29.4678	74.9807
Bure Jattan	23	31.6021	75.7530
Butwa	24	24.2252	73.9290
Burauli	24	24.0672	73.9317
Bupkia	24	26.0651	74.8159
Buneora ka Khera	24	24.6296	74.2233
Buneora	24	24.6264	74.2419
Bunti	24	25.5594	75.0217
Bugra	23	30.3563	75.7861
Burj	23	30.4782	75.8428
Burj Bhaghel Singh	23	30.4949	75.9922
Butri	24	24.5365	72.5321
Buzuru	12	33.2173	76.2496
Buttu	12	33.1062	76.0312
Burar	23	29.9913	76.0683
Bukraha	23	29.9681	76.1555
Budhanpur	10	29.1725	77.1157
Burche Dogri	11	31.5476	78.2332
Bulat	39	30.4606	78.0054
Bullawala	39	30.3303	78.0082
Burans Khanda	39	30.4371	78.2308
Buranskhanda	39	30.4406	78.1990
Butan	39	30.4936	78.2453
Budhnagar	36	29.4084	78.7172
Bura	39	30.2931	79.5350
Burhanpur	36	28.9933	79.1734
Budhupura	36	28.8558	79.1451
Busnai	40	19.0574	79.8124
Budhwara	24	24.2738	76.8246
Burgapalli	40	18.6401	79.0317
Bupatipur	40	18.5044	79.2374
Burgapalli	40	18.8953	79.6637
Budharam	40	18.9115	79.7172
Budhaka	36	28.0891	77.5903
Bulaqipur	36	28.0247	77.7237
Budhwari	28	27.1010	88.1226
Bum	29	27.2213	88.2412
Burikhop	29	27.1793	88.1703
Burhanpur Badhali	36	28.8567	77.8965
Bumtar	29	27.1562	88.3713
Bul	29	27.1488	88.3906
Burul	29	27.2017	88.4610
Burdang	29	27.2179	88.4923
Burung	29	27.2470	88.5242
Burdang	29	27.2181	88.5071
Budang	29	27.2172	88.5477
Budhbare	28	27.0476	88.6036
Burhanbhat	37	21.5021	81.0086
Burhasagar	37	21.6788	81.0883
Burera	37	21.6113	81.2256
Bundeli	37	21.7358	81.2101
Burgupalli	40	16.7139	78.1437
Burgupalli Tanda	40	16.6963	78.1444
Budhwar	24	26.8748	77.3832
Burawali	35	26.3188	77.8047
Buta ka Pura	35	26.2852	77.8626
Buthgarh	23	30.9512	76.1074
Bulewal	23	30.9568	76.1539
Burj Kacha	23	30.9217	76.2372
Burj Pakha	23	30.9290	76.2276
Buzurg	23	30.0981	76.1161
Burj Poawat	23	30.9277	76.2821
Burj	23	30.7619	76.3906
Buthgarh	23	30.7893	76.4607
Budha Bhora	23	30.9442	76.4912
Buta Singhwala	23	30.2988	76.4310
Budhanpur	23	30.3435	76.4878
Bulebas	23	30.4855	76.4417
Bur Majra	23	30.8723	76.5075
Buthgarh	23	30.8341	76.6863
Bur Majra	23	30.3738	76.6133
Budhanpur	23	30.4822	76.7557
Buraka	10	27.8807	77.3304
Bukhrari	36	27.8598	77.4870
Budli ka Bas	24	27.5908	77.0065
Budli	24	27.5872	77.0037
Buhapur Garhi	24	27.5605	77.1547
Burani ka Bas	24	27.6935	77.0836
Budhgarhi	36	27.8684	77.5255
Bulakpur	36	27.8252	77.7250
Bulandpur	36	27.6925	77.7305
Burawai	24	27.3111	77.5606
Budana	10	29.2597	76.1327
Budha Khera	10	29.8288	76.2575
Bura Dehar	10	29.2011	76.3390
Budha Khera Lathar	10	29.1181	76.4381
Bucha Nagla	36	28.3719	77.8017
Busnur	19	17.4647	76.5335
Burana	24	27.0683	77.5569
Burbur	37	22.3652	82.2995
Burhanpur	37	22.1117	82.8399
Bundela	37	21.9224	82.1583
Burgahan	37	21.7445	82.1076
Burena	37	20.9998	81.1213
Bundeli	37	20.8359	81.1522
Burhanpur	37	20.9627	81.1072
Bullutola	37	20.7379	81.0309
Burkabhat	37	20.4974	81.0329
Busatola	37	20.4172	81.0680
Bulawand	37	20.1268	81.1027
Budeli	37	20.3081	81.6041
Burharao	37	20.7113	81.8872
Burukamohalai	21	20.0569	81.9160
Butnal	19	17.0145	76.8002
Budihal	19	16.6659	76.3884
Budihal	19	16.3730	76.3902
Budihal	19	16.3034	76.2616
Buddini	19	16.0526	76.4742
Budhwara	37	21.8636	81.2088
Bundeli Khurd	37	21.2070	81.0127
Bundeli Kalan	37	21.1902	81.0178
Budhwara	37	21.5983	81.2856
Bundeli	37	21.5457	81.2705
Budera	37	21.6057	81.3553
Buchipur	37	21.8177	81.6891
Bullapur	19	16.1707	76.8574
Burgapalli	40	18.2729	77.7096
Budmi	40	18.3396	77.8859
Burnapur	40	18.2790	77.7948
Burgul	40	18.2579	77.9390
Bujuranpalli	40	18.0565	77.8599
Burgupalli	40	18.0079	77.9678
Budhaich	36	27.4386	78.1621
Burj Nauji	36	27.4577	78.1314
Burj Baji	36	27.3629	78.0379
Burj Akbar	36	27.3317	78.1112
Burj Misri	36	27.3149	78.1031
Burj Karher	36	27.2909	78.1544
Burj Shib Singh	36	27.3042	78.1618
Burj Atibal	36	27.3129	78.2119
Burj Bale	36	27.2867	78.2374
Burj Khanjar	36	27.2713	78.1605
Burj Gangi	36	27.2855	78.1603
Burj Laljit	36	27.2776	78.1534
Buthpur	19	17.2799	77.2917
Burgpalli	19	17.3385	77.4247
Budhana Khas	36	27.1771	78.0968
Burj	36	27.1711	78.1608
Budhera	36	27.1254	78.0890
Burha Bisarna	36	27.1168	78.1852
Burjpalle	40	17.0669	77.5994
Bulkapur	40	17.1054	77.5944
Burhanpur Kunjmanpur	36	27.4227	78.3554
Burj Nathu	36	27.2982	78.2679
Burj Nai	36	27.2978	78.2627
Burj Sathi	36	27.2890	78.2776
Burj Bhajan	36	27.2754	78.2540
Buranda	16	20.0929	78.7289
Burkoni	16	20.4648	78.8394
Buranda	16	20.1535	78.7795
Burj	36	27.6942	77.7981
Burj	36	27.5915	77.8128
Burji	36	27.5086	77.8449
Butkur	40	17.8822	77.8709
Buglapalli	40	17.8308	77.8434
Buddyapalli	40	17.8828	77.9647
Budhena	36	27.7264	78.6801
Burhanabad	36	27.7031	78.6858
Budhera	36	27.6511	78.7231
Burhikoni	35	23.3276	79.6808
Burhimavai	35	23.0790	79.5745
Budhgaon	40	17.7440	77.7539
Budsatpalli	40	17.6849	77.7834
Budhpalli	40	17.7351	77.8412
Budharam	40	17.6291	77.8396
Burgapalli	40	17.5514	77.9029
Buraili	35	23.4280	79.8534
Burrai	35	23.4339	79.9325
Burhi	35	23.4955	79.9887
Burhrai	36	27.1190	78.6008
Burha Bharthara	36	27.0996	78.6488
Budh Singh	36	27.0686	78.5860
Budhu	36	27.0941	78.7074
Buragapalli	19	16.9030	77.4284
Budur	19	16.8554	77.3590
Butla Daulat	36	27.9687	78.9626
Bulaqgarh	36	27.9413	78.0030
Budhansi	36	27.9130	78.2036
Burena	35	22.7057	79.0915
Burena	35	22.5051	79.2091
Burj Popa	36	27.2773	77.8148
Burjsingna	36	27.2684	77.8194
Burj Tula	36	27.3090	77.8806
Burj Sukhdeo	36	27.3196	77.8832
Budhipura	36	27.3967	77.9076
Burj	36	27.4449	77.8337
Burj	36	27.4486	77.9189
Burj	36	27.3342	77.8221
Budha Nagaria	36	27.7494	78.8052
Budha	36	27.7473	78.8135
Burhra	36	27.5071	78.9570
Budhara	35	26.6366	78.4250
Burena	35	22.8928	79.5320
Burhwani	35	22.7853	79.6450
Burhwani	35	22.9382	79.6626
Burhwani	35	22.3646	79.6062
Burwar	36	27.0079	77.7879
Burhena Khurd	35	22.0434	79.6635
Burhena Kalan	35	22.0754	79.7378
Bubaria	35	22.0976	79.5583
Buramai	36	26.9673	78.8854
Bulakipur Lahrua	36	26.7829	78.9826
Budpur	40	16.4560	77.5949
Budidipad	02	16.3271	77.5870
Burgupalli	40	16.8019	77.7761
Burhauli	35	24.7387	78.0573
Budadipad	40	16.1621	77.7489
Buddareddipalli	40	16.0190	77.8121
Budadipad	40	16.0982	77.9939
Bunyadipuram	40	16.1636	77.9879
Burwar	36	24.7105	78.3382
Bumani	36	27.5996	79.0076
Budhpur	36	27.5620	79.0846
Burgapalli	40	19.0862	78.0920
Burgapalli	40	19.2205	78.1600
Buggaram	40	19.2894	78.4385
Buggaram Khurd	40	19.3030	78.4432
Buddikonda	40	19.3145	78.3857
Burra Chak Sahara	36	27.3700	79.1544
Bulaqinagar	36	27.4755	79.1952
Bugrar	24	26.3924	77.1127
Burhpura	35	26.2575	77.2315
Burkulegi	40	19.1536	78.5175
Burhanpur	36	27.4873	79.3511
Buddi	35	21.9144	79.3828
Buggoniguda	40	17.1911	78.2226
Burukganj	35	21.9361	79.6098
Budhwana	36	27.8485	79.5820
Buriasabal	36	27.7668	79.5168
Buria Shahpur	36	27.7688	79.5593
Burhawali	35	26.4090	77.6997
Buddhgarhi	35	26.3533	77.6556
Budera	35	26.3323	77.7330
Burha Sirthara	35	26.2569	77.6855
Buriyal ka Pura	35	26.2287	77.5229
Budhi	35	26.1933	77.5795
Burhara	36	26.9633	77.8440
Bucha ka Pura	24	26.9117	77.9091
Budhanpur	36	27.4340	79.5181
Burhnamau	36	27.3470	79.6139
Bundapur	36	27.3241	79.7459
Burhia	36	27.2798	79.6950
Busareddipalli	40	16.1931	78.0943
Budharam	40	16.4392	78.1412
Bukharaka	10	27.9422	77.0379
Budha Ka Bas	10	27.8417	77.0341
Burha Ka Bas	10	27.8043	77.0983
Bubalheri	10	27.8523	77.0827
Bursil	35	21.1722	76.1854
Bunchpur	36	27.0814	79.5719
Bunchapur	36	27.2485	79.7422
Burakhera	35	25.5611	77.4008
Burera	35	25.9728	77.6089
Burhauni	35	25.6999	77.5330
Burhanpur	36	27.9979	79.8437
Buraban	36	27.9463	79.9718
Bujhera Husainpur	36	27.9324	79.9673
Butamau	36	27.4359	79.9008
Bukaura	36	27.4422	79.9161
Burhanpur	36	27.4967	79.9478
Burhirai	35	25.2070	77.5157
Burha Dongar	35	25.0583	77.5941
Burhpura	35	25.7651	77.9280
Budoria	35	24.0421	77.2391
Burhakhera	35	24.4678	77.4599
Burha Dongar	35	24.4494	77.3701
Burhena	35	24.4085	77.3898
Burharra	36	27.3084	78.7914
Burra	36	27.2763	78.9934
Budi Sumer	35	24.2291	77.4924
Buran	35	24.0301	77.2529
Burakhera	35	24.1161	77.3745
Burakhera	35	24.1028	77.3868
Burhena	35	24.2689	77.8330
Budharam	40	17.0941	79.2043
Budabanda Tanda	40	17.9193	79.2648
Budhu	36	27.6200	78.0109
Buigarhi	36	27.5273	78.0556
Burhagaom	36	27.8844	78.4535
Butpura	36	27.5633	78.3954
Budhaira	36	27.5021	78.3350
Bujilapuram	40	17.4168	79.2757
Budrai	36	27.2235	78.4724
Burraha	36	27.7643	78.5986
Budhraopet	40	17.8845	79.9593
Burkacherla	40	17.2235	79.8162
Buddu Tanda	40	17.5724	79.9371
Buchchannagudem	40	16.9563	79.1656
Budamarlapalli	40	16.9580	79.1797
Buddareddigudem	40	16.9004	79.1592
Buddha Ki Marhaiyan	36	26.6148	79.5413
Burhadana	36	26.5221	79.5774
Budhera	36	26.3807	79.6065
Budhauli	36	26.3402	79.6684
Burhna	36	26.2631	79.6754
Buddoni Tanda	40	16.5290	79.0097
Bugga Tanda	40	16.5527	79.1032
Buradagattu Tanda	40	16.5564	79.1976
Budhia	36	26.4403	79.9776
Budhera	36	26.1946	79.7964
Burhi	36	25.8492	79.6876
Burgugadda	40	16.9350	79.8542
Burkala Tanda	40	16.7830	79.8400
Bundra	35	22.3492	76.9795
Bura	36	25.7193	82.0800
Budhai ka Pura	36	25.6697	82.0874
Burhanpur	36	25.6268	82.2466
Burai	36	25.3834	79.1662
Bukhara	36	25.2405	79.1909
Burhia Bamhori	36	25.1790	79.1310
Budaur	35	25.0173	79.1752
Burkhera	36	25.2121	79.4770
Budhwara	36	25.1510	79.4403
Burhi Banne	35	25.0017	79.2907
Buraura	36	25.4406	79.5190
Burhi	36	25.3719	79.6094
Burhi Kalan	35	24.1906	79.4987
Budhaura	36	25.2404	79.5314
Burera	35	24.4382	79.0013
Burera	35	24.4323	79.0007
Burhakhera	35	24.3346	79.0762
Bulyakheri	35	21.6798	76.1668
Burara	35	22.5443	77.0072
Buratiya	35	22.5124	77.1483
Budaha	35	24.7246	82.0073
Budhor Ka Purwa	35	24.8384	79.5462
Budhor	35	24.8315	79.5385
Burha	35	24.8323	79.6176
Burhipur	36	25.5379	83.1569
Burhanpura	36	25.6036	83.1202
Budhguan	35	24.6872	79.5744
Budhanpura	35	26.7042	78.5725
Burh Bhuili	36	25.1226	83.0410
Budhwar	36	25.2045	83.1325
Burhwal	36	25.0684	83.2099
Burhiyanadi	35	26.4668	78.8357
Burhara	35	26.4350	78.8289
Buzurg	35	26.3695	78.7835
Budhni Ghat	35	22.7660	77.6878
Budhni	35	22.8381	77.9214
Burhanpur	36	25.6573	83.3001
Burhanipur	36	25.5602	83.2946
Burhauli	36	25.5421	83.3635
Burhanpur	36	25.6653	83.3886
Burhanpur	36	25.5951	83.4545
Budhaun	35	25.2441	78.0170
Budhanpur	35	25.2228	78.0133
Burti	16	20.8212	76.3131
Burti	16	20.8617	76.3920
Budhera	35	25.7449	78.4649
Buzurg	35	25.6406	78.2835
Budhideh	35	25.5376	78.2717
Burjepur	36	25.4573	83.3192
Burha Hatta	35	24.1233	79.5930
Bundra	35	22.2486	77.1380
Burhpura	36	25.2039	78.4145
Budawani	36	25.0179	78.4998
Budrak	35	24.9973	79.8144
Burhamaon	36	25.1143	83.2732
Burhimal	35	22.1877	77.5648
Buhara	35	25.7482	78.6044
Budhagad	16	20.9546	77.5718
Burhanpur	36	25.7660	83.7475
Burhanpur	36	25.7917	83.6987
Budhawe	36	25.9539	83.6251
Bureru	35	25.3057	78.5715
Burha Dih	36	25.3891	83.5559
Bulumgowhan	16	21.6352	77.0228
Bugadi	35	21.9079	77.4941
Bucharkhera	35	21.9627	77.5589
Buretha	35	21.8023	77.6219
Butida	16	21.6508	77.5242
Burhwalia	34	25.1621	83.5310
Burha Dih	34	25.4090	83.8678
Burahar	34	25.1596	83.7926
Burhan	36	24.9488	83.1048
Buranadih	36	24.9964	83.1711
Burudghat	16	21.3735	77.4876
Burshanpur	16	21.3754	77.4894
Budhli	16	20.7890	77.8797
Budbudatola	35	21.8019	79.9677
Budbuda	35	21.7938	79.9645
Budbudatola	35	21.7891	79.9630
Burdwari	35	21.6802	79.8810
Burhar Khurd	36	24.7250	83.0480
Burhar Kalan	36	24.7221	83.0508
Bukrakhari	36	24.4081	83.2376
Burhikhar	36	24.3496	83.3699
Butberwa	38	24.2690	83.4050
Bum	36	24.1991	83.3218
Butahtiyatola	38	24.1565	83.4788
Buranapuram	40	17.3484	79.8390
Bucha	34	24.9110	83.6719
Bundera	35	25.1666	78.6440
Buderra	35	25.0983	78.7392
Buchera	36	25.0019	78.5710
Burheri Kalan	36	25.9100	78.8881
Burheraghat	36	25.9103	78.8978
Burhera Kalan	36	25.8950	78.9102
Burheri Khurd	36	25.8866	78.9110
Buka	38	24.3803	83.5764
Bulka	38	24.1606	83.5716
Burhitanr	38	24.0094	83.5527
Budhewara	16	20.7859	79.9836
Burhawali	36	25.7484	78.9397
Budhewara	16	20.4751	79.8726
Buraila	35	25.0245	80.1345
Burhai	36	25.6954	80.2773
Budhera	36	25.8974	80.3749
Burhanda	36	25.9649	80.3856
Budhauli	36	25.9153	80.6168
Buktarwadi	16	18.8628	76.6242
Budanur	19	16.6647	76.6536
Buddini	19	16.0323	76.6481
Burhikhar	38	24.3599	83.7968
Burhkhaira	38	24.3388	83.9027
Burhikhar	38	24.3190	83.9541
Burhigamhar	38	24.0852	83.8090
Burhibdhi	38	24.0416	83.9850
Burhibhir	38	24.0458	83.9625
Burhlawa	38	24.1934	83.9479
Bulbuliya	38	24.1982	83.9165
Burhi Bagrod	35	23.7348	78.2343
Burha Basoda	35	23.6176	78.2105
Budwal	24	27.9558	76.2727
Buli	24	27.9747	76.4579
Budu	24	27.9292	76.2614
Bugga Tanda	40	17.1027	78.7430
Burhaganj	35	23.4202	78.2377
Burawali	36	25.3590	78.9801
Burgul	40	16.9793	78.2187
Bureddipalli	40	16.7595	78.1253
Buddsamudram	40	16.6930	78.2776
Bukkarra	35	24.9821	78.1432
Burera	35	24.9509	78.1369
Burhanpur	35	24.8532	78.1552
Buth	16	19.8920	76.3007
Bulanhera	24	24.8701	76.4694
Burhanpalli	40	17.6616	79.5428
Budhampalli	40	17.7464	79.6539
Burgumdla	40	17.6980	79.7344
Bulandpura	36	24.3912	78.4369
Bua Ram Purwa	36	25.4000	80.7321
Buranpur	35	23.8199	76.3937
Burogaon	36	24.8139	78.6306
Budhni	36	24.4350	78.6970
Budhon	35	24.0782	78.5155
Budhihal	19	16.8947	76.1550
Budhihal	19	16.0681	76.1780
Bujragpalsi	40	19.6579	78.3296
Burkundam	40	19.5715	78.3626
Budwarpet	16	19.5385	78.2602
Buthi Buzurg	40	19.5095	78.3370
Buthi Khurd	40	19.5218	78.3417
Budhni Mandawra	36	24.4498	78.7951
Burdium	40	19.7383	78.5386
Burhakhera	35	23.9079	78.9538
Bugalia	35	24.7850	80.0482
Butitola	35	24.9139	81.4634
Burai	35	24.6455	81.2537
Burwa	35	24.5551	81.4730
Burwa	35	24.5483	81.4720
Burhiya	35	24.6116	81.4582
Burwa	35	24.6734	81.4958
Burhgawan	35	24.7109	81.4676
Budrorh	35	24.6945	80.0263
Busaul	35	24.7772	81.6089
Burwa	35	24.6982	81.5581
Burwa	35	24.6774	81.5279
Burwa	35	24.6722	81.5323
Budama	35	24.9475	81.7968
Buriyadah	35	24.5217	81.7686
Budhni	35	22.7637	78.3979
Budhni	35	22.9588	78.3987
Burhgauna	35	24.3148	81.3645
Burabaur	35	24.2209	81.3422
Burhayi	35	24.4052	81.6602
Buchro	35	24.0608	81.5241
Butenarah	35	22.3493	78.4507
Buchanwari	35	22.0582	78.3715
Buddi	35	22.2866	78.8397
Buttapuram	40	19.0775	78.9393
Budhramau	36	25.7702	80.8169
Bura Mohan	36	25.9215	80.9909
Budhwa Purwa	36	25.3624	80.8795
Budhla	16	21.3207	78.7766
Burajwara	16	21.3704	78.9505
Bulbulaganj	36	27.5423	79.4387
Buniadpur	36	27.5821	79.3947
Buksaha	35	24.7617	80.2769
Burhi	35	24.5791	80.4730
Burha	35	24.6403	80.4493
Budnepur	36	25.9532	82.4971
Burhapur	36	25.9079	82.5967
Buzurga	36	25.5774	82.6070
Buddhipur	36	25.5288	82.6343
Budhgaon	35	23.1006	79.3751
Budhera	35	24.3366	80.0919
Budhror	35	24.0837	80.1883
Budena	35	22.6487	79.3463
Bura	35	24.7440	80.9724
Bulaqipur	36	25.6941	81.4253
Burhwani	35	22.6031	79.6852
Burhwani	35	22.6502	79.6472
Bunwan ka Pura	36	25.3889	82.2705
Buili Pande	36	25.1549	82.6606
Bunchi	36	25.4838	82.9007
Burwa	36	25.4539	82.9140
Burapur	36	25.2440	82.8649
Budhwara	35	22.6066	79.8767
Burhagar	35	24.1236	80.6386
Budhupura	36	29.4745	77.2407
Buchchakheri	36	29.3621	77.1856
Buraniyan	36	24.6684	82.7831
Burhikhar	36	24.5990	82.9562
Budhana ki Dhani	10	28.7404	75.9538
Budhrahiyatola	35	24.2119	82.1606
Burhadand	35	24.3385	82.3622
Budher	35	24.0292	82.3692
Budhela	35	24.0937	82.5191
Buti	36	24.4557	82.8074
Buria	10	28.5944	76.7251
Burhansapur	36	25.5814	82.2632
Buriawas	10	28.3490	76.5426
Burthal Jat	10	28.2658	76.6432
Bundra Khurd	36	29.0654	78.1581
Bundra Kalan	36	29.0658	78.2471
Bundki	36	29.5208	78.3905
Burawala	36	29.4388	78.4642
Budpur	36	29.2773	78.4063
Buria	36	24.6296	82.3966
Burdi	35	24.5455	82.3754
Budhnapur	36	27.7670	81.0217
Budhwa	36	27.7615	81.1221
Bulbul Purwa	36	27.5300	81.0890
Burhanpur	36	27.6479	81.2397
Buhanna	36	27.3728	81.2306
Budhapur	36	27.3781	81.0892
Buddhu Purwa	36	27.5789	81.5107
Bulaki Purwa	36	27.6420	81.5838
Budhan Purwa	36	27.5374	81.5675
Budhram Purwa	36	27.6150	81.5923
Bura	36	24.0412	82.9235
Budhram Purwa	36	27.6071	81.6993
Bubkapur	36	27.4551	81.5516
Budhi Purwa	36	27.4263	81.5626
Budka	36	25.8989	83.7843
Budhanpur	36	25.9197	83.9520
Bulha	36	27.4572	81.6736
Budhan Purwa	36	27.6340	81.9922
Buseli Purwa	36	27.6156	81.9809
Budhu Purwa	36	27.5790	81.8442
Budhai Purwa	36	27.5091	81.9004
Budh Ram Purwa	36	27.2150	81.7992
Budhi Purwa	36	27.2187	81.8202
Budhai Purwa	36	27.1188	81.8131
Budhai Purwa	36	27.0427	81.9446
Budhi Purwa	36	27.2153	81.8787
Budhai Pasi	36	27.1945	81.9541
Budha Dewar	36	27.1467	81.9891
Burwa	36	27.0052	81.9784
Budhai Purwa	36	27.1147	81.9690
Bunalwa	34	24.5287	83.7446
Budhua	34	24.9150	83.9126
Burhharka	34	24.9215	83.9710
Budhu Purwa	36	26.9820	81.3303
Budhu Khera	36	26.7580	81.0241
Budhai Khera	36	26.5183	81.1229
Budhwara	36	26.9373	81.2528
Bulbuliha	36	26.8660	81.4980
Budhu Purwa	36	26.7950	81.4652
Bucha Nangal	36	29.1414	78.3494
Burhpur	36	29.1647	78.4344
Burhanpur	36	29.0498	78.4621
Budhnapur	36	26.6508	81.3119
Budhnai	36	26.7215	81.3508
Bunlian Tragun	12	34.1575	74.0153
Burjikotha	12	34.0236	74.1936
Buniyar	12	34.1401	74.1829
Bujathala	12	34.1638	74.1520
Buapur Natthu	36	29.2389	78.5092
Budhanpur	36	29.1886	78.5315
Burha Nagla	36	29.0874	78.5617
Buderan	36	29.2368	78.5902
Burhanpur	36	29.0996	78.7438
Buthanagar	39	29.7378	78.9146
Burakot	39	29.6358	78.9977
Bungi Devi	39	29.6421	78.9936
Buragarh	39	29.6832	78.9643
Bundelapur	35	24.8581	80.8739
Burhruwa	35	24.2580	80.9303
Bura Purwa	36	26.3216	81.2213
Budhnagar	36	29.1937	78.8099
Budhanpur	36	26.2793	81.2894
Burhanpur	36	29.1072	78.9157
Budhu Purwa	36	26.3270	81.4904
Bungalow	36	26.3732	81.8053
Budhi Purwa	36	26.3866	81.8740
Bukunpur	36	26.2989	81.9072
Bura	35	24.2347	80.7638
Bushahra	36	25.8682	81.0514
Budwan	36	25.7777	81.1679
Burhanpur	36	25.8423	81.1886
Budhera	36	25.9312	81.2051
Burudkha	16	21.1549	74.1213
Burha	36	25.2804	81.0155
Budhwal	36	25.2811	81.2421
Budhihal	19	16.6359	76.1033
Budhihaldon	19	16.7106	76.1461
Burhpur	36	26.4013	80.3272
Budhera	36	26.3195	80.3635
Bundala	16	19.8911	77.1532
Budhu Purwa	36	27.0078	81.5532
Buri	16	19.6894	77.1951
Buraoli	36	28.6128	78.2819
Bukharipur	36	28.5741	78.4022
Burnagri	36	27.2654	81.7624
Budhan Purwa	36	27.4011	81.7664
Burhni	36	27.4868	81.9621
Bundukhera	36	28.2777	78.2503
Buderna	36	28.9464	78.5336
Burhanpur Mafi	36	28.8183	78.5767
Budpur	36	28.1197	79.8808
Buddasala	40	18.8945	78.0289
Buknala	36	28.7393	78.5880
Burgul	40	18.4326	78.1609
Burguda	40	18.2827	78.1767
Bubupur	36	26.6148	81.6121
Budhauli	36	26.7707	81.9632
Bulha	36	26.9587	81.9488
Buranda	36	26.2024	81.7572
Busahri	36	26.1048	81.7939
Bujhwa	36	26.0270	81.8027
Buknapur	36	26.0039	81.9026
Bulha Pura Sheoram	36	26.1225	81.9143
Buni Khet	12	33.6167	74.3660
Burgapalli	40	18.1408	78.2148
Butpuram	40	18.0993	78.2263
Butahar	36	27.7203	82.0506
Burantpur	36	27.5314	82.1778
Budhnagar	36	28.3942	78.7540
Budhnagar	36	28.2504	78.8033
Buna Zaingam	12	33.9755	74.5751
Bugtsul	12	33.9349	74.6346
Bugur	12	33.9475	74.7067
Bunyon	12	33.8812	74.6831
Buzagu	12	33.8652	74.7060
Budabagh	12	33.9906	74.7340
Burjari	12	33.4516	74.5933
Budhi Ahir	36	27.4833	81.9994
Budhupurwa	36	27.1052	82.0823
Bunchipur	36	27.1791	82.1392
Butahwa	36	27.1255	82.1980
Burhror	36	27.0689	82.1902
Budhiapur	36	27.0320	82.2464
Burursapani	39	29.8777	79.0835
Burakot	39	29.9162	79.1027
Bungdhar Malla	39	29.9108	79.0906
Bungdhar Talla	39	29.9123	79.0877
Bughani	39	29.7604	79.2035
Burhakedar	39	29.7864	79.2350
Burakot	39	29.9149	79.0698
Buthiwa	36	27.4033	82.3680
Butauha	36	27.3098	82.3418
Bukanpalli	40	18.3019	78.3491
Budhipur	36	27.1716	82.3220
Burwa	36	27.0870	82.3038
Buknapur	36	27.0256	82.2503
Butha	36	27.0589	82.3000
Budhai Dih	36	27.2082	82.3940
Budhai Jot	36	27.2246	82.4693
Budhai Bankat	36	27.0239	82.3384
Budhu Purwa	36	27.0275	82.4285
Budhu Purwa	36	27.0008	82.4344
Budhaon	36	27.2933	82.6154
Budhi	36	27.3837	82.6026
Busailwa	36	27.3813	82.6244
Budhia Taer	36	27.2107	82.5879
Budhwa Budhia	36	27.0395	82.8522
Budhi Gusiari	36	27.0276	82.8976
Bushanraopeta	40	18.7347	78.6534
Budancheruvu	40	18.6355	78.5805
Buthu Murao	36	26.9222	82.2409
Budhaipura	36	26.7510	82.1710
Butmaran	12	33.7864	74.8238
Buna Hanjan	12	33.8286	74.8507
Bunar	12	33.8482	74.8926
Buchbagh	12	33.9745	74.9102
Buna Naupur	12	33.8166	74.9692
Budanpur	36	26.6571	82.0470
Budahri	36	26.5179	82.1847
Bumpalli	40	18.1140	78.5966
Budaria	36	26.3282	82.0879
Buirhalan	12	33.6874	74.7889
Burdalau Rahniandar	12	33.5872	74.8016
Buna Saidapur	12	33.6950	74.8450
Buna Nagshar	12	33.7059	74.9074
Bumarath	12	33.6793	74.9495
Buna Khondapur	12	33.6833	74.9837
Bumarath	12	33.6683	74.9640
Bunrgam	12	33.6157	74.9285
Bujhenan	36	26.0301	82.0188
Bujhwapur	36	26.0186	82.0267
Bupatipuram	40	18.9390	78.8331
Bukharipur	36	26.1296	82.1028
Buklahi	36	26.0400	82.1219
Burwai	36	26.2165	82.1587
Burza Pathri	12	33.4442	74.9951
Burja Topah	12	33.3886	74.9851
Bulldan	12	33.2717	74.9567
Burgapalli	40	18.5158	78.9260
Burgapalli	40	18.1040	78.8057
Bundwani	36	25.1979	81.3692
Budhu Purwa	36	26.8835	82.4138
Budaicha	36	26.5086	82.2738
Bujhawakpur	36	26.7368	82.3886
Burhainian	36	26.6011	82.4962
Budhipur	36	26.5824	82.4397
Buapur	36	26.3736	82.2661
Bunda	36	25.9697	83.2053
Budhan	36	26.0384	82.3150
Budhana	36	26.1985	82.3994
Bujhia	36	26.0879	82.4610
Budhapur	36	26.0342	82.4184
Budhua	36	26.9318	82.5751
Budhia	36	26.8879	82.5517
Budhapar	36	26.8824	82.6081
Budhaipur	36	26.8417	82.6099
Budhaipur	36	26.7188	82.5676
Burhanpur	36	26.5122	82.5582
Budhi Tal	36	26.3462	82.7122
Burhaipur	36	26.4686	82.5706
Burhanpur	36	26.4199	82.6010
Burhupur	36	26.0804	82.5953
Burhapur	36	26.0393	82.6689
Burhua	36	26.1090	82.6529
Butkaiya	36	26.0830	82.7461
Burhannagar Madain	36	26.8494	82.8648
Budha Kalan	36	26.8014	82.9333
Budha Khurd	36	26.7924	82.9312
Budhi Belha	36	26.9338	82.9827
Burhanpur	36	25.8219	83.3018
Burhanpur	36	25.7703	83.3230
Buche Nangal	23	31.9793	75.2275
Burhnapur	36	26.4663	82.7603
Burhiapur	36	26.4365	82.8027
Bukia	36	26.4252	82.8151
Bunda	36	26.0167	82.8210
Bunchipur	36	26.0480	82.8219
Burhapur Badal	36	26.0412	82.8195
Burhapur Fateh Ali	36	26.0743	82.8268
Budhsenpur	36	26.0444	82.9923
Burzulkat	41	34.0851	75.4634
Bujbujwa	36	27.1000	83.0412
Buniad Dih	36	27.1368	83.1665
Buna Khargom	12	33.9205	75.0740
Bun Gund Chahal	12	33.7870	75.0514
Buts	12	33.8887	75.0896
Buli	12	33.9236	75.0908
Bunagund	12	33.7729	75.2212
Buna Nampal	12	33.7811	75.2173
Bulanagar	36	27.0807	83.3802
Burantwapur	36	27.1303	83.5181
Burantwapur	36	27.2202	83.6034
Buibiror	12	33.7066	75.0178
Bugom	12	33.6888	75.0275
Burbeh	12	33.5132	75.0637
Burzatop	12	33.5307	75.1637
Buna Daosar	12	33.6357	75.0832
Buinigom	12	33.6337	75.1326
Bumathan	12	33.7003	75.1144
Bun Dialagam	12	33.6995	75.1602
Bulbul Naugam	12	33.7107	75.1803
Bunagund	12	33.6211	75.2047
Buts	12	33.6151	75.2421
Buna Bragam	12	33.5892	75.2142
Bunagund	12	33.5489	75.2465
Burhiapur	36	25.8614	81.7185
Bundipar	36	26.9158	83.0803
Budhaura	36	26.5620	83.1754
Budhnapar Khurd	36	26.5177	83.2143
Budhnapar	36	26.5166	83.2093
Budhanpur	36	26.2751	83.0086
Bulaki Chak	36	26.4124	83.2099
Budhawa Hisamuddinpur	36	26.2504	83.2088
Burhan Patti	36	26.0444	83.0835
Budaitha	36	26.0612	83.1398
Burhia Bari	36	26.7958	83.2702
Burhadih	36	26.8349	83.4486
Bungalow	36	26.8690	83.4064
Bungalow	36	26.6373	83.4673
Burhanpur	36	26.3027	83.3269
Burari	36	26.4448	83.4789
Budhrampur	36	26.9663	83.5556
Budhu Tola	36	26.6308	83.6387
Budhia Sultan	36	26.5237	83.7432
Buddhu ka Purwa	36	25.5300	81.7155
Budhawe	36	26.2527	83.5185
Budhanpura	36	26.2834	83.5243
Budhaipur	36	26.0491	83.7169
Bujlu	12	33.4186	75.1093
Burjdalau	12	33.4689	75.1412
Buri Lahr	12	33.0264	75.1441
Budwara	12	33.1313	75.2204
Busal	12	33.0329	75.1744
Buna Guwas	12	33.4840	75.3420
Budange	16	19.3417	80.6261
Budhipur	36	26.1679	83.8233
Budhipur	36	26.1410	83.8148
Budhaulia	36	26.0163	83.8937
Buddharam	40	18.4489	80.0605
Bungam	12	33.5189	75.5742
Bundi	12	33.5059	75.6210
Bun Tsainyar	12	33.6241	75.7070
Bursar	12	33.6046	75.7311
Burguda	37	18.8075	80.4022
Burugudem	37	18.6849	80.2986
Bupapuram	40	18.5473	80.2840
Butaram	40	18.3501	80.4077
Budha	35	23.8818	80.2233
Buriyarpur	35	23.8156	80.2329
Buragarh	35	23.3555	80.0213
Burwa	35	23.4373	80.1313
Burhra	35	23.4192	80.2357
Burhri	35	23.4198	80.2480
Budhari	35	23.3415	80.2477
Burburi	35	23.1284	80.2884
Buria	35	23.4160	80.6211
Buj Buja	35	23.8898	80.7659
Bura	35	23.3944	80.8361
Budi	12	33.0988	75.8047
Bungalow	12	33.0399	75.8560
Burdhar	12	33.1277	75.9721
Budile	12	33.0622	75.9437
Buguna	12	32.6098	75.0109
Budhwal	12	32.5991	75.0338
Burj	12	32.5342	75.0556
Bulor	12	32.5928	75.1163
Bugdoar	12	32.7394	75.1622
Bul	12	32.6411	75.3235
Budwana	12	32.5886	75.2824
Budhrath	12	32.6605	75.4931
Budde Chak	23	32.3063	75.3521
Buwaram Purwa	36	25.4077	81.5460
Bunda	36	25.3950	81.6376
Buchwa	36	25.1080	81.6874
Bugna	23	32.1194	75.3391
Bud	12	32.7388	75.5378
Bulur	12	32.7038	75.5338
Bugrota	12	32.6882	75.5342
Burota	12	32.6857	75.5378
Bulodara	12	32.6807	75.5924
Burwari	12	32.6281	75.6484
Buhti	12	32.7465	75.6518
Burwalal	12	32.6412	75.6856
Bugurun	12	32.5051	75.7355
Buknapur	36	25.7618	81.8522
Buapur	36	25.8097	81.9089
Bundauna	36	25.5370	81.7570
Bundauna	36	25.5296	81.7551
Buapur	36	25.6244	81.9447
Buroi	12	32.4275	75.5705
Bugot	12	32.4607	75.6915
Bungwa	36	25.3734	81.8141
Bunga	36	25.3213	81.8199
Bungi	36	25.3156	81.8280
Bundawan	36	25.2782	81.7916
Busaul	35	24.8344	81.2024
Budiakheri	35	22.1732	74.9625
Bumat	23	32.4732	75.8349
Bugroli	23	32.4553	75.8730
Burunpur	23	32.4103	75.8627
Bugoth	11	32.4045	75.9766
Burj	11	32.4157	75.9635
Bundhate	16	20.6253	74.0356
Buthpada	16	20.4784	74.5775
Buraniya	35	22.7714	75.7670
Buri Barlai	35	22.9011	75.9785
Buralya	35	22.3786	75.7694
Budra	35	22.9694	80.0705
Bubaria	35	22.5072	80.0067
Burhna	35	22.7025	80.1067
Buhl	11	32.2096	75.9461
Butkhed	16	20.0644	75.9749
Burj	23	31.5311	74.6465
Budhwara	35	22.4568	80.0444
Bur Chand	23	31.3198	74.7403
Burchiagaon	35	22.1426	80.0649
Butta	35	22.0186	80.0165
Budhera	35	22.7418	80.2744
Bujbujia	35	22.6530	80.3119
Budhiarmari	37	20.1538	81.3084
Burra Tola	35	22.1648	80.4544
Budla	35	22.5173	80.7343
Budhai Chima Khurd	23	31.9554	74.7873
Budha Varsal	23	31.9454	74.7850
Bujarpura	23	31.8685	74.7668
Burewali	23	31.8713	74.7526
Burj Nauabad	23	31.7934	74.9962
Burj	23	31.4711	74.7641
Bua	23	31.3540	74.8181
Bulda	35	22.8356	80.7890
Burj Dewa Singh	23	31.1987	74.9336
Burj Pohla	23	31.1962	74.9229
Buh	23	31.1692	74.9242
Bundala	23	31.1229	74.7745
Buh Araian	23	31.1338	74.9628
Bullohke	23	31.1076	74.9799
Butewala	23	31.0867	74.8944
Burewala	23	31.0259	74.8569
Bulandpur	10	29.1693	76.9525
Butewali	23	30.9209	74.7434
Butewala	23	30.9046	74.6476
Bukkan Khanwala	23	30.8569	74.5884
Butar	23	30.7763	74.5620
Budha Theh	23	31.8197	75.0027
Bullohwal	23	31.8249	75.1265
Burjarayian	23	31.8566	75.1615
Buzurgwal	23	31.9240	75.2433
Butari	23	31.5540	75.1917
Budhu Tola	35	21.9128	80.0046
Butta	35	21.8740	80.1274
Buri Nangal	23	31.6983	75.2421
Budhina Kalan	36	29.4580	77.5017
Budhina Khurd	36	29.4871	77.5992
Burpatia	16	21.8317	74.2994
Budigavhan	16	21.6272	74.4613
Bupkari	16	21.5182	74.4054
Bulpur	23	31.3198	75.2404
Burewal	23	31.3495	75.1992
Burj Md Shah	23	31.0923	75.0991
Buh Gujaran	23	31.0776	75.0814
Bula	23	31.0144	75.0591
Bundala	23	31.0824	75.1449
Busowal	23	31.2184	75.1391
Budhena Kalan	35	21.6555	80.1976
Buchatola	16	21.3685	80.0108
Burhena	35	21.7701	80.3156
Burki	35	21.8355	80.4691
Burhitola	35	21.7012	80.3042
Burhitola	35	21.6865	80.3038
Burhi	35	21.7151	80.3151
Budhutola	16	21.5655	80.3225
Buradyatola	16	21.4205	80.3148
Buttar Kalan	23	31.8521	75.3708
Budai	23	31.8252	75.4748
Bujinwali	23	31.6999	75.2691
Buttar Savia	23	31.6373	75.2789
Butala	23	31.6094	75.3253
Bule Nangal	23	31.5164	75.2576
Butewal	23	31.5566	75.4443
Buddhutola	35	21.9973	80.5652
Buddhuwala	23	31.4438	75.3182
Buddha Theh	23	31.4819	75.3416
Bulpur Jadid	23	31.3159	75.2527
Burewal	23	31.3069	75.3544
Buddho Pondhar	23	31.3371	75.4680
But	23	31.4540	75.4017
Budhi Pind	23	31.0934	75.4743
Budhanwal	23	31.0521	75.3434
Bujang Gawar	24	25.7818	73.8958
Budhupur	23	31.9828	75.5975
Budhewal	23	31.9573	75.6426
Budhaya	23	31.8671	75.5702
Budho Barkat	23	31.8163	75.5764
Butran	23	31.5516	75.5816
Bula	23	31.5047	75.5733
Bub	23	31.5579	75.7025
Buri Rajputan	23	31.6100	75.7463
Budhipind	23	31.6866	75.6813
Bundelitola	37	22.9428	82.1420
Burhanchhapar	37	21.1860	80.5673
Bukramuda	37	22.6266	82.1912
Budhalian	23	31.9490	75.7524
Budapara	37	22.9203	82.4574
Budhramtola	35	21.8479	80.7827
Butena	37	22.0192	82.0201
Butapara	37	22.0553	82.2145
Buchihardi	37	22.1249	82.4719
Budgaon	16	21.1718	75.1525
Bunnara	37	21.3089	80.7654
Bulgaon	35	21.9370	75.7045
Bukrel	37	22.1285	82.5822
Burna	37	22.2339	82.6038
Burhipali	37	22.1186	82.7291
Budeli	37	22.3309	82.8151
Butrabhanwar	37	21.9876	82.3213
Burhikhar	37	21.9023	82.2745
Bundela	37	21.8469	82.5288
Burena	37	21.9065	82.6200
Bundeli	37	21.9510	82.9954
Budelabhata	37	21.5286	82.8855
Butipali	37	21.5408	82.8702
Buland Khera	36	27.2145	80.5255
Burhnapur	36	27.9903	80.7824
Bulipur	36	27.8378	80.9191
Burhanpur	36	27.7754	80.7831
Budhnapur	36	27.5285	80.8794
Budhnapur	36	27.5281	80.9677
Bulbulha	36	27.3458	80.7992
Burantola	16	20.2836	80.2223
Bundala	23	31.1429	75.6615
Burj Kaila	23	31.0150	75.6752
Bulagipur	23	31.2328	75.9316
Buthgarh	23	31.4773	75.9457
Burj Kandhari	23	31.2162	75.8374
Burj Tah	23	31.0257	75.9846
Burj Pukhta	23	31.0321	75.8153
Busmas	11	33.1477	76.4379
Bulwas	11	32.8418	76.2387
Bunhali	11	32.8397	76.1164
Buin	11	32.8334	76.1049
Buin	11	32.8243	76.1329
Bujju	11	32.8238	76.1600
Budiari	11	32.5780	76.1508
Bulue	11	32.5041	76.1780
Buri	11	32.3895	76.0244
Buchatola	37	20.9323	80.5842
Bukarda	24	25.2136	73.9796
Butekasa	37	20.7268	80.7964
Bunoli	11	32.7279	76.2646
Budankatta	37	20.5729	80.8487
Budeli	37	20.2501	80.9240
Budrukhi	35	22.8551	81.1611
Budhgaon	35	22.8907	81.2003
Bukayantola	35	22.8150	81.4573
Buchipara	37	22.2636	81.4805
Budhara	11	32.4059	76.4094
Bundelatola	35	22.7178	81.5019
Bundela	35	22.7118	81.5025
Buttitola	35	22.7369	81.5948
Buhli Tangroti	11	32.1540	76.3869
Buner	11	32.1208	76.3649
Buner	11	32.1398	76.3800
Budhu Purwa	36	27.2016	81.0091
Budhni	36	27.1935	81.0450
Budahna	36	27.1440	81.0893
Budhanpur	36	27.0344	81.2309
Budhwara	37	22.2864	81.7302
Burka	37	22.1591	81.5605
Buchipara	37	22.1258	81.6286
Bundeli	37	22.0103	81.6890
Bundelakachhar	37	22.4138	81.9379
Butena	37	22.2508	81.8223
Bungwar Khas	11	31.9867	76.2367
Bu Gali	11	31.8195	76.1586
Bukla	11	31.8003	76.1038
Buchibhata	37	21.5663	81.5557
Burha Jonk	37	21.6211	81.5983
Bundelidih	37	21.5331	81.7127
Bundela	37	21.8723	81.8014
Bundeli	37	21.8645	81.7938
Buchipai	37	21.7140	81.8745
Bureni	37	21.3394	81.9124
Burera	37	21.3780	81.9534
Burgahan	37	21.3233	81.9505
Buhla Nawan	11	31.9810	76.4355
Buni Barahmanan	11	31.9105	76.2871
Buni Gujran	11	31.9039	76.2926
Budahl	11	31.8774	76.3500
Buhli Bhoran	11	31.8652	76.3645
Bulli	11	31.8069	76.4554
Bulhi	11	31.7823	76.4708
Bumlu	11	31.7838	76.4509
Busal	11	31.7773	76.4289
Bungehr	11	31.7874	76.3311
Buhla Manjha	11	31.9181	76.4352
Burj	23	31.2090	76.5032
Burodih	37	21.3498	82.7643
Buddhudongar	37	21.4079	82.9727
Bulang	11	31.9428	76.9232
Buharu	11	31.8243	76.8749
Bughar	11	31.2841	76.9376
Buthgarh	23	30.7040	76.2790
Buchra	23	30.5653	76.4340
Bujheri	23	30.7407	76.5882
Buterla	05	30.7334	76.7390
Bubania	24	26.2494	74.6849
Buranwala	11	30.9129	76.8397
Burthal	24	26.8241	75.9282
Bugsala	24	26.7564	75.8022
Bukramunda	21	21.0308	82.9305
Buhana	11	31.0918	77.0791
Butela	09	23.2159	74.0441
Budhar	37	20.2877	82.3041
Burhital	21	20.2543	82.4987
Burjabahal	37	20.0125	82.4849
Burhipali	21	20.9097	82.5457
Buheldihi	21	20.8431	82.6828
Burhachhapar	21	20.7046	82.7356
Buthi Dogri	11	31.2240	77.8427
Burhapara	21	20.3041	82.6662
Budipadar	21	20.2282	82.5902
Butpali	21	20.1320	82.6761
Budhantola	38	23.9916	83.7464
Bungwas	11	30.7557	77.5609
Burwar	35	24.2310	79.7779
Budhudih	37	23.5434	83.6317
Bulgaon	37	23.7071	83.6853
Budha Khera	36	30.0500	77.5167
Bubka	36	30.1417	77.6291
Budhakhera Qadim	36	30.0892	77.6836
Budha Khera	36	30.0255	77.6991
Burhadungar	35	23.6526	76.0954
Burhadungar	35	23.6430	76.0987
Bulari	39	30.7774	77.7509
Bugiar	39	30.9771	77.9390
Burugudem	02	17.3005	81.6990
Busigandi	02	17.7981	81.7871
Burugupadu	02	17.7879	81.7666
Busikota	02	17.7913	81.8754
Buradavalasa	02	17.7944	81.8929
Buddagunta	02	17.6330	81.8288
Bulozupalem	02	17.5706	81.8937
Burugapalem	02	17.6163	81.9261
Busigudem	02	17.5001	81.7811
Budri	38	23.6363	83.8254
Burjupani	38	23.5798	83.9226
Buniadpura	36	29.1855	77.8003
Burugubanda	02	17.4342	81.8186
Burugubanda	02	17.3119	81.7812
Burugubanda	02	17.4202	81.8393
Burha Khera	10	28.0763	77.2751
Budasa	35	23.0246	76.2075
Budeli	37	21.5522	83.1742
Bulindawala Nagla	39	30.2026	78.0664
Burlay	35	23.6648	76.2622
Budhapali	21	21.0145	83.0314
Burhimal	21	21.0668	83.2299
Bukandi	39	29.9992	78.3393
Burhakot	39	30.1825	78.7713
Budholi	39	30.1361	78.7598
Budoli	39	30.0458	78.8565
Bugani	39	30.2125	78.8548
Budesu	39	30.1878	78.8835
Budeni	39	30.1606	78.8942
Bunga	39	30.1207	78.9371
Bungkhal	39	30.1489	78.9555
Bungalow	39	29.8425	78.2864
Burgaon	39	29.9252	78.4680
Burgaon	39	29.8702	78.4746
Bursoli	39	29.9938	78.8768
Bulekha	39	29.8368	78.8346
Budgaon	39	29.7572	78.7995
Bunga Talla	39	29.7556	78.8334
Bunga Malla	39	29.7719	78.8311
Bulaki	37	21.8211	83.2942
Burodipa	37	21.7722	83.3760
Bulga	37	21.7184	83.3080
Budeli	37	21.5472	83.2690
Budbuda	37	21.6605	83.3292
Bugbugi	21	21.6139	83.4890
Burhipali	21	21.6015	83.4895
Buklana	36	28.5951	78.1591
Budhpura	36	28.4475	78.1840
Burhana	36	28.3758	78.0092
Budapur	36	28.2491	78.1470
Budhansi	36	28.0757	78.1386
Burhanpur Kalan	36	28.2387	78.2989
Burhanpur Khurd	36	28.1716	78.2898
Bulapur	36	28.0005	78.3427
Buramal	21	21.3318	83.3954
Budhiapali	21	21.2952	83.4937
Bujpur Asa	36	28.8512	78.9069
Bujpur Man	36	28.8471	78.9095
Budhpura	36	28.7958	78.8107
Budla	21	21.0360	83.3651
Buromunda	21	21.0513	83.3628
Burhadarha	21	21.0918	83.3783
Buromal	21	21.2184	83.3441
Burhajharia	21	21.9659	83.7319
Burha Am	21	21.7520	83.7298
Budelpali	21	21.3451	83.7118
Buruwa	39	30.5579	79.2137
Burhapali	21	21.1629	83.5087
Burkel	21	21.2062	83.6694
Burta	21	21.8905	83.7682
Burobhagar	21	21.9575	83.9092
Burhipadar	21	21.8583	83.9588
Burapali	21	21.6639	83.9062
Budhiapali	21	21.7474	83.9647
Bukapara	21	21.5388	83.9632
Burakata	21	21.5426	83.9419
Burhikhamar	21	21.4027	83.8756
Butitikra	21	21.4566	83.8892
Bukamundi	21	21.4887	83.9182
Bugbuga	21	21.3261	83.8074
Butipara	21	21.4619	83.9848
Budhtikra	21	21.3798	83.9826
Burda	21	21.2435	83.7600
Budelbahal	21	21.1387	83.8360
Bundki	21	21.1729	83.9181
Burkel	21	20.9824	83.0157
Buren	21	20.8809	83.0170
Bubra	21	20.9652	83.0930
Buramal	21	20.9605	83.1442
Buromunda	21	20.9680	83.2941
Burochhapar	21	20.8830	83.2980
Buchchampeta	40	18.2078	80.5085
Burrelagudem	40	18.0539	80.5277
Bulakipurwa	36	27.7812	81.2528
Budhwa	36	27.8665	81.4382
Buddha	36	27.7763	81.4810
Budhan Purwa	36	27.5625	81.3617
Budha Lonian	36	27.7105	81.4680
Burnapur	36	27.5317	81.4953
Busapuram	37	18.4386	80.8307
Busarayi	40	18.0193	80.7510
Budhipur	36	27.3507	81.3548
Burhanapur	36	27.1980	81.3026
Budhera	36	27.0492	81.3019
Budamau	36	27.1464	81.3103
Buragaura	36	27.1487	81.3310
Budhiapur	36	27.1553	81.2590
Busai Purwa	36	26.1527	81.3555
Budhai	36	26.1352	81.3920
Bujhi Purwa	36	26.1112	81.4401
Bulbulpur	36	26.8093	81.6530
Bubupur	36	26.4664	81.6546
Budhwa	36	26.0496	81.5871
Bubupur	36	26.0385	81.6657
Burhwara	36	26.0144	81.6514
Burdapad	21	18.4145	82.8584
Buridivalasa	21	18.4684	82.8909
Burgalpadu	21	18.4046	82.9045
Burgaput	02	18.2899	82.9684
Buddiyaguda	21	18.4279	82.7538
Bujimara	02	18.2447	82.7699
Burput	02	18.1734	82.7759
Burdagummi	02	18.1377	82.7968
Burdapadu	02	18.0469	82.7600
Burgal	02	18.0941	82.8106
Buruguvalasa	02	18.1390	82.8836
Burji	02	18.2161	82.9054
Bungeja	02	18.1389	82.9505
Buvanur	02	18.1150	82.9737
Burga	02	18.0767	82.9895
Buradakota	02	17.6983	82.0144
Busikonda	02	17.9301	82.1134
Burugavada	02	17.6419	82.0011
Busulapalem	02	17.5319	82.1111
Burugapalem	02	17.6346	82.1772
Burugagudem	02	16.6838	81.0922
Budaralla	02	17.7288	82.2531
Buradakota	02	17.3833	82.2474
Burugapudi	02	17.2011	82.1022
Buttayagudem	02	16.8617	81.3158
Burugupakalu	02	17.9776	82.3235
Buradavidi	02	17.8110	82.4887
Burugapalem	02	17.5134	82.2639
Budadapadu	02	17.7028	82.4420
Buchchammapeta	02	17.5130	82.4857
Buvvanapalle	02	16.7054	81.4485
Budimalle	40	17.1789	80.5377
Bunalatogu	40	17.8788	80.8029
Burugulu	40	17.8377	80.8945
Budagudem	37	17.9289	80.9997
Buttayagudem	40	17.8439	80.9327
Budagudem	40	17.6170	80.8102
Burguvayi	40	17.5970	80.9061
Burugagudem	02	17.0131	80.8653
Burusingi	02	17.9096	82.6005
Busipalle	02	17.9995	82.5374
Buchchammapalem	02	17.6158	82.5917
Buchchammapeta	02	17.7320	82.6070
Buchchammapalem	02	17.6709	82.7272
Burugupalem	02	17.6797	82.7173
Buchchi Sityyammapeta	02	17.4562	82.5640
Buchchi Rajypeta	02	17.3708	82.7118
Buddiredlapalem	02	17.8049	82.8200
Buchchayyapeta	02	17.7873	82.8778
Buchchayyapalem	02	17.9958	82.9197
Buchchayyapeta	02	17.7882	82.9932
Budhu Chhapra	34	26.1854	84.4595
Burugupalem	02	17.7245	82.7889
Buchchayyapeta Ghantavanipalem	02	17.6321	82.9280
Bukkapuram	02	16.2153	80.1341
Buchreddipalem	40	16.9499	80.3412
Bundelguda	21	19.8394	83.1304
Budhipadar	21	19.8445	83.2087
Butiriguda	21	19.6397	83.0258
Bulugam	21	19.9273	83.4595
Buddini	21	19.5523	83.3459
Burjaguda	21	19.6832	83.4811
Burchikona	21	19.6769	83.4750
Bursiguda	21	19.5178	83.4632
Burjaguda	21	19.5800	83.4904
Busdambar	21	19.8125	83.5206
Burlabaru	21	19.9335	83.5873
Budhaguda	21	19.9252	83.7328
Buchiguda	21	19.4955	82.1860
Bushriguda	21	18.5877	82.0531
Buridiguda	21	18.5504	82.1676
Butiguda	21	18.4509	82.1892
Bullamarriguda	21	18.8521	82.3691
Busanguda	21	18.9831	82.4171
Burdiputtu	21	18.7927	82.4693
Buchreddipalem	40	16.8778	80.5261
Burugagudem	02	16.8274	80.7203
Burideyi	21	18.5329	82.4520
Buttiyaguda	21	18.6080	82.4759
Burja	21	19.0094	83.1270
Burugumetta	02	18.2702	82.3922
Budichompa	02	18.4690	82.4725
Burgam	02	18.2968	82.4261
Burlada	02	18.3045	82.4427
Buradagunta	02	18.3510	82.4570
Busiputtu	02	18.3064	82.4879
Bukkalaputtu	02	18.2766	82.4379
Buradagunta	02	18.2679	82.4481
Buddini	21	19.4838	83.2669
Burjaguda	21	19.3400	83.4348
Buddini	21	19.2868	83.4381
Burusubadi	21	19.1522	83.4977
Buduni	21	19.4519	83.5225
Buduni	21	19.4365	83.5896
Bukuramaska	21	19.5001	83.6389
Buradamamidi	02	18.0305	82.3192
Burelpanku	02	18.0724	82.3719
Busipalle	02	18.0624	82.4165
Buradavidi	02	18.0996	82.3967
Buruguvidi	02	18.0880	82.3902
Busputtu	02	18.2361	82.3703
Busilividi	02	18.1234	82.4645
Buridiputtu	21	18.6187	82.5385
Buchchiputtu	21	18.6002	82.7296
Burugaput	02	18.2246	82.5528
Budikapadu Adderu	02	18.2007	82.5324
Buradamamidi	02	18.1609	82.5897
Buruguvidi	02	18.0474	82.5247
Burratangi	02	18.0486	82.5732
Buradamamidi	02	18.0502	82.6358
Burugechettu	02	18.0520	82.7425
Buridiputtu	21	18.6063	82.7588
Buridiguda	21	18.5301	82.8368
Buvanjarivalasa	21	18.5124	82.8574
Buruvancha	02	16.7551	80.8407
Budra	37	19.7681	81.8115
Budrapara	37	19.7663	81.9422
Burji	37	18.7400	81.0748
Buddini	21	19.0527	83.5211
Burjagunda	02	19.1069	83.6414
Burjaguda	21	19.2256	83.6025
Burjaguda	21	19.1730	83.6968
Burgudem	37	18.4345	81.0700
Burkapalli	37	18.2811	81.1998
Budhaguda	21	19.8476	83.8267
Burudakia	21	19.9932	83.9169
Budaka	21	19.9807	83.9153
Budaka	21	19.9708	83.9566
Buteli	21	19.7290	83.8216
Budusola	21	19.6232	83.9764
Burlendi	21	19.3451	83.8377
Buntala	21	19.4582	83.9293
Buriguda	21	19.4692	83.9784
Burgalanka	37	18.0826	81.1980
Budamundi	21	19.2076	83.8931
Bungding	21	19.0198	83.9693
Buyalakoya	21	19.0193	83.9632
Budutikarka	37	18.7756	81.4738
Burdagudem	37	18.3922	81.4573
Burgudem	37	18.3202	81.4633
Buchchenaputtu	21	18.8512	83.1488
Budighati	21	18.8832	83.1709
Burja	02	18.6677	83.1543
Buramamidivalasa	02	18.6449	83.1371
Budurivalasa	02	18.6052	83.1497
Buttiganavalasa	02	18.5535	83.1560
Buradagaddavalasa	02	18.6319	83.2381
Buthalikarivalasa	02	18.6173	83.1608
Buchchammapadu	02	18.4399	83.0587
Burjavalasa	02	18.3541	83.1066
Busivalasa	02	18.3565	83.0911
Buridigumi	02	18.3728	83.1121
Butadivalasa	02	18.4315	83.1791
Buruga	02	18.2915	83.1974
Buchchammapeta	02	18.4358	83.2118
Bushipadu	02	18.1853	83.0616
Budi	02	18.2454	83.1386
Buchchammapeta	02	18.7511	83.3054
Burijivalasa	02	18.8715	83.4354
Buttivalasa	02	18.8129	83.3670
Buchchammapeta	02	18.6348	83.2799
Burjavalasa Agraharam	02	18.5408	83.3508
Buchchavanivalasa	02	18.5204	83.4203
Buchchime	02	18.6984	83.3821
Burjipeta	02	18.6609	83.3872
Burada Venkatapuram	02	18.6971	83.4751
Burja	02	18.6643	83.4374
Buchchammapeta	02	18.6215	83.3797
Burjipara	37	18.6964	81.5031
Burkatpara	37	18.6615	81.6160
Butapara	37	18.6552	81.6897
Budaras	37	18.6539	81.7261
Burgudem	37	18.3565	81.6009
Burgudem	37	18.3458	81.6157
Budatanapallerajeru	02	18.2230	83.2913
Budatanapalle	02	18.2030	83.2997
Busayavalasa	02	18.4753	83.2875
Buchchirajupeta	02	18.3841	83.2684
Burjavalasa	02	18.4370	83.3357
Budarayavalasa	02	18.3900	83.4744
Budatavalasa	02	18.3890	83.4200
Burlipeta	02	18.2738	83.4720
Burungpal	37	18.9941	81.7564
Budipeta	02	18.1497	83.2780
Buradapadu	02	18.1483	83.2548
Buddivalasa	02	18.0276	83.3689
Buddivalasa Agraharam	02	18.0392	83.4092
Burugapeta	02	18.2226	83.4159
Burgihat	37	18.9315	81.8264
Burgatekra	37	18.5033	81.7914
Buddapada	37	18.7450	81.8507
Bui Tulasi	21	18.6845	81.9824
Burideyi	37	18.4647	81.8163
Budide	21	18.4519	81.8608
Budduguda	21	18.2771	81.9419
Buddemmakharja	02	18.9240	83.5739
Buripeta	02	18.5296	83.5595
Burjavalasa	02	18.5153	83.5650
Buruga	02	18.7008	83.6052
Bukkuru	02	18.5946	83.7070
Buddipeta	02	18.5221	83.6912
Burravari Gollalapalem	02	18.3293	83.5779
Buchchammapeta	02	18.4661	83.6539
Burada	02	18.4976	83.6794
Buruguvaya	40	17.7143	81.0413
Burravanipalem	02	18.1033	83.5169
Buddadapeta	02	18.0032	83.5583
Buchchannapeta	02	18.1792	83.5949
Budatavalasa	02	18.2156	83.7476
Buchamguda	02	18.9709	83.7645
Burujholi	02	18.9272	83.8038
Burjiguda	02	18.9188	83.7843
Burjiguda	02	18.8880	83.7952
Budara	21	18.8773	83.8509
Busabo	21	18.9631	83.9061
Burtanguda	21	18.9928	83.8670
Busabo	21	18.9749	83.9123
Burjuguda	02	18.7461	83.7501
Burjuguda	02	18.7263	83.8027
Budagarayi	02	18.6830	83.7843
Burja	02	18.5315	83.7994
Budaraguda	02	18.6976	83.8723
Buttayagudem	40	17.6483	81.0206
Buddivalasa	02	18.5343	83.9393
Buchendri	02	18.5759	83.8846
Buridivalasa	02	18.5202	83.9065
Budiapeta	40	17.5027	81.2256
Buddayyaguda	02	18.6463	83.8563
Buradapeta	02	18.4568	83.8146
Buradapeta	02	18.4179	83.8044
Buridi Kancharam	02	18.3050	83.8009
Budumuru	02	18.2464	83.7663
Buchipeta	02	18.3871	83.9846
Buriyalgutta	40	17.3882	81.0903
Budavada	02	15.8486	80.1431
Burakanakota	40	17.8029	81.3326
Burudugudem	21	17.8914	81.4480
Buddam	02	15.9555	80.5682
Bullavaripalem	02	14.0207	80.0834
Buchireddikandigai	25	13.4255	80.0805
Budhadol	35	24.4218	82.5589
Budhadol	35	24.4100	82.5587
Busikhoh	35	24.2989	82.5406
Butawa	35	24.4422	82.6879
Budarahwa	35	24.4519	82.6993
Bushireddigudem	40	17.7210	81.2723
Buruguvada	40	17.5769	81.3739
Buradagudem	40	17.7433	81.3314
Buddaravigudem	40	17.6924	81.4149
Burhawal	34	25.1226	84.3268
Burhi Jethwar	34	25.2464	84.3692
Budhan Bigha	34	25.1179	84.4851
Buknapur	34	25.0034	84.4546
Bulaki Bigha	34	25.0061	84.4464
Burugvada	02	17.3035	81.2831
Burugugudem	02	17.2582	81.3188
Burgapalle	40	17.4218	81.3514
Buttayagudem	02	17.2035	81.3199
Busarajupalle	02	17.1938	81.3126
Burugugudem	02	17.0034	81.4367
Bujangaraopeta	02	17.1672	81.3836
Buchempeta	02	17.1611	81.4936
Burdamamidi	02	17.5182	81.6737
Burda	35	23.5504	76.7145
Budhanpur	35	23.5669	76.6472
Bukhari	35	23.7765	76.9380
Budakhara	35	23.8358	76.9983
Buchakheri	35	23.5626	76.7990
Buranakheri	35	22.7655	76.0148
Bundangaon	35	22.9468	76.2470
Buchavada	09	23.3083	73.7632
Bugadh	09	23.3059	73.8714
Bureli	09	23.2995	73.9808
Budhpur	09	23.2191	73.8413
Buria Talao	24	23.4091	74.1540
Burwa	24	23.3953	74.3524
Budsol	39	30.1379	79.5670
Burakholi	39	29.6608	79.0947
Bunga	39	29.7181	79.2002
Buntelao	24	26.0191	73.6147
Burhi Darhial	36	29.0570	79.0576
Budha ki Dhani	24	25.9248	73.3244
Budwara	24	25.6860	73.4067
Bunga	39	29.7667	79.4185
Budhli	39	29.7906	79.3655
Burwara	24	25.4355	73.9686
Bunga Naurar	39	29.6364	79.2663
Bunga	39	29.5325	79.4022
Budhena Rajbar	39	29.7247	79.3438
Burata	35	23.0187	74.9442
Bujahi	39	29.5107	79.4801
Bunjar	09	22.0283	74.0788
Bunsara	35	22.1719	74.1250
Burwala	35	22.0508	74.3578
Burgaon	35	22.1097	74.3998
Burlia	35	22.7113	74.6047
Budha Kot	39	29.4428	79.4582
Buransi	39	29.3424	79.4472
Butia	24	24.7930	73.7620
Buthpura	24	24.6162	73.9774
Buranagar	39	29.0169	79.3031
Budhai Kalan	34	25.0426	84.6927
Budhai Khurd	34	25.0396	84.6902
Buti	24	26.2207	74.1621
Budhwara	24	26.3764	74.4329
Bunga	39	29.7190	79.5308
Buklani	39	29.6306	79.5246
Burighati	35	22.9293	74.9693
Busauri	39	29.5112	79.6969
Bult	39	29.6352	79.6868
Budi Banhan	39	29.4438	79.6267
Busauri	39	29.3760	79.5839
Budhgawan	34	25.5577	84.9931
Buransi	39	29.4001	79.6327
Burhia Agli	39	29.0142	79.6533
Burhia Pachhli	39	29.0066	79.6402
Bunga	39	29.9709	79.6194
Bugarh	39	29.8349	79.6282
Bunga	39	29.8124	79.6213
Bura Izar	39	29.7632	79.5168
Burosia	39	29.8692	79.7318
Burgad	39	29.8701	79.7083
Budhaval Budrukh	16	21.5734	74.1640
Budhaval Khurd	16	21.5629	74.1489
Bubani	24	26.5210	74.8060
Buharu	24	26.6819	74.9555
Bujra	24	25.4556	74.0169
Budhpura	24	25.2129	74.0835
Burguna	39	29.8417	79.8273
Bugari	39	29.7688	79.7761
Buranskholi	39	29.7678	79.8916
Bunga	39	29.6948	79.8118
Budhmanya	39	29.5679	79.7986
Bughan	39	29.5473	79.8129
Bungia Bichhli	39	29.5903	79.9021
Bushail	39	29.6726	79.9600
Bujar	39	29.7197	79.9902
Burhi	34	26.5173	84.4209
Budhbalia	34	26.6537	84.4921
Butia	34	26.7177	84.5424
Burthal	24	27.1085	75.7702
Buranipura	24	27.2148	75.9963
Buransi	39	29.4398	79.7597
Bunga Khiali	39	29.3323	79.9724
Bursk Khola	39	29.3453	79.9541
Bunga Biraura	39	29.3639	79.9674
Bunga	39	29.1877	79.9216
Burathi	39	29.2323	79.9952
Buram	39	29.1717	79.9989
Bunyadpur	36	28.0583	79.0994
Budhwai	36	28.0092	79.1711
Bujhia	36	28.7991	79.4002
Bunchi	36	28.6940	79.3015
Budhpura	36	28.6786	79.2604
Bujhia	36	28.5842	79.3422
Buchanpur	36	28.6228	79.4549
Bujhia Patti Shimali	36	28.5139	79.4698
Bujhia Patti Janubi	36	28.5128	79.4691
Budhauli	36	28.3897	79.3875
Budhupura	36	28.1617	79.3505
Budhauta	36	28.2322	79.4265
Bucheya	34	26.3421	84.6642
Budhsi	34	26.3154	84.6749
Budhsagar	09	23.9327	73.0776
Budhia	09	23.8241	73.0628
Burhwa	34	26.7549	84.8688
Burjhad	16	21.0646	74.6897
Budhan Raut	34	26.1001	84.8860
Bukharpur	36	28.5413	79.6706
Bukchia Kishanpur	36	28.5097	79.7168
Budhauli	36	28.2535	79.6659
Budhaon	36	25.8548	84.0125
Bulapur	36	25.7528	84.2023
Budhauli	36	28.2568	79.8653
Budia Zamima Itauria	36	28.4909	79.9470
Budhu Chapra	34	25.4169	84.7872
Budhu Bigha	34	25.1889	84.7585
Bulaki Bigha	34	25.2486	84.9884
Burhronga	38	24.5223	84.1498
Burhiban	34	24.6193	84.1288
Burhaila	34	25.3855	84.2451
Buchi Lami	38	24.1919	84.1141
Budhua	34	25.0165	84.1444
Buknawan	34	25.1288	84.1966
Butai Bigha	34	25.0121	84.1929
Budhrampur	36	25.8614	84.3539
Buniadi Ahirtola	34	25.5244	84.2961
Bujh Raidera	34	25.6456	84.4141
Budhmara	34	25.3579	84.2875
Budhaul	34	25.4870	84.4308
Bulli Bigha	34	24.8110	84.2774
Bulaki Bigha	34	24.9707	84.3404
Buranakheri	35	22.8287	76.5628
Burani	35	22.6834	76.5448
Buratkhera	35	22.6660	76.7142
Burat	35	22.5609	76.7416
Burut	35	22.5548	76.5899
Bukka	38	24.2392	84.3064
Burhi	38	24.2385	84.3278
Burhabar	38	24.0782	84.3827
Budhandih	38	24.1758	84.3551
Burhi	38	24.0461	84.4492
Budhaul	34	24.7770	84.7134
Budhaul	34	24.6314	84.6380
Budhwa	34	24.6385	84.6634
Budhpur	34	24.7476	84.7305
Butkuia	38	24.1737	84.5803
Budhiyatiwar	38	24.0293	84.5109
Bulbul	38	24.0293	84.6432
Bulbuldag	38	24.1948	84.6999
Buchipapannapalem	02	16.2344	79.8692
Busavaripalem	02	16.0061	79.9708
Busri Bigha	34	25.0411	85.8889
Budhauli	34	25.1417	85.8614
Bulakipur	36	25.1152	80.5211
Bua Purwa	35	25.0551	80.5719
Burhna	35	25.0160	80.6785
Budhauli	36	25.5655	80.8291
Buba	36	25.5979	80.8616
Budadi	19	13.5178	74.8046
Bunnarugaddebailu	19	13.3360	74.7726
Bungalow	19	13.4393	74.9667
Bungottu	19	13.0440	74.9640
Budar Shingi	19	15.2873	75.1378
Bulnayakan Hulikatti	19	15.1503	75.0845
Bullappankop	19	15.1519	75.2570
Budihal	19	15.8547	75.5122
Budihal	19	15.8437	75.6508
Budihal	19	15.0488	75.6050
Budihal	19	15.6077	75.7970
Budihal	19	15.1678	75.8511
Buchvalli	19	14.8181	75.1167
Buddareddihalli	19	14.2041	77.2589
Bupuru	19	14.2223	77.3144
Bugadur	19	14.1873	77.3970
Bucherla	02	14.1321	77.4389
Bukkarayasamudram	02	14.6941	77.6328
Budedu	02	14.8498	77.5598
Bukkacherla	02	14.5878	77.5482
Burujukuntapalle	02	14.2342	77.5214
Bussayyagaripalle	02	14.0107	77.6698
Buggapalle	02	14.0478	77.7221
Bukkapuram	02	14.6574	77.9972
Buchayyapalle	02	14.2166	77.8095
Buradikatti	19	14.4704	75.3549
Budanampalle	02	14.4953	77.9640
Buddareddipalle	02	14.3242	77.8678
Budgatti	19	14.8341	75.5049
Budanuru	19	14.8625	75.7444
Budapanhalli	19	14.7154	75.5749
Bullapur	19	14.4073	75.6015
Bullapura	19	14.1485	75.6957
Budhipalle	02	13.9735	77.1662
Buradgatta	19	13.4804	77.0637
Bullasamudram	19	13.7254	77.1243
Buramuttanahalli	19	13.7291	77.1312
Bukkapatna	19	13.5170	77.1915
Bugdanhalli	19	13.3765	77.0526
Burugmarapalya	19	13.3106	77.1642
Bugadihalli	19	13.2724	77.2441
Buchenhalli	19	13.2194	77.1426
Bullasamudram	02	13.9274	77.3230
Buddayyapalem	02	13.8784	77.2579
Budenahalli	19	13.7143	77.3732
Buddenahalli	19	13.5625	77.3353
Buraganahalli	19	13.5541	77.2701
Buddamarenahalli	19	13.5064	77.3161
Buchanhalli	19	13.4088	77.3218
Buchanhalli	19	13.2698	77.2960
Budihal	19	13.1356	77.3618
Buganapalle	02	13.9858	77.7203
Buchepalle	02	13.9974	77.7321
Budiligaddapalle	02	13.9599	77.7455
Buddapalle	02	13.9299	77.6807
Budili	02	13.9353	77.7355
Budilireddipalle	02	13.9394	77.7412
Bullasandra	02	13.7591	77.6815
Budimaralur	19	13.6690	77.5644
Budagenahalli	19	13.5774	77.5874
Budhadhivantanahalli	19	13.5105	77.6068
Bullahalli	19	13.3072	77.7312
Buvanhalli	19	13.2174	77.6817
Budihal	19	13.2288	77.7429
Budamanhalli	19	13.1910	77.5280
Budigere	19	13.1353	77.7456
Budensahibpalya	19	13.1444	77.6633
Buchchirajupalle	02	13.9277	77.9279
Budalapalli	19	13.7548	77.9951
Butakulavandlapalle	02	13.9877	78.0000
Budilivandlapalle	02	13.9792	77.8483
Buvanhalli	19	13.1842	77.8613
Buvanhalli	19	13.1789	77.9696
Bullapura	19	14.5774	75.8655
Bullapura	19	14.3695	75.9530
Bussenhalli	19	14.0410	75.9249
Bullesagara	19	14.0928	75.9153
Bukalapur	19	13.6743	75.2687
Bulepura	19	13.5693	75.3058
Burju	19	13.7301	75.4681
Buchenhalli	19	13.7547	75.7113
Bullapura	19	13.8225	75.6867
Buradahalli	19	13.3853	75.5851
Bunhalli	19	13.3126	75.7032
Bugdihallli	19	13.4488	75.7023
Budanike	19	13.2158	75.7463
Buskal	19	13.1898	75.7344
Burkonda Buzurg	16	19.6826	79.2905
Burkonda Khurd	16	19.6753	79.2643
Burdagura	40	19.3393	79.4556
Bukkambudi	19	13.8223	75.9812
Budoli	19	12.9448	75.0745
Bulekar	19	12.9809	75.1730
Burranayakanahalli	19	15.0536	76.9520
Buleri	19	12.8486	75.2898
Budu	19	12.7981	75.2959
Budalluru	19	12.7690	75.3183
Buddame	19	12.8040	75.2986
Bula Chak	34	25.2178	85.7259
Bulchan Bigha	34	25.1449	85.7030
Budihalu	19	14.6206	76.1094
Budiguppe	19	14.5155	76.2450
Budihalu	19	14.0677	76.1024
Buzurg Dwar	34	25.7796	85.9562
Bulakipur	34	25.7055	85.8568
Buddhutola	34	25.7444	85.9014
Buddanahatti	19	14.5091	76.3134
Bumer	34	24.4611	85.0478
Budauan	34	24.6737	85.2441
Buudhaul	34	24.6819	85.0579
Budhaul	34	24.7074	85.2351
Burh Gijoi	34	24.6507	85.0983
Budhaul	34	24.6543	85.2275
Burhigara	38	24.3028	85.0175
Budhaul	34	24.8655	85.2556
Budhaul	34	24.8412	85.3653
Budhi Bigha	34	24.9636	85.4334
Bukar	38	24.4684	85.2699
Burhia Ahri	38	24.4241	85.3250
Burhia Dabar	38	24.3873	85.3448
Burhidih	38	24.2861	85.4814
Bullanahalli	19	14.4972	76.2953
Bundu	38	24.1758	85.4176
Budansahibihatti	19	14.2222	76.3617
Budnapura	19	14.1763	76.3460
Burajinaroppa	19	14.1224	76.4991
Buddenahalli	19	14.9152	76.5794
Buddenahalli	19	14.9055	76.7381
Buklurhalli	19	14.5508	76.6515
Bukkambudi	19	14.5256	76.7342
Budnahatti	19	14.3675	76.6553
Bundlahatti	19	14.1205	76.5468
Budimenahalli	02	14.6058	76.9308
Budihalli	19	14.4736	76.8188
Burdakunte	19	14.1459	76.7992
Buknahelli	19	12.5166	76.4530
Buvanahalli	19	12.4696	76.3200
Butler Koppal	19	12.4754	76.3532
Buchahalli	19	12.3502	76.4685
Budhaul	34	24.8930	85.5315
Budhwara	34	24.7744	85.6380
Budhauli	34	24.8905	85.7418
Budhan Bigha	34	24.9157	85.7441
Bundu	38	24.2885	85.5194
Buradekatte	19	13.8264	76.1296
Bukkamallanahalli	19	13.5731	76.1298
Buvanahalli	19	13.0005	76.1475
Budipura	19	13.9917	76.3441
Bukkasagara	19	13.7140	76.4181
Burheb Inayatpur	34	26.0706	86.3412
Buchhi	34	26.2120	86.4283
Burhawe	34	26.0222	86.8007
Burhwa	34	26.2209	86.9139
Budipura	19	13.9470	76.7058
Buniadpur	34	25.8626	86.0690
Budanuru	19	12.1179	76.2862
Buchauli	34	25.5782	86.0424
Buzurgabad	34	25.6369	86.1921
Burgudem	40	19.3897	79.9698
Bungalow	19	12.9722	75.5925
Buthalli	19	12.8941	75.7157
Bunkur	40	18.8355	79.1078
Bugaram	40	18.8634	79.0509
Budeshpet	40	18.9390	79.0653
Burgapalli	40	18.9090	79.1303
Buvanahalli	19	12.7564	76.1672
Bundasettihalli	19	12.7484	76.1957
Budanur	19	12.5993	76.1847
Bukadabetta	19	12.9301	76.5467
Buka	19	12.9401	76.5641
Bunahalli	19	12.8002	76.6463
Buvanahalli	19	12.8716	76.6068
Buvanahalli	19	12.5953	76.5102
Bukinakere	19	12.5627	76.5246
Busanadrakoppal	19	12.7124	76.7127
Busandra	19	12.7034	76.7151
Buvvanhalli	19	12.7737	76.4303
Burhi Ghat	34	25.6398	86.3079
Burhwa	34	25.6614	86.3404
Budhaura	34	25.6298	86.3065
Buradagunte	19	12.7547	76.7663
Burhwan	34	25.5719	86.3028
Buvanapalya	19	12.9582	76.9698
Budanur	19	12.5496	76.9479
Budahalli	19	12.2847	76.9375
Bugatana Koppal	19	12.3361	76.9040
Butagahalli	19	12.3683	76.8549
Burranpur	19	15.9482	77.0626
Budinne	19	15.9264	77.0590
Budur	19	15.9969	77.3704
Bullapur	19	15.9546	77.4009
Burdinne	19	15.9641	77.4467
Buduru	02	15.8759	77.3781
Buruzula	02	15.3325	77.4468
Bualgudem	40	16.0013	77.5239
Burandoddi	02	15.7873	77.6869
Burrikunta	02	15.5009	77.6370
Budhu	34	25.9579	86.6667
Buchcha	34	25.6139	86.6268
Burwa	34	25.7099	86.6772
Bunahalli	19	12.9952	75.7863
Bugadhalli	19	12.8749	75.7577
Bukkanpur	19	12.9769	75.8521
Budanhalli	19	12.9651	75.9354
Budnur	19	12.7428	75.9432
Buvanagiri	19	12.5142	75.9467
Buvangala	19	12.6154	75.9423
Budidapadu	02	15.7425	77.9070
Burdipadu	40	15.9432	77.8978
Bugganipalle	02	15.3796	77.8879
Burugala	02	15.1363	77.9482
Budivarti	02	14.7559	77.0849
Budagavi	02	14.9648	77.2362
Budigumma	02	14.7247	77.2774
Burhi	34	25.8934	86.8562
Budhma	34	25.9140	86.8739
Bulha	34	25.7241	86.7758
Budhma	34	25.6451	86.8317
Budhauna	34	25.5772	86.8714
Burahi	34	25.7002	86.9095
Burgapalli	40	18.0895	79.1739
Burdagudem	40	18.9875	79.4639
Buddipalli	40	18.8868	79.2933
Bua Nangli	23	31.7318	74.8462
But	23	31.5283	74.9595
Bukkihal	16	15.9490	74.3957
Bundgi	19	15.8525	74.4593
Budhera	36	26.0385	79.0126
Bujhwa	36	26.7765	79.3672
Burhabpur	36	26.6285	79.4488
Bukardoka	16	19.6538	79.1523
Bugga	40	19.1423	79.2343
Buntakondapalli	40	18.4947	79.2656
Buduvarpalli	40	18.2425	79.3097
Burgupalli	40	18.1920	79.2705
Burnapalli	40	18.4451	79.5985
Bulmallayapalli	40	18.3845	79.6388
Budihalu	19	15.2750	76.1020
Budisettinahalu	19	15.4531	76.1697
Bullapur	19	15.3186	76.3329
Bukkasagaram	19	15.3504	76.5307
Buvanahalli	19	15.2223	76.6137
Budipalabail	19	12.6631	75.5723
Budipala	19	12.6634	75.5752
Budranur	19	15.9214	74.5918
Budbhavi	19	15.9698	74.7108
Budihal	19	15.7499	74.9328
Budikop	19	15.9519	74.9657
Butpal	33	14.9774	74.1683
Bulsi	19	14.8575	74.4909
Budgutti	19	14.3835	74.7415
Bumru	34	24.6984	84.2932
Burhlewa	34	24.5479	84.3332
Budhua	34	24.6266	84.3598
Bungalow	34	24.5988	84.4483
Bukka	34	24.5786	84.4294
Buddh Paraiya	34	24.7922	84.8348
Buknari	34	24.7922	84.8896
Budhu Bigha	34	24.7607	84.9582
Budhua Chak	34	24.6255	84.7938
Budhwadih	34	24.7234	84.8667
Buniad Bigha	34	24.5458	84.9609
Bumuar	34	24.5265	84.9962
Bunda Bigha	34	24.5027	84.9309
Bulekhartola	34	26.5685	85.9972
Burher	34	26.5306	85.9282
Buchaha	34	26.3230	87.0789
Budhantola	34	26.2078	87.1115
Burja	34	26.0764	87.1723
Budhesri	34	26.1825	87.4875
Budhesri	34	26.1709	87.4889
Burujtola	34	26.3671	87.8000
Budhiar	34	26.0236	87.8262
Burhimari	34	26.1549	87.8709
Buddhutola	34	25.5100	87.0861
Buchahi	34	25.3223	87.1658
Budhu Chak	34	25.4764	87.1056
Bushmaratola	34	25.4302	87.2330
Budhu Chak	34	25.2668	87.1793
Budhu Chak	34	25.2470	87.1741
Budhu Chak	34	25.1086	87.2293
Burhia Dhanghatta	34	25.9004	87.2852
Butahatola	34	25.8141	87.4494
Budhiatola	34	25.5174	87.4538
Budheli	34	25.7303	87.4253
Bunka	34	25.5125	87.4615
Budhason	38	25.2083	87.3343
Budhason	38	25.1439	87.4317
Budhua Chak	38	25.1287	87.4896
Buari	34	25.8281	87.6406
Budhu Chak	34	25.3537	87.3397
Bulaki Bigha	34	25.3570	85.1429
Budhrampur	34	25.3561	85.1673
Buddhu Chak	34	25.5483	87.5564
Buriatikar	34	25.5293	87.6183
Budhnagar	34	25.5265	87.6302
Budhaili	34	25.5348	87.6797
Burkunda	38	25.2283	87.5700
Butsi	38	25.0219	87.7064
Budhra	28	25.7934	87.9827
Budhalmani	34	25.5441	87.8801
Burhiduba	38	24.5878	87.5634
Burichapar	38	24.4589	87.5054
Budapukhar	38	24.4291	87.6949
Buna Bigha	34	25.0951	85.0828
Buritala	28	24.1004	87.6045
Buritala	28	24.1403	87.6466
Bujang	28	24.2515	87.9155
Budropara	28	24.0582	87.9670
Budhigram	28	24.0904	87.8860
Budra	35	21.9416	75.0700
Buzurg	34	25.4536	85.2519
Buddhu Chak	34	25.4949	85.3276
Budhaul	34	25.3040	85.4874
Bula Bigha	34	25.1428	85.3263
Burhara	34	25.4604	85.5789
Budhua Chak	34	25.4227	85.6090
Burhanpur	34	25.4312	85.6579
Budavada	02	16.5575	79.7212
Burugpalli	40	17.7613	78.9421
Budhi	34	26.2049	87.6874
Budhanpur	36	27.6977	80.0065
Burhwa	36	27.6951	80.0496
Budha Purwa	36	27.4792	80.0765
Burgahna	36	27.6319	80.2490
Bularpur	36	27.3805	80.0221
Burhian Purwa	36	27.2581	80.0414
Bujhia	36	27.8411	80.4107
Bujhauna	36	27.9729	80.4325
Buti	16	19.7595	77.4652
Burdapalli	02	19.1758	78.4851
Burugpalli	02	19.1513	78.4564
Buragamadaga	19	13.7241	77.8778
Burakayalkote	19	13.7019	77.8572
Buttivaripalli	19	13.7192	77.8208
Budadigadapalli	19	13.6343	77.9705
Bulugalaganpalli	19	13.5439	77.9415
Budagahur	19	13.4660	77.8303
Budagadasarhalli	19	13.4675	77.8374
Buragamakanhalli	19	13.3792	77.9671
Busadhalli	19	13.2543	77.9245
Buksagar	19	12.9957	77.0887
Bugadardoddi	19	12.7203	77.0926
Budakuppe	19	12.5857	77.0683
Bugathalli	19	12.4043	77.0497
Bunasamudra	19	12.4015	77.1841
Buhalli	19	12.3072	77.0252
Budibalu	19	12.1540	77.2471
Buthithittu	19	12.1227	77.0896
Budibetta	19	12.0718	77.0717
Budamballi	19	12.0050	77.0289
Buhalli	19	12.5607	77.2876
Buksagara	19	12.5444	77.3153
Budikuppi	19	12.5614	77.4320
Budidoddi	19	12.3566	77.4711
Buhalli	19	12.4102	77.3094
Bungalow	19	12.6144	77.5226
Budbudkepalaiyam	25	12.5557	77.6909
Budhavarapeta	02	15.8221	78.0466
Bukkapuram	02	15.9276	78.1346
Bukkapuram	02	15.3808	78.0364
Bukkapuram	02	15.6082	78.0824
Bugganipalle	02	15.4741	78.1750
Bujanuru	02	15.6678	78.4370
Burrareddipalle	02	15.2176	78.4454
Bukkayapalle	02	14.7844	78.6582
Bukkapuram	02	15.4762	78.5642
Bubusanipalle	02	14.9380	78.2049
Bukkapatnam	02	14.8414	78.1806
Buruzupalle	02	14.7990	78.1145
Bulayapalle	02	14.5496	78.2264
Burujupalle	02	14.2626	78.2489
Buragapalle	02	14.0827	78.2262
Budavada	02	14.7640	78.9853
Busureddipalle	02	14.4382	78.7688
Bumayapalle	02	14.7461	78.7503
Buddayapalle	02	14.6779	78.7637
Buddayapalle	02	14.5600	78.7893
Buddayapalle	02	14.4594	78.8558
Buchammagaripalle	02	14.4293	78.9589
Budratapalle	02	14.4023	78.8180
Buggalapalle	02	14.4138	78.8144
Budithaguntarajupalle	02	14.0594	78.8706
Bujavalapalli	19	13.8383	78.0933
Budipalle	19	13.7507	78.0055
Buddayyakota	02	13.8195	78.1729
Buchipalle	02	13.7756	78.1955
Burujupalle	02	13.7298	78.1997
Buchipalle	02	13.5882	78.2087
Bureddihalli	19	13.5881	78.0189
Bujangarayanakote	19	13.5595	78.1373
Buradavandlapalle	02	13.6732	78.1695
Burlapalle	02	13.6767	78.2096
Burugahalli	19	13.2620	78.1469
Bukkanahalli	19	13.4228	78.0636
Busanahalli	19	13.1872	78.0717
Burandahalli	19	13.1624	78.1412
Buvanahalli	19	13.0154	78.0225
Burujupalle	02	13.9187	78.3769
Bukkapatnamvandlapalle	02	13.9758	78.4948
Burujupalle	02	13.9948	78.4885
Buddulollapalle	02	13.9016	78.3201
Burujupalle	02	13.8067	78.2717
Burujupalle	02	13.8072	78.4422
Buttulavandlapalle	02	13.7027	78.4143
Budalavandlapalle	02	13.6675	78.4116
Burujupalle	02	13.6237	78.3233
Buragamakalapalli	19	13.5086	78.3101
Burrakayalakote	19	13.4334	78.2899
Budithapalle	02	13.3606	78.4812
Butanatenadinne	02	13.4206	78.5918
Buragalavandlapalle	02	13.4355	78.7109
Butakapalle	02	13.3839	78.7084
Budideru	19	13.2587	78.5042
Burravaripalle	02	13.3420	78.6375
Budedipalle	02	13.2676	78.7283
Burisettipalle	02	13.1465	78.6331
Buchauli Sakrauli	34	25.7258	85.5730
Buragkunte	19	12.8428	77.7823
Buragkonte	19	12.8283	77.7849
Bupanapalli	25	12.8584	77.8503
Budanattam	25	12.7486	77.7801
Bukkasandiram	25	12.7253	77.9355
Butikottai	25	12.4869	77.8137
Budihalli	25	12.1016	77.8505
Budganhalli	19	12.8937	78.1172
Buvanhalli	19	12.8840	78.1519
Buragmakanhalli	19	12.9449	78.2191
Buvanhalli	19	12.8168	78.2257
Butimutlu	25	12.7073	78.1899
Budipalli	25	12.3928	78.0751
Buduganahalli	25	12.0404	78.1272
Buganahalli	25	12.1923	78.1045
Budihalli	25	12.2257	78.0894
Buragalapalli	02	12.7707	78.2564
Buduguru	02	12.8575	78.3420
Buchepalli	19	12.9413	78.3315
Budadamitta	19	12.9861	78.3875
Buragamakulapalli	02	12.9396	78.4578
Bugundlapuram	02	12.8383	78.4781
Businaikanur	25	12.4703	78.3957
Buddireddippatti	25	12.0624	78.3054
Buddireddippatti	25	12.0473	78.3038
Bumisamudram	25	12.1981	78.3223
Budur	25	12.9543	78.9367
Budur	25	12.9513	78.9894
Burgur	25	12.6465	78.9196
Budamapalle	02	15.2538	78.9630
Busireddipalle	02	14.4930	78.4275
Busapalle	02	14.1470	78.3999
Burujupalle	02	14.2104	78.5076
Burujupalle	02	14.1333	78.6236
Budidiguntapalle	02	14.1718	78.6757
Buttavandlapalle	02	14.0953	78.5744
Burujupalle	02	14.0661	78.5496
Buddanagayyapalle	02	14.0518	78.6872
Buragamanupalle	02	15.1758	79.0141
Buchchampalle	02	15.0381	79.0372
Buradapalem	02	15.6852	79.4742
Bukkapuram	02	15.1310	79.3477
Burripalem	02	15.8956	79.7060
Buddavaripalem	02	15.9455	79.6570
Butchannapalem	02	15.6149	79.6371
Buddareddipalle	02	15.2882	79.5724
Burepalle	02	15.6852	79.9854
Budavada	02	15.5722	79.7901
Buchannapalli	02	14.6448	79.1565
Butehiramamagaripalli	02	14.5621	79.0481
Buddareddivaripalli	02	14.5279	79.1968
Butreddipalli	02	14.2529	79.2292
Buduguvandlapalli	02	14.1915	79.0786
Buduguntapalli	02	14.1603	79.0095
Bukkapuram	02	14.7856	79.6027
Buranpudi	02	14.3765	79.9420
Budanam	02	14.0722	79.8891
Bumireddivandlapalli	02	13.7893	79.1118
Butamvandlapalli	02	13.6902	79.1799
Burjipalli	02	13.7019	79.1415
Buddareddigaripalli	02	13.6720	79.1505
Busipalli	02	13.5866	79.1100
Budidagatupalli	02	13.6100	79.2170
Bukkireddipalli	02	13.3078	79.1876
Buditireddipalli	02	13.1709	79.0116
Budigipenta	02	13.1555	79.0388
Buchannakhandrika	02	13.0993	79.0931
Buchannakhandrika	02	13.0877	79.1706
Butreddikhandriga	02	13.3190	79.2527
Buttajangampalli	02	13.2494	79.2793
Bukkapatnam	02	13.2261	79.2633
Burakhandrika	02	13.8186	79.7490
Buggaagraharam	02	13.3306	79.6255
Buchchireddipalle	25	13.2251	79.5326
Buragamanimottur	25	13.1078	79.5457
Buduru	02	13.7652	79.9207
Butchinayudikhandrika	02	13.6999	79.8508
Burdamadugu	02	13.7457	79.9667
Budur	02	13.4209	79.9586
Budamangalam	25	12.3792	79.2308
Budur	25	12.5809	79.2509
Buderi	25	12.3595	79.4830
Buderi	25	12.7436	79.5024
Buderi	25	12.7110	79.5136
Bupantangal	25	12.7045	79.5155
Buderi	25	12.2256	79.6349
Budur	25	12.5456	79.9741
Budur	25	12.3483	79.9561
Buderi	25	12.2378	79.7703
Buthinatham	25	11.6006	76.7035
Butt Maidan	25	11.4322	76.6703
Budiyur	13	11.1598	76.5781
Budimedu	13	11.1149	76.6546
Buditittu	19	11.9484	76.9788
Budipadaga	19	11.8348	77.0658
Budimadai	25	11.4227	77.3740
Budimadaipudur	25	11.4190	77.3778
Bumian Tanda	25	11.7453	77.6996
Bumireddippatti	25	11.7260	77.9312
Budanayakkanhalli	25	11.9953	77.9626
Budappadi	25	11.8703	77.7705
Bukkampatti	25	11.8375	77.9737
Budinattam	25	10.5568	77.2052
Budamur	25	11.5090	79.3334
Budamangalam	25	10.7286	79.5276
Budamangalam	25	10.6718	79.5538
Budamangalam	25	10.6631	79.5491
Budangudi	25	10.8150	79.8117
Burti	21	20.7395	84.8793
Burti	21	20.7301	84.8785
Burhapadar	21	20.3209	84.7701
Bulunda	21	20.3143	84.8070
Butibari	21	20.4363	84.9426
Budabadi	21	20.1604	84.7823
Burudei	21	20.1395	84.8988
Budhabari	21	20.2364	84.9398
Bukru	38	23.8662	85.0378
Buchadih	38	23.6909	85.1564
Bundu	38	23.7359	85.1193
Burhakhukhra	38	23.4211	85.0670
Burju	38	23.4163	85.2015
Burhiroma	38	23.1757	85.0535
Burka	38	23.0952	85.1183
Burkatoli	38	23.0984	85.1189
Bumri	38	23.6893	85.4647
Bundu	38	23.6701	85.3997
Bundu	38	23.5028	85.3700
Bukru	38	23.4772	85.3115
Budibagitoli	38	23.4957	85.3385
Buti	38	23.4076	85.3912
Buchatoli	38	23.3370	85.2893
Bumbru	38	23.2185	85.3238
Bundubera	38	23.2165	85.3805
Burutoli	38	23.2049	85.4147
Butiyo	38	23.2065	85.3756
Bukatoli	38	23.1841	85.3149
Budhutoli	38	23.1791	85.2580
Buruhatu	38	23.1150	85.4716
Butandih	38	23.0991	85.3566
Bukuldatoli	38	23.0964	85.3783
Burudih	38	23.0934	85.4252
Burhadih	38	23.0802	85.4604
Burudih	38	23.0911	85.4879
Buruhatu	38	23.0496	85.4706
Buruhatutoli	38	23.0703	85.4243
Budhudih	38	23.0618	85.3173
Buzurg Nano	38	23.9226	85.5497
Burha Khap	38	23.6652	85.5625
Burha Khukhra	38	23.5893	85.5500
Burhibaghi	38	23.5141	85.5329
Burugoratoli	38	23.4472	85.6484
Buki	38	23.4413	85.5586
Butakharitoli	38	23.4617	85.5630
Buproberatoli	38	23.4057	85.5483
Burhibera	38	23.3399	85.5077
Bundiaru	38	23.3021	85.6846
Burhadih	38	23.2747	85.6746
Burudih	38	23.2773	85.7089
Burutoli	38	23.2065	85.6027
Burutoli	38	23.1813	85.5660
Burudih	38	23.1576	85.6384
Burhadih	38	23.1556	85.6762
Burudih	38	23.1035	85.6434
Burudih	38	23.0862	85.6449
Burudih	38	23.0674	85.6835
Buruhatu	38	23.0382	85.5011
Butpaniatoli	38	23.8376	85.8710
Burgora	38	23.8425	85.8604
Burasaraitoli	38	23.7040	85.8901
Burhangoratoli	38	23.6254	85.7990
Butgoratoli	38	23.6222	85.7843
Burha Bahera	38	23.4123	85.7870
Buribir	28	23.3736	85.9011
Burudih	38	23.3085	85.7944
Burudih	28	23.2712	85.9571
Burda	28	23.2489	85.9817
Buruhatu Sundrup	38	23.1868	85.7913
Buruhatu	38	23.0576	85.9701
Burudih	38	23.0372	85.8550
Burudih	38	23.0224	85.7597
Budalang	38	23.0287	85.9031
Budu	38	22.9894	85.0307
Burka	38	22.9875	85.1282
Bundumamel	38	22.9017	85.2385
Burutoli	38	22.8687	85.1614
Buru Lumin	38	22.6533	85.1143
Burungkel	38	22.6695	85.1879
Buru Kenduda	38	22.5373	85.0727
Buru Kasai	38	22.5559	85.2308
Buru Tulunda	38	22.5057	85.0945
Burju	38	22.9942	85.3302
Buribil	38	22.4863	85.1246
Buru Ichinda	38	22.4836	85.1502
Bunumda	38	22.4286	85.1020
Bunumda	38	22.4219	85.0998
Bunumda	38	22.4204	85.1125
Burahuri	38	22.3879	85.2139
Burramdih	38	22.9520	85.3088
Buruma	38	22.9376	85.3218
Buruhatu	38	22.9187	85.3528
Burima	38	22.8835	85.3459
Buruhadah	38	22.9778	85.3625
Burudih	38	22.9799	85.4295
Buru Kaim	38	22.6879	85.3046
Buru Goilkera	38	22.6473	85.2905
Buru Hundru	38	22.5045	85.3882
Buru Duia	38	22.5098	85.4848
Buriuli	38	22.6859	85.3686
Buruhatu	38	22.2003	85.6014
Burusai	38	22.2049	85.5745
Buruhatu	38	22.1951	85.6089
Burha Kaman	38	22.1493	85.6395
Bukasai	38	22.2011	85.6368
Butisai	21	22.0335	85.7438
Budhamara	21	22.0082	85.7132
Bundehra	34	25.3776	86.7376
Butbathan	38	24.1573	86.9965
Butbari	38	24.0566	86.9944
Budhbandh	38	24.0042	86.8454
Bugludih	38	23.5545	84.0336
Bukma	38	23.1182	84.2180
Bumtel	38	23.0440	84.2430
Burhisakhuwatola	38	23.8046	84.4394
Bulbul	38	23.6075	84.4378
Burhigarhatoli	38	23.3161	84.2910
Burhikonatoli	38	23.0459	84.4454
Buchidari	38	23.7569	84.5295
Bungadag	38	23.8986	84.6692
Bundelitoli	38	23.8771	84.7268
Bulhu	38	23.6839	84.6107
Buchitanrtoli	38	23.5626	84.5915
Burju	38	23.3483	84.5321
Buti	38	23.3289	84.6023
Burgaon	38	23.4833	84.6939
Burhu Barantpur	38	23.4905	84.7424
Burhu	38	23.1805	84.5612
Burhiatoli	38	23.1890	84.6867
Burutoli	38	23.1857	84.6929
Bukru	38	23.8394	84.8558
Bukru	38	23.9799	84.9647
Burka	38	23.3353	84.7629
Burhipat	38	23.2538	84.8677
Bucha Opa	38	23.4954	84.9503
Burka	38	23.2054	84.7790
Burhni	38	23.0434	84.9169
Buriogra	38	22.6285	84.0841
Buchidari	37	22.6684	84.1792
Bursatoli	37	22.4670	84.0374
Budhutola	38	22.4844	84.2123
Buchidari	38	22.8199	84.3830
Budha Amba	38	22.8078	84.4241
Budhwatoli	38	22.5617	84.3461
Budhutoli	38	22.5683	84.3785
Burhapahartoli	38	22.4190	84.2702
Budhutoli	38	22.3984	84.2957
Butkudar	38	22.4384	84.3688
Burikudarioli	38	22.4857	84.3401
Butuatoli	38	22.9167	84.5354
Budhabaisa	38	22.8895	84.5837
Buchitoli	38	22.8936	84.7140
Budapahar	38	22.4719	84.5064
Budatoli	38	22.4530	84.5058
Bundipatoli	38	22.4264	84.6598
Budhutoli	38	22.4930	84.6252
Bujga	38	22.7668	84.8465
Buruhatu	38	22.8688	84.9458
Budhutoli	38	22.8212	84.9130
Burhatoli	38	22.8549	84.9690
Bunadaritoli	38	22.6306	84.7770
Buru Irge	38	22.7412	84.9693
Bukatoli	38	22.7133	84.9611
Buruhonjer	38	22.6586	84.9629
Burijharan	38	22.6505	84.9473
Buroturen	38	22.5364	84.9979
Bukatoli	38	22.5070	84.9628
Buchatoli	38	22.4647	84.9000
Budhu Mahthotoli	38	22.4936	84.9365
Bukrotoli	38	22.4828	84.9252
Budhiitikra	21	21.9336	84.0181
Buromal	21	21.8467	84.0193
Budla	21	21.7660	84.0728
Bungaberna	21	21.9740	84.1318
Buradihi	21	21.9851	84.1790
Butupali	21	21.8627	84.1726
Bughiakani	21	21.6536	84.1766
Buchchinayakkanpatti	25	10.3364	78.0297
Budakudi	25	10.2247	78.3136
Budamangalam	25	10.1029	78.3842
Buthakudipatti	25	10.0831	78.4970
Budakkudi	25	9.9936	78.1104
Buduvayal	25	9.8238	78.7382
Budakkudi	25	9.9495	78.8973
Budipuram	25	10.4130	77.9483
Buchchinayakkanpatti	25	10.3532	77.9631
Budangudi	25	11.4163	79.5443
Budarayanpettai	25	11.4524	79.6278
Budangudi	25	11.1669	79.5627
Burikal	25	11.9779	78.0422
Budasanahalli	19	14.1074	77.0850
Budibetta	19	14.1891	77.1902
Bursuan	21	22.2446	85.0298
Burguan	38	22.3881	85.3479
Bundu	38	22.3512	85.3943
Buru Raika	38	22.2843	85.4826
Burudih	38	22.9397	85.5740
Burudih	38	22.9495	85.5896
Burugara	38	22.9043	85.5919
Budepata	38	22.8906	85.5954
Budah	38	22.9187	85.5329
Burikaen	38	22.8725	85.5346
Budhadih	38	22.8203	85.5349
Burudih	38	22.7908	85.5372
Burudih	38	22.8084	85.6766
Buru Nalita	38	22.8174	85.6679
Bursupiri	38	22.9026	85.6334
Buribura	38	22.8983	85.7429
Burigora	38	22.6406	85.5826
Buruhatu	38	22.5594	85.6906
Buhuta	38	22.5689	85.7329
Buhta	38	22.5702	85.7477
Buru Siringsia	38	22.3229	85.6869
Buruhatu	38	22.3989	85.6844
Burusigu	38	22.9759	85.7766
Burhadih	38	22.9575	85.8353
Buruhatu	38	22.9368	85.8321
Buruhatu	38	22.8971	85.7840
Burigutu	38	22.7723	85.8699
Burjudih	38	22.8179	85.8601
Burunglohar	38	22.7442	85.7646
Buritopa	38	22.7489	85.8123
Burudih	38	22.7462	85.8646
Bunumda	38	22.6716	85.8494
Buruhatu	38	22.5609	85.7758
Buruhatu	38	22.5526	85.7637
Burujol	38	22.5808	85.8412
Burudih	38	22.6295	85.9565
Burudih	38	22.6186	85.9513
Buruhatu	38	22.4970	85.8554
Buru Baljori	38	22.2904	85.7543
Buru Marcha	38	22.2698	85.8412
Bunumlata	38	22.3310	85.8853
Burusai	38	22.3562	85.8845
Burabasa	38	22.4375	85.9335
Bujusai	38	22.2097	85.8139
Buruhatu	38	22.1622	85.7679
Buruhatu	21	22.0881	85.8190
Butisal	21	22.0370	85.7551
Buhura	38	22.2061	85.8969
Buruhatu	38	22.1792	85.9754
Buguda	21	21.8046	85.0153
Burhibatar	21	21.7602	85.1964
Burhabhuin	21	21.6468	85.0954
Burhabhuin	21	21.5993	85.1264
Burhakhaman	21	21.4657	85.0631
Burubahal	21	21.1084	85.0789
Burabhuin	21	21.1771	85.0793
Bulajhar	21	21.1015	85.1954
Burukuna	21	21.1412	85.2079
Budgarh	21	21.7753	85.2697
Burda	21	21.8885	85.4052
Bundabera	21	21.9312	85.4488
Burbura	21	21.2512	85.2987
Burha-amba	21	21.2872	85.4459
Burudih	21	21.6684	85.5440
Budapalsa	21	21.6755	85.6343
Bulda	21	21.7308	85.6784
Bulda	21	21.7351	85.6862
Budrupasi	21	21.7120	85.6939
Burhighara	21	21.4665	85.5145
Burhakhaman	21	21.3976	85.6387
Burhakhaman	21	21.3874	85.6414
Budhibil	21	21.0949	85.6016
Burhipada	21	21.2193	85.7397
Burikapri	21	21.8263	85.7796
Budamara	21	21.8957	85.8566
Buruikuti	38	21.9829	85.8332
Buraban	21	21.6273	85.8119
Budhighari	21	20.2321	85.1111
Burhapank	21	20.7954	85.3559
Buchai Pithauria	38	24.2078	85.6621
Burhiadih	38	24.2124	85.6484
Burha Chanch	38	24.0990	85.7442
Bukar	34	24.8772	85.8182
Budhuatanr	38	24.4311	85.9105
Budhuadih	38	24.4262	85.9880
Bukna	38	24.0656	85.7833
Buram	34	25.9725	86.3170
Burhia Sukhrasi	34	25.7655	86.4032
Burhiasar	38	24.5537	86.1964
Burhiatanr	38	24.2495	86.1723
Bughandih	38	24.0071	86.0727
Burwadih	38	24.0212	86.0109
Burhikhar	34	24.8565	86.4933
Burhnair	34	24.7514	86.4069
Bukar	34	24.8946	86.2753
Bujhaet	34	24.6686	86.3192
Burhialpur	34	24.6428	86.2894
Budhuatanr	34	24.6483	86.3158
Burhiatanr	34	24.5172	86.3260
Buturwatar	38	24.5416	86.2989
Budhuwadih	38	24.5004	86.2876
Buchchi	34	24.6544	86.3965
Buchanawadih	38	24.2697	86.4145
Burhikurha	38	24.3937	86.3543
Budhiadhak	38	24.2797	86.3080
Burhwasar	38	24.0383	86.4573
Burhwasar	38	24.0062	86.4264
Buriadhaku	38	24.0032	86.4189
Burhiadih	38	24.1599	86.3307
Bulbunga	21	21.3087	84.0077
Burhiakata	21	21.3100	84.1342
Budel Chida	21	21.4323	84.1352
Budelpali	21	21.4620	84.0690
Buromal	21	21.4161	84.1347
Burikutan	21	21.4121	84.2275
Budhikhamar	21	21.1280	84.0709
Butuberni	21	21.2495	84.1113
Budlapali	21	21.7545	84.2587
Butidihi	21	21.8417	84.4498
Butipara	21	21.7828	84.4174
Budelkani	21	21.6280	84.2806
Burodihi	21	21.7357	84.4659
Burubuda	21	21.3080	84.3815
Budhinali	21	21.3176	84.3622
Buraikhol	21	21.3468	84.4510
Buromal	21	21.1779	84.3437
Burda	21	21.1400	84.3114
Budhipani	21	21.0218	84.4236
Budhabahal	21	21.6441	84.6930
Budhikutuni	21	21.6576	84.5045
Budhakata	21	21.2873	84.6782
Budido	21	21.3753	84.6721
Burbuda	21	21.3452	84.7170
Burikutni	21	21.8675	84.8952
Buripali	21	21.8551	84.9539
Burhabahal	21	21.5852	84.8777
Budhibahal	21	21.5638	84.8800
Butiadihi	21	21.5522	84.8584
Budhibil	21	21.4754	84.8063
Burbura	21	20.9793	84.1065
Buttukhaman	21	20.9686	84.1843
Burhikon	21	20.7779	84.0244
Budhipadar	21	20.8381	84.2026
Burakata	21	20.8531	84.2196
Bunthipadar	21	20.9253	84.1340
Buribandh	21	20.6865	84.0716
Burubuda	21	20.6297	84.0938
Buragora	21	20.6301	84.2206
Bulungi	21	20.5164	84.1066
Buradani	21	20.5118	84.1856
Bulungi	21	20.4590	84.2157
Budenpanga	21	20.4529	84.0606
Burasuga	21	20.3987	84.1490
Burungivali	21	20.3807	84.0830
Budakamba	21	20.3339	84.1407
Budapadar	21	20.2610	84.2132
Budnasuga	21	20.1619	84.1887
Budurumaha	21	20.0747	84.0597
Butupali	21	20.8265	84.3180
Budhikun	21	20.7042	84.4819
Burubuda	21	20.6635	84.4385
Burdu	21	20.6487	84.3569
Burtunga	21	20.2519	84.3946
Budduni	21	20.3132	84.3480
Budduni	21	20.3252	84.3526
Budrikupa	21	20.3423	84.3670
Budarakari	21	20.4588	84.3910
Buduringiasai	21	20.3230	84.4328
Buribinaju	21	20.1896	84.2840
Buduringia	21	20.1013	84.2715
Budamaha	21	20.1145	84.2671
Budamaha	21	20.0039	84.2810
Burupati	21	20.1311	84.3417
Buddugudari	21	20.2335	84.3519
Budalimunda	21	20.9592	84.5624
Bulura	21	20.6685	84.5579
Bukesingha	21	20.6101	84.6063
Buoradihi	21	20.6848	84.7244
Burupalu	21	20.3990	84.5482
Budukakhol	21	20.2743	84.5131
Buruburia	21	20.2633	84.5321
Buguda	21	20.4046	84.7210
Burusahi	21	20.3896	84.7440
Budapodoro	21	20.2114	84.5345
Burudupalli	21	20.0867	84.5500
Budhel	09	21.6959	72.1525
Budhal	12	33.3816	74.6347
Bungte Chiru	17	24.6440	93.7329
Buhanipal	21	20.6409	85.3565
Burakot	39	29.6380	79.0885
Bullapura	19	14.3850	76.0120
Burudih	38	22.9734	85.7872