Dindigul	25	10.3690	77.9804
Dinapur Nizamat	34	25.6385	85.0512
Dinapore	34	25.6370	85.0479
Dibrugarh	03	27.4799	94.9084
Dimapur	20	25.9117	93.7217
Diphu	03	25.8434	93.4312
Didwana	24	27.4010	74.5754
Dig	24	27.4719	77.3256
Digras	16	20.1035	77.7185
Diglipur	01	13.2667	93.0000
Dinhata	28	26.1353	89.4613
Diamond Harbour	28	22.1927	88.1895
Dibai	36	28.2085	78.2617
Dindarpur	07	28.5981	76.9916
Dighwara	34	25.7443	85.0100
Dinapur Cantonment	34	25.6362	85.0203
Diu	52	20.7141	70.9822
Dinanagar	23	32.1366	75.4729
Digboi	03	27.3932	95.6184
Dindori	35	22.9414	81.0798
Dirba	23	30.0722	75.9961
Diyodar	09	24.1087	71.7740
Digapahandi	21	19.3727	84.5718
Digboi Oil Town	03	27.3885	95.6189
Diwakari	24	27.5553	76.6594
Dispur	03	26.1356	91.8007
Diphupar 'A'	20	25.8578	93.7690
Dimaruguri	03	26.3452	92.7149
Dih	36	26.1426	81.4086
Digvijaygram	09	22.4319	69.8327
Dighawani	35	22.2061	78.8135
Digaru Gaon	03	26.1557	91.9870
Digheli	03	26.4401	91.4563
Diguvametta	02	15.3951	78.8293
Dirang	30	27.3333	92.2667
Digha	28	21.6278	87.5196
Dikshitpur	36	25.1572	82.9665
Diwon	18	25.9667	92.0167
Diwanpali	21	21.1310	82.7578
Diwandi	24	25.8721	72.8692
Diwanganj	35	23.4202	77.5694
Diwal	35	21.6416	76.1481
Diwaitha	36	25.3655	83.6423
Dive	16	19.1833	73.0333
Dival	35	21.8284	75.7411
Diva	16	19.1333	72.9833
Diuri	39	29.2129	80.0798
Dithur	03	25.4941	92.8011
Dithori	35	22.5243	80.1983
Dit-dak	01	7.3167	93.6333
Dishergarh	28	23.6906	86.8273
Disangmukh	03	27.0667	94.5500
Dirji	30	27.2667	93.0667
Dipnagar	34	25.1532	85.4900
Dipas	24	27.6162	75.8923
Dipadih	37	23.2876	83.7258
Dipa	03	27.7246	94.8545
Dip	35	23.0997	77.5121
Dinjaygaon	03	27.5112	95.1817
Dingram	03	26.3621	90.1558
Dingpasoh	18	25.5944	92.0431
Dingdinga	03	26.3506	89.8933
Dindrur	16	18.9943	76.2490
Dindori	16	20.2017	73.8349
Dinara	34	25.2490	84.0606
Dimruguri	03	26.7795	94.2008
Dimiripalli	21	20.1828	84.8555
Dimiripadar	21	19.4577	82.9737
Dimbam	25	11.6222	77.1293
Dimakuchi	03	26.7410	91.8212
Dilwara	24	26.1251	74.3679
Dilwara	09	24.3459	73.0922
Dili Terang	03	26.2128	93.6780
Dilhori	12	33.3001	74.3977
Dilauda	35	23.9292	75.1070
Dilari Changeri	36	29.0433	78.7525
Dilaowala	24	26.6242	69.8004
Dikthan	35	22.5766	75.4777
Dikshal	09	20.3019	73.3363
Diksera	21	20.9833	83.5667
Dikrum	03	26.1798	93.5735
Dikhomukh	03	26.9619	94.4149
Dikchu	29	27.4034	88.5002
Dijungania	30	27.3667	92.7667
Diju	03	27.2833	94.0500
Dijmur	03	27.6635	94.8523
Dihra	34	24.9731	84.3114
Dihor	09	21.4798	72.0387
Dihingmukh	03	27.2613	94.7027
Dihewa	35	23.9394	81.5811
Dihajan	03	27.1297	94.7634
Digwal	40	17.6638	77.7092
Digvala	16	16.2284	73.8357
Digdoli	35	25.3519	77.1883
Digsira	21	20.9667	83.5667
Digsar	09	22.7255	71.4794
Digras Khurd	16	18.7325	77.2240
Digras Buzurg	16	21.3301	78.5460
Digras Buzurg	16	18.7126	77.1993
Digras	16	19.6554	77.0699
Digras	16	18.7333	77.2333
Digrana	24	26.4017	73.8745
Digod	24	25.2208	76.0791
Digod	35	25.0318	77.5687
Dignagar	28	23.4324	87.6832
Dignagar	28	23.3238	88.4520
Digligiri	18	25.4101	89.8632
Digi	21	19.9792	84.2360
Dighuchi	16	17.5300	74.9260
Dighori Buzurg	16	21.1176	79.2301
Dighori Mot	16	20.8911	79.9240
Dighori	16	20.6762	79.8128
Digol	16	18.6732	76.2841
Dighi	34	24.9352	86.4332
Dighi	16	18.2628	72.9712
Dighave	16	20.8976	74.2223
Dighas	09	21.2660	73.0515
Dighaltarang	03	27.6062	95.4216
Dighalbank	34	26.4376	87.8574
Dighal	10	28.7671	76.6341
Digha	34	25.6481	85.0874
Diggi	24	26.3773	75.4378
Digdaul	12	33.3028	75.1777
Digaura	35	24.9689	78.8443
Digau Kalan	35	24.0434	75.1526
Digardih	38	23.7000	86.4167
Digaon	19	17.0912	77.1569
Digambarpur	28	21.9349	88.3900
Digah	24	27.4081	71.0052
Didhu	24	27.3318	71.7078
Didauli	36	28.8297	78.5297
Didarganj	36	25.9979	82.7659
Dichpalli	40	18.5881	78.2048
Diawan	34	25.3777	85.2900
Dialpura Bhaika	23	30.4809	75.2032
Dimarkhera	35	23.4697	80.3800
Dipnakhera	35	24.2370	77.8178
Diwariya	35	22.9664	76.9832
Dimara	35	22.9212	78.1915
Diddy	16	21.3297	77.9061
Didwana	24	28.9726	73.9386
Diveagar	16	18.1733	72.9917
Dipa	28	22.8040	88.0673
Dingakhola	28	22.2738	88.0662
Dinabandhupur	28	22.0327	88.0135
Diga	28	22.9389	88.5314
Digpala	28	22.9194	88.5083
Dighirpar	28	22.4067	88.7794
Diginibal	12	34.2070	74.8457
Dingle	12	33.7727	74.1730
Dibri	12	34.2827	74.1092
Didikut	12	34.4948	74.2016
Dingri	12	34.4941	74.1718
Divispur	12	34.4514	74.2403
Dialri	12	34.2470	74.7110
Diwar	12	34.1514	74.6425
Diubug	12	34.0955	74.4996
Diwar	12	34.4595	74.4498
Ding	12	33.0778	74.2758
Diran	12	33.1310	74.3530
Diala	12	33.2356	74.3758
Diala	12	33.2355	74.3971
Dinga Tirkana	12	33.9014	74.3347
Dili	12	32.6807	74.8961
Dili	12	32.6681	74.8833
Dildhar	12	34.3913	73.8306
Dibli	39	30.4564	77.9282
Diggi Nahar	36	29.6963	77.4486
Digaria	24	25.8774	75.6433
Diwana	10	29.3139	76.9718
Didwari	10	29.2884	76.9315
Dichaon Kalan	07	28.6398	76.9826
Dishdi	11	31.2101	77.0569
Dikhet	39	29.9181	78.5588
Diyusa	39	29.9084	78.6304
Diula	39	29.8900	78.5143
Dimar	39	29.7775	78.7225
Diarampalli	40	17.5004	78.6598
Dilalpur	40	17.9388	78.6796
Dipampalli	40	17.9739	78.5627
Dirolipar	35	26.1966	78.7017
Diary Circle	19	12.9375	77.6024
Dingali	24	28.3888	75.5089
Diwa Gandhwan	23	30.5888	76.1228
Diwanwala	10	30.7478	76.9473
Diwanwala	10	30.7468	76.9761
Dialpura	23	30.6395	76.7867
Dinarpur	10	30.2117	76.9009
Dig	10	30.1365	76.9114
Dikshatbara	36	24.9905	78.3927
Digara	36	24.9935	78.4266
Didora	36	24.6549	78.6900
Digwar	36	24.5484	78.6696
Dilakheri	35	24.0225	78.9513
Dikhatmai	36	27.1832	79.2516
Dinpur	36	27.2133	79.4215
Diurania	36	27.1028	79.3824
Dilah	36	27.1063	79.2661
Dibanpur Sahini	36	27.0146	79.3147
Dinapur	36	27.0230	79.4025
Dip ki Madaiyan	36	27.6192	79.6360
Dilawarganj	36	27.5446	79.5292
Dina Purwa	36	27.0953	79.9485
Diwali	36	27.1218	79.7543
Dingsara	36	27.0893	79.7923
Dig	36	26.9069	79.2379
Dinarpura	36	26.7807	79.1335
Dinpura	36	26.7931	79.1643
Dikauli	36	26.4133	79.1570
Dikauli	36	26.2828	79.1793
Diraoti	36	26.0107	79.2607
Didwara	36	25.3791	79.4497
Didaura	36	25.2851	79.3894
Dilipnagar	36	26.9662	79.7339
Diurha	36	26.9172	79.7200
Diura	36	26.5793	79.8106
Dikoli	35	24.6657	79.1260
Dilli ka Purwa	35	24.9412	79.3500
Didol	35	24.8776	79.3465
Digoda	35	24.7526	79.2668
Dinga	12	32.4866	74.7818
Diksal	16	18.3259	74.7827
Ding Dara	24	27.6669	71.3354
Dighaltari	03	26.2556	89.7864
Digha	24	27.4089	70.9203
Diengsaw	18	25.2385	91.8921
Dijugaon	03	26.5215	93.3836
Dipling	03	27.1048	95.0369
Dilshadpur	36	25.8214	82.4399
Divada	16	18.4485	73.7565
Digamila	37	20.1251	83.8498
Diwattiya	35	22.9752	77.5592
Diva	09	21.6467	72.9717
Diddy	16	21.3452	77.8089
Diddy	16	21.2719	77.8508
DIneshpur	39	29.0511	79.3202
Diana	28	26.8545	89.0006
Digjani	03	26.3282	90.8818
Dilaram	28	26.9389	88.2900
Dihi Bhursut	28	22.7710	87.9800
Diwanmuda	21	19.8516	82.6092
Dikul	28	25.5027	88.4973
Dighalia Gaon	03	27.2851	95.2188
Dissang	03	27.2823	95.1354
Dighi	35	24.3058	79.7708
Dihira	03	26.7958	91.4000
Dilai Gate	03	25.9974	93.3877
Dirua	03	26.3571	91.3397
Dilibari Tiniali	03	26.5657	93.9942
Dinapur	28	22.4507	87.5359
Dingapur	28	22.8432	87.5425
Digarkhal	03	25.0255	92.4928
Dikarbal	12	34.3209	74.6926
Diwana	10	28.7855	76.6837
Dingalheri	10	28.2446	76.9554
Didhara	10	28.2091	76.9322
Dilam	10	28.1526	76.9556
Dib	11	31.5593	77.1411
Diplana	24	29.1779	74.8873
Ding	10	29.4597	75.2653
Dig	10	29.6584	76.6258
Dialpur	10	29.9396	76.8126
Dialpur	10	29.7924	76.8868
Dinaud	10	28.7943	76.0500
Dihan	11	31.4066	77.2053
Dibh	11	31.3683	77.2096
Dingli	11	31.3456	77.2236
Dingabhurj	12	34.6395	74.0795
Dihng	11	31.4267	77.3009
Didi	11	31.4972	77.3738
Dididhar	11	31.4512	77.3467
Dimi	11	31.4367	77.3391
Dinga Harthu	11	31.4147	77.3763
Ding	11	31.4635	77.4683
Dim	11	31.4313	77.4673
Dipulana	23	30.4598	74.1351
Diwan Khera	23	30.0994	74.5098
Dikhtali	11	31.0231	77.3769
Diaugi	11	31.5435	77.5319
Dimajan	11	31.5936	77.5859
Dim	11	31.5201	77.5688
Digen	11	31.4337	77.5453
Dimri	11	31.2858	77.6202
Dimni	11	31.3771	77.7362
Dim	11	31.4249	77.6666
Dini	11	31.4357	77.7466
Didi	11	31.0886	77.5049
Dim	11	31.1192	77.6500
Dimdadi	11	31.2245	77.6456
Diath	11	31.0120	77.6333
Didyan	11	30.9820	77.1030
Dilman Johri	11	30.8301	77.1349
Didu	11	30.8091	77.1693
Dingari Sarjet	11	30.7614	77.1921
Dingari Dona	11	30.7670	77.1940
Dimbar	11	30.7564	77.2109
Diarag	11	30.8844	77.1504
Dindan	10	30.6381	77.0789
Dida	11	30.5178	77.2451
Dingar	11	30.7373	77.2396
Dingri	11	30.7361	77.2414
Dia Majra	10	30.1994	77.0230
Dibbar	11	30.9861	77.3523
Dimbar	11	30.7827	77.3053
Didag	11	30.8338	77.3720
Dingari	11	30.7538	77.2670
Dida	11	30.7787	77.4230
Did	11	30.8166	77.4389
Digina	11	30.9848	77.4743
Digar	11	30.7154	77.2844
Didog	11	30.6494	77.3060
Digzar	11	30.6319	77.3144
Dikhauli	11	30.5754	77.2525
Did	11	30.6343	77.3595
Did	11	30.6406	77.4111
Dibla	11	30.6477	77.4422
Dingli Ki Dhani	24	27.9787	76.7465
Dilawarpur	24	27.6675	76.5805
Digaora	24	27.2999	76.6247
Digoli	11	30.6046	77.5385
Dimnu	11	30.5978	77.6454
Diyot	11	30.7155	77.5962
Diyandon	11	30.7158	77.7144
Dimoti	11	30.6906	77.7284
Dingarwar	11	30.6532	77.7006
Dingli	24	27.9706	76.7515
Dinar	24	27.4345	76.8438
Diwali	24	27.3104	76.8051
Disau	39	30.7078	77.7943
Dibba	39	30.6936	77.7717
Dimau	39	30.5877	77.7811
Didwana	24	26.5950	76.3195
Dilol ka Bas	24	28.1539	75.1905
Dinwa	24	28.0147	75.1536
Dilawarpur	24	28.2710	75.4123
Diyalwala	36	29.5271	78.0735
Dinarpur	39	29.8512	78.0448
Digroli	35	23.5783	78.2789
Dilhari	35	23.2017	78.3023
Diyakhera	35	23.0634	78.3661
Didwara	24	26.3200	76.4336
Dighawan	35	23.0656	78.6732
Dilahari	35	23.2448	78.8010
Digsara Khurd	35	23.1056	78.9944
Dibarki	10	29.6820	77.0897
Dilawara	10	29.6255	77.1008
Dibarki	10	29.6617	77.1104
Dibsya	24	26.5165	76.7640
Dippura	24	25.0137	76.0380
Didaheri	36	29.5186	77.6807
Diwalheri	36	29.7324	77.7116
Digwar	35	22.9193	78.0292
Dibudhana	35	22.3968	78.5667
Dip	35	22.0140	78.5944
Diwadhana	35	22.1283	78.6633
Digdahar	35	22.5831	78.8388
Diwatiya	35	21.8730	78.2134
Dilwadi	16	21.2455	78.0925
Diyamau	35	21.9772	78.2712
Dindargaon	16	21.4064	78.4846
Diwarighondidhana	35	21.9427	78.5439
Dighori	35	21.8361	78.5397
Digdoh	16	21.0856	78.7530
Dilavarpur	16	20.8240	78.0370
Dipori	16	20.8006	78.0469
Dighikhanapur	16	20.5917	78.1007
Dilawra	36	29.0127	77.6147
Dibri	24	25.3974	76.3341
Dindora	24	25.4470	76.4981
Diwania	24	25.4858	76.2742
Dinanagar Kalaran	23	29.9715	74.2838
Dingarh	24	29.8830	74.4487
Digauri	24	24.4197	73.2261
Didarewala	23	30.5949	75.2092
Dina	23	30.5206	75.2377
Dilhi	24	24.2036	73.6745
Digoda	24	25.1839	76.8509
Dialpura Mirza	23	30.4017	75.1325
Dilwari	24	26.3317	74.7522
Dingsi	24	24.6682	76.0328
Diwaha	23	30.5729	75.4218
Dipgarh	23	30.4962	75.3771
Didargarh	23	30.4082	75.7224
Dialgarh	23	30.1356	75.5596
Dipalpur	10	28.9881	77.1176
Dig	10	28.2604	77.3470
Didauli	36	28.8164	77.5159
Dimoli	36	28.9077	77.6006
Dilna	36	28.8681	77.6710
Dinanathpur Puthi	36	28.6576	77.5551
Dingri	24	24.2180	73.8616
Digaria	24	26.0821	74.9513
Dialpura	23	30.4525	75.9938
Dittupur	23	30.3332	75.9924
Dialpura	23	30.0158	75.8635
Diwana	10	29.6952	75.7426
Digo	10	29.6199	75.6729
Didauli	10	28.2997	76.4420
Dikadla	10	29.2315	77.0708
Dipnagar	39	30.2873	78.0515
Ditanpur	36	29.3051	78.5214
Dilhiwala	36	29.3224	78.6426
Dilari	36	28.9769	79.1503
Dilpura	36	28.9000	79.0820
Dilari	36	28.7721	79.1462
Digra	40	19.2238	79.8767
Dinakheri	24	24.4064	76.2715
Digriyakheri	24	24.4970	76.3235
Diwali	24	24.9014	76.5519
Dilod Hathi	24	24.7712	76.6479
Digod	24	24.4438	76.6668
Dilod	24	24.8193	76.7763
Digdoli	35	24.8300	76.8558
Disakheri	35	24.4474	76.8502
Dipar	24	26.2462	75.2339
Dialpura	24	26.1387	75.3005
Diyanatpur	36	28.1776	77.5722
Diyanatpurkhera	36	28.1779	77.5813
Dipnagar	36	28.0166	77.6567
Dilpa	28	27.0721	88.0837
Diyanagar	36	28.7479	77.8950
Diyanatpur	36	28.7048	77.9260
Dintam	29	27.2489	88.4197
Dikling	29	27.2330	88.5807
Digras	16	19.7008	76.8379
Dirman	35	26.2732	78.4686
Dikhtan ka Pura	35	26.4347	78.3799
Diwala	23	30.7911	76.1692
Digras	16	19.4962	76.4629
Digraswadi	16	19.4751	76.4646
Diwangarh	23	30.3034	76.1923
Digrasjavla	16	19.4045	76.4743
Digras	16	19.1006	76.3537
Digras	16	19.3976	76.7129
Dialgarh	23	30.1364	76.0321
Diksal	16	18.5624	76.0306
Diwali	23	30.9881	76.3597
Dittupur	23	30.4811	76.3065
Diagarh	23	30.4837	76.3297
Dilwal	23	30.3434	76.4549
Ditupur Faqiran	23	30.4446	76.4695
Dilawarpur	23	30.2689	76.2902
Digsari	36	27.8722	77.8610
Digsi	36	27.8628	77.9834
Didawali	24	27.5038	77.3084
Diwana	10	30.0615	76.4664
Digul Khurd	16	18.9602	76.4780
Digul Buzurg	16	18.9778	76.4894
Dindhsan	23	30.4243	76.5367
Dipe Wadgaon	16	18.6826	76.2598
Dighol Deshpande	16	18.5626	76.4355
Dighol Deshmukh	16	18.5536	76.4425
Dindogaon	16	18.5102	76.4231
Digolwadi	16	18.4011	76.9260
Digol	16	18.3949	76.9211
Digras	16	18.3991	76.9349
Dindegaon	16	17.8363	76.1201
Dipmal	16	17.9419	76.1145
Dipmal	16	17.8971	76.1601
Diwana Khurd	36	27.5384	77.7442
Diwana Kalan	36	27.5318	77.7443
Dipmal	16	17.5910	76.0293
Dindur	16	17.6191	76.0903
Dinol	36	28.3104	77.8252
Dipmal	16	17.5657	76.3222
Diggi Tanda	16	17.7165	76.6907
Diggi	16	17.7178	76.6733
Diksangi	19	17.2912	76.5468
Dilawarpur	36	28.1744	77.8424
Dithwar	36	27.0088	77.7168
Dipsipara	37	22.3552	82.3960
Diluatendu	37	22.2337	82.8100
Dighora	37	21.9906	82.0224
Digwari	37	20.4528	81.1938
Diwanpara	37	20.2513	81.5056
Dihpara	37	20.0290	81.5690
Diggi	19	16.7085	76.8030
Dilapahri	37	21.1416	81.0039
Dialpur	37	21.8749	81.7252
Digrds	16	19.0930	77.0058
Digraswadi	16	18.7534	77.2356
Digras	16	18.8673	77.7335
Digner	36	27.0752	78.0901
Dighi	16	20.8441	78.2894
Dighi	16	20.8388	78.2850
Dighi Honade	16	20.8585	78.3029
Digdoh	16	20.6584	78.4533
Dighraj	16	20.7864	78.5337
Dighi	16	20.6288	78.5165
Digdoh	16	20.2228	78.7144
Dighraj	16	20.7931	78.9060
Dindoda	16	20.6944	78.7525
Dindora	16	20.2925	78.8110
Dipa	36	27.6056	77.8160
Dildarnagar	36	27.6524	78.6336
Dinari	35	23.6171	79.4751
Dighori	35	23.1687	79.7069
Didhaura	35	23.2872	79.7795
Diha	35	23.2203	79.8697
Dighora	35	23.1715	79.7776
Diakhera	35	23.0620	79.8051
Dinauli Gorwa	36	27.2022	78.5903
Diwaichi	36	27.1338	78.6106
Dikhtauli	36	27.1270	78.5711
Dilaur	36	27.9412	78.8903
Dippur	36	27.8536	78.8493
Dilawarnagar	36	27.7897	78.8882
Distoli Brahampur	36	27.7997	78.9830
Dinni	19	16.1064	77.2612
Didarpur	36	27.9137	78.2099
Dihauli	36	27.7819	78.1656
Dibrauli	36	27.1548	78.9179
Dilhari	35	22.7918	79.0589
Diwannagar	36	27.7107	78.9821
Dilauri	36	27.6200	78.9497
Dip Ka Nagla	36	27.5385	78.8278
Dina ka Pura	35	26.7290	78.4066
Digrauta	36	27.0101	77.8903
Diwaratola	35	22.2487	79.8136
Divathi	35	22.2447	79.6950
Dilawarpur	40	19.0908	78.2275
Dignur	40	19.4599	78.4335
Dipaiguda	40	19.7641	78.6523
Digras	16	19.7968	78.6791
Dimadurti	40	19.0809	78.5717
Dildarnagar	40	19.0361	78.7385
Dilawarpur	40	19.0535	78.6696
Digauri	24	26.6202	77.4189
Dilawar Mohgaon	35	21.8841	79.1152
Digalwari	16	21.3507	79.1390
Dighori Khurd	16	21.1124	79.1368
Dipala	16	21.0421	79.2473
Dianatnagar Mota	36	27.3006	79.2822
Diwara	16	21.3531	79.3734
Dinpur	24	26.7896	77.6425
Dinpur	24	26.7954	77.6484
Dinkata	24	26.7651	77.5781
Diakhera	36	27.9281	79.7232
Didokhari	35	26.4520	77.6711
Dipera	35	26.3444	77.6973
Dindayal ka Pura	24	26.8033	77.9333
Diraun	36	27.2849	79.7365
Dibri	36	27.7103	79.8813
Dingarpur	36	27.7335	79.9809
Dilawarpur	36	27.6296	79.9466
Dilu ka Nagla	36	27.1540	79.5199
Dipakpur	36	27.1492	79.5191
Dibiapur	36	27.0687	79.5804
Dindarpur	36	27.0558	79.5468
Dinarpur	36	27.2477	79.6311
Dilla Bhur	36	27.1791	79.7358
Dilawarpur	36	27.0490	79.7100
Dingarpur	36	27.8348	79.7513
Dilawarpur	36	27.8129	79.7656
Dilawarpur	36	27.9786	79.9068
Dilawarpur	36	27.8291	79.9352
Dilawarpur	36	27.7845	79.9373
Dibba Purwa	36	27.2882	79.7550
Disa Purwa	36	27.2600	79.8525
Dighasar	36	27.2937	79.8823
Digdoli	35	24.9657	77.0892
Ditaiwara	35	24.3067	77.1261
Din Nagaria	36	27.4602	78.8956
Dibuiya	36	27.3837	78.9387
Diyadhari	35	24.6386	77.6657
Dignakhera	35	24.2152	77.8002
Dipkunta	40	17.0642	79.1987
Divitipalli	40	17.7457	79.4956
Dippur	36	27.7368	78.2336
Dinaoli	36	27.7145	78.0487
Dianatpur	36	27.6274	78.0590
Dippur	36	27.8101	78.3524
Dinauli	36	27.7707	78.2560
Dilshahpur	36	27.5416	78.4300
Dinauli	36	27.2281	78.3221
Dichkonda	40	17.8497	79.8135
Dippur	36	26.7125	79.6525
Dina Purwa	36	26.7142	79.5305
Dilwal	36	26.4981	79.7063
Diwanpur	36	26.3283	79.7207
Dibair	36	26.2113	79.7155
Dibba Purwa	36	26.7825	79.7774
Dilaulia	36	26.4987	79.7999
Dirwapur	36	26.4300	79.7926
Digh	36	26.2816	79.8945
Dilaulia Bangar	36	26.1352	79.7663
Dihuwan ka Dera	36	26.0213	79.9384
Dilawarnagar	36	25.0841	80.3572
Dina Khera	36	25.0592	80.3667
Diwan Khera	35	25.0096	80.4720
Diblapur	36	25.1421	80.4790
Dinnagar	36	25.2117	80.4106
Didali	35	22.6418	76.8520
Didar ka Purwa	36	25.5684	81.2317
Dipgaon Kalan	35	22.1116	76.9784
Dighwat	36	25.6941	82.0665
Dihai ka Pura	36	25.6470	82.1594
Dinau	35	25.0512	79.0662
Didwara	35	25.2451	79.9637
Digaria	36	25.1252	79.8204
Digauni	35	25.0547	79.9614
Dirauli	24	26.9347	78.1808
Dirwar	24	26.9263	78.1923
Dihauli	24	26.7755	78.0271
Dighi	24	26.8819	78.1499
Dimni	35	26.6146	78.1405
Digris	35	21.7733	76.3075
Diplan	35	21.7549	76.4222
Ditakheri	35	23.6763	77.7938
Dibgaon	35	22.6066	77.0238
Dihuli	35	24.5404	82.1055
Dilanlyan	35	24.9598	79.6931
Diha	36	25.6796	83.0305
Diha Kot	36	25.6765	83.0385
Dingurpur	36	25.6498	83.0448
Dinaura	36	25.5668	83.1531
Digha	36	25.5830	83.1533
Dingrupur	36	25.4510	83.0285
Dinapur	36	25.3527	83.0539
Dindayalpur	36	25.3445	83.0171
Dihwa	36	25.2638	83.0906
Diwaitpur	36	25.3894	83.2213
Dihwapur	36	25.3761	83.2115
Digghi	36	25.2726	83.2196
Dilari	35	24.5184	79.5579
Dinpura	36	26.8985	78.5480
Dinpura	36	26.7886	78.7211
Didona ka Pura	35	26.6119	78.5822
Didona ka Pura	35	26.6191	78.5879
Didona ka Pura	35	26.6119	78.5892
Didona	35	26.6091	78.6017
Dikhtan ka Pura	35	26.6277	78.6317
Dighi	35	26.5141	78.6762
Diguwan	35	26.0080	78.7092
Dichhitpur	36	25.0295	83.0059
Dilhi	36	25.1524	83.1314
Dihuli	36	25.2071	83.1709
Dighwat	36	25.1908	83.1900
Direhun	36	25.0443	83.2113
Dimawar	35	22.5787	77.3528
Dimawar	35	22.5889	77.3439
Digwar	35	22.6659	77.3550
Digwar	35	22.9769	77.6102
Dihaila	35	25.6513	78.1594
Dihwa	36	25.7108	83.2977
Dihia	36	25.5814	83.3755
Dihwa	36	25.6495	83.3672
Dilia	36	25.6008	83.4961
Dighi	16	20.8638	76.3342
Dindaspur	36	25.3820	83.2749
Diwakarpur	36	25.3267	83.3210
Dighawat	36	25.3042	83.3286
Dinapur	36	25.4546	83.4929
Dibaria	36	25.4278	83.4378
Dighi	36	25.3402	83.4371
Dipgaon	35	22.1587	77.0901
Dibiyapurwa	35	24.8823	79.9463
Dighi	34	25.0684	83.3671
Diwane	34	25.0552	83.4146
Diha	34	25.0216	83.4237
Dih Bhujaina	34	25.0071	83.4132
Dilia	36	25.2380	83.3497
Diswar	35	25.7353	78.6874
Dih Tilakthakur	36	25.9346	83.7340
Dihuli	36	25.8981	83.6178
Diwanpatti	36	25.7924	83.5413
Digara	36	25.4675	78.6531
Dildarnagar	36	25.4319	83.6662
Digri Ilaichipur	36	25.3721	83.5439
Dilachaur	36	25.3662	83.5836
Dia	34	25.2747	83.6712
Didamda	35	21.7450	77.0674
Divancharsi	35	21.7525	77.8624
Dirkhili	34	25.1898	83.5583
Dihra	34	25.1024	83.6319
Dilshadpur	36	25.7424	83.7938
Diwas Dihra	34	25.1893	83.7931
Dighata	34	25.2374	83.8615
Dibhia	34	25.1516	83.9189
Dihra	34	25.0582	83.8182
Dighi	16	20.4139	77.5794
Dipmal	16	21.1983	77.1079
Divankhed	16	20.9544	77.8940
Dighi	16	20.7507	77.8828
Dilalpur	16	21.2678	77.7361
Dighi Jahanpur	16	21.0489	77.5356
Digargaon	16	21.0471	77.9178
Dinoda	16	20.9867	77.0684
Digdha	35	21.6019	79.7048
Dighia	36	24.5523	83.1501
Dighar	34	24.7609	83.4818
Dibi	36	24.7133	83.3589
Diba	36	24.7157	83.3577
Dinari	36	24.5776	83.2938
Dighul	36	24.1800	83.2555
Dirisanampalli	40	17.3567	79.7527
Dihan	34	24.9967	83.5632
Diyari	34	24.9107	83.7397
Digwar Khurd	35	25.1926	78.6107
Digwar Kalan	35	25.1866	78.5958
Dirgawan Khirk	35	25.1014	78.6150
Dirgawan	35	25.1106	78.6239
Diviapura	36	25.9110	78.9413
Dighori Nanhori	16	20.9800	79.8885
Dinera	36	25.6326	78.9865
Dineri	36	25.6296	78.9829
Dindora Khurd	16	20.2697	79.0815
Diwali Purwa	35	25.1107	80.2329
Digwat	36	25.7371	80.4810
Dingwahi	36	25.4093	80.4077
Dilawarpur	36	25.9536	80.5848
Digh	36	25.9700	80.6299
Dinwapur	36	25.9100	80.5322
Diwanipur	36	25.9347	80.7167
Digori	16	20.2933	77.9692
Ditholi	35	23.8775	78.0117
Dighora	35	23.8114	78.0626
Dihariya	38	24.2484	83.9006
Digri Mangabodi	16	19.5974	78.2345
Dighora	35	23.6125	78.0553
Diyakheri	35	23.5650	78.0611
Digres	16	19.4442	78.1782
Dilai	40	17.7221	78.4471
Diwanguda	40	17.3258	78.3162
Dilwar	35	23.4666	78.2234
Diyabari	35	23.1940	78.0343
Dimaria	35	23.0455	78.1248
Didaun	35	24.8468	78.1019
Dillipura	24	24.9393	76.3304
Digod	24	24.9113	76.3414
Diloda	24	24.9634	76.4780
Dilavarpet	40	17.5961	79.0437
Dibiva ka Purwa	36	25.3660	80.6224
Dikhitwara	36	25.3020	80.5697
Dingliakheri	35	23.9549	76.4900
Diksangi	19	17.2705	76.2969
Digwar	36	24.3678	78.6054
Didonia	36	24.2838	78.7019
Dimrai	35	24.2349	78.5544
Didoli	35	24.4902	78.9115
Diwalpur	36	27.1432	79.2042
Dilakhar	36	27.1828	79.1695
Diwan Khora	35	24.9818	80.1737
Dihi	35	24.7725	81.3446
Dihiya	35	24.7542	81.3598
Dihiya	35	24.7106	81.3265
Dihiya	35	24.6454	81.3650
Dihiya	35	24.6216	81.3496
Dihiya	35	24.6861	81.4490
Dihiya	35	24.7792	81.5785
Dihiya	35	24.7727	81.5668
Dihi	35	24.7923	81.6588
Dilha	35	24.7670	81.6822
Dihiya	35	24.7471	81.7255
Dihiya	35	24.7031	81.7020
Dighaul	35	24.6300	81.7465
Dighwar	35	24.6058	81.6971
Dighwar	35	24.6097	81.6915
Diha	35	24.6542	81.5467
Dihuli	35	24.5621	81.6643
Dihar	35	24.5360	81.7067
Dihi	35	24.6533	81.6970
Dih	35	24.9538	81.8204
Dihiya	35	24.9820	81.8793
Dihi Khurd	36	24.9831	81.9511
Dihiya	35	24.7956	81.7943
Dihi	35	24.9814	81.8722
Dihi	35	24.7254	81.9452
Dihuli	35	24.5015	81.8387
Dinapur	35	24.4751	81.0720
Dithaura	35	24.4149	81.1964
Dighia Kalan	35	24.1590	81.1259
Dighia Khurd	35	24.1628	81.1334
Dihia	35	24.4428	81.3259
Dihia	35	24.4493	81.3040
Dihia	35	24.4557	81.3091
Dihi	35	24.4583	81.4106
Dithaura	35	24.3473	81.5501
Diadol	35	24.1153	81.6617
Dim	35	24.0907	81.5660
Diadol	35	24.2003	81.9205
Dipamandai	35	22.0198	78.3729
Dihuli	36	25.8699	80.9629
Dilpapur	36	25.4317	80.8543
Dighaura	36	25.4242	80.8852
Dippur Nagaria	36	27.5629	79.2776
Diuri	35	24.5580	80.3103
Diuri	35	24.2127	80.3044
Dia	35	24.8642	80.5720
Diwanmau	36	25.9287	82.0582
Diwanganj	36	25.9172	82.1054
Dishni	36	25.8468	82.2271
Dihura	36	25.9558	82.3706
Diyawan	36	25.9906	82.3300
Dih Garwar	36	25.8022	82.2686
Dipakpur	36	25.7728	82.2745
Dih Darari	36	25.9647	82.4707
Dihiya	36	25.9835	82.5301
Didkhara	36	25.9308	82.6354
Diha	36	25.6118	82.5536
Dih Jahanian	36	25.7411	82.5974
Dinarpur	36	25.6161	82.5942
Dilawarpur	36	25.6036	82.6078
Dinapur	36	25.5470	82.5694
Dihwa	36	25.5435	82.5812
Dilawarpur	36	25.5557	82.6085
Dipapur	36	25.5409	82.7077
Dilaora	35	24.5400	80.8475
Dighori	35	22.2086	79.4766
Dilawarpur	36	25.6850	81.3241
Diha Salempur	36	25.5464	81.3657
Dingri Jamalpur	36	25.7108	81.4488
Diakhera	35	22.7449	79.6653
Diwara	35	22.7979	79.9000
Diwari	35	22.8064	79.9050
Dih Khas	36	25.3516	82.3057
Dihi	36	25.4080	82.4813
Dirghpura	36	25.4714	82.4782
Dihpur	36	25.4724	82.5290
Dih Koiran	36	25.3720	82.6270
Dighwat	36	25.2881	82.6272
Dikshitpur	36	25.2823	82.6369
Dilawalpur	36	25.3300	82.7448
Dih	36	25.4158	82.6563
Dih	36	25.3876	82.6937
Dih	36	25.1956	82.5283
Dingurpatti	36	25.2180	82.5810
Dingurpatti	36	25.1655	82.5741
Dihwa	36	25.1255	82.5942
Dilman Deoria	36	25.1955	82.6578
Dih	36	25.4753	82.8724
Dinapur	36	25.4223	82.7898
Dinapur	36	25.4123	82.7788
Dighia	36	25.4037	82.8437
Dindaspur	36	25.3163	82.8386
Dihwa	36	25.3175	82.9629
Dihwa	36	25.2890	82.9814
Dihwa	36	25.4351	82.9865
Diaon	36	25.2365	82.7689
Dighota	36	25.4289	82.1878
Dighri	36	25.3785	82.2350
Dipapur	36	25.2434	82.8479
Dilhnan	36	25.2490	82.9112
Dighaura	35	24.4122	80.2672
Dia	35	24.2604	80.4551
Diwara	35	22.5174	79.8250
Diwara	35	22.5058	79.8208
Dihia	36	24.9717	82.0241
Diwanpura	36	24.9887	82.3084
Diguli	36	24.9244	82.2856
Dighia	36	24.8183	82.3508
Dilahi	36	24.8202	82.9650
Diwan	36	24.7246	82.8087
Diwan	36	24.7316	82.8230
Digahwar	35	24.5597	82.7728
Dihar	36	24.6933	82.8638
Diyagarai	35	24.0820	82.2434
Dilari	35	24.3837	82.3614
Digghi	35	24.1106	82.5209
Diyapahar	36	24.1166	82.6823
Dinapur	36	25.7252	82.2614
Dig	36	25.2379	82.2448
Dilauhan	36	25.2044	82.0814
Dighia	36	25.1771	82.1937
Dingurpur	36	25.1725	82.2395
Diawan	36	25.6170	82.4518
Dihawa	36	25.5887	82.4629
Dinapur	36	25.5087	82.4757
Dirgaj Khera	36	26.5438	80.8010
Dina Khera	36	26.5267	80.9231
Dibaria	36	26.5980	80.9494
Dirgpalganj	36	26.5041	80.9877
Dialpur	36	26.5810	80.9929
Dina Khera	36	26.4424	80.8060
Dina Singh Khera	36	26.3549	80.8132
Digghi	36	26.2846	80.7655
Diwan Khera	36	26.2525	80.8539
Dirgpalganj	36	26.3572	80.8604
Diwan Khera	36	26.4885	80.8489
Diwan Bakhsh Khera	36	26.4956	80.9093
Dial Shankar Khera	36	26.4136	80.9842
Dirgaj Khera	36	26.3560	80.9712
Dihwa	36	25.6442	82.9963
Dih	36	25.6234	82.8046
Digia	36	25.5700	82.9325
Dingurpur	36	25.5755	82.7949
Dindaspur	36	25.5147	82.9098
Dighia	36	26.1039	80.8903
Dialpur	36	26.1681	80.9506
Diyalpur	36	29.5182	78.3629
Disaundiwala Des	36	29.5160	78.4672
Dilpura	36	29.4059	78.4361
Dilli Murshadpur	36	29.2648	78.3712
Dibhur	36	24.6940	82.2626
Dihwa Khurd	36	27.9024	81.0222
Dilawalpur	36	27.8497	81.1098
Diwan Purwa	36	27.7473	81.0621
Din Diyal Purwa	36	27.4894	81.0972
Dilli Agra	36	27.3100	80.9999
Diyal Singhpur	36	27.4982	81.1849
Diwan Purwa	36	27.5445	81.5981
Dighul	36	24.0237	82.8709
Dihwa	36	27.7463	81.6385
Dikauli	36	27.7053	81.6623
Dihwa Purwa	36	27.6927	81.6654
Diha	36	27.5671	81.6486
Dingri Purwa	36	27.5144	81.5994
Dihwa	36	27.6801	81.6791
Dikauli	36	27.6571	81.7263
Dihwa	36	27.2519	81.5428
Dinkarpur	36	25.8007	83.8208
Digarcha	36	25.8438	83.8616
Diha	36	27.3981	81.6952
Dih	36	27.2824	81.7369
Diha	36	27.2866	81.6649
Dihwa	36	27.4408	81.5584
Dikra	36	27.6081	81.8190
Dina Purwa	36	27.6443	81.9256
Digar	36	27.5934	81.9052
Dinanath	36	27.1217	81.8299
Dirja Miar Purwa	36	27.0287	81.7739
Dihua	36	27.1354	81.9278
Dihi	34	24.8856	83.8592
Dighat	34	24.9333	83.8345
Dianatnagar	36	26.8063	81.2118
Diwanpur	36	26.7966	81.2212
Dih	36	26.8544	81.1645
Dighari	36	26.5903	81.0479
Dina Khera	36	26.5049	81.0604
Dihwa	36	26.8698	81.2642
Diha Rahlmpur	36	26.7786	81.3684
Din Panah	36	26.7811	81.3977
Diha	36	26.9086	81.4852
Dirikua Purwa	36	26.8693	81.4931
Diha	36	26.7911	81.4835
Diwan Purwa	36	26.8742	81.4805
Dighori	16	21.1236	79.7259
Dihwa	36	26.6105	81.3332
Diwan Khera	36	26.6066	81.3468
Diwangnaj	36	26.5754	81.2799
Dihgaon	36	26.5578	81.2857
Dih	36	26.5650	81.3901
Dighawan	36	26.7455	81.3598
Digsari	36	26.7412	81.4518
Dighia	36	26.5377	81.4637
Dih	36	26.7197	81.3836
Dind	39	29.7182	78.9108
Dior	39	29.6476	78.9210
Digarahat	35	24.8892	80.8729
Dinpura	35	24.4802	80.8568
Dikhtan Khera	36	26.3535	81.0724
Dighaura Somau	36	26.3542	81.0993
Dikhtan Khera	36	26.3452	81.1385
Dina Dhera	36	26.4700	81.1813
Didauli	36	26.2662	81.2271
Dingaria Khera	36	26.4355	81.0048
Dina Purwa	36	26.4936	81.3405
Dih	36	26.4509	81.3396
Diparmau	36	26.4148	81.3447
Diwapur	36	26.3771	81.4129
Dihwa	36	26.4593	81.4762
Diktan Purwa	36	26.3783	81.4563
Dina Purwa	36	26.2853	81.3709
Dilra	36	29.0396	78.7603
Dinupur	36	26.2839	81.7538
Dingri	36	26.2788	81.7689
Dinband	36	26.2758	81.7806
Dih	36	26.4886	81.8532
Dingar Tarnait	36	26.4443	81.9143
Diwan Tara	36	26.2543	81.9193
Dingri	36	26.4355	81.8244
Dingra	36	28.9967	78.2992
Dihwa	36	25.8841	81.0582
Diwwapur	36	25.8664	81.0627
Digwa	36	25.8698	81.1086
Diwara	36	25.8186	81.2352
Dina Purwa	36	25.2587	81.0645
Disora	36	28.9796	78.2765
Dipmal	19	16.6887	76.0399
Dindwar	19	16.6604	76.0520
Dighara	36	27.0823	80.7991
Dingaurpur	36	27.0161	80.9451
Digoi	36	27.0207	80.9196
Dilwansi	36	27.1467	80.9292
Dippur	36	26.3580	80.3969
Dipapur	36	26.2612	80.4575
Dilli	16	19.9031	77.2459
Dikauli Kalan	36	27.1855	81.6127
Dihwa Khurd	36	27.1582	81.6064
Dinkaria	36	27.0806	81.6046
Diljit Singh Purwa	36	27.1942	81.7202
Dippur	36	28.7429	78.2693
Dinari	36	27.1103	81.7264
Dih Dayal Pande	36	27.0701	81.7318
Diant Rae	36	27.0145	81.7083
Dirwa Harbaspur	36	27.4976	81.8024
Diwan Purwa	36	27.3156	81.8289
Dingur	36	27.3764	81.9443
Dikchitpurwa	36	27.3256	81.8037
Dippur	36	28.3915	78.3179
Dindala	16	19.6621	77.7328
Dighati	16	19.4363	77.7442
Digadi	16	19.7611	77.8644
Dippur	36	28.8303	78.5886
Diyodi	36	28.8582	78.6061
Dilil ki Mandaiyan	36	28.9417	78.6332
Dianathpur	36	28.9151	78.6788
Didaura	36	28.8507	78.7152
Didauri	36	28.8461	78.7095
Dilawarpur	36	28.0799	79.9347
Dig	36	28.1054	79.8394
Dimrai	36	28.1884	79.9936
Dilawarpur Muttasil Ladhaula	36	28.0654	79.9478
Dingarpur	36	28.7240	78.7129
Dilauli	36	25.9552	81.3235
Dihwa	36	25.9032	81.3649
Dihwa	36	25.7928	81.4492
Dilghora	36	28.4420	78.5608
Dinaura	36	28.2677	78.5539
Dipemau	36	26.1589	81.0073
Dihwapur	36	26.1313	81.0508
Dilha	36	26.0848	81.0756
Dinganj	36	26.0652	81.0844
Dikhtan Purwa	36	26.0165	81.1704
Dikhtan Purwa	36	26.0302	81.1435
Didani	36	26.1795	81.1720
Didaur	36	26.2437	81.1746
Dih	36	26.6752	81.5794
Dilawalpur	36	26.7209	81.5769
Dilwalgarh	36	26.5088	81.5063
Diwait	36	26.6677	81.5819
Disaupur	36	26.5629	81.6432
Dilsukh Purwa	36	26.9259	81.7770
Digsir	36	26.9036	81.8868
Dina Singh	36	26.7533	81.9283
Din Purwa	36	26.9581	81.9838
Dipa Nagla	36	28.1900	78.5297
Dinapur	36	26.2281	81.8353
Dihwa	36	26.1092	81.8152
Dilaharpur	36	26.0792	81.9355
Dihwa	36	26.0841	81.8977
Dingarpur	36	26.1043	81.9643
Dihwa	36	26.1236	81.9927
Dinaipur	36	26.1309	81.9975
Dilraipur	36	26.1803	81.8545
Dibia Nagla	36	28.6194	78.9778
Dingura Jot	36	27.5336	82.0266
Dinapur	36	28.0922	78.8030
Dinnagar	36	28.1304	78.9515
Didadi	12	33.3003	74.6426
Dih Baldi	36	27.4841	82.1113
Dih Sobhaga	36	27.4407	82.1673
Dihwa	36	27.3596	82.0877
Dih Upadhia	36	27.4822	82.2473
Dih Gehlapur	36	27.4139	82.1814
Dih Majhwa	36	27.4034	82.2183
Dingurapur	36	27.3608	82.2050
Dih Chhatarpal	36	27.3457	82.1663
Dih Bijai Singh	36	27.3432	82.1687
Diwana	36	25.4283	81.3482
Dihwa	36	27.1271	82.0955
Dihwa	36	27.1286	82.1290
Dia Uparhar	36	25.2771	81.4639
Dilaiya	36	25.3260	81.4296
Dih Hasan Ali	36	27.1184	82.1619
Dihwa	36	25.4933	81.3876
Dihwa	36	27.0137	82.1301
Dihwa	36	27.2084	82.2219
Diwan Takia	36	27.0396	82.1827
Dibiapur	36	27.0248	82.2333
Dibhia	36	27.0436	82.2483
Diboli	39	29.8940	79.0512
Dindan	39	29.7552	79.0130
Digoli	39	29.8404	79.0882
Divataunk	39	29.9953	79.2376
Dilharpur	36	27.3486	82.3030
Dihwa	36	27.2506	82.3166
Dihwa	36	27.4146	82.3358
Dihwa	36	27.4080	82.3458
Dilman Jot	36	27.3958	82.3798
Dihwa	36	27.3334	82.3626
Dihwa	36	27.2537	82.3403
Dilawalpur	36	27.2775	82.3961
Dih Ori Singh	36	27.4704	82.4613
Dih Sura Singh	36	27.4548	82.4342
Dihwa	36	27.4497	82.4247
Dih Rup Singh	36	27.4606	82.4706
Dihwa	36	27.4908	82.4979
Dihwa	36	27.3840	82.4449
Dinkarpur	36	27.0513	82.2734
Dihwa	36	27.2447	82.3920
Dihwa	36	27.2297	82.4968
Dihwa	36	27.4223	82.5773
Dih Tilokpur	36	27.4096	82.5562
Dih Tilokpur	36	27.3991	82.5586
Dih Tilokpur	36	27.4086	82.5674
Dih	36	27.2755	82.6060
Dih	36	27.3971	82.6854
Dihua Khurd	36	27.2994	82.7217
Dihupur	36	27.2520	82.7397
Dilawar Chak	36	27.0645	82.7081
Didai	36	27.1271	82.7622
Dihwapura	36	27.0641	82.7549
Dihwa	36	27.0656	82.7767
Dihwa	36	27.1208	82.7752
Dihwa	36	27.0924	82.7908
Dihwa	36	27.1935	82.7705
Dihwa	36	27.2460	82.8030
Dih	36	27.0652	82.8124
Dihwa	36	27.0434	82.8353
Dihwa	36	27.0838	82.8291
Dirai	36	27.0732	82.8351
Dinianbar	36	27.0573	82.9353
Dih	36	27.0279	82.9695
Dina Pande Purwa	36	26.8886	82.0970
Digia	36	26.9913	82.2348
Dilpur	12	33.9224	74.7861
Diyor	12	33.7904	74.8352
Dih Bharti	36	26.5350	81.9995
Dihwa	36	26.6356	82.1474
Dipapur	36	26.7310	82.1108
Dihwari	36	26.5394	82.2083
Dihwa	36	26.5429	82.2231
Dihwa	36	26.5002	82.0465
Dihwa	36	26.5865	82.2497
Dihwa Danri	36	26.4421	82.0945
Dinuan	36	26.2858	82.1450
Dih	36	26.3401	82.1977
Dihsarwa	36	26.3748	82.1281
Digom	12	33.7232	74.8188
Dianakhur	12	33.5915	74.9393
Dihwa	36	26.2449	82.0292
Dikhauli	36	26.2287	82.0370
Dihwa	36	26.1398	82.0499
Dingri Purwa	36	26.1985	82.0940
Dilawalpur	36	26.0880	82.0916
Dihwa	36	26.0653	82.1256
Diheora	36	26.1370	82.2123
Dihia	35	25.0110	81.4743
Difhupur	36	26.9406	82.3387
Didhai Purwa	36	26.8754	82.2531
Dighia	36	26.7833	82.3758
Dinnagar	36	26.9837	82.3885
Dilthaman	36	26.9967	82.4557
Dina Jot	36	26.9705	82.4648
Dihwa	36	26.6936	82.2933
Dinanpur	36	26.6315	82.3186
Dihwa	36	26.5297	82.2885
Dilasiganj	36	26.6516	82.3862
Dihwa	36	26.6057	82.4025
Dihwa	36	26.5838	82.3975
Dihwa	36	26.5213	82.3714
Dihwa	36	26.5417	82.3381
Dilawarpur	36	26.4937	82.3067
Dihwa	36	26.4150	82.3153
Dih	36	26.3632	82.2677
Dih	36	26.2530	82.2583
Dingurpur	36	26.2559	82.3150
Dihwa	36	26.3190	82.3224
Dihwa	36	26.4302	82.3982
Dingurpur	36	26.3792	82.3571
Dih Bhikhari	36	26.3429	82.3342
Dihwa	36	26.3459	82.4073
Dihwa	36	26.4963	82.4488
Dingurpur	36	26.2835	82.4357
Dih	36	26.4480	82.3761
Dilawalpur	36	26.4800	82.3958
Dialapur	36	25.9501	83.2000
Diha	36	25.9121	83.1754
Dilmanpur	36	25.9021	83.1770
Dihiwa	36	25.8969	83.1955
Dilauri	36	25.9922	83.0580
Dipapur	36	26.0127	82.2880
Diasant Purwa	36	26.1814	82.3360
Dihwa	36	26.1060	82.3577
Dihwa	36	26.0054	82.3856
Dinwan Jogipura	36	26.0973	82.4631
Dihwa	36	26.0761	82.4307
Dingarha	36	26.9467	82.5556
Dinpur	36	26.8346	82.7390
Dihwa	36	26.8069	82.7399
Dihwa	36	26.5682	82.5726
Dih Kuram	36	26.5468	82.5315
Dihwa	36	26.5347	82.5088
Dihwa	36	26.5016	82.6059
Dih Sultan	36	26.5132	82.6078
Dihwa	36	26.5758	82.6249
Dingrapur	36	26.6377	82.6217
Dihwa Ganga Parshad	36	26.6962	82.7424
Dihwa	36	26.3539	82.5313
Dihwa	36	26.3084	82.5173
Dihwa	36	26.3021	82.5973
Dighi	36	26.2969	82.6002
Dihwa	36	26.4281	82.6336
Dihwa	36	26.2800	82.7154
Dihwa	36	26.2200	82.5845
Dihwa	36	26.1968	82.5601
Dinkha	36	26.1976	82.5347
Dihulakhor	36	26.1763	82.5173
Dihula	36	26.1621	82.5694
Dihwa	36	26.1370	82.5761
Dihwa	36	26.0295	82.5039
Dihwa	36	26.0056	82.5057
Dipaipur	36	26.0562	82.6226
Dihwa	36	26.0580	82.6889
Dihwa	36	26.1633	82.6045
Dih	36	26.2099	82.6112
Dih	36	26.2303	82.6917
Dih Kaithauli	36	26.0158	82.7404
Dithauli	36	26.1643	82.6614
Dihwa	36	26.0942	82.7222
Dilia	36	26.7636	82.7593
Digha	36	26.7643	82.7860
Diktauli	36	26.7850	82.8461
Dihwa	36	26.7614	82.8664
Dihulia	36	26.9596	82.9450
Dighwa	36	26.9264	82.9732
Dihwa	36	26.5340	82.8191
Dihupura	36	26.6042	82.8516
Dippur	36	26.6002	82.8817
Dippur	36	26.5935	82.8819
Dihwa	36	26.5921	82.9082
Dichhapar	36	26.7231	82.9295
Dilhapar	36	26.6890	82.9519
Dihwa	36	26.6752	82.9558
Dippur	36	26.5404	82.9898
Dingajpur	36	25.7534	83.4004
Dih	36	25.8539	83.4686
Dihiya	36	25.7910	83.4393
Dih Bhiaon	36	26.3349	82.7855
Dilawalpur	36	26.4769	82.8198
Dinkarpur	36	26.3207	82.8564
Dihwa	36	26.3754	82.9641
Dibniha	36	26.2527	82.9775
Dibhni	36	26.4342	82.9873
Dihpur	36	26.0153	82.7610
Dihwa	36	26.2501	82.8766
Dinkarpur	36	26.1942	82.8439
Dihwa	36	26.0096	82.8866
Dihwa	36	26.1381	82.9059
Dihulia	36	27.2352	83.5164
Dihwa	36	27.1102	83.0138
Dihwa	36	27.0825	83.0142
Dihwa Purab	36	27.1067	83.0195
Dihwapar	36	27.0709	83.0705
Dihwa	36	27.1638	83.1509
Dihwapur	36	27.2027	83.1697
Dinapur	36	27.1825	83.2097
Dihal Jot	36	27.1507	83.2171
Dinapur	36	27.2279	83.2212
Dindayal Jot	36	27.2049	83.2207
Diwar	12	33.9453	75.1126
Dirahom	12	33.7954	75.2208
Dihwa	36	27.1564	83.3283
Dinguri	36	27.0066	83.4350
Dibuni	36	27.2190	83.5438
Dih	36	25.7650	81.5430
Diwan ka Purwa	36	25.7514	81.6248
Dingursingh ka Purwa	36	25.7606	81.6524
Dih Balai	36	25.7910	81.6637
Dikhtan ka Purwa	36	25.7771	81.7317
Dih Ar	36	25.7801	81.7469
Dihwapar	36	26.8258	83.0326
Dihulia	36	26.9147	83.0596
Diya Bati	36	26.9984	83.0700
Digha	36	26.7667	83.0908
Diktauli	36	26.6955	83.0306
Dihwa	36	26.5669	83.0150
Digar Jungle	36	26.6950	83.0893
Digha	36	26.6102	83.1262
Dighi	36	26.6128	83.1296
Dikhauta	36	26.5379	83.1051
Dighauri	36	26.5484	83.1655
Dighwa	36	26.4152	83.0456
Dihwa	36	26.3007	83.1079
Dilmanpur Mustakil	36	26.4066	83.1587
Dilmanpur Ahtimali	36	26.4009	83.1627
Dingur Pura	36	26.4681	83.2033
Dilawar Chak	36	26.4079	83.2287
Dilawal Chak	36	26.4079	83.2407
Dingarpur	36	26.2143	83.0202
Dihwa	36	26.1250	83.0774
Dihwabari	36	26.0719	83.0164
Dihwa	36	26.0786	83.0035
Dih	36	26.2224	83.1786
Dihwa	36	26.0773	83.1774
Dihwa	36	26.0185	83.1970
Diha	36	26.2210	83.2474
Dihwa	36	26.8981	83.2743
Dihaghat	36	26.8488	83.2934
Dihwa	36	26.8142	83.3953
Dihwa	36	26.8462	83.4531
Dihghat	36	26.5811	83.4782
Dighwa Buzurg	36	26.3941	83.2706
Dighwa Khurd	36	26.3931	83.2676
Digharwa	36	26.4748	83.3169
Dipgarh	36	26.3412	83.3906
Dihulpar	36	26.4033	83.4463
Diwanpokhra	36	26.5355	83.6432
Diha	36	25.6650	81.5393
Diha	36	25.6336	81.5415
Diya	36	26.6944	83.6618
Diha	36	25.6629	81.5917
Dihwa	36	25.5079	81.5555
Dihiwa	36	25.6444	81.7021
Dihlu	36	26.4828	83.6209
Dinapar	36	26.4111	83.6183
Dichhtauli	36	26.3065	83.6491
Dighanda	36	26.0889	83.6726
Dighog	12	33.2907	75.1868
Dighauri	12	33.2645	75.2038
Dingi Dhar	12	33.1015	75.0187
Dioli	12	33.1357	75.2435
Digi	12	33.1105	75.1804
Dikhal	12	33.3141	75.2952
Dimsala	12	33.3041	75.4211
Dighwa Khurd	36	26.7662	83.8784
Dirgaulia	36	26.8218	83.9430
Dighwa	36	26.7782	83.9310
Dilmanpur	36	26.0304	83.8146
Dighra Uttar	36	26.2484	83.8848
Dighra Dakhin	36	26.2469	83.8845
Diwasia	36	26.1914	83.8652
Didohar	36	25.7024	83.5557
Dihwa	36	25.6998	83.7129
Diwalkund	12	33.3163	75.5005
Dilar	12	33.4500	75.6076
Dichhur	12	33.4579	75.6335
Diugoran	12	33.3352	75.7257
Dinari Khamaria	35	23.5506	80.1260
Dithwara	35	23.9402	80.4668
Divri Hatai	35	23.7246	80.4881
Divri	35	23.4063	80.3004
Divri	35	23.3346	80.2780
Diuri	35	23.4472	80.3718
Digheri	12	33.0627	75.5498
Divason	12	33.0088	75.5996
Diggi	12	33.0465	75.6671
Diwal	12	33.1683	75.7209
Dirhot	12	33.1621	75.6826
Diron Kiran	12	33.1481	75.6859
Diron Jamhan	12	33.1455	75.6808
Dighi	35	23.9843	80.7653
Diukond	12	33.4802	75.7961
Dighia	35	23.9454	80.8885
Diutsak	12	33.5128	75.9078
Dirkund	12	33.0647	75.8260
Dishil	12	33.1186	75.8720
Ditias	12	33.0497	75.9844
Dihanaban	12	32.7293	75.1837
Dinga Anb	12	32.5503	75.3614
Diyala Chak	12	32.4701	75.3034
Disa Chak	12	32.4096	75.3400
Dinga	12	32.4896	75.4452
Dirha	36	25.3679	81.5678
Dida	23	32.1420	75.4979
Diwara	12	32.7693	74.5627
Diol	12	32.6070	75.5741
Dingre di Dhar	12	32.6341	75.6106
Dillu	12	32.6935	75.7412
Dihwa	36	25.8977	81.8549
Dihiwa	36	25.8442	81.8180
Diha Sandwa	36	25.8497	81.8512
Dih Katra	36	25.7696	81.8249
Dinapur	36	25.8701	81.8940
Didhwa	36	25.6882	81.8761
Dingu ka Purwa	36	25.6062	81.7630
Dihiwa	36	25.5909	81.7537
Dihepar	36	25.5618	81.7863
Dihiva	36	25.6078	81.8278
Digiya	36	25.5884	81.8479
Dilawalpur	36	25.5341	81.7863
Dilshadpur	36	25.5070	81.7580
Dighi	36	25.5529	81.8937
Digri	36	25.5823	81.8989
Digri	36	25.5883	81.8999
Diluan Di Dhar	12	32.4477	75.5685
Diluan	12	32.4437	75.5693
Din	23	32.4081	75.7289
Diha	36	25.2970	81.9822
Diha	36	25.3127	81.9917
Diha	36	25.3209	81.9974
Diwan ka Pura	36	25.1602	81.8757
Dihwa	36	25.1276	81.7586
Dihar Salaiva	36	25.0940	81.7902
Dighlo	36	25.0972	81.8786
Dihi Khurd	36	25.0925	81.8657
Dihi Patkha	36	25.0180	81.8152
Dihar	36	25.0401	81.8153
Dil	36	25.0146	81.9597
Dil	36	25.0172	81.9664
Dibka	23	32.2179	75.5512
Dibuan Dera	11	32.0822	75.6874
Dipaki Chowki	35	22.3153	74.3177
Digvi	35	22.2164	74.6139
Dirkua	23	32.4804	75.8146
Dibbar Khola	11	32.4642	75.8992
Dilhori	11	32.4577	75.9726
Dindori	16	20.0310	74.1476
Dighvad	16	20.2468	74.2394
Digras	16	20.4747	75.7445
Dini	11	32.1389	75.8430
Dinaladh	11	32.1306	75.8492
Diothi	11	32.0494	75.8306
Diana	11	32.0245	75.8547
Dihal	11	32.2207	75.9245
Disholi	11	32.1923	75.9362
Dial	11	32.0217	75.9535
Dibri	24	24.4542	72.4651
Dilegavhan	16	20.0753	75.9371
Dindrol	09	24.0200	72.3147
Dia Tola	35	22.4059	80.1454
Dialpura	23	31.3068	74.7407
Dibbipura	23	31.2455	74.6324
Diabati	37	20.7127	81.4442
Diwara	35	22.5085	80.4329
Dindga	37	20.9516	81.5297
Dighari	37	20.9403	81.5050
Dirabhata	37	20.9386	81.5374
Dilwara	35	22.4153	80.2515
Dilwara	35	22.4420	80.6376
Dial Rajputan	23	31.3318	74.8130
Dial	23	31.3930	74.9292
Dineke	23	31.1349	74.9212
Digewadi	16	17.4767	76.1681
Dipmal	19	17.3182	76.0643
Dialpur	23	31.7579	75.0202
Dialpur	23	31.7421	75.0216
Dinewal	23	31.4862	75.0382
Dinkarpur	36	29.3631	77.6085
Dilawalpur	23	31.3324	75.0243
Dilawalpur	23	31.3223	75.0268
Dipiwal	23	31.1903	75.2003
Dinera	35	21.6758	80.1622
Dini	35	21.7030	80.1587
Dighoda	35	21.6998	80.2455
Dinvavadi	16	20.3247	74.1889
Dinatola	35	21.9751	80.3962
Dighori	35	21.4886	80.4588
Diwantola	37	21.1127	80.4940
Dialgarh	23	31.8580	75.2608
Diwaniwal	23	31.8196	75.2577
Diyya	23	31.7367	75.3147
Dindatola	35	21.9000	80.5854
Dittu Nangal	23	31.4360	75.4769
Dipta	24	25.6692	73.9930
Diwasia	35	23.0847	75.3035
Dihpara	37	22.1007	82.4800
Dihpara	37	22.0491	82.4662
Diwan Jhitia	37	21.0503	80.8780
Diwan Bhedi	37	21.0325	80.8704
Dilapaharitola	37	21.1406	80.9971
Dighi	16	20.4813	75.1796
Dighora	37	21.8603	82.3416
Dilawalpur	36	27.2368	80.5640
Dighepur	37	21.2328	82.5340
Dilawarnagar	36	27.1759	80.5954
Dithda	36	27.1215	80.7456
Dingra	36	27.8894	80.9568
Dingarpur	36	27.7155	80.9287
Dighia	36	27.7160	80.8243
Dichhit Purwa	36	27.3664	80.7733
Dikauli	36	27.3060	80.9883
Dibhna	16	20.2270	80.0541
Diwali	23	31.2147	75.6149
Dianatpur	23	31.4517	75.7811
Dihana	23	31.3584	75.8943
Dialpur	23	31.0584	75.9073
Dilni Adwar	11	32.8992	76.1836
Diunlara	11	32.8302	76.1870
Dikriund	11	32.8368	76.1597
Dilwara	11	32.7737	76.2422
Dileo	11	32.6878	76.0171
Dibri	11	32.6250	76.1671
Dilla	11	32.6320	76.1916
Diwan Khaha	11	32.5883	76.1377
Diggar	11	32.5647	76.1720
Dibri	11	32.5684	76.0352
Dibri	11	32.5383	76.1098
Diyar Gali	11	32.4699	76.1074
Dilkha	11	32.4929	76.2483
Dibri	11	32.4334	76.0993
Diaru	11	32.3501	76.0915
Diba	11	32.2914	76.1898
Dindwi	16	20.0321	80.4522
Diyan ki Bhagal	24	25.2459	73.8685
Dirbitola	37	20.7970	80.6890
Diwantola	37	20.9681	80.6482
Dingrol	24	25.2223	73.9542
Dibar	11	32.1317	76.1266
Dialere	11	32.8907	76.4686
Dimma	11	32.7164	76.2665
Dihla	11	32.5847	76.2724
Digair	11	32.5337	76.3004
Dighwari	37	20.5177	80.8353
Diagaon	37	20.2052	80.9678
Diabar	37	22.1175	81.1725
Diwantola	37	22.4865	81.3517
Diwanpatpar	37	22.4759	81.3821
Dibri	11	32.4976	76.2692
Dibba Amlauta	11	32.4924	76.2586
Digoh	11	32.4740	76.2773
Diggu	11	32.4464	76.4164
Diledh Got	11	32.3367	76.2608
Diara	11	32.2319	76.2826
Dightu	11	32.1548	76.3454
Diwan Bagh	11	32.1128	76.3753
Digar Lahr	11	32.0450	76.3044
Diwannagar	36	27.2050	81.0443
Dingri	36	27.1825	81.0198
Dinpana	36	27.2063	81.0022
Dindori	37	22.3394	81.5698
Dindol	37	22.2540	81.7070
Dindori	37	22.1522	81.6136
Dinka	11	32.4516	76.5057
Diffarnal	11	32.1136	76.5233
Digi	35	24.3043	79.7637
Digh	11	32.0022	76.8375
Dindol	37	22.2773	81.9032
Dibbar	11	31.9875	76.1240
Dib Lahr	11	31.9222	76.2212
Diddu	11	31.9198	76.2196
Digan Kalan	11	31.9136	76.2192
Digan Khurd	11	31.9098	76.2223
Digam	23	31.2017	76.1073
Dighora	37	21.9443	81.8791
Dip	37	21.8403	81.9524
Diggi	37	21.6622	81.9685
Dighari	37	21.2848	81.8970
Dial	23	31.1639	76.2392
Dilawarpur	23	31.0293	76.1518
Die	11	31.9982	76.2974
Dib	11	31.7968	76.4320
Digar	11	31.7993	76.3171
Dittowal	11	31.0533	76.7088
Diwari	11	31.0693	76.6125
Diglu	11	31.9981	76.8416
Dilausa	11	31.9626	76.8844
Dingahr	11	31.8123	76.9865
Diar	11	31.6717	76.9288
Dinak	11	31.5698	76.9255
Diargi	11	31.5484	76.9456
Diara	11	31.3368	76.7596
Digthali	11	31.3006	76.8674
Dib	11	31.2622	76.8272
Dians	24	25.8027	74.8222
Diashri	11	31.1136	77.0702
Dihari	11	31.0146	77.1060
Dilwasa	24	25.8863	75.3715
Dimla	24	25.5401	75.3541
Dibher	35	23.0076	74.3581
Diwanmura	21	20.7753	82.5303
Diyamura	21	20.6793	82.5528
Dinwari	11	31.2457	77.9069
Dinunchi	11	31.2183	77.9354
Diswani	11	31.1960	77.8384
Digthali	11	30.9682	77.5875
Dimun	11	30.9198	77.5316
Dianli	11	30.9070	77.6368
Digah	11	30.8722	77.5772
Dimi	11	30.8248	77.5723
Digon	35	23.8915	76.1584
Dialpur	36	30.1532	77.6351
Dinabar	38	23.8875	83.9941
Dipuchak Bara	35	23.6581	76.1439
Dimich	39	30.8315	77.8079
Diktu Khera	39	30.8168	77.8146
Dino Chhani	39	30.7791	77.8549
Dirnar	39	30.8956	77.9334
Diagarh	38	23.5908	83.8461
Dibbada	02	17.4546	81.8191
Dilodri	35	23.3334	76.1476
Dirisinapalle	02	17.3464	81.8253
Dighaut	10	28.0378	77.3779
Dingring Dogri	11	31.6855	78.3567
Dittekoppa	19	14.1042	74.7533
Dingroda	35	23.2330	76.0903
Dimar	39	30.2258	78.2401
Dilodri	35	23.5164	76.3194
Digwar	35	23.6318	76.4951
Diwanpali	37	21.3233	83.1839
Diwanguri	37	21.2967	83.1989
Diwanpali	37	21.2376	83.1030
Dikoli	39	30.1035	78.8930
Diji	39	30.2475	78.9175
Diurari	39	29.9034	78.9144
Diwanpunga	39	29.8892	78.9484
Dib	39	29.9171	78.7785
Diwanmunda	37	21.9023	83.4316
Dipapali	37	21.7132	83.2593
Diwanpali	37	21.5001	83.2507
Diaoli	36	28.8085	78.1605
Diaoli	36	28.7318	78.2020
Dighi	36	28.1894	78.0314
Dibai Khurd	36	28.2027	78.2925
Dilipur	36	28.1632	78.4553
Dinapur	36	28.0717	78.4794
Dillod	35	23.3693	76.2814
Dillod	35	23.3729	76.2722
Dillod	35	23.3628	76.2705
Dilrai Rampur	36	28.8186	78.8399
Diusal	39	30.5396	79.1574
Diur	39	30.5227	79.1575
Dihni	39	30.5092	79.2134
Diptikra	21	21.2233	83.8171
Dipapali	21	21.0343	83.8771
Diwan	36	27.7598	81.3826
Dipapur	36	27.7588	81.3620
Dirgopal Singh	36	27.6615	81.3636
Diwan Purwa	36	27.7351	81.3927
Diwan Purwa	36	27.7476	81.4076
Dikaulia	36	27.3587	81.4694
Dih	36	27.4034	81.4491
Dihwa Kalan	36	27.4014	81.4694
Dighia	36	26.2498	81.3316
Dikhian Purwa	36	26.0809	81.2840
Dikhtan Purwa	36	26.0522	81.2647
Dina Ahir Purwa	36	26.0461	81.2550
Dina Purwa	36	26.0517	81.3279
Dinapur	36	26.2051	81.4825
Dilawalpur	36	26.1009	81.4694
Dingar Purwa	36	26.0325	81.4183
Dilona	36	26.8211	81.5159
Dih	36	26.7866	81.5056
Dilwal	36	26.7748	81.6430
Diwali	36	26.8154	81.6879
Dilawargarh	36	26.4507	81.5086
Dih Kalan	36	26.3996	81.5015
Dih Khurd	36	26.3989	81.5048
Dibra	36	26.3828	81.5908
Digha	36	26.3967	81.6110
Dingulipur	36	26.3523	81.7146
Dichhauli	36	26.4610	81.7283
Digha	36	26.1956	81.5788
Dihawa	36	26.2358	81.6148
Dihwa	36	26.0499	81.6774
Dinapur	36	26.1800	81.7327
Dibbaguda	02	18.2709	82.8383
Dingirput	02	18.2959	82.9024
Diguvagolluru	21	18.3839	82.9586
Digrudi	02	18.1819	82.7835
Diguva Machapuram	02	18.1102	82.8164
Diguva Sonaba	02	18.2023	82.8723
Divila	02	17.1448	82.1633
Dibbapalem	02	17.4557	82.4098
Dirusumarru	02	16.4708	81.5388
Diyyaladibba	02	16.4361	81.5182
Digamarru	02	16.4838	81.7318
Diguva Kantaram	02	17.9961	82.5673
Dipaladinnepalem	02	16.4679	80.1628
Diguvalapolavaram	02	17.4313	82.5247
Diddi	02	17.7875	82.7633
Diddibi	02	17.7982	82.8790
Dibbapalem	02	17.8797	82.8816
Dibi	34	26.0608	84.4051
Dighwaliya	34	26.0064	84.3525
Dipni	34	26.0372	84.4432
Dina Patti	34	26.2101	84.4825
Dihia	34	26.2309	84.4744
Dimila	02	17.5116	82.8723
Dibbapalem	02	17.7415	82.9679
Dibbapalem	02	17.5192	82.9532
Dintenapad	02	16.1350	80.2173
Dimarpadar	21	19.5179	83.1033
Dingipadar	21	19.5297	83.1915
Dimiriguda	21	19.9382	83.4981
Dimirigam	21	19.7573	83.5231
Dingirpanga	21	19.7787	83.5665
Diaguda	21	19.9125	83.6402
Digapur	21	18.8259	82.4728
Dingiyaput	21	18.5961	82.2525
Dimundi	21	19.1890	83.0337
Disaliguda	21	19.1502	83.0613
Digalputtu	02	18.3455	82.4964
Digu Bondapalle	02	18.2539	82.4986
Dimbiriguda	21	19.4716	83.2814
Dingisila	21	19.4684	83.2713
Dimbiriguda	21	19.4698	83.3302
Dibbalapadu	21	19.4661	83.3235
Dimbiriguda	21	19.4445	83.2763
Dingisila	21	19.3482	83.4639
Disariguda	21	19.1280	83.4013
Diguvaguriti	21	19.1687	83.3492
Diguvasankesu	21	19.1790	83.3628
Disaripadu	21	19.4637	83.5955
Dimila	21	18.8257	82.5551
Dianadiguda	21	18.8814	82.6811
Dinaputtu	21	18.5022	82.5512
Digruput	02	18.1659	82.6936
Digavalli	02	16.8597	80.8633
Dintakurru	02	16.4377	80.9387
Dimiriguda	21	19.7513	83.7829
Dibirisingi	21	19.2734	83.8074
Dibiriguda	21	19.2322	83.8945
Diguva Rega	21	18.8233	83.1438
Diguva Gummadi	21	18.7570	83.0859
Diguva Medangi	02	18.7514	83.1736
Diguva Dabaru	21	18.9681	83.2170
Divada	21	18.8215	83.2489
Diguva Sembi	02	18.6550	83.0910
Digurudi	02	18.5784	83.0545
Digukasavalasa	02	18.5785	83.0960
Diguva Narangibhadra	21	18.7108	83.0551
Diguvagotturu	02	18.4057	83.1262
Diguvauddandi	02	18.3816	83.1479
Diguvarayavalasa	02	18.4303	83.2314
Diguya Kondaparti	02	18.2224	83.1762
Diguva Sakkubadi	21	18.9819	83.2676
Diguva Pottesu	21	18.9250	83.3073
Dirdaha	02	18.9294	83.3376
Dimtiguda	21	18.8697	83.2744
Dibbagudavalasa	02	18.5962	83.3474
Dilmili	37	18.9845	81.7273
Dilmili	37	18.9977	81.7366
Dilmili	37	18.9710	81.7391
Dindivari Tallavalasa	02	18.0237	83.4299
Dilmili	37	18.9884	81.7716
Dilmili	37	18.9456	81.7569
Diguva Manda	02	18.9416	83.6123
Dimmirijhola	02	18.8804	83.8376
Dibaguda	21	18.9430	83.8867
Dimila	02	18.8025	83.9909
Diguva Thonorangi	21	18.8893	83.9607
Dibbalpeta	02	18.3963	83.8354
Divanjipeta	02	18.4435	83.9053
Dipavli	02	18.2796	83.9678
Dibbalapalem	02	18.2118	83.9309
Dibbalapalem	02	18.2369	83.9636
Dibbagudem	40	17.3256	81.0573
Dibbagudem	40	17.4368	81.0859
Dibbagudem	40	17.3220	81.1863
Dikshatula Agraharam	02	17.9313	83.0930
Dibbagudem	02	17.1789	81.1214
Dibbagudem	02	17.1867	81.2229
Dintumeraka	02	16.0012	81.0486
Diliya	34	25.2073	84.3870
Dihri	34	25.2467	84.4167
Dibbagudem	40	17.4711	81.3451
Dipakoilpadu	02	17.1593	81.4195
Dingarpur	35	23.6555	76.5684
Didakheri	35	23.1818	76.9873
Dipgar M.	09	23.0923	73.0283
Digwal	35	22.6703	76.1084
Divda	09	23.2780	73.8388
Diori	09	24.2213	72.7632
Diusari	39	30.0483	79.6274
Dingoli	39	29.7279	79.0886
Diyuna	39	29.6147	79.1605
Diri	24	25.6169	73.0397
Diwandi	24	25.6166	73.0196
Diliya	34	25.5220	84.6779
Dibhora	36	29.1510	79.0184
Dihritola	34	25.4207	84.5138
Diyal Chapra	34	25.3405	84.5136
Dibra	34	25.3194	84.5401
Diliya	34	25.3148	84.5685
Dihra	34	25.3385	84.6401
Dihra	34	25.4232	84.6660
Dirgapal Bigha	34	25.2905	84.7035
Digai	24	25.5711	73.2959
Dinan	24	25.0060	73.4531
Diloria	24	25.3241	73.7459
Dipakot	39	29.8416	79.3008
Digaut	39	29.8940	79.3593
Diuna	39	29.7307	79.2929
Digthari	39	29.5891	79.3611
Diga	39	29.6737	79.3789
Digoti	39	29.6945	79.4972
Dina Danda	39	29.5618	79.4975
Dialekh	39	29.5779	79.4296
Dina	39	29.5105	79.4962
Dijio	09	24.0681	73.1127
Dighi	35	22.5772	74.6046
Dingrikia	24	24.8259	73.8473
Dilawarpur	34	25.1266	84.5053
Dihuri	34	25.1090	84.5652
Dihtola	34	25.0552	84.5451
Dihuri	34	25.0091	84.5600
Dindir	34	25.0615	84.5970
Dilawarpur	34	25.0664	84.6097
Dipawas	24	26.0299	74.0670
Dida	39	29.6573	79.5400
Dilkot	39	29.6176	79.5915
Dinatok	39	29.5883	79.5165
Dinoli	39	29.6416	79.7263
Dinapani	39	29.6571	79.6796
Dibdiya	39	29.6613	79.7174
Dikuli	34	25.5985	84.8618
Diara Singahi	34	25.7260	84.8762
Dilawarpur	34	25.5520	84.8488
Diara	34	25.6958	84.7641
Diwari	39	29.4523	79.6334
Dinamanipur	39	29.1029	79.5283
Diyari	39	29.7821	79.5800
Digra	39	29.7977	79.6501
Digoli	39	29.9166	79.6416
Dih	34	27.0922	84.3238
Dilarampur	34	26.9995	84.2609
Dilwara	24	26.3212	74.7485
Dih	34	27.2080	84.5398
Didwara	24	26.5581	74.9844
Didwana	24	25.4136	74.0006
Diyas	24	25.3309	74.2362
Dias	24	25.1661	74.1850
Didpura	24	25.9856	74.4430
Digri	36	26.7457	84.0072
Dil Ram	36	26.6501	84.1068
Dibni Banjarwa	36	26.6375	84.1968
Din Dayal	36	26.7005	84.2039
Dimsa	36	26.4226	84.0010
Dighwa	34	26.4894	84.0627
Dih Chakarwa	34	26.4559	84.0814
Dichtauli	36	26.3583	84.1455
Diulia	34	26.4978	84.1615
Dichtauli	36	26.2437	84.0004
Diragpura	36	26.2303	84.0532
Diara Nauabad	34	26.0752	84.1335
Diara Kashidat	34	26.0583	84.1620
Didola	39	29.7795	79.7802
Digholi	39	29.7760	79.9359
Diyarinau	39	29.8770	79.9823
Dihi	34	26.8677	84.3239
Dih	34	26.7642	84.4342
Dingri	39	29.6375	79.8653
Diagaria	39	29.5269	79.8154
Dinkhali	39	29.6601	79.8700
Dih Bharauwa	34	26.6577	84.4266
Dih Bherihari	34	26.6859	84.4267
Dibuganj	34	26.7707	84.7420
Diunthi	39	29.4006	79.8408
Diyarchaura	39	29.3070	79.9376
Dighauli	39	29.3644	79.8913
Dingchouri	39	29.4147	79.8952
Digoli	39	29.4447	79.8922
Diyah	39	29.0209	79.9247
Digod	35	22.7880	76.4512
Digoi	36	28.2035	79.1737
Dibdiba	36	28.9522	79.3616
Dilawarganj	36	28.7124	79.2610
Dinra	36	28.5575	79.2992
Didar Patti	36	28.4416	79.4475
Dippur	36	28.1840	79.4436
Dioli	09	23.8527	73.0510
Dichhitpur	34	26.2061	84.5062
Dibi	34	26.0379	84.5191
Dilshadpur	34	26.1128	84.6535
Dipau	34	26.5066	84.8369
Dichhit Tola	34	26.6149	84.9778
Diyanathpura	35	22.1070	76.2524
Divdiya	35	21.6715	74.7287
Dileman	34	26.4636	84.8203
Divi	16	21.1576	74.5411
Dipau	34	26.3512	84.7511
Dila Tola	34	26.3259	84.7736
Dighwa	34	26.2521	84.7623
Dighwa	34	26.2437	84.7532
Diara Faridanpur	34	26.0782	84.9187
Dibnapur	36	28.5187	79.5084
Dinnagar	36	28.6949	79.5699
Dinarpur	36	28.7212	79.6803
Digri	36	28.6799	79.7422
Din Nagar	39	28.8929	79.7964
Dinnagar	36	28.7629	79.8263
Dilawarganj	36	28.5507	79.7529
Dinnagar Khajua	36	28.7174	79.8890
Dinnagar	39	28.7445	79.9233
Dilua	36	25.8709	84.1544
Dighera	36	25.9630	84.1641
Diwanganj	34	25.5557	84.1436
Diaman	34	25.5958	84.1966
Diya Parmeswar	34	25.6002	84.1959
Dihri	34	25.4924	84.8285
Dihuli	34	25.3850	84.9081
Dina Bigha	34	25.4646	84.8627
Dihra	34	25.4675	84.9949
Dihri	34	25.2214	84.8982
Dihuri	34	25.1701	84.9785
Dila Bigha	34	25.1328	84.9417
Diliya	34	24.9530	84.0378
Diliya	34	24.8989	84.1449
Diliya	34	24.9131	84.1727
Dighi	34	24.6582	84.0965
Dihupur	34	25.4367	84.2012
Diharia	38	24.1487	84.2001
Diliya	34	25.0201	84.0298
Diliya	34	25.1078	84.1741
Diliya	34	25.0205	84.1137
Dighar	36	25.7844	84.3880
Dighaulia	34	25.9905	84.3526
Dilmanpur	34	25.6730	84.3521
Dighatola	34	25.5255	84.4265
Dihri	34	25.4478	84.3166
Dihra	34	25.4087	84.2776
Diliya	34	25.3178	84.2596
Digar Majhauli	34	25.2813	84.2635
Dihri	34	25.3322	84.3507
Diliya	34	25.4581	84.3761
Dindayaltola	34	25.4930	84.4483
Diliya	34	25.4708	84.4646
Diul	34	25.4191	84.4729
Dighi	34	24.9173	84.2628
Dihri	34	24.8391	84.3669
Dihri	34	24.8447	84.3473
Dihri	34	24.9282	84.3864
Dihuri	34	24.9260	84.4530
Dibhka	34	24.4247	84.3442
Diplakheri	35	22.9449	76.6951
Dipaua	38	24.2065	84.2779
Dingraha	34	24.9270	84.5918
Dihuri	34	24.9334	84.6496
Dihuri	34	24.8345	84.7208
Dihwa	34	24.7400	84.5795
Diguriya	34	24.5382	84.6657
Dighasin	34	24.4987	84.6172
Diara Sultanpur	34	25.4917	85.8833
Dih Nizamat	34	25.2343	85.7586
Dihri	34	25.1509	85.7842
Dinnagar	34	25.0009	85.9246
Diha	34	25.0688	85.8679
Diyoli	36	25.1943	80.5683
Diwatola	34	26.6463	86.0684
Dihtol	34	26.5394	86.1552
Dihtol	34	26.5440	86.1792
Dikshit Purwa	36	25.6068	80.9163
Dikappa	19	15.3108	75.0925
Dindur	19	15.2981	75.6596
Dindur	19	15.7554	75.9178
Didgur	19	14.7452	75.2941
Divigihalli	19	14.5471	75.3909
Dinnamidachennampalle	02	14.4501	77.3057
Dimmagudi	02	14.9751	77.6920
Diguvapalle	02	14.8582	77.9658
Dindadahalli	19	14.3171	75.4297
Diguvapalle	02	14.0548	77.8663
Dibbadahalli	19	14.3362	75.7435
Didaguru	19	14.2047	75.6680
Dinnamidipalem	02	13.8899	77.2267
Dibbur	19	13.3535	77.0811
Dinnenahalli	19	13.6537	77.7256
Dinnenahalli	19	13.6276	77.7470
Dinneahalli	19	13.6149	77.7123
Digava Biramangla	19	13.5592	77.5569
Dinnahalli	19	13.5508	77.6231
Dinnehoshalli	19	13.4538	77.7143
Dinnevuru	19	13.2614	77.5993
Dibbur	19	13.1682	77.5290
Dinnemindapalle	19	13.8573	77.9872
Diguvapalle	02	13.8278	77.7574
Dinnehoshalli	19	13.1577	77.9873
Dittur	19	14.5761	75.8234
Diggenhalli	19	14.0866	75.7698
Diggenhalli	19	14.0117	75.9287
Dinda	19	13.6595	75.1376
Dinjar Kal	19	13.1318	75.1111
Dindinabail	19	13.7572	75.3058
Dindinabail	19	13.7622	75.3177
Dinkarpura	35	22.0791	76.5589
Dindikoppa	19	13.5977	75.5064
Dinnekere	19	13.2693	75.6987
Dinnekere	19	13.0552	75.6240
Dinnekere	19	13.2268	75.6971
Dinnekere	19	13.0512	75.6935
Dirsi	16	19.8800	79.2628
Dighori	16	19.8773	79.7121
Dibbadahalli	19	14.9298	76.1419
Dibra Bigha	34	25.2381	85.5345
Dieghara	34	25.2321	85.5822
Dihri	34	25.0425	85.7076
Diddige	19	14.5902	76.1735
Dindadahalli	19	14.3116	76.0716
Dinmanpur	34	25.9112	85.9288
Dihuli	34	25.7883	85.9253
Dih Salkani	34	25.7491	85.9957
Dih Tabhka	34	25.6718	85.9306
Dibbbbadahalli	19	14.5358	76.4946
Diwan	34	24.6152	85.0045
Dithiadih	34	24.5891	85.1697
Dihwaritola	34	24.5092	85.1188
Dimagi Bigha	34	24.7640	85.3417
Dihuri	34	24.8772	85.3832
Dihuri	34	24.6697	85.2592
Dighi	38	24.3112	85.2668
Diddahalli	19	12.5020	76.2621
Didar Chak	34	24.9827	85.5287
Didaur	34	24.9241	85.5269
Diri	34	24.8152	85.5314
Dihi	34	24.7530	85.5315
Dilhua	34	24.7974	85.6544
Dirmo Bara	34	24.8404	85.6237
Dijaitanrtola	34	24.8893	85.6311
Digthu	38	24.3874	85.5087
Dimriahi	34	26.4416	86.1114
Digan	34	26.2957	86.2101
Dipatola	34	26.0530	86.1436
Dih	34	26.3679	86.3765
Dihtol	34	26.3448	86.3831
Diggenahalli	19	13.3589	76.0701
Dinkanahalli	19	13.5729	76.4490
Dibbur	19	13.4963	76.3303
Dip	34	26.2369	86.3107
Dinapatti	34	26.1554	86.7731
Dindavara	19	13.8035	76.6513
Diwanpur	34	25.8453	86.0104
Diyanathpur	34	25.6443	86.0152
Dihpur	34	25.5533	86.0792
Dihi	34	25.6669	86.1512
Dihi	34	25.7165	86.2298
Dihi	34	25.6885	86.1091
Dihpariya	34	25.2731	86.1108
Dimda	16	19.4713	79.9312
Dira	34	25.0139	86.0844
Dinka	19	12.5134	76.5480
Dindagur	19	12.9323	76.4244
Dinka	19	12.7817	76.4639
Dih Machhra	34	25.6148	86.3517
Dihulia	34	25.6500	86.3573
Diha	34	25.4519	86.3371
Dibbanadoddi	02	15.9316	77.2978
Dibbanakallu	02	15.6021	77.3202
Dighri	34	25.2262	86.2584
Dighia	34	25.8500	86.5602
Dighra	34	25.9111	86.7007
Dih	34	25.8790	86.7414
Dighri	34	25.5728	86.5975
Dih	34	25.6588	86.6247
Dihpar	34	25.6471	86.6499
Dinnahalli	19	12.8611	75.7678
Dinnekere	19	12.8963	75.8191
Dindgatta	19	12.9633	75.9291
Dinnehosahalli	19	12.6631	75.8789
Dindealpur	34	25.1637	86.7078
Dighi	34	25.8715	86.9955
Dinapatti	34	25.8716	86.9330
Dindgad	19	12.4893	75.9645
Dighaun	34	25.5549	86.8097
Dihra	34	25.6135	86.9085
Dimhatola	34	25.6305	86.9149
Dinadastola	34	25.5896	86.9599
Dihra	34	25.5992	86.9313
Dipakarhar	34	24.8270	86.0158
Dighoi	34	24.9786	86.2132
Dia	09	23.1164	73.5495
Dinawad Nani	09	23.1488	73.6729
Dinawad Moti	09	23.1444	73.6753
Digdigani	36	27.4751	80.5092
Dibanpur	36	27.3991	80.6899
Dingra	36	27.3711	80.5701
Dighori	35	22.4042	79.3744
Dighoritola	35	22.4178	79.3954
Dibauli	36	26.5981	79.1285
Diloli	36	26.5769	79.1267
Dignem	33	15.5181	74.0344
Dindalkuppi	16	15.9986	74.4357
Diha	36	26.1647	79.1981
Dilawarpur	36	26.9380	79.3982
Digri	36	26.9819	79.4709
Dilalpur	36	26.8430	79.3795
Dindibag	33	14.9838	74.0533
Digali	19	14.9699	74.3535
Divgi	19	14.4481	74.4414
Divalli	19	14.4226	74.5500
Divarkeri	19	14.3942	74.5323
Dibbingal	19	14.2651	74.5284
Dilabigha	34	24.5964	84.3042
Dihri	34	24.5665	84.2751
Diwanbigha	34	24.6565	84.4325
Digghi	34	24.8574	84.7839
Dihuri	34	24.9142	84.8568
Dihura	34	24.9944	84.8360
Dighaura	34	24.8984	84.9262
Diha	34	24.7329	84.7812
Diwanpur	34	24.6093	84.8585
Diwari	34	26.5883	85.7732
Dighia	34	26.6005	85.9165
Diwanganj	34	26.1413	87.2400
Dipaul	34	26.3593	87.2558
Dimhia	34	26.2634	87.4892
Diagaon	34	26.0565	87.4833
Dithaura	34	26.3785	87.5008
Diya Ram Pararia	34	26.3620	87.5768
Dimia	34	26.3762	87.6278
Dibnath	34	26.2989	87.9407
Didar Baksh	34	26.2225	87.8218
Digsul	34	26.1978	87.8772
Digli	28	26.0834	87.9892
Dighli	28	26.0620	87.9396
Dibraghani	34	25.8261	87.0664
Dibra Hat	34	25.8214	87.0391
Dibragoth	34	25.8204	87.0629
Dipauti	34	25.8315	87.2104
Diara Chandpur	34	25.5093	87.2331
Dimha	34	25.3400	87.1524
Disarath	34	25.1508	87.1665
Didanagar	34	25.1387	87.2034
Dimia	34	25.9808	87.4405
Dihia	34	25.9447	87.4617
Diwandih	34	25.5513	87.3671
Dighi	38	25.1030	87.2585
Diarhikita	38	25.0646	87.3204
Dighi	38	25.2009	87.4283
Diara	38	25.1350	87.4256
Dingia	12	33.7761	74.1695
Dilori	34	25.3320	87.4097
Dibra	34	25.4482	87.4556
Dih Seraman	34	25.9860	85.0194
Dih	34	25.9780	85.0271
Dighara	34	25.8844	85.0848
Dilawarpur	34	25.9066	85.2266
Dighi Kurd	34	25.7026	85.2307
Diwantok	34	25.6384	85.2456
Dighwa	34	25.3419	85.0042
Diripar	34	25.3702	85.2229
Dilia Hasanabad	34	25.7125	87.5401
Dighri Satempur	34	25.6010	87.5050
Dighi Katihar	34	25.5655	87.6022
Diari	34	25.6072	87.7362
Dighaunch	34	25.5351	87.7242
Dighi	38	25.1024	87.6335
Digra	38	25.0934	87.6650
Dighal Daria	34	25.8418	87.8232
Diwan Jagir	28	25.9111	87.8666
Dilshadpur	34	25.7226	87.8477
Dighalia	34	25.6046	87.8617
Dilli	28	25.3919	87.7635
Dilawarpur	34	25.3323	87.7789
Dighi Khas	38	24.9048	87.1686
Dighi	38	24.9122	87.1750
Diara	38	24.8627	87.2072
Dighaparbat	38	24.4672	87.5516
Digalgharni	38	24.3650	87.5595
Digha	38	24.4777	87.5745
Dihuri	34	25.0661	85.1188
Dindayalganj	34	25.1743	85.1864
Digalgram	28	24.0448	87.6454
Dimadaha	38	24.2484	87.5834
Digalpahari	28	24.2028	87.6794
Dighri	28	24.6676	87.9627
Diha	28	24.3416	87.8461
Dighra	28	24.1386	87.9933
Dimardah	28	24.1832	87.8869
Digli	28	24.2086	87.8603
Digha	28	24.1752	87.9850
Divani	35	21.7162	75.0219
Dilawarpur Hemti	34	25.6511	85.3187
Didarganj	34	25.5712	85.2622
Dilawapur Gobardhan	34	25.6300	85.3493
Diripar	34	25.2726	85.3756
Dialpur	34	25.3373	85.4090
Dih	34	25.4790	85.4030
Dihra	34	25.4034	85.4893
Dihra	34	25.3431	85.4677
Diha	34	25.2805	85.4289
Dilu Bigha	34	25.0785	85.3461
Diwai Bigha	34	25.1615	85.3790
Dih Juafar	34	25.1368	85.4267
Dih Mamurabad	34	25.1665	85.4254
Dih	34	25.0701	85.4357
Dih Agrail	34	25.9163	85.5794
Dih Sarsauna	34	25.8834	85.6389
Digha Fatehpur	34	25.8926	85.6195
Dihri Buzurg	34	25.9333	85.6055
Dihri Ishaq	34	25.9257	85.6076
Dighra	34	25.9458	85.6653
Dimangra	34	25.8914	85.6754
Dihri	34	25.4054	85.5184
Dihri	34	25.3795	85.5376
Diksai	16	21.1377	75.5264
Dipmal	40	17.7158	78.5632
Dinshi	40	17.5149	78.5122
Dipmal	40	17.6917	78.6466
Diari	34	26.0663	87.5102
Dipnagar	34	26.1966	87.6457
Dighaunch	34	26.0593	87.7129
Diwali	39	29.2498	80.0519
Dichkra	39	29.2408	80.1098
Dilawarpur	36	27.9541	80.2440
Dilawarpur	36	27.8513	80.0359
Dighia	36	27.6438	80.0878
Dighia	36	27.5916	80.1110
Dira Purwa	36	27.6292	80.1299
Dighia Purwa	36	27.5634	80.1919
Dija Purwa	36	27.3370	80.1982
Dildar Purwa	36	27.2356	80.0564
Diwali	36	27.1427	80.0205
Diaipur	36	27.0216	80.1105
Dibiapur	36	27.0847	80.2472
Digia Purwa	36	27.2216	80.2230
Dindia Purwa	36	27.2124	80.2023
Dianatpur	36	27.9767	80.2600
Dilawarnagar	36	27.8502	80.2976
Dichhitpur	36	27.7989	80.3660
Dippur	36	27.9946	80.3931
Diskit	41	34.5469	77.5563
Didihat	39	29.9486	80.1352
Dialgam	12	33.6809	75.1654
Diguvamasapalle	02	13.2031	79.1596
Digavanetiguntapalli	19	13.7102	77.9958
Dibburahalli	19	13.5571	77.9054
Dimbarlahalli	19	13.5545	77.9230
Dibbur	19	13.4824	77.7923
Divarguddanhundi	19	12.1799	76.9985
Dinnepalya	19	12.8105	77.4925
Dimbadhalli	19	12.6085	77.4002
Dirasardoddi	19	12.4917	77.4406
Dinnur	25	12.5868	77.7056
Dinnedevarapadu	02	15.7718	78.0362
Diguvapadu	02	15.7721	78.1833
Diguvapatnam	02	14.8235	78.3284
Diguvakalvatala	02	15.0395	78.3380
Dibaguntla	02	15.3874	78.5029
Diguvatamballapalle	02	15.1417	78.9140
Diguvapalle	02	14.4681	78.0501
Diguvapalle	02	14.2157	78.1028
Diguvapalle	02	14.3569	78.1264
Diguyapalle	02	14.1677	78.2387
Diguvapalle	02	14.0631	78.0027
Diguvapalle	02	14.0606	78.1016
Dinnemidapalle	02	14.0482	78.1165
Diguvapalle	02	14.0237	78.1353
Diguvanelaturu	02	14.7839	78.9784
Dinadarupalle	02	14.3824	78.7952
Diguvapalem	02	14.1970	78.8223
Diguvakonetivandlapalle	02	14.1068	78.8826
Diguvabattanavandlapalle	02	13.9251	78.1826
Diguvakadapalavandlapalle	02	13.9319	78.2130
Diguvamandlapalle	02	13.8958	78.2171
Diguvatotlapalle	02	13.8735	78.2023
Diguvakukkalupalle	02	13.7668	78.1337
Diguvapalli	19	13.5240	78.0944
Dinnamidapalli	19	13.4770	78.1475
Digavakote	19	13.4956	78.1706
Digavamorampalli	19	13.4988	78.2378
Digavapalli	19	13.4668	78.1761
Dinnuru	19	13.2301	78.1383
Dinnuru	19	13.1211	78.1579
Dimba	19	13.0856	78.1544
Diguvapalle	02	13.9986	78.2895
Diguvapalle	02	13.9740	78.4424
Diguvapalle	02	13.8370	78.3993
Diguvagopiguttapalle	02	13.7786	78.4718
Dinnemidapalle	02	13.7153	78.3987
Diguvasitivaripalle	02	13.6915	78.4539
Diguvapalle	02	13.5933	78.4410
Diguvapalem	02	13.6165	78.4418
Diguvachinnamarri	02	13.6556	78.4496
Diguvakorivaripalle	02	13.6382	78.4657
Diguvachintapalli	19	13.5301	78.2750
Diguvapalle	02	13.4411	78.4252
Dinnepalle	02	13.3695	78.4520
Diguvakammapalle	02	13.4064	78.3996
Digavapalli	19	13.3970	78.3152
Dimbala	19	13.3922	78.2600
Dinnepalli	19	13.2990	78.3691
Diguvapalli	19	13.2411	78.4680
Digavuru	02	13.4230	78.5871
Diguvamittapalle	02	13.4588	78.6281
Diguvapalle	02	13.3690	78.5208
Dinnepalle	02	13.3147	78.6834
Diguvuru	02	13.0907	78.6114
Dih Buchauli	34	25.7363	85.5767
Dih Dasraha	34	25.5544	85.6448
Dinneri	19	12.9483	77.9991
Dinnur	25	12.5077	77.7921
Dinnur	25	12.6625	77.8076
Dinnur	25	12.7152	77.8168
Dinnapalli	25	12.5434	77.9246
Dinnur	25	12.6949	77.9291
Dinnur	25	12.7360	77.9081
Dinnur	25	12.7343	77.9854
Dinnur	25	12.6509	77.9817
Dinur	25	12.3247	77.9988
Dinnahalli	25	12.1121	77.9217
Dinnehalli	25	12.1319	77.9934
Dinnur	19	12.9297	78.0619
Dinhalli	19	12.8719	78.0611
Dinnur	19	12.8301	78.1420
Dinnekotur	19	12.8967	78.1453
Dinnur	19	12.9012	78.1422
Dimbala	19	12.9056	78.2269
Dinnur	25	12.6872	78.0722
Dinnakottur	25	12.7051	78.2141
Dinnapalli	25	12.4863	78.0305
Dinnahalli	25	12.3182	78.0750
Dindal	25	12.2886	78.2385
Diriyampatti	25	12.2499	78.2344
Dinnehalli	19	12.9467	78.2844
Diguru	02	12.7717	78.2943
Dinnepalli	02	12.7616	78.2918
Dinnalur	25	12.2579	78.3419
Diguvapalem	25	12.6919	78.5545
Diguvavedu	02	14.2709	78.4950
Dinnamidipalle	02	14.1689	78.4164
Diguva Uturivaripalle	02	14.0754	78.3665
Diguvapalle	02	14.4999	78.7008
Dinnemidipalle	02	14.2202	78.6967
Dinnepadu	02	14.2377	78.7113
Diguvagurramvandlapalle	02	14.0991	78.5902
Diguvapalle	02	14.1182	78.7356
Dipapalle	02	15.9138	79.3832
Dimow	03	27.6824	94.8120
Dirsavancha	02	15.4700	79.5344
Dirasavantsa	02	14.7533	79.0029
Dinnemidipalli	02	14.6376	79.0863
Diguvasettivaripalli	02	14.5278	79.1829
Diguvachenduvayi	02	14.4646	79.0691
Diguvapalli	02	14.2665	79.0924
Diguvaratsavaripalli	02	14.2768	79.2168
Diguvakadiyalapalli	02	14.2391	79.1677
Diguvapalli	02	14.3112	79.2501
Diguvamukkavaripalli	02	14.0597	79.2858
Divipalem	02	14.1223	79.8469
Digavavirareddipalem	02	14.1435	79.8420
Dinnelapalli	02	13.8538	79.1207
Digumurtivandlapalli	02	13.7884	79.1076
Dinnepalli	02	13.7004	79.0406
Digavamuthuvandlapalli	02	13.6598	79.1554
Digavuru	02	13.6401	79.1325
Dinepatimalapalli	02	13.5400	79.0876
Digavapalli	02	13.4331	79.0110
Diguvamodulapalli	02	13.2282	79.0074
Diguru	02	13.0879	79.0762
Diguvamasapalli	02	13.1849	79.1618
Diguvakandigai	02	13.2035	79.1663
Diguvapalli	25	13.0603	79.2338
Diguvakapakhandriga	02	13.4638	79.2993
Digavanadurgapuram	25	13.2546	79.4137
Digavanur	02	13.3034	79.3749
Digavamedivada	02	13.3040	79.3381
Digavamuddikuppam	02	13.3397	79.3937
Digavakalpattada	02	13.3324	79.4311
Diguvakonataneri	02	13.8127	79.7368
Diguvavidhi	02	13.7046	79.6598
Diguvagullur	02	13.4746	79.5325
Diguvakanakampalaiyam	02	13.4093	79.5690
Diguvaputturu	02	13.4639	79.7065
Dirsamala	02	13.8801	79.8225
Diguvakalavakuru	02	13.8395	79.7554
Diguvamelupaka	02	13.7688	79.9832
Diguvapundi	02	13.5760	79.7860
Dimhatti	25	11.4397	76.8512
Dinampalaiyam	25	11.0039	76.8576
Dilarpur	34	25.3968	87.5969
Digha	34	25.4535	87.6927
Division Kacheri	13	8.8918	76.5775
Dinhalli	19	11.9318	77.3441
Diminikarai	25	11.7371	77.5818
Dinnabellur	25	11.9956	77.7886
Dipalpatti	25	10.5317	77.1553
Dindikombu	13	10.2376	77.1761
Dipambalpuram	25	10.8043	79.3086
Divammapuram	25	10.5529	79.6283
Dipangudi	25	10.8296	79.5596
Dihasahi	21	20.7083	84.8263
Dinda Bhuni	21	20.3292	84.9059
Digidahan	21	20.3321	84.9077
Dihagan	21	20.3362	84.8958
Digiri	21	20.3503	84.8752
Dimiria	21	20.4093	84.8347
Dimiripalli	21	20.0039	84.7704
Digi	21	20.0889	84.8540
Dimiria	21	20.2037	84.8754
Dimiripadar	21	20.1082	84.9612
Dibhatoli	38	23.5038	85.0489
Dikatoli	38	23.3043	85.0500
Digadon	38	23.1682	85.1745
Diuri	38	23.1071	85.0982
Dipatoli	38	23.2043	85.2496
Dibdih	38	23.3401	85.2929
Digri	38	23.0511	85.3611
Digwar	38	23.9700	85.5340
Digwar	38	23.6874	85.5369
Dittoli	38	23.5551	85.5013
Dimra	38	23.4027	85.6556
Dimratoli	38	23.4004	85.6659
Dipatoli	38	23.3877	85.5235
Dirisir	38	23.2174	85.7264
Dimbudih	38	23.1385	85.7330
Dimbujarda	38	23.1434	85.7185
Disipiritoli	38	23.0819	85.6147
Diuri	38	23.0364	85.6863
Dimra	38	23.0056	85.6720
Dimbutoli	38	23.0047	85.6852
Dimra	38	23.4646	85.7988
Digardih	28	23.4665	85.8700
Dimu	28	23.4161	85.9724
Dibadih	38	23.2359	85.8027
Dihtola	28	23.1755	85.9632
Diadih	38	23.0762	85.9476
Dimbutoli	38	22.9696	85.1632
Diankel	38	22.9336	85.1077
Diringatoli	38	22.9657	85.1051
Digri	38	22.9254	85.0861
Dimbukel	38	22.8791	85.0986
Digri	38	22.8330	85.0198
Dinatoli	38	22.8322	85.1263
Dinatoli	38	22.8399	85.1797
Digbartoli	38	22.6607	85.0499
Diltagatoli	38	22.9826	85.3176
Dipa	38	22.4288	85.1958
Diribsila	38	22.3811	85.1682
Dimda	38	22.8419	85.3290
Dighi	38	22.8125	85.2926
Dighi	38	22.8438	85.3768
Dinatoli	38	22.9661	85.4443
Dibutanrtola	38	24.1513	84.7606
Dilho	38	24.1090	84.9177
Dindapai	38	22.6650	85.3441
Dih	34	25.3684	86.5424
Dina Chakla	34	25.3911	86.7094
Dindakol	38	24.2046	86.7660
Dindakol	38	24.1431	86.7616
Dindakol Chhit	38	24.1480	86.7809
Dipaya	38	24.0276	86.9558
Digharia	38	24.0515	86.8920
Dighi	38	24.0654	86.8465
Dipadih	38	23.2499	84.2256
Dipatoli	38	23.1748	84.0844
Dipatoli	38	23.1217	84.2294
Dihdanr	37	23.0163	84.0561
Dipatoli	38	23.4810	84.2559
Dipadih	38	23.3356	84.3850
Dipa Kujam	38	23.2918	84.2981
Dipatoli	38	23.1796	84.2590
Dipatoli	38	23.0499	84.3852
Dipatoli	38	23.1250	84.3792
Dirgaon	38	23.2285	84.3322
Dihi	38	23.8344	84.5951
Diridag	38	23.8329	84.7124
Dipatoli	38	23.3486	84.6820
Dipatoli	38	23.1343	84.5645
Digdon	38	23.1336	84.7278
Diridagtoli	38	23.8956	84.9059
Diping Longa	38	23.2944	84.8367
Dipatoli	38	23.2590	84.8615
Dighiya	38	23.3079	84.9702
Dipatoli	38	23.2528	84.9228
Dipatoli	38	23.2145	84.9434
Dimba	38	23.1875	84.9417
Dipatoli	38	23.1238	84.7684
Dikutoli	38	23.0482	84.9399
Dipatoli	37	22.8917	84.1436
Dibidih	38	22.9806	84.2431
Dipatoli	37	22.8971	84.1745
Dipatoli	38	22.5765	84.1508
Dipatoli	37	22.7044	84.1123
Dimulongra	37	22.7120	84.1548
Dipatoli	37	22.6807	84.1669
Dipatoli	38	22.6367	84.2266
Dipatoli	38	22.6400	84.2358
Dipatoli	38	22.6077	84.2059
Dipatoli	38	22.5226	84.2313
Dipatoli	38	22.5324	84.2070
Dipatoli	37	22.4831	84.0051
Dipatoli	37	22.9105	84.3257
Dirgaon	37	22.8794	84.3406
Dipatoli	38	22.8099	84.4589
Diapathal	38	22.7116	84.2506
Dipatoli	38	22.6320	84.2922
Dingurpani	38	22.6056	84.2769
Dipatoli	38	22.5698	84.2776
Diositoli	38	22.5507	84.3034
Dipatoli	38	22.5399	84.3040
Dipatoli	38	22.5263	84.2704
Diwatoli	38	22.5174	84.2749
Dipatoli	38	22.5462	84.3976
Diwantoli	38	22.6769	84.3964
Dipatoli	38	22.7390	84.4509
Dipatoli	38	22.6586	84.4670
Dipatoli	38	22.6252	84.4425
Dipanawatoli	38	22.6185	84.4956
Dipatoli	38	22.5740	84.4750
Dipatoli	38	22.7105	84.3812
Dipatoli	38	22.4638	84.4281
Distawar	38	22.9311	84.5767
Dingurpani	38	22.9162	84.5533
Dilkadamartoli	38	22.8610	84.5187
Dipatoli	38	22.7870	84.5163
Dipatoli	38	22.7906	84.6641
Dipatoli	38	22.8770	84.6427
Dipatoli	38	22.9600	84.5816
Dinbutoli	38	22.4576	84.5800
Dipatoli	38	22.4804	84.6198
Dilgatoli	38	22.9212	84.7549
Dinatoli	38	22.7677	84.8391
Dibartoli	38	22.6821	84.8194
Digwartoli	38	22.5763	84.7832
Dipatoli	38	22.5498	84.7620
Dinatoli	38	22.5082	84.8813
Dipatoli	38	22.7078	84.9284
Dinatoli	38	22.6946	84.9186
Dihchatoli	38	22.4833	84.7761
Divattipatti	25	11.8653	78.0863
Dinduvalavu	25	11.2911	78.3424
Dibbasanipalle	02	14.9857	77.4613
Digha	38	22.2275	85.0751
Diku Ponga	38	22.2273	85.2428
Diuridih	38	22.9969	85.6189
Divbera	38	22.9320	85.5178
Dilsurjam	38	22.8826	85.5532
Disusai	38	22.2678	85.6966
Didsai	38	22.7845	85.8374
Diriora	38	22.8348	85.8841
Dirlang	38	22.9592	85.9336
Dinai	38	22.9712	85.8967
Digarsahi	38	22.7416	85.9104
Dighi	38	22.6907	85.9799
Diguarsai	38	22.3569	85.8906
Dirisai	38	22.4008	85.9108
Dinashasan	21	22.4898	85.9985
Diku Balkand	38	22.2081	85.8227
Dighiposi	38	22.0811	85.8319
Dipasai	38	22.0487	85.7796
Dilasai	38	22.0059	85.8711
Dindiburu	38	22.0303	85.9241
Dindakuar	38	22.0832	85.9012
Dirigo	38	22.1150	85.9142
Dinakora	21	21.8012	85.2224
Dimiria	21	21.2725	85.1833
Dimbo	21	21.6325	85.6548
Dihajori	21	21.8123	85.9587
Dianari	21	21.6029	85.8955
Diarpasi	21	20.6545	85.1492
Dihasahi	21	20.6370	85.1508
Dimiria	21	20.4532	85.0364
Dipsahi	21	20.4113	85.2097
Dimiripatna	21	20.1832	85.0945
Dibyasinghpur Sasan	21	20.1771	85.2305
Dighiri	21	20.1599	85.2208
Dimirijhari	21	20.1618	85.0201
Dianpara	21	20.1033	85.0636
Dimisar	21	20.0594	85.1563
Dihadol	21	20.9254	85.3273
Diho Kamar	21	20.8385	85.3186
Dighibasti	38	24.1308	85.5331
Dihri	34	24.9638	85.8639
Dighaut	34	24.9523	85.9666
Digwar	38	24.2678	85.7882
Dighia	34	26.1715	86.5899
Dihtola	34	26.1641	86.6002
Dih	34	26.0980	86.6396
Dinmo	34	25.7927	86.3105
Dibra	34	25.9646	86.4717
Diwanjot	38	24.6000	86.0782
Dilibad	38	24.2410	86.2442
Dighra	34	24.9753	86.3600
Dinari	34	24.7915	86.2891
Dicha	34	24.8705	86.3502
Diringi	34	24.5094	86.3452
Digur	34	24.6685	86.4565
Digharia	34	24.4569	86.3070
Dighria Kalan	38	24.2226	86.3430
Dighria Khurd	38	24.2183	86.3495
Dimiribahal	21	21.0602	84.0553
Dihimal	21	21.7696	84.4415
Digbaheli	21	21.3651	84.3975
Dimirikuda	21	21.0933	84.3793
Dimiriposi	21	21.5987	84.7332
Dingarduma	21	21.3762	84.5183
Digi	21	20.7419	84.0601
Dimrimunda	21	20.6837	84.0117
Dimrikhol	21	20.6230	84.1012
Dimrijhuli	21	20.7067	84.2274
Dihikupa	21	20.6785	84.2027
Dimirigora	21	20.4371	84.1914
Dimirigora	21	20.4472	84.1033
Dinavali	21	20.3900	84.0589
Dimriguda	21	20.3483	84.0542
Dindragan	21	20.3696	84.1370
Dinarpara	21	20.3407	84.0713
Direpanga	21	20.0971	84.1861
Direpanga	21	20.0907	84.1922
Dimirimunda	21	20.9696	84.3316
Dimirimunda	21	20.9651	84.4710
Digipadar	21	20.8072	84.4147
Digpadar	21	20.5522	84.4395
Dindo	21	20.2607	84.2590
Dimirikhol	21	20.4404	84.4195
Dimirigodo	21	20.3268	84.4408
Dimiritoila	21	20.2218	84.4285
Digisai	21	20.2185	84.4389
Dinabandhupur	21	20.8200	84.6292
Dimrikhol	21	20.5816	84.5693
Dianghat	21	20.6298	84.5995
Dimiritari	21	20.3075	84.6057
Dikri	21	20.3719	84.6547
Dimirijholi	21	20.1316	84.5464
Dipsai	21	20.0852	84.5855
Diyun	30	27.5445	96.1008
Didihat	39	29.8007	80.2456
Dichpally	40	18.6042	78.2101
Dimow	03	27.1274	94.7416
Dilhori	12	33.2984	74.4507
Dibiapur	36	27.7869	79.6996
Dinara	35	25.4613	78.3205
Dihwa	36	27.6289	81.9699
Dihwa	36	26.0999	82.7618
Dihwa	36	26.1104	82.7591
Dihwa	36	25.7905	81.5382
Dighwa	36	26.9061	83.0003
Dih	36	25.6975	81.9862
Dindori	35	22.7520	81.0715
Diwan	36	26.8166	81.5245
Dihra	34	25.2091	84.0452
Diguvapalle	02	14.0592	78.4181