Dombivali	16	19.2167	73.0833
Dohad	09	22.8328	74.2599
Doddaballapura	19	13.2945	77.5378
Dondaicha	16	21.3236	74.5680
Dowleswaram	02	16.9476	81.7799
Dongargarh	37	21.1889	80.7546
Doraha	23	30.7995	76.0236
Dooru Verinag	12	33.5594	75.2322
Doda	12	33.1492	75.5475
Domchanch	38	24.4748	85.6921
Dornakal	40	17.4447	80.1491
Dongargaon	37	20.9717	80.8508
Doboka	03	26.1165	92.8637
Dostpur	36	26.2749	82.4709
Dommasandra	19	12.8779	77.7535
Dohrighat	36	26.2722	83.5092
Dola	35	23.2209	82.1332
Donkamokam	03	25.9334	92.7074
Dommaranandyala	02	14.8641	78.3641
Doiwala	39	30.1767	78.1166
Dondi	37	20.4881	81.0871
Doha	10	27.6783	76.9361
Dornapal	37	18.1551	81.5086
Donimalai Township	19	15.0604	76.5922
Dokmoka	03	26.2103	93.0517
Doptala	16	19.8018	79.3423
Dobbaspet	19	13.2276	77.2430
Doha	36	25.4823	80.4782
Dod Maralvadi	19	12.6104	77.5254
Dodomara	23	31.5053	76.0189
Doranahalli	19	16.7324	76.9162
Doddimetta	21	18.1897	81.8732
Dowlaiswaram	02	16.9471	81.7816
Dotihal	19	15.8644	76.2075
Dotaranwali	23	30.0727	74.2908
Dosing	30	27.9760	95.0530
Dosapadu	02	16.4672	80.9506
Dosamantapur	21	19.0500	82.9333
Dorzong	41	33.2807	77.0332
Doru	12	33.5767	75.2230
Dorra	24	24.8907	72.4276
Dorkang	30	28.1328	94.7855
Dorka	35	23.6857	81.1553
Doriganj	34	25.7308	84.8309
Dores	09	20.7167	70.9667
Doranala	02	15.9075	79.0958
Dontali	02	14.3853	79.8893
Donnakuttahalli	25	12.0112	77.8947
Donli	30	28.2771	96.1042
Donkung	29	28.0353	88.6018
Donkeng	30	28.0487	94.7128
Donje	16	18.4009	75.3524
Dongupura	19	18.1255	77.2185
Dongru	37	23.6392	83.3663
Dongri	35	25.6817	77.8499
Dongri	16	19.2850	72.8086
Dongarkhera	35	23.5465	75.8636
Dongarkharda	16	20.3003	78.4484
Dongargaon	24	24.2487	76.1684
Dongargaon	16	21.2034	80.3750
Dongara	37	19.3731	82.3689
Dongar	09	21.0689	71.5662
Dongar	37	18.8333	81.5333
Dongaon	16	20.1851	76.7224
Dong	30	28.1696	97.0378
Dondvada	16	20.7221	74.8450
Dondaparti	02	17.7274	83.2994
Don Buzurg	34	26.1365	84.1505
Dona Paula	33	15.4559	73.8043
Donakonda	02	15.8340	79.4848
Dommati	18	25.8395	91.6411
Domli	11	32.3667	78.0000
Domkipali	21	20.9167	83.2167
Domkhera	35	23.6239	77.5430
Dombri	16	18.8993	75.5565
Domariaganj	36	27.2050	82.6522
Domahani	28	23.7535	87.0272
Domah	40	17.0857	77.8341
Dolyganj	01	11.6333	92.6333
Dolwan	09	20.8952	73.3325
Dolsa	35	26.3333	78.1667
Dolma Sampa	29	27.8833	88.3833
Doli Rajguran	24	26.0625	72.6633
Dolatpur	09	21.5833	73.2833
Dolasne	16	19.3919	74.2115
Dolasa	09	20.8226	70.8567
Dolaria	35	22.5938	77.6367
Dolara	52	20.0755	73.0394
Dolar	16	21.3904	76.9664
Dokla	37	20.5407	81.3515
Doimara	30	26.9910	92.4163
Dogoli	37	18.8881	80.8118
Dogeta	24	27.1269	76.2697
Dogal	23	29.9881	76.0390
Dodvad	19	15.6753	74.9653
Dodra	37	19.5893	82.2469
Dodiyana	24	26.5919	74.3549
Dodi	35	23.0083	76.5876
Dodh	23	30.7691	74.6012
Dodderi	19	14.2979	76.7088
Dodda Siddavvanahalli	19	14.1992	76.4736
Dodda Magge	19	12.6922	76.0838
Dodda Katur	19	12.1758	76.6100
Dodda Kanya	19	12.1695	76.6373
Doddaguni	19	13.3275	76.7594
Dodda Gaudanakoppal	19	12.5850	76.6462
Dodbelvangala	19	13.2883	77.4213
Doda	23	30.3851	74.6420
Dobi	35	22.8914	77.9020
Dobhi	34	24.5331	84.9053
Dobhi	35	23.1148	78.9240
Dob Dabyan	12	33.5649	74.9358
Doari	35	23.9863	81.9379
Dongwa	35	24.8641	80.0528
Dogachia	28	22.8861	88.3106
Dogachi	28	22.7342	88.0242
Dohari	28	22.6812	88.4624
Dostpur	28	22.2769	88.2183
Dogachia	28	22.9767	88.5003
Dogachia	28	22.8767	88.5850
Dora	28	22.1858	88.5142
Dogi	12	33.9630	74.2772
Dona Rahmatwala	23	30.8958	74.4056
Dona Raja Dihanath	23	30.7923	74.3017
Dodarhama	12	34.2114	74.7711
Doladem	12	34.0963	74.8570
Doda	12	33.8542	74.2201
Dogarpur	12	34.4283	74.1160
Dolipura	12	34.4648	74.1535
Doeban	12	34.0931	74.5455
Doru	12	34.0472	74.7367
Dolanian Ki Dhani	24	26.5261	71.7680
Dogul Teng	12	34.2756	74.4668
Dobgah	12	34.2675	74.4144
Dogarpur	12	34.3105	74.2822
Doruswain	12	34.4592	74.4055
Dor	12	32.9708	74.5467
Dogi	12	33.9694	74.2917
Doba	12	33.9166	74.2847
Doba	12	33.8778	74.3333
Dolapasi	12	33.8139	74.2778
Dohagali	12	33.7516	74.3557
Dorian	12	33.8772	74.3740
Dolyan	12	32.7987	74.4854
Dororen Ban	12	32.9222	74.8963
Domel	12	32.8889	74.9583
Doal	12	32.5637	74.9239
Doliyan	12	32.6347	74.9111
Doara	12	32.7379	74.8962
Domari	12	34.5509	73.9775
Domari	12	34.5236	73.9947
Doba Sar Jaran	12	34.0414	73.9250
Doba	12	34.2881	73.9613
Donari	12	34.4407	73.9471
Doctorganj	39	30.4774	77.7730
Dobri	39	30.4370	77.8825
Donga	39	30.4175	77.9564
Domra	10	29.8795	77.0311
Dora	24	25.1925	75.6536
Dolatpura	24	25.4031	75.5728
Dolara	24	25.3989	75.6793
Dobaraibavdl ka Jhonpara	24	25.2931	75.6465
Dohar	10	29.3258	76.9343
Dohar Kalan	10	28.1205	76.0181
Dohar Khurd	10	28.1155	76.0182
Dosi	10	28.0620	76.0234
Dochi	11	31.1528	77.0319
Dobar	39	29.9178	78.5730
Dobha	39	29.8521	78.6350
Doba	39	29.8271	78.7251
Dosuwada	40	17.2673	78.2573
Dotiguda	40	17.3018	78.8485
Donti	40	17.8149	78.4165
Dommarapochampalli	40	17.5916	78.4170
Doctor Radhakrishna Nagar	25	13.1297	80.2839
Doctor Radhakrishna Nagar South	25	13.1158	80.2775
Doctor Vijayaraghavulu Nagar	25	13.1103	80.2792
Doveton	25	13.0850	80.2614
Dollars Colony	19	13.0378	77.5664
Dobbasapete	19	13.2309	77.2413
Doddaaladamara	19	12.9048	77.4314
Domlur	19	12.9617	77.6391
Doddasanne	19	13.2184	77.6933
Dorasar	24	28.0573	75.4965
Doradas	24	28.0097	75.4392
Dolowal	23	30.5389	76.0416
Dodhpur	10	30.0900	76.5537
Dongikumhari	35	24.2146	78.0297
Doma	35	24.0901	78.7805
Dongarpur	35	24.1253	78.8399
Dostpur Nagar	36	27.6051	79.5930
Dostpur Thok	36	27.6120	79.5576
Dorha	36	26.9627	79.2131
Dohai	35	26.3989	79.0798
Dongarpura	35	26.4372	79.0561
Doulai	24	26.8361	75.7430
Donapur	36	26.3045	79.4114
Don	36	26.3025	79.3771
Donria	36	25.5793	79.1783
Dondapur	36	26.8489	79.5186
Dondapur	36	26.7943	79.5494
Dongarpur	35	24.6339	79.1007
Doh	35	24.8252	79.2637
Doddanekundi	19	12.9752	77.6917
Dolandi	24	27.0820	71.1148
Dolgaon	03	26.4401	89.9964
Doddapalya	19	13.5085	77.3659
Dollusar	24	28.7545	74.2545
Dolaniva Bas	24	28.4075	74.4205
Dosatan	03	26.3250	91.9081
Doiangmukh	03	25.8036	92.9407
Domgaon	03	27.0719	94.5645
Dongra Kalan	36	24.4487	78.4913
Domkonda	40	18.2434	78.3776
Dolmalpur	34	26.0618	87.6551
Dondrewada	02	19.2443	81.0285
Dobhara	09	23.9729	72.9466
Donaje	16	18.4206	73.7675
Doduru	19	12.5520	77.5694
Dongargaon	16	19.5650	77.4032
Dokya	35	21.8833	77.7887
Dongaraj	16	20.6631	74.1416
Dongarale	16	20.7854	74.5726
Dohaya	35	23.7457	77.5304
Dobra	35	24.8139	76.8779
Dobra	35	23.3334	77.3525
Dongritola	37	23.7251	81.7076
Dongripali	37	21.2542	82.5537
Dolagaon	03	26.3140	90.7699
Dohel	37	19.9313	82.6402
Dobbespet	19	12.9716	77.5945
Domsara	37	22.1718	81.4526
Dosinga	21	20.8197	86.9557
Doulashal	03	26.2679	91.2278
Dogachhia	28	22.8132	88.5783
Dobhi	36	25.9782	82.6942
Doban	12	34.4565	74.5996
Dosain	10	29.7837	76.6510
Dobh	10	28.8748	76.5296
Dodhi	10	28.1311	76.6220
Dohki	10	28.2377	76.6435
Doparwali	10	28.2884	76.9808
Domerah	24	28.0079	76.7649
Doda	11	31.7089	77.0281
Dopha	11	31.5317	77.0268
Doswad	11	31.5091	77.2263
Dobha	11	31.6995	77.2143
Dolawalabas	24	29.0660	74.7921
Dobi	24	29.0621	75.2159
Dobhi	10	29.1310	75.5045
Dopedi	10	29.5087	76.6587
Dohka	10	28.6143	76.0772
Dohki	10	28.6638	76.1642
Dosod	24	28.0098	76.2890
Dodasan Bala	12	33.4639	74.3097
Dodasan Pain	12	33.4497	74.3187
Dodaj	12	33.4645	74.4101
Dohra Kanna	12	33.4758	74.4750
Doba	12	33.4514	74.4985
Doghri	11	31.4879	77.0198
Dogri	11	31.3116	77.1657
Doba	11	31.2591	77.1279
Domela	11	31.3761	77.2130
Domel	12	34.5864	74.0406
Donari	12	34.5941	74.1168
Doshat Nar	12	34.6219	74.4497
Doshat	12	34.6187	74.4525
Doshat Forest	12	34.6175	74.4587
Doban	12	34.5559	74.2845
Dodwan	12	34.5290	74.2553
Dogi	12	34.6273	74.3740
Donari Baihk	12	34.6556	74.3858
Dogo	12	34.7082	74.3955
Dorlwali Baihk	12	34.7135	74.3938
Doba	12	34.6026	74.4797
Dogri	11	31.3396	77.2933
Dogri	11	31.4072	77.3176
Dogri	11	31.4896	77.2799
Doghri	11	31.4934	77.3290
Dorai	11	31.2955	77.3579
Dogri	11	31.3170	77.4062
Dogri	11	31.3347	77.4063
Doghri	11	31.4082	77.3963
Doghri	11	31.4281	77.4029
Dophti	11	31.4695	77.4293
Doghri	11	31.4276	77.4275
Doja	11	31.2754	77.4678
Doha	11	31.4607	77.4827
Doraha	23	30.3681	74.0562
Dohak	23	30.6297	74.6037
Dodanwali	23	30.5371	74.6062
Dohewala	23	30.3453	74.5453
Dowa	11	31.1356	77.2815
Doba	11	31.1368	77.2887
Domo ka Dhank	11	31.0778	77.2637
Dodra	11	31.1885	77.3245
Dohan	11	31.0637	77.3621
Doba	11	31.0368	77.4858
Dogri	11	31.5197	77.6475
Dogri	11	31.5110	77.6576
Domar	11	31.4592	77.5125
Doshal	11	31.4510	77.5411
Doghri	11	31.4685	77.5318
Doba	11	31.4850	77.5632
Dogha	11	31.4511	77.5470
Doghri	11	31.4805	77.5961
Doara	11	31.3644	77.6247
Dogri	11	31.2990	77.6238
Dokri	11	31.2783	77.5043
Dongsa	11	31.2876	77.6993
Dogni	11	31.3581	77.6767
Doghar Matla	11	31.4712	77.6650
Dobi	11	31.4796	77.7376
Doi	11	31.3687	77.5712
Dolag	11	30.9950	77.1403
Doula	11	30.9098	77.0146
Dochi	11	30.9241	77.1787
Dochi	11	30.9852	77.1607
Dohai	11	30.9721	77.2230
Doarli	11	30.8965	77.1785
Dob	11	30.9790	77.2561
Doblu	11	30.9624	77.2602
Dochi	11	30.9551	77.3529
Dobka	11	30.9439	77.3589
Dol	11	30.9153	77.3527
Donga	11	30.7801	77.3121
Doni	11	30.8545	77.4043
Dochi	11	30.9337	77.4201
Dohar	11	30.8645	77.3199
Domata	11	30.6588	77.3061
Donthal	11	30.6984	77.4630
Doiyonwala	11	30.5205	77.4969
Dowawali Dhani	24	27.5671	76.1003
Doba	24	27.5412	76.5250
Doroli	24	27.2870	76.7064
Domwala	36	30.0173	77.4634
Dolna	11	30.7485	77.5630
Dochi	11	30.6820	77.5781
Dochhi	11	30.6444	77.5358
Doiwala	11	30.5101	77.5009
Dor	11	30.6046	77.6005
Dohana	11	30.5996	77.6171
Dochi	11	30.6853	77.5876
Dor	11	30.6827	77.5853
Donra	11	30.6638	77.7006
Dokwa	11	30.6429	77.7173
Dodna	11	30.6163	77.7112
Dobnal	11	30.5516	77.6809
Dotana	24	27.8586	76.8280
Dongra	24	27.7807	76.7618
Doha	39	30.6345	77.9737
Donkwala	39	30.3081	77.9333
Dolawas	24	26.6773	76.3395
Dob	24	26.6729	76.3836
Dokuwa	24	28.5833	75.3211
Domanpuri	39	29.6516	78.0901
Dobla Bara	24	26.6152	76.1617
Dobla Chhota	24	26.6231	76.1895
Dosara	24	26.4492	76.3904
Dobhi	35	23.6792	78.9888
Dongri	24	26.2610	76.6814
Doma	35	23.4445	78.8496
Dongaria	35	23.1541	78.7258
Dongra	35	23.1965	78.8043
Donkpura	36	29.5063	77.1479
Dob	24	26.5028	76.7994
Doghat	36	29.1965	77.3697
Dongra	35	22.6837	78.0828
Dolaria	35	22.6541	78.0525
Dokrikhera	35	22.6922	78.3193
Dokrikhera	35	22.6564	78.3758
Dongargaon	35	22.5559	78.7361
Dolni	35	22.7110	78.6848
Douriyakhera	35	22.3760	78.6206
Dobridhana	35	22.2893	78.5458
Dob	35	22.3035	78.6538
Dobridhana	35	22.4256	78.6925
Dorli	35	22.2397	78.6741
Domri	35	22.0442	78.7439
Dongarkhapa	35	22.0698	78.6943
Doridhana	35	22.1155	78.6629
Dongarkhoh	35	22.7685	78.8891
Dongargaon	35	22.8548	78.8869
Dongarchikhli	35	22.2009	78.7580
Dodawani	35	21.9795	78.2408
Dongarpur	35	21.8135	78.0220
Domri	35	21.8011	78.4105
Dob	35	21.7883	78.4068
Dodiya Khas	35	21.9312	78.5366
Dodiyadhana	35	21.9116	78.5199
Dokarjhila	35	21.7704	78.7213
Dorli	16	21.3812	78.5779
Dongargaon	16	21.3053	78.6041
Dodki Tanda	16	21.1006	78.6634
Dodki	16	21.1056	78.6492
Dorli	16	20.3996	78.1586
Dorli	36	29.0406	77.7057
Dorli	24	25.4483	76.3850
Dother	09	24.2676	73.0443
Dongria	24	24.3097	73.2317
Dosanj	23	30.8460	75.2071
Dodawali	24	24.5666	73.5386
Dolari Patti	24	24.5120	73.7359
Dod	23	30.4707	75.0165
Domron ka Gurha	24	24.4536	73.8793
Dorikhera	24	24.3896	73.9931
Doburji	23	30.9803	75.2982
Donta	24	24.7936	76.1714
Dosaghata	24	24.5608	76.2332
Donga ka Baria	24	25.5683	74.0123
Doha ka Bas	24	25.5056	74.0052
Dola ka Khera	24	25.1338	74.6334
Doheli	36	29.5898	77.8907
Dolon Khurd	23	30.8177	75.7954
Dolon Kalan	23	30.8000	75.7824
Doburji	23	30.7806	75.9599
Dohai	36	28.7294	77.4787
Dostpur Mangrauli	36	28.4865	77.4171
Dostpur Mangrauli	36	28.4816	77.4030
Doman Tikri	36	28.6123	77.6880
Dohirpur Razakpur	36	28.5873	77.7449
Dodvaniya ka Khera	24	25.4818	74.6361
Dohla	23	30.3745	75.8838
Dogranwali	10	29.7970	75.0535
Dodai	24	24.5848	72.7226
Dotal	23	29.9359	76.0955
Domgaon	39	30.4171	78.0752
Dobhalwala	39	30.3354	78.0471
Domgaon	39	30.4115	78.1583
Dolsi	39	30.4818	78.2066
Domsi	39	30.4813	78.2405
Dongarpur	36	28.8355	79.0239
Dongargaon	24	24.4348	76.3744
Dongri	35	24.1496	76.3121
Dob	35	24.1336	76.2762
Dobra	35	24.0824	76.4859
Dolara	24	24.4865	76.5505
Doriyakheri	24	24.2602	76.5349
Dobra	24	24.4779	76.6366
Dokarikhoh	24	24.4832	76.6642
Dohni	24	24.6367	76.7903
Dolipura	35	24.3339	76.8696
Dorawarpalli	40	18.8089	79.5429
Dodi	16	19.6468	80.2417
Doditola	16	19.6644	80.2295
Dorai	24	26.0053	75.1195
Domi	36	28.7476	77.7946
Dong	29	27.1727	88.3322
Dong Basti	29	27.1941	88.4205
Dolep	28	27.1731	88.6281
Dolepchand	29	27.1949	88.6758
Domatola	37	21.7443	81.1715
Dondki	37	21.3908	81.2092
Dongartala	16	19.6260	76.7724
Dongarpur	35	26.3733	77.8674
Dongarpur	35	26.2906	77.7610
Dora	35	26.3537	77.9656
Dongarpurtal	35	26.3030	78.3224
Doni	35	25.8953	78.1124
Dochana	10	28.0733	75.9979
Dongarpur	35	25.7688	78.4379
Doaba	23	30.9289	76.0268
Doraha Mandi	23	30.8013	76.0404
Dolhara	16	19.6553	76.1864
Donwadi	16	19.3873	76.1420
Dokmal Tanda	16	19.3774	76.2001
Doksal	16	19.7489	76.3656
Doda	23	30.4286	76.0922
Dongargaon	16	19.3589	76.2876
Dodra	23	30.1413	76.1527
Dosalgaon	16	19.0198	76.7382
Dongarwadi	16	19.0539	76.8772
Doshat	12	34.7418	74.2752
Dotarpur	23	30.7701	76.4993
Dohora	36	27.8431	77.8033
Dolaba	10	30.1826	76.3920
Dosarna	23	30.8368	76.6047
Dongar Pipla	16	18.7520	76.3138
Dongargaon	16	18.8503	76.9394
Dongargaon	16	18.2786	76.7799
Doblewadi	16	18.2667	76.7980
Dorakhi	10	27.7330	77.0588
Domraki	24	27.5091	77.0228
Dondari	24	27.5815	77.1365
Dohar	10	29.8858	76.4128
Dodyal	16	17.5043	76.1571
Dombar Jalvage	16	17.6573	76.1482
Dorana	10	29.5278	76.4744
Dostpur	36	28.4039	77.8144
Dostpur Dadupur	36	28.1882	77.8367
Dondki	37	22.4845	82.4327
Dorkata	37	22.4149	82.4762
Dongama	37	22.2437	82.8478
Dodki	37	22.0381	82.9290
Domgaon	37	21.8321	82.1993
Dokladih	37	21.9220	82.0284
Dotopar	37	21.6434	82.2463
Dongritola	37	20.6370	81.0997
Dongarkatta	37	20.3469	81.1854
Dorki	37	20.7147	81.5863
Donar	37	20.7285	81.7046
Dongripara	37	20.6061	81.7075
Donrkawahi	37	20.3956	81.5128
Dongripara	37	20.2631	81.6639
Dompadar	37	20.3953	81.7278
Dohlapara	37	20.0239	81.6475
Dompadar	37	20.2655	81.8329
Dongripara	37	20.2976	81.9103
Dongardula	37	20.4042	81.9147
Dodrapara	21	20.0159	81.9245
Domnal	19	16.2900	76.0002
Doranahalli	19	16.6628	76.4196
Donkamadu	19	16.3516	76.3046
Dondamali	19	16.4920	76.9707
Dongaria	37	21.7735	81.2269
Domhatola	37	21.1987	81.0215
Dongitarai	37	21.6673	81.3220
Doma	37	21.3322	81.2937
Dokarbela	37	21.8976	81.5099
Doma	37	21.1398	81.6454
Donmardi	19	16.1791	76.8536
Donmardi	19	16.0083	76.8535
Doma	37	21.1096	81.8843
Donwada	16	19.0016	77.4485
Dongargaon	16	19.2097	77.4712
Dolara	16	18.9997	77.3594
Dongargaon	16	18.8021	77.0696
Dongarwadi	16	18.8259	77.2481
Dongargaon	16	18.7484	77.5069
Dornali	16	18.5152	77.3680
Doparwadi	19	18.3369	77.3027
Dongargaon	19	18.2885	77.3263
Donegaonwadi	19	18.2909	77.2689
Donegaon	19	18.2696	77.2488
Dongargaon	16	18.8793	77.6215
Dongaon	16	18.7581	77.6225
Dongaon Khurd	16	18.7455	77.6190
Dosni	16	18.5352	77.5160
Dongli	40	18.5181	77.7074
Dospalli	40	18.3303	77.5985
Dondgaon	40	18.3009	77.5918
Domalyergi	40	18.6314	77.7911
Dohin	36	27.4670	78.1847
Dongaon	19	17.0309	77.1916
Dotikol	19	17.4808	77.2868
Doshpur	36	27.4270	78.3774
Dorsa	36	27.2981	78.4373
Dorli	16	20.7813	78.4498
Donoda	16	20.5065	78.3322
Dorli	16	20.8319	78.5572
Dongargaon	16	20.9096	78.6862
Dongargaon Khurd	16	20.0361	78.5380
Dondora	16	20.4034	78.7997
Dongargaon	16	20.3285	78.9590
Dongargaon	16	20.1909	78.8384
Dorli	16	20.0702	78.7949
Dongargaon	16	20.0588	78.8504
Dol Dongargaon	16	20.1642	78.8896
Dongarpur	36	27.6537	78.5717
Doni	35	23.4446	79.6771
Dobhi	35	23.1934	79.6365
Dongarjhansi	35	23.0643	79.7226
Dohtari	35	23.5718	79.9580
Dohtara	35	23.5688	79.9536
Doni	35	23.4007	79.8566
Dojia	35	23.3841	79.9459
Doni	35	23.4813	79.9523
Dodhpur	36	27.9062	78.0868
Dorepalli	40	16.8727	77.6514
Dongargaon	35	22.9805	79.2453
Dorlidhana	35	22.4296	79.0029
Dodakuhi	35	22.3541	79.0006
Dokarghat	35	22.9389	79.2544
Donaiya	36	27.5294	78.8660
Dongarpura	35	26.5580	78.4251
Dobh	35	22.9784	79.5923
Dongargaon	35	22.8174	79.6472
Dokaranji	35	22.3318	79.7489
Dorlichhatarpur	35	22.0707	79.5646
Dostpur	36	26.9869	78.8838
Dorenal	40	16.2585	77.6591
Dokur	40	16.5932	77.8585
Dongasra	35	24.6232	78.0969
Dongra	35	24.5021	78.1872
Doshpur	36	27.5113	79.2304
Dongargaon	40	19.0809	78.1178
Doangaon	40	19.1753	78.1904
Dorli	16	19.8344	78.6084
Dongargaon	16	19.9160	78.7310
Doyalepura	24	26.3439	77.1309
Dompura	24	26.5311	77.3095
Dontanpalli	40	17.4150	78.2240
Dongargaon	35	21.8413	79.0926
Dokli Kalan	35	21.8098	79.0803
Dokli Khurd	35	21.7989	79.0905
Dongargaon	35	21.7589	79.1288
Dola	35	21.8469	79.1541
Dodapar	16	21.5782	79.0288
Dohanghat	16	21.3980	79.0267
Dorli	16	21.2800	79.1634
Dongargaon	16	21.0128	79.2318
Dongartal	16	21.5972	79.3538
Dongri	16	21.4425	79.3366
Dodma	16	21.0121	79.2568
Dongargaon Nawegaon	16	21.0654	79.4985
Dongriya	35	21.9512	79.6516
Dohelia	36	27.7836	79.5028
Doshpur	36	27.9292	79.6298
Dongarpur	35	26.3072	77.6318
Donari	24	26.8726	77.7535
Dobati ka Pura	24	26.8142	77.9030
Dobati	24	26.8074	77.8974
Dongarpur	24	26.7795	77.9811
Dobn	35	25.7310	77.0285
Dobh Kund	35	25.7221	77.0304
Dobha	35	25.4864	77.2430
Dongri	35	25.0675	77.1917
Dongarpur	35	25.0325	77.0953
Dodaguntapalli	40	16.4459	78.0526
Dondaipalli	40	16.2658	78.0826
Dodhe	16	21.2092	76.1371
Dodhe	16	21.0719	76.0833
Donur	40	16.7910	78.2654
Dongargaon	35	21.6267	76.3710
Dolhar	35	21.7327	76.2645
Dorgawan	35	25.3457	77.4409
Dongarpur	35	25.9438	77.5253
Dospur	36	27.3694	79.8640
Donrhahai	35	25.1283	77.5898
Dongarpur	35	25.2388	77.6520
Dorar	35	25.9509	77.7964
Domtor	35	25.9158	77.9086
Dongarpur Kalan	35	25.8227	77.9610
Doharda	35	24.9229	77.0525
Dongar	35	24.4844	77.1227
Dorana	35	24.4809	77.1829
Dob	35	24.2983	77.1389
Dongar	35	24.1335	77.2422
Dokriakheri	35	24.1341	77.0370
Dospur	35	24.7082	77.4842
Dorla	35	24.2482	77.4117
Dorkhera	35	24.1770	77.3927
Dondkheri	35	24.0896	77.4638
Dogra	35	24.5292	77.6637
Dongra	35	24.3220	77.7477
Dongra	35	24.2572	77.8747
Doniyal	40	16.7044	78.9869
Donkal	40	17.0533	79.1643
Domalpalli	40	17.0809	79.1392
Dorai	36	27.8725	78.4087
Dobagarh	36	27.7408	78.3384
Dondpura	36	27.2213	78.4775
Donkeli	36	27.1160	78.4483
Donrhai	36	27.8362	78.6942
Dorepalli	40	16.9931	79.1849
Doman	36	26.7935	79.9081
Dohrapur	36	26.3234	79.7791
Dobha	36	26.2749	79.8610
Donki	36	27.4894	78.5745
Dodalpur	36	27.4576	78.7150
Dohri	36	25.6979	79.9750
Doramnagar	36	25.9417	79.5427
Dohnar Khera	35	25.0253	80.3620
Dongasra	35	24.2896	79.3522
Doba	35	24.4083	79.3891
Dolipur	36	25.5972	81.0543
Domanmau	35	22.3140	76.9849
Domri	35	22.3192	76.8774
Dogara	36	25.4460	79.1550
Doora	36	25.4430	79.2116
Domara	35	21.8694	76.2356
Doni	35	25.1171	79.6177
Doni	35	25.2132	79.9047
Dongarpura	35	24.4236	79.0593
Dongarpura	35	24.6837	79.3201
Doripur	36	25.9027	82.9180
Dongarpur	24	26.9192	78.1306
Dohra	35	26.6758	78.2257
Dohri	35	26.6777	78.2292
Dongarpur Laudha	35	26.5419	78.1432
Dongarpur Kirar	35	26.5105	78.0832
Dongargaon Kalan	35	21.2644	76.3280
Dongargaon Khurd	35	21.2659	76.3325
Doiphoria	35	21.3202	76.4566
Donglapani	35	22.8340	77.0218
Dobhan	35	22.6747	77.1089
Dongri	35	22.7878	77.4708
Doraon	35	24.5140	82.1204
Domri	36	25.3087	83.0294
Domanpatti	36	25.3139	83.1245
Dodapura	36	26.8685	78.5148
Doba	36	26.8400	78.7440
Dongarpur	35	26.0999	78.6562
Domri	36	25.2037	83.0519
Dohri	36	25.0632	83.0567
Dohri	36	25.1582	83.1403
Donrapur Muafi	36	25.0377	83.2102
Donrapur	36	25.0343	83.2088
Donal ka Pura	35	26.4734	78.8677
Dongria	35	22.9003	77.8401
Dobh	35	22.5697	77.8622
Dodra	16	21.4257	76.8936
Doni	35	25.6887	78.1604
Dogarpur	35	25.6323	78.0478
Dora	36	25.6868	83.2919
Doria	36	25.6765	83.2899
Domagor	36	25.5028	78.4354
Dolkhed	16	20.7461	76.2739
Dongri	36	25.4143	78.4818
Dongargaon	16	20.6960	77.0981
Donad Khurd	16	20.5624	77.1767
Donad Buzurg	16	20.5606	77.1749
Doglanpani	35	22.0780	77.0269
Dolariya	35	22.3020	77.2980
Dobhri	34	25.1542	83.4994
Dohar	35	25.9319	78.5808
Dodyakahu	35	22.3046	77.6902
Doljam	35	22.0888	77.5711
Dolidhana	35	22.0576	77.8824
Dori	35	22.0872	77.8599
Dondapur	36	25.9829	83.5785
Domanpur	36	25.9645	83.5449
Dorsanr	36	25.8237	83.5902
Dongargaon	16	20.6768	77.5639
Donad Buzurg	16	20.5476	77.6376
Donad Khurd	16	20.5519	77.6560
Dodajam	35	21.7594	77.3927
Dodajam	16	21.7581	77.3593
Dolaram Parao	16	21.6293	77.3106
Dori	35	21.9340	77.5269
Dokiya	35	21.8049	77.6727
Doma	16	21.5468	77.5656
Doghara	34	25.1944	83.5880
Doghara	34	25.1283	83.5363
Doia	34	25.2054	83.9912
Domaga	16	20.4795	77.7437
Dongia	36	24.9013	83.0204
Dongargaon	16	20.2227	77.5026
Dongarkheda	16	21.2247	77.1534
Dobanballa	16	21.3513	77.3674
Dombala	16	21.0176	77.3630
Donora	16	21.1296	77.5287
Dongargaon	16	21.0028	77.5242
Domak	16	21.2992	77.8125
Donad	16	21.0758	77.7927
Donvada	16	20.8558	77.0682
Dodki	16	20.1068	77.0711
Dodki	16	20.6644	77.2505
Dongarkheda	16	20.3350	77.4348
Doni	16	20.1255	77.4832
Dolamb	16	20.0400	77.8849
Dolhari	16	20.0442	77.8647
Dongargaon	35	21.7005	79.7433
Dongri Buzurg	16	21.5608	79.6733
Dongargaon	16	21.3424	79.6599
Dongariya	35	21.9782	79.7951
Dorli	35	21.9699	79.8340
Dondiwara	35	21.8930	79.7775
Dorlitola	35	21.7701	79.9161
Dorli	35	21.7630	79.9186
Dongariyatola	35	21.6515	79.9716
Dongariya	35	21.6560	79.9657
Dongariya	35	21.5362	79.8888
Dongardev	16	21.2288	79.7660
Domaria	36	24.7382	83.1200
Domardiha	36	24.1933	83.2108
Doria	36	24.7354	83.3727
Domaria	36	24.6444	83.2839
Dohar	36	24.4885	83.3012
Dohri	38	24.4613	83.4205
Doman	36	24.4523	83.3816
Donrwakhari	36	24.3725	83.3065
Dolatola	36	24.0590	83.2714
Dohar	34	24.9202	83.5761
Dol	38	24.0653	83.5398
Dongar Mauda	16	20.9134	79.4801
Dongargaon	16	20.5936	79.3462
Dogarla	16	20.6254	79.3444
Dongargaon	16	20.7958	79.5190
Dongargaon	16	20.9969	79.6987
Dokesarandi	16	20.7615	79.8070
Dongargaon	16	20.9674	79.9181
Dongargaon	16	20.9479	79.9667
Donad	16	20.7252	79.7940
Dongargaon	16	20.4681	79.0094
Dongargaon	16	20.3491	79.6816
Dorli	16	20.4300	79.9413
Dongargaon	16	20.4228	79.9883
Dongar Saungi	16	20.3803	79.9772
Dongargaon	16	20.2218	79.9515
Dongargaon	16	20.0939	79.9967
Donara	16	20.0214	79.9535
Dongargaon	16	18.8637	76.6885
Dongarpipla	16	18.8546	76.6769
Dondwadi	16	18.7570	76.5815
Dolhari	16	20.4019	77.8086
Dohopal	38	24.0559	83.8602
Dongargi	19	18.0451	77.4044
Dongargaon Tanda	16	19.4457	78.1716
Dongargaon	16	19.4382	78.1656
Dontikunta	40	17.7411	78.3795
Domadugu	40	17.6556	78.3741
Doddi	40	17.2627	78.3682
Dogera	24	27.9340	76.3458
Dongariya	35	23.3026	78.1181
Dondlapalli	40	16.8880	78.0991
Doddipalli	40	16.8501	78.0795
Dodalonipalli	40	16.7647	78.0065
Dongaria	35	23.0971	78.1392
Donipamla	40	16.9819	78.9830
Donatra	36	25.7348	80.5041
Dobra	24	24.7805	76.3698
Dobra	24	24.8869	76.3726
Dobri	24	24.8936	76.3659
Dorani	24	24.8758	76.4752
Dospad	40	17.0224	79.6159
Dongaria	36	24.4384	78.4093
Dombari	36	25.2685	80.6662
Dorna	36	24.4538	78.5128
Dongra Khurd	36	24.3666	78.6167
Dongargaon	16	19.7476	78.3218
Dongargudium	40	19.7418	78.3801
Dongra Khurd	36	24.4401	78.8627
Dongra Khurd	36	24.4262	78.8513
Dongargaon	40	19.5129	78.5068
Dongargaon	16	19.8690	78.8370
Downa	40	19.6207	78.7644
Dolip Kalan	36	27.0217	79.2186
Dongrah	35	24.8619	80.1348
Dol	35	24.7844	81.3354
Dori	35	24.9647	81.4552
Dohi	35	24.5177	81.2592
Dobha	35	24.5483	80.1560
Doma	35	24.3485	81.1158
Doma	35	24.4759	81.2504
Dokarbandh	35	24.1430	81.6124
Dol	35	24.2655	81.8840
Dobridhana	35	22.2606	78.4486
Dokli	35	22.1061	78.2666
Dodidhana	35	22.0147	78.2507
Dorlidhana	35	22.0330	78.4545
Dongaria	35	22.1760	78.4412
Dongra	35	22.4182	78.8486
Dongaria	35	22.2614	78.8243
Doramau	35	22.3831	78.8735
Dohlan	35	21.6837	78.0912
Dongarpur	35	21.5806	78.1368
Dolankhapa	35	21.7082	78.6040
Dodewani	35	21.6937	78.6230
Dodewani Ryotwari	35	21.6872	78.6174
Dokdoh	35	21.5664	78.7379
Doman Khera	36	25.3532	80.8602
Dorli	16	21.2546	78.7808
Doshpur	36	27.5839	79.3917
Doshpur	36	27.6426	79.3848
Dongaria	35	23.4712	79.0765
Dongargaon	16	20.3323	78.5612
Dorla	16	20.3011	78.7353
Doari	35	24.6322	80.4626
Dongar Salaiya	35	23.4237	79.0610
Dobhi	35	23.2832	79.0071
Dora	35	24.1329	80.4260
Dompur	36	25.7642	82.2259
Donaipur	36	25.8571	82.1709
Donai	36	25.7976	82.4701
Dompur	36	25.8904	82.4180
Dodapur	36	25.5223	82.6820
Dodapur	36	25.5696	82.6525
Domrikot	36	25.6363	82.7256
Dongargaon	35	23.0991	79.2613
Dongaria	35	23.0174	79.4204
Dobakhera	35	23.0361	79.4533
Dobha	35	24.4852	80.1249
Dohli	35	23.8791	79.9074
Donri	35	24.3072	80.6085
Dolchi	36	25.6860	81.3003
Dorma	36	25.6796	81.2949
Dorapur	36	25.6625	81.2909
Dongaria	35	22.7262	79.5978
Dongaria	35	22.5184	79.6060
Dobhi	35	22.7661	79.8963
Dodilpatti	36	25.2766	82.3892
Domanpur	36	25.2454	82.4806
Don ka Pura	36	25.3876	82.5319
Domanpur	36	25.4320	82.5965
Domanpur	36	25.3592	82.6241
Domaila	36	25.2942	82.7068
Domanpur	36	25.3096	82.7477
Donri	35	24.1996	80.5247
Doharia	36	25.2762	82.1557
Domanpur	36	25.1739	82.7831
Dongaria	35	22.6223	79.7628
Dola	35	22.6968	79.9191
Dogargawan	35	24.0507	80.5708
Dol Patehra	35	24.7815	82.0399
Dol Patehra	35	24.7888	82.0359
Dohar	36	24.8355	82.3074
Dohtawa	36	24.9569	82.6194
Dorihar	36	24.7155	82.7689
Doari	35	24.5484	82.7788
Doraj	35	24.5454	82.7585
Domhar	36	24.6837	82.8882
Domkhari	36	24.6801	82.8495
Domkhari	36	24.6933	82.8546
Dohari	36	24.7196	82.9328
Dobra	24	28.4033	75.7551
Dondki	35	24.3379	82.1533
Dol	35	24.3899	82.1857
Dol	35	24.3196	82.3631
Dongahwa	35	24.2113	82.5883
Domarchuan	35	24.2351	82.7442
Dob	36	24.4643	82.8416
Doguna	36	25.2375	82.2138
Dohta	36	25.0087	82.2285
Dosipur	36	25.6786	82.4127
Dogharia	36	26.6066	80.9611
Dondepur	36	26.3278	80.8685
Dokanha	36	26.2697	80.9416
Dompur	36	25.7131	82.9624
Dobhi	36	25.6092	82.9828
Dostpur	36	26.1784	80.9183
Dolapur	36	26.0010	80.8457
Domanpur	36	27.8766	81.0249
Dogharia	36	27.6991	81.0538
Dondepur	36	27.6168	81.1144
Dondi Purwa	36	27.6404	81.2348
Doharapur	36	27.4115	81.1351
Dondpur	36	27.4746	81.2236
Dobha	36	27.6837	81.5316
Dondi Purwa	36	27.5753	81.5315
Dogain	36	25.7941	83.8924
Domar Kothi	36	25.7787	83.8804
Dogarhi	36	27.6877	81.8013
Dogahra	36	27.6881	81.8007
Doman Ahlad	36	27.0918	81.8243
Doma Kalpi	36	27.0700	81.8456
Dorianpur Tikaiti	36	27.0930	81.9560
Donarwa	36	27.2203	81.9430
Domar Khoka	34	24.5337	83.5152
Donduwani	35	22.4130	79.7752
Dokarranji	35	22.3441	79.9078
Dobh	35	22.3954	79.9271
Doia	34	24.8905	83.7776
Doriawan	34	24.9696	83.9772
Doghara Purwa	36	26.7562	81.0683
Dostpur	36	26.5219	81.0818
Doria	36	26.6700	81.1507
Dondipur	36	26.6883	81.2399
Dodmajhari	16	21.1461	79.7379
Doyajnagar	36	29.0328	78.4644
Doharia	36	26.7413	81.4950
Dongarla	16	21.4009	79.7744
Dongargaon	16	21.3708	79.9925
Dogi Baihk	12	34.2052	74.1231
Dowaran	12	34.1290	74.0735
Dobagiran	12	34.1160	74.1230
Dothchon	12	34.0350	74.1722
Dongargaon Buzurg	16	20.9864	79.0314
Dongangaon	16	20.7967	79.1946
Dodi Bamnauli	36	29.1997	78.6321
Dobriya	39	29.6997	78.8466
Dondamaphi	36	24.9989	80.9038
Domanpur Purwa	36	26.2637	81.0052
Domanpur	36	26.2653	81.0022
Dongargaon	16	20.2092	79.0863
Dodrajpur	36	29.0104	78.7838
Dodrajpur Mazra	36	29.0036	78.7751
Domapur	36	26.3740	81.3561
Dodrajpur	36	29.0068	78.7864
Dongargaon	16	20.5922	79.5354
Doma	16	20.5809	79.5058
Dongargaon Khurd	16	20.5975	79.6481
Dongargaon Buzurg	16	20.6038	79.6559
Domanpur	36	26.3447	81.9241
Dongargaon	16	20.1723	79.6765
Doli	35	24.0462	80.8954
Domkani	16	21.0997	74.2527
Dongrala	16	21.1990	74.4043
Domkhera	36	28.7502	78.3253
Doghala	16	19.6218	77.0490
Dobahan Purwa	36	27.2254	81.6852
Dokanahi	36	27.4663	81.8189
Dohelwa	36	27.3947	81.8079
Dol Kunwan	36	27.2936	81.8232
Dondwa	36	27.2909	81.9202
Dongargaon	16	19.7085	77.4419
Dohri	36	28.3545	78.3907
Donwad	16	19.9328	77.9694
Dongargaon	16	19.6903	77.9775
Dondi	36	28.7349	78.6001
Doheli	36	28.5412	78.6501
Dohri	36	28.5756	78.7454
Dohari Jit	36	26.8988	81.8664
Dostpur Raghu	36	26.8012	81.8839
Domghar	36	28.7305	78.7846
Dodi	12	33.7224	74.3122
Dofali	12	33.6598	74.3892
Dodewali	12	33.5881	74.3770
Dorewali	12	33.5764	74.3736
Domahi	36	27.7291	82.0525
Dode Dih	36	27.7464	82.2444
Doan Chanda	40	18.9577	78.4869
Doankal	40	18.8302	78.4259
Doanpal	40	18.7808	78.4828
Doda Nar	12	33.4381	74.5755
Dosiii	12	33.3934	74.6333
Dobata	12	33.4442	74.6605
Doaria	36	27.4549	82.0844
Doaba	36	27.0086	82.1392
Domariaganj	36	27.3119	82.2853
Doman Purwa	36	27.2884	82.2777
Dobha	36	27.2606	82.2974
Dora	36	27.2802	82.4672
Donakal	40	18.4827	78.3303
Douhrin	36	27.0212	82.3171
Doman Dih	36	27.1786	82.4514
Dohra	36	27.0244	82.3479
Domarcharla	40	18.1397	78.4278
Dongal Dharmaram	40	18.0603	78.4989
Dopharia	36	27.2813	82.6119
Dokam Amia	36	27.3331	82.6095
Dokam Dih	36	27.3307	82.6090
Dobail Tiwari	36	27.2946	82.7151
Dopedia	36	27.3310	82.7400
Dolwa	36	27.1180	82.7283
Dokara	36	27.1518	82.7739
Dobail Pande	36	27.2108	82.8074
Dokharwa	36	27.0142	82.8135
Domaria Pande	36	27.2410	82.8871
Domaria Lala	36	27.2363	82.9018
Domala	40	18.3898	78.6776
Domanapet	40	18.3392	78.5692
Donar	12	33.7681	74.7530
Doyan	12	33.9485	74.7989
Dodur	12	33.8610	74.8703
Dogom	12	33.9312	74.9379
Dots	12	33.7626	74.9540
Dopur	12	33.7557	74.9321
Dostpur	36	26.6568	82.1163
Dompalpalli	40	18.1627	78.6935
Domat	40	18.0128	78.6225
Dondwapur	36	26.3483	82.1179
Dohia	36	26.0575	82.0690
Domanpara	36	26.2402	82.1929
Domanpur	36	26.0354	82.1726
Domnipur	36	26.1581	82.2251
Doga Nar	12	33.3011	74.7812
Dodowali	12	33.3538	74.9171
Doga	12	33.4203	74.8825
Dondrapalli	40	18.5393	78.9003
Dondar	35	25.0392	81.3055
Dondiya	36	25.1579	81.4142
Dostgampur	36	26.5035	82.2849
Dostpur	36	26.6620	82.3714
Domanpur	36	26.2969	82.3040
Domanpur	36	26.2911	82.2571
Domnepur	36	26.4455	82.4968
Dobauli	36	26.1802	82.2617
Dobhaun	36	25.7565	83.1340
Dondipur	36	26.2530	82.5821
Domapur	36	26.2118	82.5129
Domanpur	36	26.0190	82.6689
Dosaon Dih	36	26.9303	82.9975
Donru	36	26.4429	82.7830
Domanpur	36	26.2929	82.9653
Dostpur	36	26.1480	82.7963
Dostpur	36	26.0080	82.9391
Domaria Buzurg	36	27.1469	83.0600
Domingarh	36	27.1938	83.1747
Dogirpur	12	33.8510	75.0463
Dograra	36	25.9670	81.6727
Dobhai	36	26.8547	83.1469
Doharia Kalan	36	26.7950	83.2044
Doharia Khurd	36	26.7966	83.2097
Domadih	36	26.6253	83.0886
Domari	36	26.6271	83.0991
Domardanr	36	26.7224	83.1403
Donro	36	26.6767	83.2205
Dodhi	36	26.4750	83.1155
Domari	36	26.4168	83.1185
Dodopur	36	26.0472	83.0720
Dolahar Pura	36	26.0344	83.1826
Dobarhan Khurd	36	26.1319	83.1649
Doharia	36	26.7914	83.2797
Doharia Bazar	36	26.7933	83.2723
Domingarh	36	26.7590	83.3272
Dorain	36	26.8936	83.3679
Doharia Prannath	36	26.6395	83.2552
Domardand	36	26.5769	83.3581
Donkhar	36	26.5541	83.3484
Dobauli	36	26.6129	83.4625
Domrdand	36	26.7057	83.3890
Domraila	36	26.5577	83.4734
Doharia	36	26.5339	83.2848
Doharia Bansdeo	36	26.6346	83.2533
Domri Majharia	36	26.4350	83.4016
Dombarwa	36	26.8614	83.6594
Domai Tola	36	26.9144	83.6809
Domri	36	26.8170	83.6796
Domri	36	26.5407	83.4990
Dondari	36	26.6562	83.6098
Domardila	36	26.4658	83.6025
Domri	36	26.2873	83.5938
Doshpura	36	26.1791	83.6615
Domki	12	33.2693	75.0700
Dokir	12	33.8219	75.4123
Dolwas	12	33.8229	75.3982
Doke	37	19.1557	80.5999
Doth	36	26.1518	83.7896
Dobsar	36	26.0290	83.8875
Domri	36	26.1349	83.9384
Dond	12	33.5064	75.6041
Dori Dih	36	25.6417	83.6776
Donrapur	36	25.6394	83.7433
Dodla	40	18.3555	80.3185
Dokrj	12	33.4431	75.5514
Dobaggi	12	33.3170	75.5634
Dorlapara	37	18.9534	80.6808
Dongarbarro	35	23.3184	80.0810
Doli	40	18.3431	80.7062
Dondi Piparia	35	23.2294	80.0841
Dobhi	35	23.0512	80.0646
Dongaria	35	23.0530	80.1310
Dongaria Tola	35	23.0613	80.1336
Dongargaon	35	23.1706	80.1874
Doli	35	23.1729	80.2275
Dongargama	35	23.9658	80.3232
Dongaria	35	23.6431	80.2718
Donri	35	23.5502	80.2689
Dongru	12	33.1720	75.6849
Dogga	12	33.0205	75.7271
Donlil	12	33.2135	75.6771
Dongaria	35	23.0278	80.3248
Dongargawan	35	23.3917	80.5600
Domdadar	35	23.3302	80.6397
Dobhi	35	23.3058	80.6757
Dongargawan	35	23.4486	80.7562
Donakhera	35	23.2365	80.5754
Dobhi	35	23.1163	80.7201
Dobha	35	23.7462	80.9802
Dongaria	35	23.2084	80.8028
Dohania	35	23.1779	80.9576
Doidraman	12	33.3201	75.8574
Dobhati	12	33.4699	75.9574
Donalli	12	33.1326	75.8515
Doanir	12	32.5433	75.1541
Dora	12	32.6171	75.1423
Dorgarh	12	32.6798	75.1317
Doaian	12	32.5697	75.2327
Donga	12	32.6398	75.2532
Dongiyan	12	32.5709	75.4170
Dodora	12	32.6166	75.4303
Donga	12	32.6787	75.3471
Dostpur	23	32.3090	75.3646
Dobli	12	32.3494	75.3683
Donrhakiya	35	25.0994	81.5621
Donrhiya	35	25.0742	81.5694
Donrhiya	35	25.0725	81.5588
Domhar	36	25.1844	81.7196
Donrhiya	35	25.0004	81.5105
Dona Fattuwala	23	30.6183	74.1390
Dona Baggeke	23	30.6202	74.1427
Dogranwala	23	30.5808	74.2471
Dona Ghurka	23	30.5225	74.0368
Dona Hasta	23	30.5060	74.0070
Dorangla	23	32.1067	75.3102
Dodwan	23	32.1435	75.4160
Doburji	23	32.1783	75.4025
Doburji	23	32.1155	75.4867
Domipur	36	25.8642	81.7685
Dondpur	36	25.8537	81.8631
Domnipur	36	25.9519	81.9461
Dol	12	32.4330	75.5822
Doshibagh	36	25.3877	81.8495
Dongariha	35	24.8538	81.2104
Donri	35	24.8831	81.1738
Doaba	23	32.1411	75.5021
Dongargaon	35	22.4097	74.2818
Dolkili	35	22.3893	74.3665
Dokalkua	35	22.4829	74.4494
Dongargaon	35	22.2154	74.7352
Dongargaon	35	22.1474	74.9580
Dowar Sural	23	32.3551	75.7772
Dodar	11	32.4644	75.9990
Dormaripura	35	22.4854	75.5128
Domvada	35	21.8184	75.3070
Dongargaon	35	21.9416	75.4069
Dondra Tola	35	22.9049	80.1538
Dokaikheda	16	20.8185	75.4192
Domgaon	16	20.8411	75.4762
Dongargaon	16	20.5797	75.3732
Dongaon	16	20.2284	75.1548
Dongargaon	16	20.2740	75.4219
Dobhi	35	22.5461	80.1234
Dokarkuhi	35	22.7398	80.2424
Dobhi	35	22.5382	80.2083
Dongargaon	16	20.3365	75.6800
Dongargaon	16	20.0415	75.7619
Dongaon	16	20.0314	75.9274
Dode	23	31.5029	74.7464
Dongaria	35	22.4914	80.0691
Dongaria	35	22.4690	80.0213
Dongaria	35	22.4820	80.1405
Dongaria	35	22.4865	80.1202
Dodia	24	24.8860	72.7472
Dode	23	31.3841	74.6066
Dohra	35	22.0330	80.0270
Dongarbodi	35	22.0756	80.1158
Dobha	35	22.7993	80.3864
Dobhi	35	22.8093	80.3844
Dongitarai	37	20.9200	81.3714
Dotopar	37	20.8249	81.4647
Dokla	37	20.6619	81.4251
Domaharra	37	20.2422	81.2945
Dongargaon	37	20.3016	81.2670
Dongripara	37	20.3080	81.3829
Dongripara	37	20.2854	81.4332
Doma	37	20.8178	81.5913
Dongaria	35	22.4666	80.2522
Dongaria	35	22.3119	80.4112
Dongaria	35	22.1962	80.2729
Dorli	35	22.1391	80.3106
Dora	35	22.0392	80.3881
Dora	35	22.0475	80.3893
Dokarghat	35	22.9537	80.5485
Dongargaontola	35	22.7742	80.5161
Dongargaon	35	22.7632	80.5229
Dobhi	35	22.9295	80.6073
Dongaria	35	22.5497	80.5134
Dongar Mandla	35	22.6237	80.6249
Dongra	35	22.4286	80.7254
Dogar	23	31.9081	74.9703
Doburji	23	31.7504	74.8854
Doburji	23	31.4987	74.9042
Doblian	23	31.4318	74.7636
Dogalwala	23	31.4138	74.9718
Dogri	23	31.3820	74.9894
Dodher	23	31.2550	74.9239
Dongaria	35	22.7755	80.9834
Dobli	23	31.2015	74.7897
Dodwa	10	29.0930	76.8370
Dobheta	10	29.1261	76.8649
Dodh	23	30.8438	74.5194
Domniwala	23	30.9394	74.6658
Dongariatola	35	22.0045	80.8609
Dongaria	35	22.0131	80.8520
Doburji	23	31.8570	75.0927
Doburji	23	31.9896	75.1085
Doburji	23	31.8832	75.2419
Dongaria	35	21.8154	80.1154
Dokarbandi	35	21.8887	80.0891
Dorli	35	21.9664	80.0865
Dongarbori	35	21.9696	80.1525
Doda Wazir	23	31.2698	75.1436
Doda Saudagar	23	31.2913	75.1292
Domana	23	31.1614	75.2118
Doke	35	21.6785	80.0690
Dongargaon	35	21.7171	80.0980
Dongarmali	35	21.6369	80.1048
Dongargaon	16	21.4715	80.1026
Dongrutola	16	21.3823	80.1492
Dodka	16	21.1939	80.2304
Dongargaon	16	21.1296	80.1759
Dongargaon	16	21.0657	80.2419
Dongargaontola	16	21.0729	80.2383
Dogatola	35	21.7262	80.3623
Dongargaon	35	21.5840	80.3973
Dorli	35	21.5441	80.4445
Dongargaon	35	21.7679	80.4900
Dongargaon	16	21.4350	80.3495
Dobkasa	37	21.1681	80.4692
Dokoha	23	31.6575	75.3807
Doulowal	23	31.6173	75.4917
Dongaria	35	21.9030	80.5204
Dograbwala	23	31.3832	75.3519
Doburji	23	31.3966	75.4133
Dornadi	24	25.9896	73.8978
Doi	24	25.8085	73.9418
Dongargaon	35	21.4080	80.5467
Dongritola	37	22.8134	82.0456
Dongartola	37	22.7201	82.0309
Dohar	23	31.9437	75.8581
Dour	11	31.8314	75.9898
Dongartarai	37	22.5423	82.4814
Domatola	35	21.8564	80.8182
Dongaria Rawat	35	21.8293	80.8049
Dongaria Marar	35	21.8325	80.8136
Dongaria	37	21.8292	80.8771
Dongripara	37	22.3992	82.0698
Dongi	37	22.3478	82.1139
Donasagar	37	22.3491	82.1001
Dongripara	37	22.3640	82.2082
Domohani	37	22.0424	82.2155
Dongargaon	35	22.5432	75.7416
Dondvada	16	21.1698	75.2051
Dodhvad	16	21.1741	75.1083
Dongaon Budrukh	16	21.0600	75.4754
Dongaon Khurd	16	21.0600	75.4778
Dongargaon	35	21.8976	75.6721
Dorki	37	21.1903	80.8715
Dongripandri	37	22.2150	82.5587
Dongripara	37	22.1553	82.5301
Dongri	37	22.1489	82.5308
Dongra	37	22.1971	82.6612
Dongribhata	37	22.2014	82.7385
Doni	37	22.9434	82.8376
Dokarmana	37	22.7014	82.9075
Dondro	37	22.4222	82.7743
Dongdarha	37	22.2700	82.8208
Dongargaon Ton	16	20.1572	75.3755
Dongargaon	16	20.1088	75.4741
Donvad	16	20.0071	75.4935
Donrki	37	21.9369	82.2950
Donga Koharod	37	21.8382	82.4341
Dongra	37	21.6521	82.3781
Dongridih	37	21.6420	82.3850
Dongargaon	16	20.8773	80.0905
Domuhani	37	21.6610	82.7328
Domadih	37	21.7613	82.8277
Dongahadera	37	21.9228	82.9464
Dongia	37	21.9213	82.9396
Dongridih	37	21.7872	82.9437
Doma	37	21.7746	82.9916
Dongiabhata	37	21.6748	82.8056
Dokridih	37	21.6435	82.7673
Doto	37	21.6326	82.8052
Domadih	37	21.5802	82.9614
Donggripali	37	21.0666	82.2269
Dokarpali	37	21.1387	82.3444
Dokarpali	37	21.1122	82.4412
Dongejhar	37	21.1056	82.5782
Dongargaon	37	21.0102	82.5921
Dongripali	37	21.0405	82.6148
Dongripali	37	21.1992	82.7020
Donga	36	27.0249	80.5002
Dongartamasi	16	20.6419	80.0108
Dongarmendha	16	20.6480	80.0659
Dongargaon	16	20.5622	80.0393
Dongargaon	16	20.5311	80.2098
Dongargaon	16	20.7473	80.1918
Dostpur	36	27.8033	80.7650
Dostpur	36	27.6590	80.9096
Dobha	36	27.4390	80.8436
Dongrapur	36	27.4691	80.9292
Dodmanpur	36	27.4988	80.8882
Dongartamasi	16	20.4235	80.1347
Dongargaon	16	20.8858	80.3979
Dosanjh Kalan	23	31.1732	75.8420
Dosanjh Khurd	23	31.0836	75.7774
Dorar Adwar	11	32.9223	76.1974
Dolha	11	32.8966	76.1180
Donka	11	32.8328	76.1818
Dob	11	32.8379	76.1567
Dona	11	32.8444	76.0694
Doluan	11	32.7755	76.0885
Doari	11	32.7265	76.2452
Dobi	11	32.6919	76.1214
Dobola	11	32.6003	76.1601
Dob	11	32.6032	76.1462
Donriar	11	32.5589	76.1819
Dodar	11	32.5155	76.1209
Dongargaon	16	20.6389	80.3615
Dorke	16	20.7412	80.4465
Dongarhur	16	20.4110	80.3444
Dodhi Adwar	11	32.4763	76.0290
Dodhi	11	32.4739	76.0227
Dobhu	11	32.4548	76.0625
Dochar	11	32.4740	76.1636
Dodha	11	32.3828	76.0028
Donardi	11	32.3251	76.0836
Dohar	11	32.3003	76.1156
Dohara	11	32.3096	76.0665
Dongartola	37	20.2448	80.4717
Doranda	16	20.0112	80.4853
Dongargaon	37	20.8240	80.6411
Dovra	24	25.2106	73.9352
Dovar ki Bhagal	24	25.0499	73.8057
Dovda	24	25.0443	73.7929
Dobh	11	32.1916	76.1777
Dogriata	11	32.0016	76.1196
Dorke	37	20.7330	80.6279
Dongeli	37	20.3488	80.6428
Domi Kalan	37	20.2150	80.5141
Dorke	37	20.1474	80.5296
Dorde Kadar	37	20.1328	80.7436
Dorde	37	20.2116	80.6994
Dorh	11	32.7184	76.2753
Dongaghat	37	20.7644	80.7597
Dokla	37	20.5321	80.8583
Dokla	37	20.5219	80.8625
Dokal Konde	37	20.5434	80.8589
Dongritola	37	20.5870	80.8936
Dorba	37	20.4841	80.9233
Dorkainhur	37	20.1451	80.8761
Dorde	37	20.2353	80.9214
Dongaria	35	22.7195	81.1306
Dongritola	35	22.7653	81.4042
Dongartola	35	22.8278	81.4796
Dobal	11	32.4248	76.3234
Dongaria	37	22.1739	81.3419
Dongaria	37	22.0626	81.4789
Dondia	35	22.9573	81.5931
Dorihatola	35	22.7933	81.6181
Dol	11	32.0551	76.3866
Doghara	36	27.2115	81.0490
Dokalia	36	27.1260	81.1046
Dobata	36	27.0025	81.2125
Doghara	36	27.1355	81.1800
Dongrigarh	37	22.3655	81.5614
Dongaria	37	22.3076	81.6569
Domanpur	37	22.2472	81.5036
Donda	37	22.0343	81.5085
Dokidih	37	22.0559	81.6290
Dongritola	37	22.8750	81.8608
Dongaria	37	22.8550	81.9489
Dosla	24	26.0856	74.2669
Dohal	11	32.0667	76.5398
Dohki	11	32.0174	76.6167
Dongrapara	37	22.7025	81.8725
Domani Simana	11	32.1236	76.7597
Domanpur	37	22.2677	81.7811
Dola	11	31.9565	76.1521
Dodrah	11	31.8639	76.1226
Dolelian	11	31.7580	76.1873
Domanpur	37	22.0902	81.8020
Dokla	37	21.6662	81.6102
Dohtara	37	21.8800	81.8552
Dongaria	37	21.6508	81.8255
Donde Khurd	37	21.3190	81.7544
Donde Kalan	37	21.3316	81.7672
Dogarpur	23	31.1793	76.1305
Dosangh	23	31.1611	76.0073
Dodhala	23	31.0485	76.0498
Dohdru	11	31.9486	76.3303
Dohg	11	31.9255	76.2690
Doli	11	31.8559	76.3361
Dol	11	31.8872	76.2889
Dol	11	31.8442	76.4753
Dol	11	31.7624	76.4185
Dodru	11	31.7887	76.4108
Dohg	11	31.8351	76.2974
Dodahn	11	31.8408	76.2655
Dol	11	31.8140	76.3005
Doli Gharana	11	31.7774	76.3434
Dodan Kalan	11	31.7628	76.3336
Dodun	11	31.7781	76.2894
Dobbar	11	31.7793	76.4068
Dol	11	31.9030	76.2769
Dol	11	31.8929	76.3614
Dol	11	31.9393	76.3618
Dolra	11	31.2388	76.6553
Dobehta	11	31.2286	76.7066
Dodru	11	31.1901	76.7299
Dol	11	31.1465	76.7007
Dol	11	31.1414	76.7158
Dolowal	11	31.1045	76.6787
Dol	11	31.0951	76.7183
Dohra	11	31.0882	76.7258
Doburzi	23	31.0352	76.5591
Dolian	23	31.0113	76.5255
Dongripali	37	21.4578	82.8274
Dongripali	37	21.4093	82.7541
Dongripali	37	21.4833	82.9233
Dohg	11	31.9985	76.7664
Dohg	11	31.8921	76.7629
Doi	11	31.8500	76.7642
Dohg Drahl	11	31.9135	76.7930
Dodhu	11	31.8308	76.8693
Dowar	11	31.8067	76.9594
Dolan	11	31.7401	76.7800
Dohndi	11	31.6318	76.9441
Doh	11	31.6354	76.8263
Don	11	31.5809	76.8141
Dohlag	11	31.5245	76.8293
Dovaida	11	31.5023	76.9287
Dora	11	31.4889	76.7968
Dogli	11	31.4837	76.9405
Dol	11	31.4805	76.9390
Doka	11	31.4137	76.9683
Dokla Maori	11	31.3922	76.9899
Doba	11	31.3938	76.9037
Dol	11	31.3934	76.9097
Dobha	11	31.3409	76.8352
Dobi	11	31.2828	76.7986
Dodni Chita	11	31.2575	76.7924
Dol	11	31.4873	76.8632
Dophera	23	30.6613	76.4770
Dodmanikeri	19	14.5286	74.8014
Dombeshwar	19	14.6871	74.8812
Dodanhalli	19	14.6467	74.9029
Doduwal	11	30.9881	76.7822
Domri Ki Bagi	11	30.9763	76.9319
Dora	10	30.8846	76.9021
Dobia	11	30.8611	76.9656
Dongricharha	21	21.0176	82.7728
Dongripali	21	21.1253	82.8461
Doher	11	31.0620	77.1107
Doh	11	31.0324	77.0315
Dongrigaon	37	20.6080	82.0684
Dobarjia	09	23.1879	74.0669
Doki	09	23.0418	74.0195
Dolpura	24	23.2155	74.4613
Donga Khamaria	37	20.9629	82.5609
Dorlamura	21	20.5056	82.5805
Dohalpara	21	20.5698	82.6614
Dongargaon	21	20.7100	82.6684
Dongripali	21	20.5757	82.6835
Dodyani Dogri	11	31.2481	77.9626
Donrebasa	21	20.2678	82.5791
Dongrimunda	21	20.1134	82.5844
Dongargaon	21	20.0619	82.5134
Dongrigura	21	20.0544	82.6027
Dongargaon	21	20.0926	82.6284
Dohnapali	21	20.1660	82.5973
Doto	21	20.1729	82.6371
Domba	19	14.4903	74.7783
Doti	11	30.9733	77.5691
Dor	11	30.9960	77.6298
Dohchi	11	30.9443	77.6512
Dohchi	11	30.9480	77.5522
Dokauna	11	30.9247	77.5245
Dokhar	11	30.9138	77.7297
Dohchi	11	30.8324	77.5989
Dori	11	30.8509	77.6458
Donmau	19	14.3903	74.7991
Dobha	35	24.0245	79.9986
Dosianitanr	38	23.9249	83.8444
Dokargaon	35	23.5754	76.1740
Dogri	39	30.9876	77.8365
Donalanka	02	17.3841	81.7083
Donkarayi	02	17.9287	81.8005
Dolnui	02	17.9410	81.9308
Doragundi	02	17.9283	81.9484
Doramamidi	02	17.5480	81.7667
Dorachintalapalem	02	17.5508	81.8523
Dobra	35	23.4246	76.0823
Doramamidi	02	17.3812	81.8984
Dostpur	10	28.1609	77.4918
Domanpur	37	21.7669	83.2083
Dombe	19	14.1572	74.9792
Donta	35	23.2227	76.1051
Dongia	37	21.6282	83.1303
Domadih	37	21.5438	83.1735
Dongripali	37	21.3339	83.1907
Dongijhara	37	21.2328	83.1019
Donger Kermeli	21	21.1786	83.2261
Dolinda	39	30.0161	78.8119
Dobela	39	30.0992	78.7956
Dob	39	30.1512	78.8060
Dongra	39	30.2213	78.9640
Dondru	39	30.2105	78.9859
Dobri	39	29.9958	78.4937
Dobal	39	29.9585	78.7730
Dobhal	39	29.9764	78.8317
Dongitarai	37	21.9410	83.2736
Dotai	36	28.7959	78.0565
Dol Khera	36	28.4496	78.1585
Dosarbahal	37	21.4272	83.2927
Dongripali	37	21.4037	83.3209
Dongarpur	36	28.9381	78.8803
Dorapur	35	23.2359	76.4277
Dongridihi	21	21.9999	83.6274
Doghara	21	21.8504	83.7162
Dobra Zamindar	35	23.7566	76.5893
Dobra Jogi	35	23.7968	76.5376
Dongarmunda	21	20.9259	83.1649
Domada	40	18.1213	80.6005
Dosillapalle	40	18.0863	80.8527
Dojan Purwa	36	27.4876	81.4830
Dokri Rakha	36	27.4651	81.4988
Dokri	36	27.4645	81.4755
Dohari	36	26.2292	81.3325
Dohari	36	26.1248	81.4531
Dopahria	36	26.8366	81.7067
Dona Purwa	36	26.9616	81.6670
Doiha Dih	36	26.4664	81.6645
Dostpur Budhbar	36	26.0898	81.5476
Dostpur	36	26.2349	81.7083
Doravalasa	21	18.4746	82.8018
Domariguda	21	18.4764	82.8157
Dominijolla	21	18.3864	82.7664
Dokaripodoro	21	18.4175	82.7708
Dokripad	02	18.4113	82.8505
Doravalasa	21	18.4560	82.8784
Doraguda	02	18.3484	82.9266
Doddimamidi	02	18.2797	82.9644
Dodiguda	02	18.3080	82.9573
Domariguda	21	18.4412	82.7513
Doraguda	02	18.2519	82.8941
Dommalput	02	18.2376	82.8356
Donkaluru	02	18.0829	82.7839
Dodiguda	02	18.2334	82.9158
Dobarangini	02	18.2458	82.9178
Donnamuri	02	18.2363	82.9521
Doramamidi	02	17.5140	82.0823
Dodavaram	02	17.6539	82.1027
Dodavaram	02	17.6748	82.2385
Dosapadu	02	16.7392	81.2013
Dokkuluru	02	17.7487	82.2955
Dokkapalem	02	17.4888	82.0327
Dokulamanda Krishnavaram	02	17.3733	82.0482
Doddivaka	02	17.3493	82.1512
Doddigunta	02	17.0481	82.0033
Dontamuru	02	17.1939	82.2279
Dorasanipadu	02	16.9707	81.2573
Domalagondi	02	17.7114	82.3195
Doddagollu	02	17.5174	82.3993
Doparti	02	17.3555	82.2856
Doddipatla	02	16.5591	81.2876
Doddanapudi	02	16.5247	81.3949
Dongapandi	02	16.4097	81.4341
Dodleru	02	16.5492	80.0643
Donkada Agraharam	02	17.5999	82.5435
Dondapadu	02	16.2818	80.1179
Donkavaka	02	17.4435	82.5710
Donivani Lakshmipuram	02	17.3376	82.6638
Dosalapadu Agraharam	02	17.4347	82.6357
Donkada	02	17.4189	82.6125
Dondavaka	02	17.3744	82.7436
Dohar	34	26.0276	84.4420
Dongalavarepalem	02	17.6253	82.7791
Doddadevarapadu	02	16.8404	80.4180
Dongriguda	21	19.8720	83.1193
Dongaripadar	21	19.9725	83.1873
Dongararh	21	19.9451	83.2361
Dombpara	21	19.9104	83.2088
Dolima	21	19.8459	83.1824
Domingi	21	19.7542	83.2224
Dodamba	21	19.7430	83.2876
Domaghati	21	19.7260	83.2977
Dongriguda	21	19.9768	83.2705
Dodiguda	21	19.8709	83.2673
Dorabhat	21	19.8222	83.3348
Dongrigam	21	19.8051	83.3626
Dongajori	21	19.8033	83.3481
Dolikuppa	21	19.8794	83.3942
Dongripara	21	19.8774	83.4533
Domb Kummarabal	21	19.8480	83.4605
Domb Dangubadi	21	19.8690	83.4736
Dombiniheju	21	19.8452	83.4318
Domb Kadamaguda	21	19.8530	83.4822
Dongarabari	21	19.8246	83.4909
Domenjhola	21	19.7082	83.3057
Dongamati	21	19.6103	83.3842
Donguni	21	19.5859	83.4059
Dongar Patloma	21	19.6855	83.3705
Dongarguda	21	19.6929	83.3825
Doragam	21	19.9188	83.5069
Doddivaripalem	02	16.0881	80.4864
Dongriguda	37	19.3883	82.0279
Dongriguda	37	19.3557	82.0768
Dongriguda	21	19.3024	82.1992
Doraiguda	21	19.3388	82.2271
Dondaguda	21	19.3527	82.1908
Dongriguda	37	19.1191	82.0310
Dogam	37	19.0226	82.0140
Dongaghat	37	19.0957	82.0292
Dongriguda	37	19.0665	82.0884
Dongriguda	37	19.1325	82.1430
Dondrakot	37	19.2212	82.0881
Dongriguda	21	19.1512	82.2009
Doraguda	21	18.5625	82.1254
Dongorokolli	21	18.5216	82.1079
Dongoguda	21	18.5212	82.1198
Dongarase	21	18.6510	82.0884
Dolopotiputtu	21	18.6398	82.2214
Dolopotiguda	21	18.6053	82.2469
Dolopotiguda	21	18.5595	82.1743
Doraguda	21	18.3556	82.1676
Dongoropalle	21	18.9965	82.3306
Dondabadu	21	18.8804	82.3222
Doraguda	21	18.7886	82.3509
Dongoropomsi	21	18.9289	82.4368
Dodriguda	21	18.9991	82.4942
Dolaiputtu	21	18.9084	82.4810
Domniguda	21	18.7692	82.4677
Doraguda	21	18.7579	82.4743
Dongarkanch	21	19.3359	83.0423
Doraguda	21	18.5712	82.2849
Dorakonda	21	18.5196	82.3040
Dolopotiputtu	21	18.5600	82.4011
Doraguda	21	18.5943	82.3801
Doraguda	21	18.6424	82.3802
Dombuguda	21	18.6342	82.3804
Dokripada	21	18.5908	82.4027
Dobbiagat	21	18.6368	82.3905
Doidaguda	21	18.6989	82.4327
Dosomantopuri	21	18.6815	82.4245
Doraputtu	21	18.7007	82.4569
Domniput	21	18.5299	82.4470
Dombuguda	21	18.6701	82.4275
Dom Koral	21	19.1801	83.0133
Dombuguda	21	18.6362	82.4424
Domriguda	21	18.6052	82.4207
Dokiripada	21	18.6636	82.4573
Domniputtu	02	18.5005	82.4673
Dorakhaipadar	21	19.0486	83.0814
Doraiput	21	19.1341	83.1418
Donguru Chekka	21	19.0516	83.2307
Doraguda	21	18.4484	82.3627
Dorla Baraja	21	19.2940	83.2774
Dorabada	21	19.3151	83.3778
Dondili	21	19.3102	83.3880
Donga	21	19.4198	83.4185
Dokulaguda	21	19.2765	83.4587
Donikal	21	19.0618	83.2974
Dombukuppa	21	19.4997	83.5369
Dondapadu	21	19.3712	83.6281
Dokurupadu	21	19.4147	83.6472
Dongtara	21	18.1160	82.3178
Dorraguda	02	18.2294	82.3666
Dosalbanda	02	18.1844	82.4260
Donpalem	02	18.0287	82.4329
Dokanaguda	21	18.9582	82.5766
Dongorogam	21	18.9683	82.5798
Dongorochinchi	21	18.8086	82.5299
Dongorobida	21	18.8576	82.6234
Doraguda	21	18.9672	82.6023
Dongorogam	21	18.9883	82.6125
Dongorokurchi	21	18.9703	82.6687
Dolaiputtu	21	18.8601	82.7461
Doraguda	21	18.5911	82.5690
Doddiputtu	21	18.5905	82.5654
Doraguda	21	18.5232	82.5848
Doraputtu	21	18.5804	82.7371
Doraputtu	21	18.6507	82.6162
Dolaiguda	21	18.6084	82.5978
Dondaguru	21	18.6055	82.6650
Doddapalle	02	18.0517	82.6265
Donkaluru	02	18.0843	82.6222
Dokavalasa	02	18.2274	82.6565
Doudakaguda	21	18.9616	82.7749
Dombo Sujjali	21	18.9859	82.7998
Doliambo	21	18.8768	82.7537
Dongiri	21	18.8270	82.7799
Doraguda	21	18.7737	82.7653
Donga Janniguda	21	18.7943	82.8693
Doludola	21	18.9679	82.8397
Domboguda	21	18.9182	82.9644
Dongapaiguda	21	18.8690	82.9903
Dongayatiputtu	21	18.8162	82.9424
Doraputtu	21	18.7297	82.7613
Dolaiputtu	21	18.6558	82.8292
Dokriputtu	21	18.5878	82.7852
Doraputtu	21	18.5033	82.7937
Doraputtu	21	18.5124	82.8717
Dokrighat	21	18.5240	82.9019
Doliambo	21	18.6511	82.8812
Dolaiputtu	21	18.6552	82.8577
Dokriguda	21	18.5563	82.9157
Dondavalasa	21	18.5585	82.9829
Dondamamidi	21	18.5091	82.9294
Dolavarigudem	02	16.4572	80.9536
Dongripara	37	19.7610	81.8364
Dodra Semola	21	19.9699	81.8847
Dodra	21	19.9787	81.8701
Dongripara	37	19.8530	81.9458
Dongripara	21	19.8170	81.9841
Doriras	37	18.8642	81.1977
Dongriguda	37	18.7484	81.0197
Dongabadi	21	19.0924	83.5074
Dolukona	02	19.1264	83.6110
Dokarada	21	19.2461	83.6906
Dopakia	21	20.0004	83.8362
Dombaguda	21	19.3703	83.7909
Dombalaguda	21	19.4191	83.8695
Dombalapadar	21	19.3773	83.9849
Dombusura	21	19.1692	83.8390
Donguda	21	19.1846	83.7529
Doriras	37	18.6716	81.3980
Dorapara	37	18.7383	81.3231
Dorapara	37	18.6980	81.2758
Dosalpara	37	18.6858	81.3243
Dongripara	37	18.6652	81.3403
Dongripara	37	18.7186	81.4729
Dorepara	37	18.5095	81.4186
Dongerpara	37	18.3904	81.3471
Dongerpara	37	18.4821	81.3427
Doragundempal	37	18.4589	81.4609
Dormagudem	37	18.4376	81.4896
Doliambo	21	18.9892	83.0976
Dokana	21	18.9648	83.1209
Dome Kellaro	21	18.9631	83.0031
Domanibhadra	21	18.8024	83.0668
Dohivada	21	18.7603	83.1506
Dokirighatu	21	18.7472	83.0707
Dolemba	02	18.6914	83.0838
Dodadodi Saparayi	02	18.5419	83.0508
Doralupadu	02	18.3640	83.1180
Dorlavalasa	02	18.4501	83.1939
Donipalle	02	18.3381	83.1703
Doraguda	37	18.0421	81.3824
Donkada	02	18.0185	83.0340
Donkada	02	18.1403	83.2498
Dorlapalem	02	18.1686	83.1861
Dokisila	02	18.7672	83.3024
Doggavani Mulaga	02	18.7567	83.3293
Donkalakottapatnam	02	18.7355	83.2650
Donguruvalasa	02	18.5722	83.2965
Domapara	37	18.8924	81.5789
Dollapara	37	18.8393	81.6140
Dorepara	37	18.8726	81.6067
Dorepara	37	18.9183	81.5871
Dodapalpara	37	18.5699	81.5599
Dodapal	37	18.5495	81.5550
Dokaras	37	18.5367	81.6411
Dolapara	37	18.6548	81.7094
Doleras	37	18.6228	81.6399
Dorma	37	18.2840	81.5124
Dondabari	37	18.4941	81.6297
Dolapalem Agraharam	02	18.2733	83.3517
Donkinavalasa	02	18.4838	83.3530
Doddibaduna	02	18.0732	83.4982
Dodripal	37	18.9867	81.7760
Dollapara	37	18.9767	81.7526
Dorgiras	37	18.9608	81.8071
Dombpara	37	18.8649	81.7691
Domanpal	37	18.5577	81.8003
Dolgandi	21	18.0307	81.8723
Dolgandi	21	18.0387	81.8793
Dolgandiguda	21	18.0413	81.8917
Doddimettaguda	21	18.2029	81.8720
Dora Kikkava	02	18.9491	83.5435
Dorajam	02	18.9491	83.5826
Donga Baramani	02	18.8999	83.7294
Dosari Agraharam	02	18.5025	83.5953
Dolapeta	02	18.5661	83.6689
Donubayi	02	18.7429	83.7236
Dolamadavalasa	02	18.6671	83.7069
Dolamada	02	18.6646	83.7069
Dommugani Gadabavalasa	02	18.4437	83.5445
Donipeta	02	18.0936	83.6800
Donkalguda	02	18.8891	83.7609
Donkalguda	02	18.8665	83.8172
Dokaijongo	21	18.9327	83.9660
Dongala Kotturu	21	18.8336	83.9511
Domaduguda	02	18.7484	83.7701
Dombayyaguda	02	18.6906	83.8517
Dolayaguda	02	18.7057	83.8438
Doppiguda	02	18.6781	83.8709
Donkalabadavanja	02	18.5930	83.9184
Domalapalle	02	18.5959	83.9767
Dompaka	02	18.5279	83.9737
Dompaduguda	02	18.6577	83.8772
Domam	02	18.2753	83.8623
Doggavanipalem	02	17.8120	83.1991
Doddavarappadu	02	15.5843	80.0271
Dondipalem	02	15.9793	80.5720
Doravalapalem	02	14.2322	80.0521
Donga Pittalavanipalem	02	15.9774	80.6051
Doruvukotta	02	14.0651	80.1083
Dodlakattupalem	02	14.2237	80.0964
Doddareddikuppam	25	13.3216	80.0027
Doichuwa	35	24.4894	82.6112
Doramamidi	02	17.2696	81.3320
Dondapudi	02	17.2569	81.3790
Do Ther	24	24.4883	72.9672
Dorabad	35	23.0262	76.7214
Dobra	35	23.9916	76.9525
Doltariya	35	23.7337	76.7513
Dolatpura	35	23.5314	76.8778
Dodi	35	23.1817	76.8726
Dolpura	09	23.2001	73.1116
Dolpura Muwara	09	23.1843	73.3293
Dola Pagi Muwara	09	23.1751	73.3449
Dolaji Muwara	09	23.0389	73.3141
Dolat Poira	09	23.0925	73.3950
Doriana Muwara	09	23.0289	73.4763
Dolpura	24	23.9661	73.7434
Dolwar	24	23.7902	73.8455
Dowra	24	23.8569	73.8493
Dodia	09	23.2530	73.7910
Dolatpura	09	23.2449	73.8300
Dola Khant Muwara	09	23.2184	73.8194
Doli	09	23.0824	73.8630
Dotawara	09	23.2257	73.9234
Dokar	24	23.4074	74.0208
Dokar	24	23.3991	74.0092
Doria ki Rel	24	23.4050	74.4798
Dorpara	24	23.3389	74.4359
Doliakhal	39	29.7095	79.0267
Dogiyana	39	29.6562	79.0002
Doba	39	29.7166	79.0599
Dobriyalsar	39	29.7074	79.0733
Domas	39	29.5175	79.2495
Dokti	36	25.7284	84.5112
Dorial Bakha	39	29.9470	79.2539
Dobri	39	29.8170	79.2893
Dodiarakhera	24	25.3995	73.8310
Dodiwas	24	25.2629	73.7630
Doba Puranian	39	29.6486	79.4053
Dob	39	29.7375	79.2665
Dogjhar	09	22.7096	74.0693
Dolaria	09	22.7376	74.1029
Dobni Para	35	22.5649	74.2139
Dongargaon	09	22.1523	74.0247
Dokarbalia	35	22.2005	74.1865
Dodwi	35	22.0198	74.2067
Dondka	35	22.9717	74.4937
Dother	24	24.1191	73.1859
Dongar	35	22.7798	74.6088
Dongar	35	22.7948	74.5982
Dokarwan	35	22.8834	74.7348
Dompara	35	22.7457	74.5667
Dol Kot	39	29.4933	79.4293
Dobha	39	29.4910	79.4724
Dopakhe	39	29.4686	79.4796
Dola	39	29.4401	79.3147
Doli	24	24.8876	73.8534
Dodiana	24	26.3339	74.4934
Dongliapani	35	22.2603	74.7468
Dotalgaon	39	29.7339	79.5086
Dol	39	29.5643	79.5151
Doba	39	29.5564	79.5952
Dotiyalgaon	39	29.7233	79.6988
Dol	39	29.5107	79.5919
Dobni	35	22.5097	74.8862
Doi	35	22.3225	74.8794
Dongrian Kalan	24	26.5792	74.5752
Dongrian Khurd	24	26.5482	74.5483
Doghra	34	25.5286	84.7962
Domriatola	34	25.6246	84.8635
Dob	39	29.3774	79.5285
Doghra	34	25.5923	84.8932
Dobra	39	29.3178	79.5190
Dolmar	39	29.3173	79.5061
Dokhanda	39	29.3161	79.6033
Dob	39	29.2831	79.6503
Doshnagar	34	25.6541	84.9678
Dobail Bara	39	29.1199	79.7120
Doba Khata	39	29.8548	79.5437
Doba	39	29.8570	79.6272
Doba	39	29.8069	79.7073
Dorai	24	26.3948	74.6282
Domat	34	27.2972	84.5455
Dodva	09	21.5541	74.1197
Dodkhera	24	25.4706	74.0771
Doghra	36	26.7436	84.0860
Dom Dih	34	26.2551	84.1758
Domanpur	34	26.4141	84.1737
Dobhia	34	26.1559	84.1447
Don Khurd	34	26.1263	84.1441
Doaen	34	26.1095	84.2457
Doya	39	29.8742	79.7944
Dobargarh	39	29.7693	79.9706
Dophar	39	29.8761	79.8861
Dor	39	29.9234	79.9945
Donwar Kalan	34	26.9513	84.3838
Domath	36	26.6817	84.2798
Dotari	39	29.7329	79.9978
Doman Banjaria	34	26.5203	84.3124
Downi	24	25.2392	74.9189
Dodusahia Padri	34	26.8112	84.5399
Dobricha	24	24.1807	74.2113
Dol	39	29.4941	79.7703
Dol	39	29.4549	79.8243
Dolonjh	39	29.3865	79.8295
Dongra	39	29.4199	79.9857
Doboli	39	29.4306	79.9421
Dora	39	29.4228	79.9212
Dongra	39	29.4308	79.9000
Doba	39	29.4942	79.9017
Doba Chak	39	29.2067	79.7861
Doghia	39	29.2475	79.9346
Dogari Got	39	29.0456	79.9368
Dokarkhera	35	22.8209	76.4742
Doharia	36	28.8372	79.2630
Dongarpur	36	28.5948	79.3232
Dongarpur	36	28.6537	79.3643
Dopahria	36	28.6874	79.4663
Dohna	36	28.4565	79.4496
Dora Khera	36	28.4204	79.3129
Dohara	36	28.3733	79.4681
Doharia	36	28.3699	79.4778
Doda Malah	34	26.4936	84.5114
Dolapur	36	28.0379	79.3348
Dothoka	36	28.2404	79.4811
Dopahria	39	28.8910	79.5037
Dohri	39	28.9717	79.7409
Dostia	34	26.7535	84.9944
Dongargaon	35	22.0582	76.2674
Dondvada	35	21.6391	74.7396
Dongargaon	16	21.5566	74.5253
Doma	34	26.3693	84.8321
Dosad	34	26.3426	84.9463
Doila	34	26.0776	84.7852
Dongargaon	35	21.8684	74.7969
Dongliapani	35	21.9205	74.8479
Donglya	35	21.6428	74.9375
Dongargaon	16	21.0723	74.8461
Dobah	36	28.2383	79.7201
Dohra	39	28.9530	79.7530
Dobaha	36	28.7195	79.9350
Dogipur	36	28.2967	79.7855
Dobari	36	28.3412	79.8018
Donrapur	34	25.4473	84.8067
Dorwan	34	25.3947	84.8374
Dosadtola	34	25.0670	84.7501
Domtoli	34	25.0063	84.8129
Dohia	34	25.1684	84.9716
Donra	34	24.5250	84.1719
Dolaicha	34	25.3231	84.2273
Doma Dehri	34	25.3044	84.1661
Dobariya	34	25.2691	84.1934
Dosewanitola	38	24.1608	84.0082
Dosewanitola	38	24.0931	84.1060
Don	34	25.0945	84.1234
Dohenan	36	25.8766	84.2515
Domariya	34	25.6225	84.3822
Doghra	34	25.5820	84.4704
Domantoli	34	25.2581	84.3943
Doman Dehra	34	25.3748	84.3408
Dogatola	34	25.4399	84.4218
Dosma	34	24.8320	84.4826
Dogri	35	22.8545	76.5044
Dokakui	35	22.6566	76.6716
Dowal	34	24.9639	84.7289
Dobur	34	24.8075	84.7143
Dokri	34	24.6378	84.5715
Dongila	34	24.5296	84.6486
Dolaha	34	24.6445	84.6259
Doman Bigha	34	24.7409	84.6391
Donidag	38	24.3058	84.5151
Dokwa	38	24.2287	84.6806
Domuhantoli	38	24.1145	84.7195
Dobhawan	34	25.3987	85.7856
Dona Purwa	35	25.0674	80.5696
Dodwar	34	26.5509	86.1592
Donwari	34	26.6065	86.2891
Doddahara	19	13.7720	74.8251
Dota	19	12.8220	74.9036
Dondikop	19	15.4696	75.0592
Dodmangadi	19	15.9355	75.3004
Doni	19	15.2955	75.7217
Doddur	19	15.0589	75.5111
Doravalli	19	14.6053	75.1358
Doleshwar	19	14.7454	75.1419
Doddikoppa	19	14.6053	75.1907
Dodderi	19	14.2763	75.0866
Dombekoppa	19	14.0108	75.1591
Dod Bilagodu	19	14.0845	75.1117
Dombesara	19	14.1136	75.0909
Dombar Mattur	19	14.9146	75.4701
Domanhal	19	14.6778	75.3119
Dodaghatta	02	14.0310	77.3723
Dosaledu	02	14.7802	77.9058
Dod Jogihalli	19	14.2081	75.3723
Dod Danvandi	19	14.0227	75.4210
Dombarahalli	19	14.8115	75.7268
Dodyerehalli	19	14.2424	75.5943
Dod Gubbi	19	14.4486	75.5331
Dodda Basapur	19	14.4401	75.6297
Dod Ettinahalli	19	14.1400	75.5951
Dodderi	19	14.0938	75.6766
Dokkalahalli	02	13.8262	77.0584
Dodderi	02	13.7769	77.1443
Dodderi	19	13.6795	77.0924
Dogganahalli	19	13.5687	77.2074
Doddanaraslahnapalya	19	13.4799	77.1590
Doderi	19	13.4263	77.0030
Doddapalanahalli	19	13.4412	77.2218
Dodtimmiahanapalya	19	13.2981	77.1990
Dodsarangi	19	13.2912	77.0429
Doddajjimullanapalya	19	13.3819	77.0925
Dommankuppe	19	13.2434	77.0469
Doddegowdanpalya	19	13.2399	77.1443
Dollenhalli	19	13.1682	77.1874
Doddappanpalya	19	13.1517	77.1828
Dodhalli	19	13.1271	77.1074
Dommankatte	19	13.0607	77.1928
Dodsomnhalli	19	13.0187	77.1456
Domalalvadi	19	13.1055	77.0072
Dommatimari	02	13.9759	77.3728
Doddenahalli	02	13.8893	77.2951
Dodda Dalavetta	02	13.8337	77.3961
Dodda Maluru	19	13.7049	77.3725
Doddahatti	19	13.7072	77.2591
Dodda Kurugode	19	13.6785	77.4976
Dodda Hosahalli	19	13.6681	77.3073
Dodsagere	19	13.4692	77.3518
Dodgatmadavu	19	13.4474	77.3667
Dodbyadarhalli	19	13.3600	77.4332
Dodhejjaji	19	13.2707	77.4150
Dod-chanohalli	19	13.2347	77.3101
Dodbele	19	13.2225	77.3377
Dod-Vadgeri	19	13.2114	77.4065
Dodderi	19	13.1714	77.3095
Dod-Karenhalli	19	13.0679	77.3448
Dod-Biderkal	19	13.0342	77.4946
Dombarhalli	19	13.0492	77.4600
Doraburre	19	13.5989	77.7051
Doddihalli	19	13.5892	77.7179
Dombarhalli	19	13.2380	77.5310
Doddegowdanhalli	19	13.4611	77.6213
Dodrayappanhalli	19	13.3761	77.6367
Dodmarali	19	13.3672	77.7364
Dodsagarhalli	19	13.3352	77.7066
Doddatumkur	19	13.2270	77.5309
Dod Uganvadi	19	13.2391	77.6579
Dod Sanne	19	13.2172	77.6939
Dod Jala	19	13.1767	77.6520
Dod Marenahalli	19	13.1197	77.6794
Dod Bettahalli	19	13.0943	77.5540
Dod Bammasandra	19	13.0597	77.5579
Domsandra	19	13.0104	77.7393
Dod Banhalli	19	13.0231	77.7472
Doddajivanhalli	19	13.0086	77.6143
Donikonda	19	13.8993	77.9557
Doranalapalle	02	13.8749	77.7780
Doranalapalli	19	13.8490	77.8823
Dod-Kurubarhalli	19	13.2157	77.8033
Dod-Vallabi	19	13.1671	77.9903
Dod-Taggalli	19	13.0569	77.8912
Dod-Shivara	19	13.0318	77.9869
Dod-Kadatur	19	13.0226	77.9718
Doddenhalli	19	13.0669	77.9214
Dod-Gatiganabbe	19	13.0332	77.7935
Dod-Araligere	19	13.1932	77.8388
Dod-Kolliga	19	13.1587	77.8398
Dodenhalli	19	13.1485	77.8719
Dodenhalli	19	13.1485	77.8831
Dod-Nallurhalli	19	13.1183	77.8621
Dombarhalli	19	13.0895	77.9559
Dodda Bati	19	14.4860	75.8572
Doggahalli	19	14.5026	75.8554
Dodda Budihal	19	14.4955	75.9131
Dondraghatta	19	14.0179	75.8748
Donehalli	19	14.0422	75.9084
Dodghatta	19	14.2177	75.8828
Dod Mulageri	19	13.8989	75.0235
Dodur	19	13.7781	75.0523
Donihakal	19	13.5615	75.0963
Doddinamane	19	13.6627	75.1301
Donur	19	13.4098	75.1902
Doddinajeddu	19	13.4789	75.0245
Dosehitlu	19	13.0245	75.1729
Doldottu	19	13.1894	75.0267
Dod Belur	19	13.8703	75.3491
Dod Manehara	19	13.8208	75.2571
Dobisara	19	13.8040	75.3320
Dod Dinasi	19	13.7893	75.3355
Dodmati	19	13.9733	75.3821
Donsi	19	13.5810	75.3206
Dongaliya	35	22.0869	76.5326
Dohad	35	22.0614	76.5386
Dommahalli	19	13.8868	75.6127
Donabagatta	19	13.8938	75.6984
Doddamagaravalli	19	13.2621	75.6546
Doddanakolaga	19	13.4580	75.6950
Dongodagi	19	13.2417	75.6302
Dongargaon	16	19.6031	79.4285
Dongargaon	40	19.3137	79.2739
Dongargura	40	19.2728	79.2826
Dodderi	19	13.8432	75.8046
Dombarbairanhalli	19	13.9707	75.7570
Dodbokikere	19	13.6961	75.9320
Dodgatta	19	13.6341	75.9363
Dogehalli	19	13.6201	75.9773
Doddasalavara	19	13.0673	75.7840
Doddameduru	19	13.1725	75.8376
Doddabyadagere	19	13.2095	75.9051
Doddihalli	19	13.0561	75.9569
Dongar Haldi	16	19.9169	79.5834
Dolthatta	19	12.7688	75.2378
Doddamane	19	12.6641	75.2365
Doddavaikol	13	12.5260	75.1610
Doddadka	13	12.5921	75.2045
Donikadavu	13	12.4781	75.1520
Dongargaon	16	19.6162	79.6724
Doddigaranahalli	19	14.8233	76.0074
Doadih	34	25.1576	85.7084
Dodrangavvanahalli	19	14.3674	76.0367
Dodda Magadi	19	14.2999	76.0737
Doddaganalu	19	14.2563	76.1807
Dodderikatte	19	14.1235	76.0044
Dogganalu	19	14.0190	76.0732
Dosadhtola	34	25.5516	85.8347
Dohta	34	25.5905	85.9856
Dodda Bommanahalli	19	14.6155	76.3930
Doman Bigha	34	24.6188	85.0769
Doat	34	24.4431	85.1034
Doka	38	24.3169	85.0719
Donragarha	38	24.2751	85.0203
Doman Bigha	34	24.8710	85.4188
Domawar	34	24.9770	85.4716
Dohra	34	24.9772	85.4518
Dona	34	24.8682	85.3843
Dobhatanr	34	24.5802	85.2961
Domadande	38	24.3853	85.2512
Doiya	38	24.3787	85.2840
Doiyadih	38	24.4204	85.4969
Donai Kalan	38	24.1734	85.3246
Donai Khurd	38	24.1859	85.3381
Doi	38	24.1068	85.4835
Donehalli	19	14.4903	76.4062
Doddagatta	19	14.4122	76.4773
Dombara Siddapuram	19	14.8562	76.7017
Donamandanhatti	19	14.4238	76.5393
Doddahatti	19	14.3207	76.5153
Doddagatta	02	14.8406	76.8925
Donehalli	19	14.4439	76.9173
Doddabadihalli	19	14.4687	76.9644
Dodda Kadanur	19	12.7049	76.2947
Doddachellur	19	14.1857	76.8781
Doddabanagere	02	14.0046	76.9684
Doddahalli	19	12.6510	76.3238
Doranghatta	19	12.6158	76.3129
Dodda Woddaragudi	19	12.5484	76.3780
Dodda Yachenahalli	19	12.6033	76.4194
Dorenahalli	19	12.7450	76.4250
Doddanakatte	19	12.5899	76.4734
Dodda Koppal	19	12.4842	76.2608
Dodda Kempana Koppal	19	12.4620	76.3290
Dombaragudisalu	19	12.4214	76.2717
Doddegaudana Koppal	19	12.3075	76.3635
Dodda Koppal	19	12.3969	76.4027
Dodda Bichanahalli	19	12.3066	76.4588
Dosut	34	24.9444	85.6646
Dola	34	24.9782	85.7315
Domohani Nimatanr	38	24.3121	85.6788
Dokahar	34	26.4281	86.0875
Dospur	34	26.4328	86.0948
Dopadi	19	12.7406	75.4063
Dolpadi	19	12.7202	75.4204
Doddadkamane	19	12.5122	75.4381
Doddaranganahalli	19	13.8390	76.1981
Dombarahalli	19	13.5313	76.0133
Dodbasur	19	13.6288	76.0644
Donnekoranahalli	19	13.6502	76.1498
Doddappayyanahalli	19	13.5676	76.2069
Doddagatta	19	13.2630	76.0520
Dodda Biranahalli	19	13.4099	76.1091
Doddenahalli	19	13.3909	76.1120
Doddenahalli	19	13.4158	76.1764
Doddanahalli	19	13.4480	76.1979
Doddagatta	19	13.9117	76.2839
Dodda Gadduvalli	19	13.0972	76.0039
Doddenahalli	19	13.1615	76.1423
Dodda Kondagula	19	13.0539	76.1145
Dodda Kondagulakoppal	19	13.0516	76.1016
Doddenahalli	19	13.2213	76.2165
Dodda Jakkenahalli	19	13.0051	76.2430
Dodda Kittadahalli	19	13.9490	76.3682
Doddanapalya	19	13.7598	76.4117
Dodda Annugere	19	13.5415	76.2805
Donnakatte	19	13.5206	76.3561
Dodda Tekalavatti	19	13.7041	76.3865
Dodda Hullenahalli	19	13.5582	76.3765
Dodda Ennegere	19	13.5541	76.4221
Doddaghatta	19	13.4379	76.3189
Dodda Metikurke	19	13.4632	76.3510
Dohatha	34	26.0315	86.3560
Doalakh	34	26.1208	86.4338
Dodkuli	16	19.9948	79.7998
Doddadaka	13	12.4505	75.4025
Doddagatta	19	13.9199	76.5665
Dosadhtola	34	25.7743	86.1542
Dogachha	34	25.6346	86.1982
Doddigudem	40	19.3363	79.9475
Dodgallehalli	19	12.7935	75.6984
Donnur	40	18.9837	79.0345
Domanpura	34	25.0240	86.1568
Dodda Madaganahalli	19	12.9911	76.0742
Dodda Nayakanahalli	19	12.9115	76.0413
Doddakoppal	19	12.8667	76.0314
Doddihalladakoppal	19	12.7758	76.0230
Doddanayakanakoppal	19	12.7517	76.0614
Dodda Mallenahalli	19	12.8886	76.1576
Dodda Baganahalli	19	12.9199	76.0994
Dodda Aladahalli	19	12.9668	76.1589
Dodda Honnenahalli	19	12.9815	76.1439
Dodda Genagere	19	12.9814	76.1557
Dodda Basavanahalli	19	12.9781	76.1271
Dodda Byagatavalli	19	12.7767	76.1911
Doddegaudan Koppal	19	12.5005	76.2084
Doddahalli	19	12.6504	76.1038
Dolenahalli	19	12.6466	76.1463
Doddakoppal	19	12.6057	76.2451
Dodda Hanasoge	19	12.5453	76.1788
Dodderi	19	12.9500	76.5125
Dodda Kyathanahalli	19	12.8294	76.5765
Dodda Somanahalli	19	12.7903	76.5186
Doddabala	19	12.8605	76.6636
Doddenahalli	19	12.9395	76.6912
Doddaghatta	19	12.9495	76.7331
Dolibarikoppal	19	12.7643	76.7130
Dodnerle	19	12.4758	76.0355
Dodmuddanhalli	19	12.2683	76.1107
Dod Vaddarkere	19	12.3628	76.1173
Dod Belalu	19	12.3785	76.1605
Doddegaudan Koppal	19	12.4756	76.1286
Dod Koppal	19	12.4444	76.1907
Dodda Gadiganahalli	19	12.5371	76.5149
Dodda Bhoganahalli	19	12.5530	76.6084
Doddegaudana Koppal	19	12.4389	76.6612
Dodda Maragaudanahalli	19	12.2926	76.5104
Doddahattihundi	19	12.2940	76.5062
Dodda Holegere	19	12.2883	76.6412
Dod Hejjur	19	12.1998	76.1888
Dodda Ganni	19	12.8454	76.3630
Dodda Mattigatta	19	12.9486	76.3645
Dodda Tharahalli	19	12.8521	76.4179
Dodda Jataka	19	12.9313	76.7843
Dodda Yagati	19	12.7512	76.7931
Dodda Kallahalli	19	12.8494	76.9076
Dodda Uppala	19	12.8638	76.8838
Doddaguni	19	12.9404	76.8424
Doghra	34	25.2922	86.3370
Doddi	19	12.5359	76.9062
Doddi	19	12.5471	76.8861
Doddi	19	12.5987	76.9032
Dodda Kottagere	19	12.7028	76.8828
Doddi	19	12.5284	76.9373
Dodda Malagudu	19	12.4287	76.9203
Dodharohalli	19	12.4481	76.8427
Doddanahalli	19	12.3896	76.9647
Doddegaudana Koppal	19	12.3503	76.9510
Doddapura	19	12.3104	76.9634
Dodda Abbagalu	19	12.2470	76.9661
Doddanahundi	19	12.2027	76.9818
Doddapura	19	12.1989	76.9908
Dodda Homma	19	12.0246	76.9033
Dombaladinne	02	15.8023	77.0878
Donekallu	02	15.1346	77.1941
Doddimakala	02	15.7631	77.3911
Doddanakeri	02	15.7011	77.2864
Dosalidiki	02	15.1935	77.4284
Donimukkala	02	15.1292	77.3960
Dobatia	34	25.0011	86.2854
Dodhela	34	25.8228	86.6008
Dod Nagara	19	12.9601	75.7733
Dod Dattigal	19	12.9153	75.7840
Donigal	19	12.9212	75.7553
Dod Kandur	19	12.7647	75.8292
Doddanahalli	19	12.8339	75.8097
Dod Kallur	19	12.7959	75.8355
Dodda Bilaha	19	12.7516	75.8712
Doddakodli	19	12.8155	75.8821
Doddakunda	19	12.7825	75.9054
Doddabandara	19	12.7672	75.9287
Doddatolur	19	12.6420	75.8273
Doddakanakodu	19	12.6197	75.8677
Doddamolate	19	12.6178	75.8720
Doddakolaturu	19	12.7237	75.8705
Doddahalli	19	12.6290	75.9257
Doddakanagalu	19	12.6354	75.9151
Doddahalli	19	12.7008	75.9184
Doddaluvara	19	12.5530	75.9479
Dod Kamarhalli	19	12.5101	75.9771
Dod Bemmatti	19	12.6842	75.9890
Doddipadu	02	15.7297	77.9950
Dorain	34	25.1254	86.6167
Dorapalle	02	15.4039	77.8468
Doddahalli	19	14.2664	77.2441
Doddahosur	19	12.4382	75.9474
Dodharye	19	12.3877	75.9466
Domarhi	34	25.6388	86.8454
Dohatwar	34	25.6687	86.9277
Dohatwar	34	25.6456	86.9575
Dohbisubi	34	25.6276	86.9686
Dostni	34	24.9679	86.0886
Donabanda	40	18.8761	79.2825
Dodavanta	09	23.3195	73.6176
Dolatpara	09	23.2521	73.7315
Dokela	09	23.0856	73.5674
Dokwa Nana	09	23.0942	73.6099
Dokalia Mota	09	23.1002	73.6014
Dokwa Mota	09	23.0865	73.5925
Dolaria	09	23.2132	73.6212
Dondawala Mota	09	23.1860	73.7341
Doria Mota	09	23.1473	73.5275
Doghara	36	27.4441	80.6745
Doburji	23	31.6005	74.9433
Dondcol	33	15.5369	74.0529
Dongorvada	33	15.6105	74.1569
Dongarvada	33	15.5077	74.1870
Dongarvada	33	15.5288	74.1815
Dongarvada	33	15.5353	74.1741
Dongarvada	33	15.5928	74.1730
Domravadi	16	15.9189	74.3028
Dobah	36	26.8961	79.3890
Doda Arjuni	16	19.5759	79.0854
Doda Mandwa	16	19.5753	79.1038
Dongarpatar	40	19.2953	79.0574
Dongapalli	40	19.1476	79.0554
Dolmen	40	19.0694	79.2265
Dontapur	40	19.0404	79.0368
Dongakurti	40	18.6902	79.2970
Dombarahalli	19	15.2681	76.1096
Doddakajepanne	19	12.5948	75.5798
Donimakki	19	12.6703	75.5998
Dongargaon	19	15.5312	74.4236
Dombarkop	19	15.5859	74.7968
Dongar	19	14.9430	74.6565
Donigadde	19	14.9889	74.6630
Donnemudi	19	14.7373	74.5954
Doni Alvalli	19	14.4365	74.5894
Dodmane	19	14.3693	74.6849
Dombemane	19	14.4144	74.7044
Donmau	19	14.3290	74.7002
Dongarpalli	19	13.9816	74.5456
Dombe	19	13.8793	74.6005
Doonagadde	19	13.8478	74.7051
Domanbigha	34	24.5891	84.4072
Domanbigha	34	24.6557	84.3893
Dondibigha	34	24.7346	84.4461
Domarbana	34	26.5683	85.7865
Dorra	34	26.3375	87.0113
Domahanghat	34	26.1273	87.1647
Doria	34	26.2970	87.4221
Doria Sonapur	34	26.1830	87.3873
Dogachhi	34	26.2677	87.6546
Doria	34	26.3531	87.6801
Dodra	34	26.3249	87.7464
Dogachhi	34	26.2906	87.7704
Dohalia	34	26.2581	87.8892
Domohani	34	26.2723	87.8908
Doria	34	26.4459	87.9080
Doria	34	26.3910	87.9401
Dohar	34	26.2262	87.7802
Domohani	34	26.0783	87.7536
Dohta	34	26.1071	87.9091
Dopokharia	34	26.1308	87.8756
Dobha	34	25.5303	87.1308
Dodihibita	34	25.6531	87.2186
Dostani	34	25.1475	87.0074
Dostani Arazi	34	25.1354	87.0077
Dobhi	34	25.1462	87.1955
Dobinaghat	34	25.5169	87.4244
Doma Chak	38	25.0753	87.2982
Doman Chak	38	25.1699	87.3828
Dogachhi	38	25.1302	87.4062
Domahana	34	25.9922	87.5450
Dogachhi	34	25.8664	87.5519
Doria	34	25.8318	87.5850
Dogharia	34	25.9033	87.6396
Dogharia	34	25.8642	87.6637
Dogharia	34	25.8385	87.7213
Domankothari	34	25.2975	87.4033
Doman Chak	34	25.5670	85.1431
Donia	34	25.6945	87.5712
Doasi	34	25.6340	87.6627
Domahani	38	25.1885	87.5344
Doda	38	25.1293	87.5343
Dobri	38	25.0607	87.5063
Dorme	38	25.2126	87.6269
Dobni	38	25.1143	87.6193
Dodhowa	38	25.1177	87.6285
Domaria	28	25.8841	87.8997
Doarin	28	25.8075	87.9768
Domaria	34	25.5700	87.8136
Dogaj	34	25.7354	87.8882
Dohra	28	25.4509	87.8471
Domarhir	38	24.6605	87.5769
Dopahari	38	24.7313	87.6082
Domnabandh	38	24.4472	87.6561
Domohoni	38	24.3155	87.6769
Domangaria	38	24.2891	87.6877
Doghra	34	25.2070	85.0224
Doman Bigha	34	25.0883	85.0720
Dogachi	28	24.6187	87.9167
Dokhalmati	28	24.1710	87.8136
Doghra	34	25.7666	85.3990
Dohji	34	25.8044	85.3403
Dogru	34	25.8022	85.4393
Dondvada	35	21.7727	75.0274
Dongargaon	35	21.5925	75.0832
Dost Muhammadpur	34	25.4803	85.3119
Doman	34	25.4715	85.4771
Dogi	34	25.0327	85.3103
Doda Chak	34	25.0751	85.3754
Doia	34	25.2330	85.4868
Dosut	34	25.3131	85.5076
Dongaon	16	21.1976	75.5580
Dondvada	35	21.8324	75.8646
Doddireddipalle	02	16.0876	79.3756
Domalagunda	02	16.2962	79.5878
Dondapadu	02	16.0659	79.6556
Doargawan	34	26.2168	87.6404
Doria	34	26.2202	87.7451
Dogharia	34	26.1374	87.7111
Doria	34	26.0134	87.6808
Dola	39	29.2216	80.0753
Dobha	36	27.9876	80.1905
Dohak	36	27.9092	80.0688
Dokarpur	36	27.9115	80.4390
Doddarasinakere	19	12.5068	77.0164
Domakonda	40	18.2502	78.4381
Doravarisatram	02	13.8126	79.9479
Dolumri	16	19.8561	77.2866
Dodda Yerralakkenahalli	19	13.6861	77.7934
Dodda Nancharlu	19	13.6738	77.8187
Dodda Bandaragatta	19	13.5140	77.9781
Dodangatta	19	13.5182	77.9194
Dodda Gummanahalli	19	13.5254	77.8409
Doddatammanahalli	19	13.5072	77.8077
Doddapayalagurki	19	13.5404	77.7714
Donihalli	19	13.4406	77.9496
Dogarnaikanhalli	19	13.4389	77.9092
Doddasenhalli	19	13.4224	77.9470
Dodkirkambi	19	13.4021	77.8097
Dodkadiganhalli	19	13.3859	77.7631
Dodkandrahalli	19	13.3766	77.9946
Dodmuddenhalli	19	13.3216	77.7701
Doddasarhalli	19	13.3523	77.8990
Dodtatmangala	19	13.2685	77.7613
Doddayyanapalya	19	12.9981	77.1420
Dombarapalya	19	12.9531	77.1944
Donakuppe	19	12.9169	77.1698
Dodduru	19	12.9370	77.1068
Dodda Matkuru	19	12.9009	77.0416
Dodda Gangavadi	19	12.7899	77.1977
Dodkoppalu	19	12.7924	77.0276
Doddakkanhalli	19	12.7248	77.0063
Doddi	19	12.6668	77.1938
Dodgaudanadoddi	19	12.4508	77.2376
Dodyalachageri	19	12.3990	77.2252
Doddinduvadi	19	12.1527	77.2091
Doddamalapuram	19	12.0576	77.2364
Dod-maskallu	19	12.9224	77.3213
Dod-maranhalli	19	12.9307	77.3829
Doddanhalli	19	12.8837	77.3749
Dobele	19	12.8886	77.4772
Dodpalya	19	12.8651	77.4594
Dodderi	19	12.8670	77.3779
Dod-sulikeri	19	12.8599	77.2958
Dod-kuntanhalli	19	12.8120	77.4504
Dodkoppa	19	12.3297	77.3959
Dommardoddi	19	12.7014	77.3931
Dodgopahalli	19	12.7266	77.4061
Dodankanhalli	19	12.6622	77.3069
Dodkalbal	19	12.6711	77.4050
Dodkurubarhalli	19	12.6701	77.4173
Doddabothakere	19	12.6613	77.4825
Dodsadenhalli	19	12.6441	77.4780
Doduru	19	12.6410	77.4792
Dolhalli	19	12.5971	77.3870
Dodmudavadi	19	12.6267	77.3860
Doddanahalli	19	12.6257	77.2822
Dodalamanhalli	19	12.5735	77.4391
Doddakeredoddi	19	12.4452	77.4830
Doddabettahalli	19	12.4808	77.4776
Dodkoppa	19	12.3796	77.4744
Doddamaridevarayasamudram	19	12.1234	77.3761
Doddalattur	19	12.0400	77.4186
Dodhegdi	19	12.7464	77.6900
Doddakodipalti	25	12.6537	77.7333
Domsandra	19	12.6745	77.7086
Dodda Ubbanur	25	12.6063	77.6762
Dodbedlatti	19	12.6387	77.5713
Dod Kebri	19	12.5085	77.5273
Doddipadu	02	15.8227	78.0904
Doddipadu	02	15.5718	78.2231
Donikona	02	14.7681	78.3413
Dornipadu	02	15.2060	78.4482
Dorasanipalle	02	14.7570	78.5299
Donakonda	02	15.6667	78.9981
Donkupalle	02	14.7318	78.1252
Dontelapalle	02	14.5749	78.0449
Dondlavagu	02	14.4850	78.1979
Dorigallu	02	14.4259	78.0386
Donnikota	02	14.0923	78.0371
Doranalapalle	02	14.1023	78.2370
Dorlampalle	02	14.5442	78.8339
Donnikotavaripalle	02	13.9667	78.0687
Doranalapalli	19	13.8313	78.0501
Doddivaripalli	19	13.7852	78.0290
Doddipalli	19	13.7292	78.0086
Doddihalli	19	13.5159	78.0387
Doddaguttahalli	19	13.5300	78.0177
Doddabommanahalli	19	13.3095	78.1189
Doddahalli	19	13.3696	78.0331
Doddapura	19	13.3409	78.1193
Doddakarakamakalahalli	19	13.4358	78.1342
Doddabandarlapalli	19	13.4571	78.2451
Doddapalli	19	13.3955	78.2365
Doddamaladoddi	19	13.3808	78.1755
Dorasandra	19	13.3495	78.1608
Doddaganjur	19	13.3708	78.1086
Doddanetha	19	13.3727	78.1398
Doddakurubarahalli	19	13.2260	78.1953
Doddanahalli	19	13.1079	78.2242
Doddahasala	19	13.0975	78.1501
Doddahayuru	19	13.1069	78.0162
Doddasabbenahalli	19	13.0289	78.0026
Doddakuntur	19	13.0053	78.0118
Dodda Ankondahalli	19	13.0062	78.1634
Dodduru Karapanahalli	19	13.0148	78.2387
Dodduru	19	13.0235	78.2332
Doddarahalli	19	13.0338	78.2351
Doddepalle	02	13.7734	78.3985
Dobbalaguttapalle	02	13.8079	78.4181
Donabailu	02	13.5575	78.4124
Dombarapalli	19	13.5430	78.3563
Donabailu	02	13.4989	78.4039
Doddipalle	19	13.3398	78.3841
Doddaragaldinne	19	13.3746	78.3349
Dodda Hattihalli	02	13.2884	78.4973
Dodda Padmaghatta	19	13.1985	78.4680
Doddagurki	19	13.1783	78.3379
Doddatammanahalli	19	13.1453	78.4711
Doddaguttahalli	19	13.1292	78.4760
Dommasandra	19	13.0974	78.4517
Dodda Bandahalli	19	13.1583	78.4307
Dodda Maddanahalli	19	13.1462	78.3576
Doddaganahalli	19	13.1331	78.2857
Donapalle	02	13.4712	78.7279
Doddipalle	02	13.1542	78.7294
Doddipalle	02	13.0110	78.5012
Dod Igalur	19	12.9236	77.9833
Dod Timsandra	19	12.8806	77.8049
Doddunsandra	19	12.9771	77.8166
Domlapura	19	12.9681	77.8719
Dodda Bairagondapalli	25	12.6708	77.7609
Doddabennangur	25	12.5582	77.7851
Doddatamandapalli	25	12.6214	77.8514
Doripalli	25	12.7172	77.9673
Doddamanchi	25	12.3163	77.8024
Doddadevanapalli	25	12.3863	77.8175
Doddur	25	12.4426	77.8920
Doddakkalhalli	25	12.4804	77.9170
Dod Kalhalli	19	12.9233	78.0034
Dodmale	19	12.9769	78.0364
Doddi	19	12.8417	78.1435
Doddur	19	12.8450	78.1382
Dodnaikanhalli	19	12.9382	78.1152
Dod Valagmadi	19	12.9479	78.2248
Dodderi	19	12.8985	78.1917
Donimadagu	19	12.8102	78.2266
Dodpanandhalli	19	12.7981	78.1791
Doddappepalli	25	12.6932	78.0523
Doddanayakkanahalli	25	12.5420	78.0399
Doddahosahalli	25	12.5648	78.1099
Doddakanama	25	12.7164	78.2029
Doranabettam	25	12.4220	78.0120
Doddabavili	25	12.3437	78.0029
Doddardanahalli	25	12.3353	78.1078
Dorandoddi	25	12.1618	78.1181
Doddabillarahalli	25	12.2193	78.1340
Doddarpalaiyam	25	12.2362	78.1565
Donnenahalli	25	12.2436	78.1968
Doddamalluhalli	25	12.1386	78.2171
Dodda Kembali	19	12.9090	78.2920
Dodda Kalhalli	19	12.8803	78.2913
Doddagondlahalli	19	12.9182	78.3933
Doddur	19	12.9380	78.3859
Doddur	02	12.9038	78.4616
Dommaradoddi	02	12.7444	78.3772
Doddakaradiyur	25	12.3387	78.3257
Dokkampatti	25	12.2554	78.3133
Doddampatti	25	12.1867	78.4249
Doddanachchampatti	25	12.5843	78.5355
Dombaratti	25	12.5588	78.9214
Dodguli	19	12.4766	77.5113
Dodkabali	19	12.4416	77.5171
Dodiyur	25	12.4594	77.7429
Doddipalle	02	15.3031	78.8894
Doddiguttapalle	02	14.1752	78.4269
Doddavenkatapalle	02	15.1727	79.3770
Dondapadu	02	15.7902	79.5062
Dondleru	02	15.6397	79.5506
Dosakayalapadu	02	15.7233	79.8059
Doddavaram	02	15.6672	79.9402
Doddichintala	02	15.4352	79.3980
Dondapadu	02	15.1499	79.9466
Dongalasanj	02	14.4488	79.1860
Dommarajuvenkatrajupalli	02	14.2186	79.1038
Dommarajupalli	02	14.2031	79.1275
Dommarazuvaripalli	02	14.2073	79.1199
Dondlopalli	02	14.1514	79.2494
Doggalapad	02	14.1981	79.3231
Doruvupadu	02	14.4486	79.6137
Doddarajupalem	02	14.3207	79.9284
Dollapalli	02	14.2968	79.9196
Doddalamvandlapalli	02	13.6759	79.0554
Dodipativandlapalli	02	13.6726	79.0715
Dommavandlapalli	02	13.3962	79.1131
Dontrevulapalli	02	13.1606	79.0473
Doddipalli	02	13.2379	79.1202
Doddipalli	02	13.1489	79.2659
Dodlamitta	02	13.8026	79.6384
Dommarapalem	02	13.7757	79.6877
Dommaramitta	02	13.7945	79.7803
Dommarapalem	25	13.3017	79.9304
Donimedu	25	12.7060	79.4195
Dodbhairankuppa	19	11.8695	76.1450
Dottappankolam	13	11.6599	76.2434
Dodbargi	19	11.8369	76.4269
Dod Tuppur	19	11.8065	76.7188
Doddagatti	13	11.1393	76.6015
Dodrayapet	19	11.9497	76.9570
Dodmole	19	11.8934	76.9670
Doddamudukarai	25	11.6749	76.9154
Doddapuram	25	11.6185	76.9979
Doddamanaihatti	25	11.4389	76.9358
Doddabavi	25	11.2999	76.9943
Domria	34	25.4838	87.7290
Dodgaudanpalya	19	11.8188	77.0971
Dodana	19	11.9702	77.5290
Doddankombai	25	11.6002	77.4669
Dodda Sholaganai	25	11.8592	77.5863
Dodda Dolli	25	11.7682	77.5281
Doddakudiyampalaiyam	25	11.5292	77.5721
Doddampatti	25	10.6508	77.1912
Dolgobindpur	21	20.0429	84.9419
Dokwatanr	38	23.7673	85.0516
Dongasaraitoli	38	23.5842	85.0779
Dokatoli	38	23.3157	85.1816
Domtoli	38	23.3043	85.1700
Dola	38	23.2673	85.0819
Dondeatoli	38	23.1975	85.1331
Dorma	38	23.0065	85.1682
Dokatoli	38	23.5796	85.4482
Dorunda	38	23.3360	85.3250
Domadih	38	23.1973	85.3159
Dokar	38	23.1366	85.3154
Dohakatu	38	23.5506	85.5233
Dokad	38	23.3867	85.6153
Dowaru	38	23.3114	85.7314
Domandih	38	23.2642	85.6698
Dokad	38	23.2810	85.6621
Doraidih	38	23.0740	85.5319
Doreyatoli	38	23.0659	85.6575
Domohantoli	38	23.9031	85.8338
Domarberatoli	38	23.8588	85.8447
Dokwabera	38	23.6899	85.8971
Domtoli	38	23.5063	85.9160
Domandih	38	23.3355	85.8161
Dogodih	28	23.2544	85.9560
Domadih	38	23.2068	85.7902
Dompara	38	23.0375	85.9304
Domrakochatoli	38	23.0313	85.7661
Domra	38	23.0301	85.7767
Domkulitoli	38	23.0196	85.8702
Dorkhajharia	38	22.9117	85.1891
Doengar	38	22.8400	85.0546
Doldari	38	22.6920	85.0253
Dolki	38	22.5166	85.2298
Dolki	38	22.5083	85.2332
Dolda	38	22.9824	85.3249
Dongakata	38	22.3749	85.2072
Domtoli	38	22.3644	85.1554
Dolda	38	22.9118	85.4114
Domchuan	34	24.4252	84.9137
Donra	38	24.1275	84.8923
Domatola	38	24.2131	84.8760
Dongakata	21	22.0144	85.5135
Doia	38	24.2113	86.7620
Dokra	38	23.9583	84.0976
Dorami	38	23.8815	84.1518
Dongipani	37	23.2360	84.0442
Doki	38	23.9350	84.4206
Dodang	38	23.9211	84.2953
Doram	38	23.6562	84.3122
Domakhar	38	23.6103	84.3199
Dokapat	38	23.2300	84.2783
Dodarikonatoli	38	23.2151	84.3221
Dori	38	23.9185	84.5298
Dorangtola	38	23.9518	84.6150
Dokar	38	23.7981	84.7343
Domarkhar	38	23.7124	84.7299
Doka	38	23.3822	84.5996
Dodang	38	23.2133	84.5377
Domandih	38	23.0407	84.6066
Doktalitoli	38	23.8127	84.8357
Dokiatoli	38	23.9337	84.8714
Domritoli	38	23.7325	84.9205
Doba	38	23.5186	84.8206
Dongritoli	38	23.3654	84.8820
Doranda	38	23.3842	84.8999
Dolaicha	38	23.1860	84.9633
Domba	38	23.1592	84.8301
Dokatoli	38	23.0187	84.7876
Dobtoli	37	22.9152	84.0889
Dongapani	38	22.6128	84.0860
Dobartoli	38	22.5765	84.1621
Dorapani	38	22.5808	84.1774
Dob	37	22.6767	84.1170
Dobipani	38	22.5682	84.1738
Dolangsera	38	22.4969	84.2182
Dongatoli	37	22.8231	84.2679
Dongari	38	22.7666	84.3653
Dongipani	38	22.5200	84.3924
Dongapani	38	22.6803	84.3324
Dobhayan	38	22.7125	84.3376
Dobhapani	38	22.7346	84.4718
Dombatoli	38	22.7365	84.4510
Dongatoli	38	22.6484	84.4259
Doyangatoli	38	22.4812	84.2624
Dongajortoli	38	22.4298	84.3223
Dolchua	38	22.9021	84.5555
Dombabira	38	22.7585	84.5348
Dongapahartoli	38	22.7565	84.6500
Dokatoli	38	22.8653	84.6468
Dolsera	38	22.9070	84.5863
Dongrijhari	38	22.4984	84.7224
Dolangsera	38	22.7616	84.8089
Dorhutoli	38	22.8421	84.8660
Dothatoli	38	22.7552	84.9227
Dolangseratoli	38	22.7498	84.8221
Doardatoli	38	22.5349	84.7746
Dombatoli	38	22.7031	84.8358
Dongapani	38	22.4577	84.7559
Dorhibahar	38	22.4610	84.9204
Dongamal	21	21.6156	84.2080
Donavur	25	8.4622	77.5834
Dolippatti	25	10.7172	78.1046
Dongamadikudi	25	9.8522	78.8138
Doddampatti	25	10.9799	77.7869
Dokku Virampatti	25	10.5397	77.9895
Doddanampatti	25	10.4352	77.8940
Dombachcheri	25	9.9604	77.3909
Doraiswamipuram	25	9.2937	77.4802
Doraiswamipuram	25	9.0315	77.3338
Doraiswamipuram	25	9.0018	77.4022
Doraiswamipuram	25	9.0640	77.4632
Doddappanayakkanur	25	9.9810	77.7340
Doddenahalli	19	14.1773	77.0807
Domra	38	22.7479	85.5543
Dodari	38	22.3194	85.3302
Doraa	38	22.9738	85.5808
Domari Tola	38	22.9622	85.5865
Domra	38	22.7600	85.5501
Dodarda	38	22.8600	85.6290
Dopai	38	22.6512	85.7458
Dokata	38	22.4011	85.7245
Domodih	38	22.9832	85.7858
Doro	38	22.8243	85.8043
Dobakhera	38	22.9016	85.9845
Domjori	38	22.7930	85.9861
Domboro	38	22.6807	85.7615
Doborosai	38	22.5509	85.8349
Donkahatu	38	22.5299	85.8492
Dolandih	38	22.7233	85.9126
Dolandih	38	22.7466	85.9453
Dokata	38	22.3830	85.9187
Dokata	38	22.3910	85.9132
Dobrobasa	38	22.4008	85.9855
Dongasai	38	22.1879	85.9530
Dongasai	38	22.1422	85.9817
Dolita	21	21.8885	85.3645
Doanra	21	21.6079	85.4855
Domuhani	21	21.0073	85.3055
Dongapal	21	21.1675	85.4048
Dolia	21	21.1135	85.4852
Doliabehra	21	21.8097	85.5871
Dorbil	21	21.7963	85.5408
Dongapani	21	21.6116	85.5469
Dolang	21	21.7055	85.7232
Dodropal	21	21.6399	85.7025
Dogot	21	21.6195	85.7249
Doaghat	21	21.7508	85.8300
Dongapani	21	21.5564	85.8491
Dondahuri	21	21.7370	85.8801
Donkasai	21	21.5788	85.9605
Dodhara	38	24.1692	85.6659
Domanbagh	34	24.9095	85.8664
Domohana	34	24.8108	85.9357
Donosot	38	24.6035	85.9415
Dongaria	38	24.6355	85.8423
Domni	38	24.5704	85.8347
Donaia	38	24.6542	85.7571
Domhan	38	24.5541	85.9666
Dongodih	38	24.4242	85.8134
Doranda	38	24.4710	85.9449
Domaidih	38	24.4549	85.9753
Dongo	38	24.0769	85.7964
Dorio	38	24.0580	85.9082
Dondlo	38	24.1132	85.8662
Doniatoli	38	24.2438	85.9936
Domiduwar	38	24.5905	86.1380
Dokotanr	34	24.5994	86.1818
Domasingha	38	24.2151	86.2270
Domansingha	38	24.1909	86.0262
Dokaiatanr	38	24.1882	86.0042
Domtoli	38	24.0621	86.1276
Dondosemar	38	24.0325	86.2364
Domabara	38	24.0074	86.0565
Domna Golga	38	24.0619	86.0167
Donha	34	24.9793	86.3782
Dopehri	34	24.9581	86.4390
Doma Chak	34	24.9963	86.4077
Domai	34	24.8805	86.4795
Doma Mahra	34	24.8804	86.4115
Dokli	34	24.7538	86.2744
Dolauri	38	24.5068	86.2527
Domohan	34	24.5938	86.3849
Dotna	34	24.6505	86.4422
Domachhorant	34	24.4776	86.4477
Dongo	38	24.3442	86.2918
Dorahia	38	24.2789	86.3858
Domatoli	38	24.2419	86.2885
Domapahari	38	24.2451	86.3282
Domtoli	38	24.1806	86.4702
Dokidih	38	24.1427	86.4381
Dongarpada	21	21.4239	84.1852
Dongapathar	21	21.0943	84.1552
Doitaribahal	21	21.6510	84.2956
Dongapathar	21	21.4705	84.4664
Doincha	21	21.1662	84.4262
Domagad	21	21.0291	84.3248
Doniakhol	21	21.6039	84.6886
Dongakhol	21	21.5021	84.6177
Dongaghat	21	21.4586	84.6986
Domamohul	21	21.2719	84.5253
Doraikela	21	21.7921	84.9210
Dontaribahal	21	21.5953	84.8235
Dongapal	21	21.6006	84.8005
Dondasingha	21	21.5114	84.9306
Donra	21	21.5363	84.9852
Dokeni	21	20.5130	84.0590
Dobarkani	21	20.5352	84.0787
Dorki	21	20.5031	84.1534
Dobartuta	21	20.4936	84.1326
Doberisai	21	20.4422	84.1077
Dongakhol	21	20.4069	84.2051
Dompria	21	20.3973	84.0513
Donga	21	20.4093	84.0081
Dongrikia	21	20.3367	84.0393
Dokapara	21	20.2781	84.1547
Dombadei	21	20.2823	84.0621
Dokopadar	21	20.2785	84.2392
Dodoki	21	20.2542	84.1043
Dondikia	21	20.2355	84.1857
Dorapida	21	20.2000	84.2000
Dolabali	21	20.1971	84.1231
Dokorogam	21	20.1923	84.0315
Donderi	21	20.1544	84.2339
Dogakamba	21	20.1398	84.1920
Dopepara	21	20.1098	84.0479
Dodobadi	21	20.0796	84.1335
Dodobadi	21	20.0496	84.1257
Dolkamba	21	20.0275	84.2065
Dokorobadi	21	20.0110	84.0808
Dohali	21	20.9410	84.4544
Dongabasa	21	20.5814	84.2541
Donga	21	20.6220	84.3123
Donkuni	21	20.3740	84.3437
Dokeni	21	20.4789	84.3510
Doroda	21	20.4682	84.4060
Dongagam	21	20.3189	84.4981
Donkupa	21	20.1892	84.2780
Dombaguda	21	20.1666	84.3281
Domaguda	21	20.1544	84.3361
Dokodi	21	20.1228	84.3296
Domongnaju	21	20.1281	84.3432
Dokrangia	21	20.1389	84.3399
Dogarpari	21	20.1563	84.4120
Dodogomaha	21	20.2143	84.4047
Dodoralunda	21	20.0627	84.4937
Dorpangia	21	20.0736	84.4528
Dolmundi	21	20.6226	84.6730
Doisingha	21	20.5197	84.7293
Doloka	21	20.0375	84.6690
Domuhani	21	20.1379	84.5918
Dodamarg	16	15.6836	73.9667
Doraguda	21	19.1805	83.0254
Dodra	11	31.2053	78.0604
Domkal	28	24.1207	88.5439
Dollungmukh	30	27.6013	94.1436
Dogri	11	31.1867	77.8173
Donakonda	02	15.8603	79.5336
Dokwa	38	24.2417	84.7513