Eklahare	16	19.9801	73.8823
Eklahra	35	22.2035	78.6893
Ekangar Sarai	34	25.2234	85.2298
Ekwari	34	25.2875	84.5833
Ekta	24	26.8168	77.6513
Eksambe	19	16.5309	74.6037
Ekrukha	16	18.4888	77.0652
Ekma	34	25.9670	84.5383
Eklingji	24	24.7462	73.7226
Eklara	09	23.7487	72.8093
Ekdari	34	26.8431	85.0051
Ekchari	34	25.2093	87.2159
Ektapur	28	22.1558	87.9975
Ektaraliguda	40	17.5761	78.5383
Ekkattuthangal	25	13.0208	80.1981
Ekauda	35	24.1596	78.0727
Ekman	36	26.9021	79.6275
Ekoratoli	03	27.0332	94.7096
Eklera	35	22.4976	76.5655
Ekat	24	26.2480	76.6265
Ekdara	16	21.4262	78.3890
Ekalvihir	16	21.4989	78.4095
Ekarjun	16	21.1305	78.3098
Ekalbehri	35	21.8836	78.8694
Ekalbehri	35	21.8933	78.8794
Eklingpura	24	24.5540	73.7394
Eklingpura	24	25.0704	74.5347
Eklingpura	24	25.4875	74.6157
Ekansur	16	19.7396	80.2356
Ekalsingha	24	26.0248	75.2062
Ekulagattu Tanda	40	16.6630	78.1332
Ekdara	16	19.1300	76.0556
Ekrukha	16	19.6132	76.2534
Ekburzwadi	16	19.0580	76.3057
Ekrukha	16	19.3639	76.6568
Ekrukh	16	19.1591	76.9638
Ekamba	19	17.7427	76.7370
Eklama	37	21.8907	81.0586
Ekamba	19	18.2821	77.3702
Ekalara	16	18.6375	77.5262
Ekalara Khurd	40	18.4430	77.6381
Ekalara Buzurg	40	18.4176	77.6524
Ekkapalle	40	17.2001	77.6128
Ekhu	36	27.4037	78.4874
Ekburji	16	20.8255	78.4236
Eklara	16	20.4142	78.4481
Eklaspur	19	16.2182	77.3210
Ekgaon	40	19.1172	78.0105
Ekalma	35	21.8201	79.0981
Ekardi	16	21.1205	79.3049
Ekalasuganipet	40	17.0573	79.8976
Ekghara Phaphund	36	26.6971	79.5730
Ekghara	36	26.4863	79.7618
Ekghara Purwa	36	26.4907	79.9369
Ekghara	36	26.4880	79.9406
Eka	36	27.3840	78.6052
Ekunamapet	02	16.5761	79.3879
Ekdala	36	25.6302	81.0385
Ektasa	35	21.9095	76.0688
Eklara	35	21.3142	76.2947
Eklakhi Mandarpur	36	25.6954	83.0040
Ekauni	36	25.2599	83.0757
Ekauna	36	25.2406	83.1612
Ekauni	36	25.2074	83.2275
Eklaman	35	22.9865	77.6041
Ekalwara	35	22.9840	77.6666
Ekavaspatti	36	25.5805	83.2954
Ekauni	36	25.3555	83.4641
Ekdaliya	35	22.4511	77.1298
Ekauna	36	25.1079	83.2693
Ekauni	34	25.1052	83.3659
Ekauni	34	25.0177	83.7463
Ekauni	36	25.6243	83.9433
Ekdar	34	25.4201	83.9170
Ekauni	34	25.1985	83.8285
Ekauni	34	25.2411	83.8408
Ekaunia	34	25.1790	83.9687
Ekjhira	16	21.3097	77.3296
Eklara	16	21.0583	77.3751
Eklara	16	20.6560	77.9954
Ekburji	16	20.0589	77.0883
Ekodi	16	21.1480	79.9378
Ekuri	40	19.7041	78.7593
Ekdariya	36	24.9045	81.9971
Eklama	35	22.2514	78.4247
Eklara	35	21.6755	78.1002
Ekari	36	25.8789	80.8804
Ekburgi	16	20.3864	78.5588
Ekouna	35	24.6287	80.5847
Ekdala	36	25.9633	82.3627
Ekdala	36	25.7666	82.2637
Eklama	35	22.2155	79.2139
Ekdanga	36	25.3496	82.8070
Ekdala	36	25.4683	82.0697
Ekghara	36	26.4807	80.7692
Ekauna	36	25.7399	82.7842
Ekauni	36	26.2354	80.9734
Ek Bhitia	36	25.9853	83.8199
Ekgharwa	36	27.1148	81.8331
Eklari	16	21.2389	79.6321
Ekarjun	16	20.2167	79.0143
Ekamba	16	19.8734	77.1379
Ekona	36	28.4394	78.4195
Ekaunagarh	36	25.8111	81.3244
Ekshamba	36	26.1373	81.0679
Ekauna	36	26.1074	81.2471
Ekgharwa	36	27.6075	82.0313
Ekdanga	36	27.2229	82.0442
Ekman	36	27.1256	82.0448
Ekuraula	39	29.8416	79.1352
Eklaspur	40	18.4891	78.6588
Ekgharwa	36	27.1834	82.6431
Ekdanga	36	27.2107	82.7644
Ekdanga	36	27.2288	82.8578
Ekdanga	36	27.0386	82.8785
Ekdanga	36	27.0402	82.9953
Ekdanga	36	26.8813	82.2022
Ekdarya	36	26.0206	82.2433
Ekmahir Miyan	36	26.7913	82.3191
Ekdanga	36	26.9641	82.4160
Ekdangi Khurd	36	26.8022	82.4839
Ekdanga Langri	36	26.8049	82.4812
Ekdalwa	36	26.5691	82.4874
Ektekwa	36	26.8177	82.6058
Ekdangwa	36	26.9784	82.6996
Ekdangwa	36	26.6995	82.5525
Eksara	36	26.6971	82.6755
Ekdalla	36	26.5191	82.7415
Ekdala	36	26.1006	82.5707
Ekdanga	36	26.8446	82.8440
Ekdangi	36	26.5279	82.7994
Ekasi	36	26.6016	82.9049
Ekman	36	26.7307	82.9440
Ekdangi	36	26.7396	82.9575
Ekdangi	36	25.9747	83.4639
Ekdanga	36	26.3351	82.8202
Ekdalla	36	26.2681	82.8428
Ekdangi	36	26.2567	82.9939
Ekingom	12	33.6501	75.2358
Ekman	36	26.8252	83.0157
Ekla Mafi	36	26.9904	83.1177
Ekla Shukul	36	26.9902	83.1185
Ekdanga	36	26.5354	83.2056
Ekli	36	26.5475	83.2300
Ekma	36	26.6105	83.2479
Ekdangi	36	26.2548	83.0092
Ekman	36	26.0863	83.0978
Ekman	36	26.8724	83.2517
Ekla	36	26.7168	83.3285
Ekdanga	36	26.7372	83.3243
Ekwandand	36	26.2734	83.3444
Ekauna	36	26.4157	83.5066
Ekdanga	36	26.3979	83.7456
Ekdarwa	36	26.7675	83.9466
Ekdanga	36	26.2414	83.8050
Ekeil	36	26.0067	83.9642
Ekkela	40	18.3364	80.4139
Ekauni	36	25.2074	81.8410
Ekalra	35	22.0771	74.9080
Ektas	16	21.4821	74.6614
Ekodi	35	21.7911	80.1422
Ekalgadda	23	31.5120	75.0687
Eklahare	16	20.4963	74.0130
Ekarukhe	16	20.3270	74.0292
Eko	35	21.7605	80.5252
Eklagna Budrukh	16	21.0166	75.4205
Eklagna Khurd	16	21.0143	75.4193
Ekrukhi	16	20.9915	75.1389
Eklahara	16	20.4891	75.1271
Ekghara	36	27.1577	80.5734
Ekalpurtola	16	20.6658	80.0148
Ekalpur	16	20.6547	80.0085
Ekpana ka Gura	24	25.0126	73.7745
Ekat Kanhar	37	20.5405	80.8050
Ekderi	37	23.9029	83.1384
Ekhao Chhani	39	30.7522	77.8559
Ektal	37	21.7958	83.4706
Ekgharwa	36	27.8495	81.3679
Ekkasantar	02	18.1615	82.7750
Ekkalivaripalem	02	16.1325	80.0602
Ekadeli	21	19.1476	83.1791
Ekkagumma	02	18.4003	82.3965
Ekkambalapadar	21	19.3379	83.6283
Ekkambo	21	18.9064	82.5458
Ekodheli	21	18.8725	82.7441
Ekka Mondaput	02	18.1032	82.7284
Ekanaguda	21	19.3409	83.7906
Ekkulumetta	02	18.2751	83.0321
Ekkalagudem	37	17.9481	81.4529
Ekauni	34	25.0050	84.4668
Ekari	34	25.9539	84.5559
Ekdangwa	34	25.9335	84.5089
Ekhand	35	22.1771	76.2013
Ekalwara	24	23.3342	74.2939
Ekauna	34	25.5207	84.6454
Ekauna	34	25.6863	84.7400
Ek Ghara	39	29.2047	79.1576
Ekauna	34	25.3731	84.6162
Ekauni	34	25.3871	84.6545
Ekalghara	35	22.0722	74.2269
Ekhathia	39	29.8147	79.7038
Ekdarwa	34	27.2017	84.4013
Ekwa	34	27.2889	84.6092
Ektod	16	21.7216	74.1649
Ekdhad	16	21.6238	74.1201
Eklingpura	24	25.2836	74.3827
Ekdanga	34	26.3658	84.2008
Ekdanga	36	26.2355	84.0690
Ekdanga Pandit	36	26.2319	84.0704
Ekdanga Bhat	36	26.2407	84.0954
Eksar	36	26.0703	84.0086
Ekderwa	34	26.5054	84.4197
Ekdari Mangalpur	34	26.9795	84.6757
Ekderwa	34	26.6171	84.5789
Eklera	35	22.7241	76.3002
Eksar	34	26.0271	84.5386
Ekderwa	34	27.0010	84.8263
Ekauna	34	26.6513	84.9007
Eklahara	16	21.2242	74.9750
Ektas	16	21.1506	74.9318
Eklahara	16	21.1426	74.9185
Ekwari	36	25.7980	84.0741
Ekauni	36	25.7707	84.0294
Ekauni	34	25.5142	84.1263
Ekauna	34	25.6586	84.1681
Ekauni	38	24.5774	84.0537
Ekdari	38	24.5331	84.0652
Ekdara	34	24.5304	84.1179
Ekghara	34	24.7039	84.0844
Ekauna	36	25.7098	84.2711
Ekdar	34	25.6438	84.3247
Ekrasi	34	25.5031	84.2803
Ekauni	34	25.3452	84.4818
Ekauna	34	24.9661	84.4218
Ekamba	34	24.4165	84.5301
Ekamba	38	24.3721	84.5998
Ekauna	38	24.4486	84.7200
Ekta	38	24.0995	84.5894
Ekraman	34	25.0709	85.9018
Ekarha	34	25.0523	85.8955
Eksari Bigha	34	25.1227	85.8845
Eksari	34	25.1331	85.8847
Ekdara	34	26.5104	86.1338
Ekhari	34	26.5246	86.3071
Eklaspur	19	15.3049	75.8808
Ekalanagayapalle	02	14.8990	77.6398
Ekapadampalle	02	14.6001	77.7989
Ekarlahalli	19	13.7181	77.4506
Ekkegondi	19	14.4279	75.7776
Ekkanahalli	19	14.3001	75.7778
Ekamman	34	24.6679	85.2246
Ekamba	34	24.7623	85.4268
Eknar	34	24.8579	85.4566
Ekama	34	24.6120	85.3282
Ektara	38	24.2887	85.2680
Ekkegondi	19	14.7576	76.5898
Ekma	34	26.4342	86.2068
Ektara	34	26.4567	85.9966
Ekdara	34	26.3224	86.3125
Ekhara	34	26.3288	86.3907
Ekamma	34	26.4802	86.4719
Ekhatha	34	26.4523	86.4590
Ekdara	34	26.4199	86.4276
Ekalpur	16	19.8267	79.7686
Ekodi	16	19.9383	79.8025
Ekamba	34	25.6561	86.1563
Ekonwa	34	25.7478	86.2339
Ekhara	34	25.4718	86.0725
Ekhtiarpur	34	25.4641	86.1426
Ekpara	34	25.7418	86.6385
Ekamma	34	25.8616	86.8965
Eknor	36	26.6077	79.1574
Ekghara	36	26.6624	79.2447
Ekri	36	26.6498	79.1305
Ekghara Bidhuna	36	26.7805	79.4183
Ekariya	34	24.8719	84.8267
Ekawan Bigha	34	24.7929	84.9608
Ekauna	34	24.5733	84.7753
Ekauni	34	24.5772	84.9159
Ekraha	34	25.9573	87.0922
Ekamba	34	25.6013	87.3824
Ekdanr	38	25.0918	87.4669
Ekhua	34	25.8165	87.5910
Ekamba	34	25.9689	87.5741
Ekdara	34	25.3308	87.3192
Ekchari	34	25.3719	87.3601
Ekderwa Masuria	34	25.9310	85.0636
Ekauna	34	25.4731	85.1219
Ekauna	34	25.4411	85.0182
Eksala	34	25.5879	87.9421
Ekchanan	34	25.6691	87.9927
Ekdola	28	24.2171	87.8234
Ekangardih	34	25.2189	85.2545
Ekarni Bigha	34	25.1894	85.2923
Eksari	34	25.0808	85.3754
Eksara	34	25.1681	85.3890
Ekdara	34	25.8433	85.7129
Ekdanga	34	25.3897	85.7034
Ekulti Budrukh	16	20.7231	75.6080
Ekulti Khurd	16	20.7253	75.6089
Ekphal	16	20.0787	75.6974
Ekambarakuppam	02	13.3151	79.5683
Ekkalcheruvupalle	02	14.1230	78.0864
Ekasireddipalli	19	13.3644	78.2976
Ekrahalli	19	12.9167	78.2229
Ekkandapalli	25	12.4471	78.0065
Ekalanattam	25	12.6840	78.2625
Eklaspuram	25	12.6714	78.5656
Ekalipapankottayi	25	12.7744	78.8376
Ekinpalle	02	14.1442	78.7351
Ekerapalle	02	14.0334	78.5434
Ekunampuram	02	15.2155	79.2276
Ekesvaravaripalem	02	15.9247	79.8984
Ekambaranellur	25	13.0176	79.2892
Ekachakrapuram	25	13.3224	79.9003
Ekambaranellur	25	12.6843	79.1776
Ekanapuram	25	12.9593	79.7779
Ekanampettai	25	12.8031	79.7692
Ekvalli	13	11.9073	76.0337
Ekoni	25	11.4681	76.6863
Ekauna	34	25.4916	87.6307
Ekkunnam	13	10.0867	76.5682
Ekkattur	25	11.6714	77.2859
Ekkattampalaiyam	25	11.1236	77.5871
Ekanayakkanpettai	25	10.9921	79.4574
Ekkal	25	10.4638	79.6448
Ekabaria	21	20.0495	84.8216
Ekaguri	38	23.3995	85.1909
Ekamba	38	23.4672	85.3337
Ektara	38	24.4397	84.8587
Ekauna	38	24.2706	84.9516
Ekamba	38	23.2189	84.1256
Ekta	38	23.9317	84.3238
Ekaguri	38	23.3876	84.6836
Ekamba	38	23.3025	84.6971
Ekatali	21	21.8675	84.0011
Ekambarapuram	25	8.6974	77.4231
Ekkattanvalasu	25	10.9739	77.7382
Ekojimaharajapuram	25	11.2818	79.7866
Ekkampali	25	11.4112	78.3474
Ekagharia	21	21.0498	85.1649
Ekul	21	21.1482	85.6894
Ekghari	21	21.9086	85.8228
Ekadali	21	20.6367	85.2406
Ekadal	21	20.4098	85.1301
Ektal	21	20.1536	85.0271
Ekgharia	21	20.7825	85.4069
Ekaguri	38	24.3181	85.8913
Ekdara	38	24.4023	85.9993
Ekma	34	26.0541	86.6121
Ekparha	34	26.0621	86.7475
Ekarh	34	25.9598	86.4522
Ekdara	34	24.8009	86.3552
Ektara	34	24.3944	86.4137
Ekagudi	21	21.7145	84.5057
Ektal	21	20.8696	84.1457
Ekapodoro	21	20.2871	84.5256
Ekman	36	26.7491	83.0293