Eluru	02	16.7131	81.1044
Electronic City Phase I	19	12.8549	77.6633
Ellenabad	10	29.4528	74.6612
Elampalloor	13	8.9558	76.6739
Elayavur	13	11.8892	75.4124
Elur	13	10.0667	76.2833
Elamanchili	02	17.5491	82.8575
Elamkunnapuzha	13	10.0267	76.2223
Ellakkudi	25	10.8060	78.7503
Elandakuttai	25	11.4060	77.7750
Elumalai	25	9.8650	77.6992
Elavalli	13	10.5660	76.0912
Elandacheri	25	13.1898	80.2710
Elivala	19	12.3578	76.5407
Elattur	25	11.3866	77.3080
Elayirampannai	25	9.2703	77.8249
Ellora	16	20.0231	75.1630
Elwinpet	02	18.9773	83.6631
Elmagonda	37	18.2007	81.1285
Ellaturu	25	10.7333	80.0167
Ellasiri	02	13.9414	80.0211
Ellanuru	02	14.6978	78.0752
Elladakere	19	13.7872	76.5670
Elgur	16	19.5282	80.0642
Elesvaram	02	17.2878	82.1052
Elavanasur	25	11.7154	79.1796
Elattur	13	11.3350	75.7359
Elao	09	21.4480	72.7994
Elandangudi	25	11.0559	79.6495
Elamattur	13	9.4333	76.7167
Elkaguda	40	17.3510	78.2276
Elkatta	40	17.0766	78.1590
Ellasenpet	40	17.0211	78.3322
Elgapalli	40	17.0031	78.8436
Ellampet	40	17.6833	78.4899
Electronics City	19	12.8458	77.6727
Ellakkal	13	10.0032	77.0664
Elgandal	40	18.4064	78.9935
Elenadu	19	13.5970	76.4764
Ellamanda	02	13.8408	79.0410
Ellainayakkanpatti	25	8.7342	77.9225
Elkalapalli	40	18.7006	79.4786
Elora	28	23.1356	86.7438
Elavupalam	13	8.7790	77.0216
Elaki	24	27.9182	76.8743
Elachpur	35	23.3453	78.4791
Elkunti	40	18.8045	79.5767
Elgurtola	16	19.5248	80.0839
Elchil	16	19.5155	80.1576
Elegaon	40	19.0607	77.9179
Elvi	40	19.0265	77.8613
Elegaon	40	18.5133	77.7386
Elegaon	16	18.8536	77.8326
Ellaram	40	18.3576	77.7717
Elmamudi	19	17.5461	77.2518
Elal	40	17.2133	77.6421
Ellaram	40	17.6779	77.9116
Elhera	19	16.7279	77.3297
Elampur	36	27.9053	78.0377
Elsanpalli	40	16.8583	77.5457
Ellayyapaili	40	19.4061	78.3943
Elkapar	35	21.6302	79.0296
Elkatta	40	17.1642	79.1033
Elkalgudem	40	17.1038	79.0451
Ellammagudem	40	16.7774	79.1880
Elichpur	16	20.8891	77.4275
Elmaramaiah Banjara	40	17.4892	79.7926
Elurwarigudem	40	17.3126	79.9584
Elchha	35	23.5890	78.1838
Elgumula	40	16.7041	78.3013
Ellammapalli	40	16.3810	78.8210
Elkapar	35	21.4860	78.7803
Elehna	36	26.4410	81.2982
Ellenpur	36	27.1033	82.3372
Ellenpur Grant	36	27.0482	82.3309
Elmadanipalli	40	18.5075	78.8621
Ellandakunta	40	18.3099	78.9532
Elgandrara	37	19.0415	80.5656
Elbak	40	18.2998	80.2181
Elmagudem	40	18.6024	80.3184
Elmidi	37	18.5965	80.6910
El	12	32.4832	75.5518
Elori	16	20.9194	80.1499
Ellichpur	37	22.2235	81.5884
Elysium	11	31.1145	77.1796
Ellivada	02	17.6918	81.7867
Elakaladibba	02	17.4262	81.7919
Ellapuram	02	17.4916	81.9238
Elayanarkuppam	25	12.5144	80.1430
Ellapuram	02	17.5544	82.0735
Ellavaram	02	17.4282	82.0310
Eluru	02	17.2629	82.1612
Ellamilli	02	17.1164	82.0278
Ellamilli	02	16.8559	81.4622
Elurupadu	02	16.5191	81.3487
Ellampudi	02	16.4956	81.4837
Ellaturu	40	16.7136	80.0115
Ellampadu	02	17.9110	82.7463
Ellavaramdandapeta	02	17.5941	82.5366
Elma Kotturu	02	17.3506	82.5093
Ellamanda	02	16.1847	80.0546
Elur	02	16.1042	80.2086
Ellibadu	02	18.3817	82.4928
Elagapudi	02	16.5260	80.5113
Ellagalagudem	02	16.8263	80.8431
Ellapuram	02	16.8395	80.9941
Elamarru	02	16.3695	80.9269
Ellampalli	37	18.4153	81.2438
Elegavalasa	02	18.6112	83.1334
Elagavalasa	02	18.6510	83.1702
Ellammapadu	02	18.3851	83.1390
Ellammapadu	02	18.3641	83.1311
Elagavalasa	02	18.7883	83.3189
Elagavalasa	02	18.5402	83.3969
Ellingnar	37	18.7855	81.8963
Elgapuram	02	18.7759	83.6847
Ellammanayuduvalasa	02	18.4357	83.6082
Elaguvada	02	18.6190	83.7736
Elamanchili	02	18.5301	83.9921
Ellagulagudem	40	17.5836	81.0040
Ellampadu	40	17.5520	81.2180
Ellayyagaripeta	02	18.3512	83.7930
Ellappi	02	17.8581	83.1380
Elgapadu	02	17.0646	81.1466
Ellapuram	25	13.3126	80.0387
Elavur	25	13.4782	80.1212
Eliyambedu	25	13.3373	80.1759
Eliyambedu	25	13.2924	80.2164
Elani	24	25.5138	73.4916
Elachpur	35	22.9062	76.2881
Ellamvaripalem	02	16.1665	79.8467
Elchuru	02	16.0813	79.9269
Eli	19	14.2033	75.0409
Elvala	19	14.5548	75.2832
Elakuntla	02	14.4329	77.4832
Ellutla	02	14.6699	77.9075
Ellutla Bugga	02	14.6622	77.9176
Elukuntla	02	14.3130	77.8884
Elapenhalli	19	13.9388	77.0050
Elloti	19	13.8988	77.3894
Elehalli	19	13.4250	75.3195
Elemane	19	13.3101	75.3370
Elkapalli	16	19.6703	79.3709
Elahanka	19	13.1613	75.9652
Elagodu	19	14.3794	76.2992
Ellavarti	19	14.4042	76.3736
Elakanurahalli	19	14.0649	76.4526
Elanji	02	14.8809	76.9125
Elagatte	19	14.1914	76.7614
Elegondanahalli	19	14.0508	76.7708
Elenadu	19	13.9684	76.7060
Elebiranahundi	19	12.2043	76.6721
Elabotavaram	40	18.4867	79.1689
Ellappadoddi	02	14.6056	77.0116
Elachinta	02	14.3244	76.9996
Elavanayakanahalli	19	14.2796	77.1320
Elambarai	13	11.9252	75.5501
Elayadam	13	11.6562	75.6755
Elatteri	13	11.4271	75.7259
Elambilad	13	11.4850	75.6319
Elettil	13	11.3977	75.8957
Elampulavu	13	10.9281	75.9413
Elchinagar	36	26.5669	79.3601
Ellatramiapalli	40	18.3372	79.6597
Elogiguli	19	15.2520	76.2746
Eluve	19	12.5614	75.5378
Elangi	28	25.2998	87.9016
Elashpur	38	24.4832	87.7679
Ellamrazpalem	02	16.5814	79.9453
Eligalguda	40	17.5685	78.5358
Elappara	13	9.6351	76.9786
Elanad	13	10.6273	76.3948
Elangadu	25	10.8347	78.9266
Elanji	13	9.8319	76.5449
Ellemalam	19	12.0846	77.3671
Elesandiram	25	12.6213	77.6838
Elasetti	25	12.5193	77.7359
Elachikerai	19	12.0502	77.5222
Ellavattula	02	15.3433	78.6048
Elamvaripalle	02	14.3955	78.2304
Elampalle	02	14.0446	78.1704
Ellampalle	02	14.7328	78.7719
Ellampalle	02	14.1037	78.8072
Ellampalle	02	13.9749	78.3887
Ellampalle	02	13.4132	78.4967
Elavanelluru	02	13.3702	78.3886
Ellampalle	02	13.4408	78.6241
Ellakuntla	02	13.4236	78.6715
Ellurivandlur	02	13.1112	78.6264
Eluvapalli	25	12.8187	77.9800
Eluvapalli	25	12.7982	77.8505
Ellayaur	25	12.5635	77.8016
Elichipalli	25	12.7007	77.9946
Elachimaganapalli	25	12.6405	78.0307
Elumichchanahalli	25	12.3432	78.1376
Elagiri	25	12.0371	78.0722
Elegiriyankottai	25	12.0805	78.1140
Ellajogipalli	02	12.8758	78.4230
Elimichchagiri	25	12.5836	78.2670
Eladdagiri	25	12.5499	78.2946
Elavadi	25	12.1590	78.3904
Elrampatti	25	12.6018	78.5550
Ellalapatti	25	12.5946	78.5359
Ellappalli	25	12.5824	78.5257
Elavathumedu	25	12.5210	78.5016
Elayanagaram	25	12.7145	78.6152
Elavampatti	25	12.4454	78.5466
Elachchiyur	25	12.3788	78.5384
Elaitripur	25	12.8643	78.8166
Ellappapettai	25	12.8084	78.8987
Ellaparai	25	12.7605	78.9826
Elaiyankanni	25	12.0484	78.9385
Ellappudayanpatti	25	12.0355	78.5219
Elankunni	25	12.1371	78.6790
Elaramaperi	25	12.0528	78.6503
Ellimardoddi	19	12.4428	77.5107
Elurupad	02	14.4578	78.7009
Elampalle	02	15.8374	79.6739
Eluru	02	15.5643	79.7787
Eligollapalle	02	15.4861	79.3837
Ellamrazupalli	02	14.2777	79.1737
Ellamrazupalli	02	14.3052	79.1802
Ellampalle	25	13.2169	79.5545
Ellikuppam	25	13.1993	79.5854
Elattur	25	13.0220	79.5831
Ellampettai	25	13.3251	79.9489
Elamayankottur	25	13.0035	79.8073
Elantampattu	25	12.6719	79.0519
Eluvambadi	25	12.5096	79.0913
Elattur	25	12.4304	79.0558
Elavantangal	25	12.5021	79.4464
Elavantangal	25	12.5035	79.4409
Elavathadi	25	12.3632	79.2808
Elusempon	25	12.0591	79.4256
Elapakkam	25	12.5592	79.6427
Elacheri	25	12.7066	79.7137
Elanagar	25	12.6508	79.6885
Elappakkam	25	12.6976	79.5986
Elankadu	25	12.4669	79.5629
Elamangalam	25	12.2821	79.5437
Elappakkam	25	12.4235	79.7367
Elai	25	12.0720	79.5718
Elaiyandapattu	25	12.0184	79.6079
Elavalapakkam	25	12.2010	79.7219
Elavampattu	25	12.0824	79.7053
Elambakkam	25	12.9878	79.8306
Elampakkam	25	12.9837	79.8190
Elakkamangalam	25	12.8573	79.8994
Eluchchur	25	12.8162	79.9142
Elappakkam	25	12.6332	79.8384
Elimichchampattu	25	12.5645	79.9772
Elimichampettai	25	12.4255	79.8202
Elambilacheri	13	11.8003	76.1065
Elankur	13	11.1624	76.1828
Elayur	13	11.1772	76.0652
Elamannu	25	11.5161	76.3377
Elankulam	13	10.9142	76.2183
Elavuttur	13	10.5457	76.1108
Elangunnapuzha	13	10.0142	76.2321
Elambulassheri	13	10.9285	76.4654
Elad	13	10.8910	76.2518
Elamturutti	13	10.4879	76.2545
Elinjipra	13	10.3204	76.3594
Elikode	13	10.4229	76.3986
Elurvadakkumbagam	13	10.0895	76.2902
Elurkizhakkumbagam	13	10.0679	76.3106
Elurtekkumbagam	13	10.0742	76.2902
Elu	13	10.1016	76.3315
Elavur	13	10.2054	76.3268
Elampakapalli	13	10.1500	76.4983
Elival	13	10.8811	76.6547
Elappulli	13	10.7511	76.7453
Elakadu	13	9.0572	76.8937
Elavur	13	8.8901	76.9591
Elamkulam	13	8.5508	76.9108
Eldanepodu	19	11.9264	77.1572
Ellapalaiyam	25	11.1905	77.0565
Elachchipalaiyam	25	11.1947	77.2007
Elachchipalaiyam	25	11.1114	77.1976
Elanjivaliseri	13	8.9467	76.6652
Elanji	25	11.6482	77.2630
Elur	25	11.4982	77.3257
Ellaippalaiyam	25	11.3991	77.3748
Ellipalaiyam	25	11.3576	77.2663
Ellappalaiyam	25	11.3774	77.4756
Elandakkadusakkilivalasu	25	11.3693	77.4700
Ellalppalaiyam	25	11.2554	77.3860
Elangalipalaiyam	25	11.2565	77.4329
Ellaippalaiyam	25	11.4354	77.6440
Elayampalaiyam	25	11.4052	77.7383
Elaiyampalaiyam	25	11.3574	77.5619
Ellaippalaiyam	25	11.3183	77.5758
Ellaippalaiyam	25	11.3648	77.6754
Ellaippalaiyam	25	11.2960	77.5049
Ellaippalaiyampudur	25	11.3144	77.5774
Ellakkattuppalaiyam	25	11.2839	77.6866
Elayampalaiyam	25	11.1989	77.5385
Elayakkavundanvalasu	25	11.2464	77.6677
Ellaikkaduvalasu	25	11.1579	77.7491
Elantappailakkattuvalasu	25	11.0801	77.5693
Ellamareddiyur	25	11.7051	77.8621
Ellanur	25	11.6453	77.9274
Elayampalaiyam	25	11.3709	77.8573
Ellaisembampalaiyam	25	11.3216	77.9430
Elayampalaiyam	25	11.2901	77.8101
Elandakkottai	25	11.1977	77.8907
Elumattur	25	11.1885	77.7714
Ellaippalaiyam	25	11.1621	77.7943
Ellaippalaiyam	25	11.1435	77.7986
Ellaikkadu	25	11.1279	77.7763
Ellaiyur	25	11.0892	77.8820
Elunuttimangalam	25	11.0347	77.8928
Elur	25	10.8423	77.0079
Ellappanayakkanur	25	10.7191	77.2215
Ellapatti	13	10.1280	77.2097
Ellaippalaiyam	25	10.9429	77.4646
Ellaippalaiyam Pudur	25	10.9313	77.4668
Elavandi	25	10.9198	77.3033
Elumichchai	25	11.5417	79.4384
Elandanguli	25	11.2530	79.2897
Elumduramkuppam	25	11.4008	79.3783
Elandurai	25	10.9699	79.4800
Elankattalai	25	10.9575	79.4977
Elandavetti	25	10.6333	79.2732
Eliramankadu	25	10.3425	79.2769
Elanagar	25	10.5270	79.5959
Elulur	25	10.5362	79.6004
Ellakkalperambur	25	10.8067	79.0252
Elakkurichchi	25	10.9538	79.1633
Elangarkudi	25	10.9273	79.2269
Eluppatti	25	10.6971	79.1029
Elumagalur	25	10.9939	79.6291
Ela	38	22.7075	84.9223
Elandakulam	25	9.1274	77.5982
Elakulam	25	9.0382	77.7175
Elichal	25	8.3029	77.2691
Elankada	25	8.1653	77.4401
Elandaikulam Sanarkudi	25	8.4890	77.5593
Elankulam	25	8.4221	77.7378
Elardayadivilakudiyiruppu	25	8.0881	77.5139
Eluvaramukki	25	8.5091	77.9646
Ellikalliyur	25	10.7754	78.0761
Elapparpatti	25	10.4967	78.0655
Ellaippatti	25	10.2435	78.0848
Ellammankovilpatti	25	10.8849	78.2772
Elunuttimangalam	25	10.9289	78.3995
Eliaiammankovilpatti	25	10.5540	78.3230
Ellamanayakkanur	25	10.7081	78.4218
Ellaikkalappatti	25	10.6326	78.4790
Ellaikattuppudur	25	10.9742	77.6152
Ellappalaiyam	25	10.8476	77.7274
Ellappanayakkanur	25	10.7552	77.5523
Elandamadaipudur	25	10.7305	77.6589
Elluganvalasu	25	10.6973	77.6208
Ellappalaiyam	25	10.6723	77.6348
Elumanpatti	25	10.6042	78.6280
Ellappatti	25	10.4549	78.5841
Eluvanpatti	25	10.4138	78.5474
Ellayapatti	25	10.4488	78.7350
Elanappatti	25	10.1620	78.6911
Elumapatti	25	10.0266	78.6810
Elamanakkudi	25	10.8657	78.8060
Elandavadi	25	10.5561	78.7574
Ellappatti	25	10.3948	78.7749
Eliyarpatti	25	9.7960	78.0929
Eluvakaraiyanpatti	25	9.9370	78.3424
Eluvani	25	9.7030	78.2567
Elaiyanayakkan	25	9.6488	78.4800
Eluvanur	25	9.5016	78.3629
Elandamaddipatti	25	9.9329	78.5781
Eluvankottai	25	9.9478	78.7663
Elanjembur	25	9.3024	78.5308
Elai	25	9.2979	78.6139
Elikkulam	25	9.7439	78.7601
Elakarivilai	25	8.3199	77.8968
Elayanarkuppam	25	11.9810	79.0209
Ellakkadu Ramachandrapuram	25	10.9458	77.7739
Ellaigramam	25	11.7901	79.2108
Elavanur	25	10.8434	77.9042
Ellaipudur	25	10.8182	77.9407
Elrambattu	25	11.9134	79.2465
Ellaipatti	25	10.7437	77.7770
Elantoppu	25	10.7390	77.7728
Ellaippatti	25	10.6599	77.8134
Ellaippatti	25	10.6351	77.9740
Ellappatti	25	10.5831	77.9890
Ellappanayakkanpalaiyam	25	11.7169	79.1907
Ellaippatti	25	10.5505	77.8019
Eluttur	25	11.4375	79.0145
Elumattur	25	11.3994	79.1562
Ellaikkadambur	25	11.2808	79.1865
Ellaippatti	25	10.4289	77.8415
Ellaippatti	25	10.2866	77.9508
Elandurai	25	11.8745	79.3325
Elumedu	25	11.7735	79.6167
Elleri	25	11.3043	79.5690
Elatur	25	11.2533	79.6554
Elayangudi	25	11.1427	79.7065
Ellupillaichavadi	22	11.9317	79.8015
Eluvanpatti	25	9.7817	77.3702
Ellapatti	25	9.8403	77.3532
Elattur	25	11.8763	78.0622
Elayamadam	25	11.1668	79.7945
Elmattur	25	11.7465	78.0041
Elattur	25	11.7030	78.0168
Ellampalaiyam	25	11.2951	78.0511
Elur	25	11.3506	78.1090
Ellaikkattur	25	11.0911	78.0886
Ellaippalaiyam	25	11.1777	78.1170
Eluvampatti	25	11.2119	78.2382
Elizapatti	25	11.7168	78.2700
Ellaikkirai	25	11.2504	78.3491
Elangiyam	25	11.3025	78.4010
Elurpatti	25	11.0234	78.2844
Elluppalli	25	11.7723	78.5408
Eleyattur	25	11.7049	78.7082
Elandayari	25	11.6730	78.7186
Eliyattur	25	11.7154	78.8812
Elambalur	25	11.2669	78.8816
Elumur	25	11.2912	78.9930
Elajangi	38	22.8988	85.5238
Elihasa	38	22.8543	85.5156
Elabeka	21	21.9016	84.9604
Elamanchili	02	16.4797	81.7808
Elgandal	02	18.4264	79.0411
Elappulli	13	10.7618	76.7788