Erode	25	11.3428	77.7274
Erattupetta	13	9.6875	76.7789
Eramala	13	11.6859	75.5910
Erraguntla	02	14.6385	78.5397
Erandol	16	20.9221	75.3264
Erannoli	13	11.7691	75.5177
Eruvadi	25	8.4439	77.6044
Eravattur	13	11.5801	75.7384
Eruvatti	13	11.8062	75.5302
Erumaippatti	25	11.1467	78.2900
Eraniel	25	8.2059	77.3173
Erumapalaiyam	25	11.6324	78.1695
Eral	25	8.6258	78.0228
Eriyodu	25	10.5172	78.0627
Eranapuram	25	11.5581	77.9893
Erei	21	21.0871	86.5270
Eravu	13	10.4897	76.1349
Era	24	25.0229	74.5824
Eruru	19	15.4933	76.5085
Eruru	02	14.1667	80.0500
Erukkandurai	25	8.1890	77.6487
Ersama	21	20.2034	86.4077
Erraguntlakota	02	13.9622	79.2768
Erragudipadu	02	14.6166	78.6075
Erragondapalem	02	16.0397	79.3043
Errabalem	02	16.4631	80.5678
Erpedu	02	13.6923	79.5937
Erniyur	25	9.4000	78.9333
Ernakulam	13	9.9671	76.2904
Erdangkramsa	03	26.3155	93.2461
Erad	41	33.9571	78.1974
Erich	36	25.7882	79.0880
Eraballi	19	14.1028	76.6499
Erampalli	40	17.4605	78.9542
Erraraddipalli	40	17.7120	78.8302
Erukkancheri	25	13.1256	80.2531
Eranavur	25	13.1899	80.3080
Erumaivettippalaiyam	25	13.2397	80.1178
Erayur	25	13.2169	79.9398
Eran	35	24.0920	78.1714
Eramalloor	13	9.8251	76.3090
Erumaikkulam	25	9.5266	78.4491
Erapada	21	20.7466	86.0096
Erin	12	34.4173	74.6971
Erli	11	31.3348	77.6169
Eran	11	30.8338	77.4222
Erti	36	29.4060	77.2648
Erraguntapalli	40	18.7136	79.1911
Erraguntapalli	40	18.7700	79.7783
Eragadda	16	19.0822	80.1016
Erai Khurd	37	21.3366	81.1224
Erai Kalan	37	21.3350	81.1372
Eraph	37	22.4702	82.4101
Erenga	37	20.0401	81.6338
Erenga	37	20.0502	81.6333
Erabhkasa	37	21.8595	81.1464
Ersapalli	40	18.6563	77.9270
Ersatpalle	40	17.2326	77.5467
Erlapalle	40	17.1500	77.5928
Erlapalle	40	17.0727	77.7389
Erora	35	23.7958	79.5127
Eranpalli	40	16.8152	77.8839
Erwara	35	25.0495	77.6956
Ersanigudem	40	17.1934	79.2763
Erragaddagudem	40	17.0812	79.3755
Erragaddagudem	40	16.9966	79.1931
Erradlagudem	40	16.8045	79.1801
Erragadda Tanda	40	16.6068	79.0842
Erabaira	35	22.3505	76.9619
Eran	35	23.6936	77.8924
Eraura	35	24.5902	79.5263
Eracherla	40	17.4582	79.9500
Erwa	16	20.7543	79.6143
Erandi	16	20.9214	79.9912
Ergaon	16	20.3547	79.6619
Erragadda	40	17.4523	78.4324
Erkaram	40	17.2304	79.5698
Errammashettigudem	40	17.0640	79.7370
Eran	35	23.7758	78.3160
Erpa Tola	35	22.0153	79.4313
Erpa	35	22.0206	79.4355
Erwa	16	20.6546	79.5820
Erapuram	40	18.8524	78.5482
Erraram	40	18.4822	80.0794
Erandgaon Budrukh	16	20.0505	74.4040
Erandgaon Khurd	16	20.0510	74.4068
Erkheri	35	22.8376	75.6454
Eramsahi	37	22.0742	82.3139
Erandi	16	20.8669	80.1705
Erandi	16	20.7397	80.0499
Erandi	16	20.5947	80.2297
Erandi	16	20.2647	80.2231
Erapur	16	20.5741	80.3143
Erkari	16	20.6500	80.3597
Erandi	16	20.5645	80.2901
Erkar	16	20.3443	80.3689
Ermagarh	16	20.4528	80.4195
Eraskuhi	16	20.4991	80.4307
Ermagarh	16	20.4613	80.4388
Erasgonditola	16	20.0662	80.3084
Erampaili Khurd	16	20.0427	80.2533
Erasgubla	37	20.1866	80.4785
Erasgondi	16	20.0707	80.3064
Ermagondi	37	20.8067	80.6460
Erjal	16	20.5564	80.5094
Erkor	37	20.3349	80.8042
Erkortola	37	20.3507	80.8064
Erjaltola	37	20.4109	80.8291
Erjal	37	20.4193	80.8273
Eramsahi	37	21.8265	81.8361
Erashe	19	14.4574	74.8577
Erravaram	02	17.3719	81.5943
Erramatla	02	17.3832	81.6625
Erragoppala	02	17.8677	81.8668
Erramreddipalem	02	17.5387	81.8769
Erragondi	02	17.6588	81.9483
Erragonda	02	17.5646	81.9174
Errampalem	02	17.3732	81.8909
Erramamidi	02	17.4773	81.9990
Eratti	19	14.0170	74.7911
Eramnar	37	18.9293	80.8133
Eramidivalasa	21	18.3913	82.9556
Erraguppu	02	18.1002	82.8091
Erravarigudem	02	16.9037	81.0217
Erracheruvulu	02	17.7934	82.2095
Errakonda	02	17.7159	82.0606
Errampalem	02	17.5158	82.2045
Erakampalem	02	17.3384	82.1892
Errampalem	02	17.1254	82.0734
Erravaram	02	17.2307	82.1213
Erramallipadu	02	16.8840	81.3466
Erramalla	02	16.8497	81.4363
Erranabilli	02	17.8262	82.2816
Erravaram	02	17.7664	82.4654
Errabanda	02	17.7860	82.4327
Errabommalu	02	17.8289	82.4222
Errannapalem	02	17.5220	82.3737
Erranayudupakalu	02	17.6701	82.3355
Erakapuram	02	17.3922	82.3001
Ernagudem	02	17.0020	81.5063
Erramadu	02	17.0717	80.5102
Erukopadu	02	17.0355	80.5472
Errabhadram	40	17.8791	80.9284
Erraboru	40	17.8308	80.9931
Erayippulagudem	40	17.5602	80.7574
Errabhadrapuram	40	17.7211	80.9106
Erendi	40	17.7421	80.8798
Erragunta	40	17.6672	80.9876
Erra Gopalapatnam	02	17.7680	82.6342
Errapalem	02	17.7454	82.5657
Erravaram	02	17.6890	82.5512
Errakammapeta	02	17.5998	82.5517
Erravaram	02	17.5873	82.5590
Erranayadu	02	17.5836	82.5144
Erakabhupati Agraharam	02	17.5149	82.5023
Errabhupalapatnam	02	17.5022	82.5245
Erakannapalem	02	17.5840	82.6098
Erraguntlapadu	02	16.3370	80.1896
Erukavada	02	17.8647	82.8346
Erakannapalem	02	17.6041	82.7632
Erravaram	02	17.5458	82.8433
Erravaram	02	17.5981	82.9632
Erikapal	37	19.1260	82.0492
Errapalli	21	19.0833	82.2414
Erikonda	21	18.0205	82.2027
Erriguda	21	18.9332	82.3688
Erriguda	21	18.9139	82.3694
Erkavadi	21	19.3427	83.6596
Erragoppulu	02	18.0297	82.4624
Errapalem	02	16.2660	80.5847
Erasamudravalasa	21	18.5797	82.9488
Errampalle	02	16.9912	80.9613
Erravarigudem	02	16.9460	80.9454
Eralgudem	37	18.5727	81.1833
Erramantavalasa	02	18.7167	83.1970
Errasamantivalasa	02	18.7245	83.2105
Erramamidivalasa	21	18.4923	83.0367
Erakalapadu	21	18.4952	83.0396
Ermapara	37	18.9027	81.5620
Eranwal	37	18.7649	81.6329
Erpal	37	18.5931	81.5707
Erramanapalle	21	18.2461	81.6190
Erakalapaka	02	18.4861	83.3339
Erenduvar	37	18.9967	81.8498
Erraguda	21	18.4756	81.9617
Errakampeta	40	17.7780	81.1736
Eruvada	02	18.5711	83.5534
Erakarayapuram Agraharam	02	18.5797	83.6989
Erukonda	02	18.0536	83.5670
Erravaram	02	18.1675	83.7322
Eradiguda	02	18.7786	83.9838
Eragam	02	18.5325	83.9657
Errapadu	40	17.5675	81.0486
Erraguttapalem	40	17.6662	81.1122
Erraboru	40	17.6853	81.0924
Eravanguda	02	18.6175	83.8517
Erravalasa	02	18.2025	83.8485
Erakannapalem	02	17.8642	83.0780
Erukunayudupalem	02	17.7602	83.1068
Erravanipalem	02	17.7847	83.0943
Erravadipalem	02	17.9316	83.2049
Erravanipalem	02	17.8868	83.1282
Erraguntapalle	02	17.1434	81.0097
Errajerla	02	15.4536	80.0055
Erramvaripalem	02	15.9216	80.2444
Erraboru	37	17.9727	81.4368
Erukkuvay	25	13.3527	80.0442
Eranankuppam	25	13.2670	80.0351
Eranavakkam	25	13.2815	80.1344
Erisivan	25	13.3580	80.2159
Eriyapillaikuppam	25	13.3387	80.2661
Erala	02	15.9493	81.0328
Errampeta	40	17.7482	81.4033
Errakondapaka	40	17.7401	81.4999
Errayagudem	02	17.2930	81.3469
Errampeta	02	17.0685	81.3982
Errannagudem	02	17.1136	81.3465
Errayagudem	02	17.1775	81.4277
Erragunta	21	17.8758	81.6210
Eruvada	40	17.6814	81.5263
Eraura	34	25.4526	84.5859
Eria Bakhal	39	29.9419	79.2576
Errapalem	02	16.2218	79.7588
Eravakki	19	14.0409	75.2008
Erraguntla	02	14.8423	77.5310
Erragunta	02	14.5280	77.5548
Erraiyapalle	02	14.5645	77.7187
Errampalle	02	14.2917	77.6256
Erlapalle	02	14.1139	77.7049
Erraguntapalle	02	14.8904	77.9314
Erraguntapalle	02	14.5263	77.9433
Erraguntapalle	02	14.4187	77.8075
Errivanipalle	02	14.2835	77.8217
Erlampalle	02	14.2204	77.9286
Errayyagaripalle	02	14.0108	77.7789
Erragattupalem	19	13.7241	77.1285
Errapuram	19	13.7417	77.1564
Erragunta	02	13.9100	77.4819
Errabommanahalli	02	13.8737	77.2664
Errakodipalle	02	13.8665	77.3312
Erramallanahalli	19	13.7932	77.3089
Errappanapalya	19	13.6784	77.2998
Errapotemahalli	19	13.5759	77.4084
Eragaranpalya	19	13.0924	77.3443
Errapalle	02	13.9419	77.7223
Erampalle	02	13.7785	77.5173
Errachintalapalle	02	13.9182	77.7896
Errapalle	02	13.9413	77.9235
Erraganapalli	19	13.7578	77.9644
Errapentla	19	13.7879	77.9721
Errapalle	02	13.9780	77.9265
Erechikanahalli	19	14.3178	75.7963
Erehalli	19	14.3178	75.7724
Eravanagatihalli	19	14.3367	75.9354
Eragunte	19	14.4855	75.8989
Ergaon	16	19.6531	79.2703
Erikolam	13	12.3049	75.1645
Erramallanahalli	19	14.6978	76.3761
Erki	34	24.6147	85.0709
Errayinahalli	19	14.9524	76.5805
Erradammayyanahalli	19	14.9631	76.6331
Erraobayyanahatti	19	14.8358	76.6035
Errannanalingannanahalli	19	14.7542	76.5583
Erragundlahalli	19	14.7658	76.6132
Eradukera	02	14.5100	76.9263
Errampalle	02	14.6184	76.9534
Errakondapuram	02	14.5464	76.9792
Erraguntahalli	02	14.0357	76.9411
Erradakatte	19	13.9838	76.5849
Erakanagatta	19	12.8374	76.6207
Erappana Koppal	19	12.3632	76.5229
Erramdoddi	19	15.9761	77.0172
Erigeri	02	15.7338	77.2051
Erragudi	19	15.2724	77.0935
Erragudi	19	15.2655	77.0589
Eruru	02	15.2019	77.2723
Erragota	02	15.7519	77.5389
Errabadu	02	15.6701	77.6603
Erraguntapalle	02	15.2597	77.7048
Erkala	40	18.4694	79.1870
Erranelakanapuram	02	15.7461	77.7626
Errabadu	02	15.6385	77.8003
Erradoddi	02	15.6716	77.8786
Erragudi	02	15.6201	77.8426
Errakattuva	02	15.6104	77.9695
Erukalacheruvu	02	15.5451	77.7717
Erragudi	02	15.5059	77.7501
Erragunta	02	15.3850	77.9311
Erragunta	02	14.8374	77.0101
Errampalle	02	14.5075	77.1176
Erragudi	02	14.7014	77.1592
Erraborepalle	02	14.3731	77.0655
Erragunta	02	14.3555	77.0047
Erramallapalle	02	14.4647	77.2418
Erinkozha	13	11.7656	75.9058
Eramangalam	13	11.4305	75.7904
Erinhipalam	13	11.2790	75.7850
Eravannur	13	11.3578	75.8423
Erokkona	13	11.4092	75.9165
Erimala	13	11.3003	75.9614
Erotholiya	13	11.4307	75.9910
Eranellur	13	10.9746	75.8965
Erikkamanna	13	10.7800	75.9458
Eramangalam	13	10.7151	75.9780
Erur	16	19.9958	79.1911
Ergaon	16	19.6914	79.0236
Erupalli	40	18.3442	79.4716
Ereyingaligi	19	15.2563	76.8401
Erka	34	24.6093	84.2782
Erki	34	24.6377	84.4462
Eraura	34	24.6130	84.4555
Erur	34	24.6892	84.7564
Ergrej Chak	34	25.4748	85.3072
Erai	34	25.4036	85.2598
Erai Benipur	34	25.4317	85.3444
Errapalem	02	16.3862	79.4483
Errapalem	02	16.0935	79.4054
Errapalem	02	16.2761	79.5621
Ereddipalli	40	17.8707	78.5876
Erumamunda	13	11.3648	76.2214
Erumely	13	9.4836	76.8454
Erragudi	02	15.3843	78.1637
Errlamatur	02	15.1798	78.1275
Eruvapalem	02	14.8536	78.6137
Errapalle	02	14.8017	78.6394
Erragudidinne	02	15.2562	78.5210
Erraguntla	02	15.2821	78.5106
Erragudi	02	14.9890	78.2162
Erragudi	02	14.8535	78.1374
Erravankapalle	02	14.2363	78.0468
Erramreddipalle	02	14.4636	78.1811
Erraballa	02	14.3971	78.1744
Erikereddipalle	02	14.3714	78.1011
Erraswamivandlapalle	02	14.2505	78.2388
Erradoddi	02	14.1758	78.1219
Erikalavandlapalle	02	14.1737	78.1347
Errakuntapalle	02	14.1273	78.1488
Erragorulapalle	02	14.1630	78.2079
Erracheruvupalle	02	14.0829	78.0537
Errampalle	02	14.8534	78.9357
Erramachupalle	02	14.4808	78.7572
Errapalle	02	14.7413	78.8260
Eruvajamgampalle	02	14.7130	78.7881
Errapapireddigaripalle	02	14.2172	78.9506
Errangivandlapalle	02	14.1524	78.7804
Erragundlapalle	02	13.9383	78.1825
Errapalle	02	13.9847	78.1794
Errapallevandlapalle	02	13.8793	78.1949
Erragundlavandlapalle	02	13.9094	78.0547
Erraganapalli	02	13.8573	78.0164
Erikalavandlapalle	02	13.7752	78.1455
Errapalle	02	13.7916	78.1585
Erraguntlapalle	02	13.7910	78.1854
Erragangannagaripalle	02	13.7661	78.2143
Errammareddihalli	19	13.5347	78.0034
Errayyagaripalli	19	13.5187	78.1618
Errapalle	02	13.6770	78.1261
Erragudivandlapalle	02	13.6780	78.1696
Errayyagaripalli	19	13.7000	78.0135
Errakote	19	13.4589	78.1098
Erranagannavaripalle	02	13.9205	78.3823
Erraguttapalle	02	13.9502	78.4018
Erragondipalle	02	13.8617	78.4136
Errakuntlapalle	02	13.8658	78.3444
Erracheruvupalle	02	13.9113	78.2632
Errakondavandlapalle	02	13.9053	78.2595
Erramreddivandlapalle	02	13.7742	78.3221
Errakalavapalle	02	13.7540	78.3213
Errasanipalle	02	13.7902	78.4625
Erramaddavaripalle	02	13.7974	78.4628
Erramreddigaripalle	02	13.7100	78.2986
Erraguttavaripalle	02	13.7299	78.3718
Errammagaripalle	02	13.6734	78.3510
Erramattivandlapalle	02	13.6761	78.4194
Errapalle	02	13.6715	78.4605
Errappavandlapalle	02	13.7015	78.4875
Erragamvaripalle	02	13.6055	78.4983
Erravandlapalle	02	13.6428	78.3611
Erikalavandlapalle	02	13.5977	78.2747
Erramvaripalli	19	13.5337	78.3077
Errappavandlapalle	02	13.5021	78.4715
Errayapalle	02	13.4193	78.4037
Erranelapalle	02	13.4360	78.3960
Errappasettipalle	02	13.3920	78.4895
Errapalle	02	13.3432	78.4776
Erlampalle	02	13.4556	78.6906
Erradinnepalle	02	13.4120	78.7050
Errapalle	02	13.4086	78.6720
Erikalapalle	02	13.3949	78.6837
Erratimmanapalle	02	13.3499	78.7055
Errakondapalle	02	13.1508	78.6841
Errampalle	02	13.0178	78.5034
Errakadirepalle	02	13.1156	78.6179
Erudukottai	25	12.4557	77.8315
Erimalai	25	12.3059	77.9050
Eripanchapalli	25	12.4525	77.9440
Errakamanahalli	25	12.0081	77.8313
Erigollanur	25	12.1169	77.8958
Erumampatti	25	12.0955	77.9814
Errabeyanahalli	25	12.0954	77.9822
Eruppalli	25	12.1220	77.9893
Erramannugunta	25	12.6304	78.0150
Errandapalli	25	12.6520	78.0848
Errabairahapalli	25	12.5161	78.1305
Eruduguttahalli	25	12.3104	78.0252
Erraguttahalli	25	12.3101	78.0066
Erranahalli	25	12.2790	78.0694
Erumenahalli	25	12.2934	78.1121
Errasigehalli	25	12.3623	78.1546
Errahalli	25	12.3911	78.2232
Errahalli	25	12.0868	78.1337
Errakundahalli	25	12.1922	78.0915
Errahalli	25	12.1957	78.1397
Erumalnayakkanhalli	25	12.2401	78.1456
Erradimmanuru	02	12.6404	78.4545
Erumampatti	25	12.4061	78.2916
Errappanayakkanur	25	12.4106	78.4022
Errampatti	25	12.4389	78.4652
Erugampatti	25	12.0368	78.4412
Erivur	25	12.7548	78.9100
Eriputtur	25	12.8549	78.9584
Erayankadu	25	12.9236	78.9995
Erikarai	25	12.0050	78.7941
Erindoddi	19	12.4400	77.6042
Erumuttanhalli	25	12.3470	77.6895
Errapalle	02	14.4513	78.2828
Erravulapalle	02	14.4796	78.4596
Errabommanapalle	02	14.2757	78.4647
Errapalle	02	14.2609	78.3255
Errappagaripalle	02	14.2634	78.3902
Errapalle	02	14.4797	78.5510
Erragollavandlapalle	02	14.1542	78.3570
Erikilavandlapalle	02	14.0764	78.4371
Erraguttapalle	02	14.0887	78.4808
Errachenupalle	02	14.0532	78.2715
Erachupalle	02	14.4939	78.6354
Erragudivaripalle	02	14.4740	78.6757
Erranarayanapalle	02	14.2523	78.7303
Erramvaripalle	02	14.2530	78.7229
Errappagaripalle	02	14.2230	78.6747
Erramreddigaripalle	02	14.2335	78.7164
Eruvajellivaripalle	02	14.1327	78.6479
Erradoddipalle	02	14.0921	78.6086
Erramapigaripalle	02	14.0047	78.5609
Erraguntapalle	02	14.0043	78.7404
Errabalem	02	15.5615	79.0189
Errapalle	02	15.2442	79.0121
Erraguntla	02	15.1951	79.0377
Erramsettipalle	02	15.2864	79.0170
Erramreddipalle	02	15.0191	79.3121
Errabalem	02	15.8319	79.5107
Erra Obanapalle	02	15.7440	79.6068
Errareddipalle	02	15.1174	79.7021
Errapalem	02	15.7014	79.9950
Erragudipadu	02	15.5994	79.9209
Erragollapalle	02	15.3823	79.2693
Errapalem	02	15.0077	79.7658
Erukangaripalli	02	13.4543	79.1347
Eruluvadcham	02	13.3659	79.3528
Erraguntakhandriga	02	13.4630	79.3613
Erukkambattu	25	13.0911	79.2636
Erimbi	25	13.1177	79.4055
Errugudipadu	02	13.7852	79.6317
Errumasettinarasimhanayudikhandriga	25	13.1944	79.5000
Errasettikandigai	02	13.9037	79.8474
Erayamangalam	25	13.0516	79.8731
Erikuppam	25	12.6511	79.2023
Eranamangalam	25	12.4408	79.0328
Erumpundi	25	12.3239	79.2208
Erappakkam	25	12.1635	79.1995
Erukanthoti	25	12.9768	79.3344
Eraiyur	25	12.6663	79.4710
Eravadi	25	12.5121	79.4604
Erampattu	25	12.1598	79.4868
Erivakkam	25	12.8588	79.6944
Eruppatti	25	12.6957	79.6941
Erumbur	25	12.5381	79.5307
Erumaivetti	25	12.6103	79.5791
Eripatti	25	12.4617	79.5799
Eramalur	25	12.4048	79.6366
Eraiyur	25	12.0591	79.6560
Eraiyanur	25	12.2016	79.6657
Erivay	25	12.8072	79.7525
Eraiyur	25	12.8799	79.9499
Eraiyur	25	12.8852	79.9513
Eruvakkam	25	12.5327	79.9405
Eravanallur	25	12.3325	79.8432
Erikodikuppam	25	12.2453	79.8109
Erannott	13	11.7638	76.1788
Ergpalli	13	11.7819	76.1726
Erpattur	13	11.8264	76.1672
Erballi	13	11.8273	76.1773
Erattankadu	13	11.6914	76.0773
Erambadi	13	11.3813	76.2455
Erannikkad	13	11.2224	76.1600
Eramangalam	13	11.1690	76.2257
Erayanvayal	13	11.6336	76.3595
Erumad	25	11.5681	76.2608
Eruganhalli	25	11.6953	76.9349
Erukamalaikambe	25	11.2995	76.8441
Eriyad	13	10.2181	76.1593
Erkkara	13	10.9638	76.0302
Erumappatta	13	10.7919	76.0169
Eravakkad	13	10.7553	76.0519
Eranthod	13	10.9898	76.2006
Eravimangalam	13	10.9526	76.2403
Erattappuzha	13	10.5707	76.0134
Eruppa	13	10.7726	76.2999
Eravathodi	13	10.7340	76.4196
Eravimangalam	13	10.4995	76.2679
Eravattur	13	10.2025	76.3049
Erumatala	13	10.0900	76.3667
Erayamkudi	13	10.2279	76.3353
Erumelikara	13	10.0230	76.4147
Ericheri	13	10.7102	76.7969
Erichampathi	13	10.7422	76.8652
Erikkavu	13	9.2716	76.4361
Ernad	13	9.1400	76.9072
Erathu Vadakku	13	9.0882	76.8026
Erattukulakkada	13	9.0815	76.7603
Erattu	13	8.9478	76.8902
Erur	13	8.9338	76.9420
Era Vail	13	8.8856	76.9734
Eratti	13	8.7324	76.8386
Eruttanad	13	8.7319	76.8726
Eragapalaiyam	19	11.8930	77.2413
Eranpura	19	11.7664	77.0779
Eripalaiyam	25	11.1485	77.2208
Erattakulam	13	10.7551	76.7965
Erumakkuzhi	13	9.1710	76.6443
Erambadi	19	11.8225	77.4196
Eriyur	25	11.6260	77.3376
Erankattur	25	11.5251	77.4618
Erumajkkaranpalaiyam	25	11.4317	77.2788
Errampalaiyam	25	11.4523	77.3488
Erukkalangattupalaiyam	25	11.1841	77.4628
Erumaikkaranpalaiyam	25	11.2476	77.4579
Errappanayakkanpalaiyam	25	11.2386	77.4800
Eratti	25	11.7531	77.5808
Errappanayakkanpalaiyam	25	11.5091	77.6806
Eratti	25	11.7469	77.5897
Eratti	25	11.7448	77.5769
Errappanayakkanur	25	11.3918	77.5725
Errappampalaiyam	25	11.2068	77.7390
Errappanayakkanpalaiyam	25	11.1898	77.7403
Erukkalangattupudur	25	11.0287	77.5297
Erukkalangattuvalasu	25	11.0228	77.6916
Erumaippatti	25	11.5606	77.9167
Errareddiyur	25	11.8196	77.9442
Ervadi	25	11.8054	77.9154
Errappanayakkanpalaiyam	25	11.3532	77.8140
Erayamangalam	25	11.2661	77.8344
Erppatti	25	10.6740	77.0840
Erippalaiyam	25	10.5975	77.2468
Erisinampatti	25	10.5467	77.1173
Erakampatti	25	10.8247	77.3863
Erukkalampalaiyam	25	10.7544	77.3370
Erukkankuppam	25	11.5446	79.2690
Erumanur	25	11.5444	79.2922
Eruppukkurichchi	25	11.5453	79.3884
Eri	25	10.8875	79.3069
Ervadipallachcheri	25	10.8638	79.2540
Erumaippadugai	25	10.8014	79.3867
Eragaram	25	10.9921	79.3552
Eralivayal	25	10.3097	79.2947
Erippurakkarai	25	10.3256	79.3756
Erukkattur	25	10.7413	79.5612
Erakkudi	25	10.9948	79.0537
Ervadi	25	10.8590	79.2483
Ervadi	25	10.9091	79.7312
Erud	38	23.6161	85.1710
Erchoro	38	23.3546	85.1563
Erahatu	38	23.1319	85.1632
Eranda	38	23.0939	85.2652
Erisereng	38	23.2553	85.5958
Erkiatoli	38	23.1409	85.6522
Erkia	38	23.1377	85.6473
Eramhatu	38	23.2182	85.7845
Ermera	38	22.9527	85.0623
Erkora	38	22.7883	85.3164
Erua	38	23.9799	84.3200
Erud	38	23.7722	84.7163
Eregara	38	23.9936	84.7996
Eradon	38	23.4625	84.8443
Erga	21	21.9955	84.0030
Ergapita	21	21.9867	84.0075
Ermapuram	25	8.6732	77.4274
Ermapuram	25	8.6808	77.4322
Erattakod	25	8.3123	77.2748
Erutukada	25	8.2922	77.2595
Erumbukad	25	8.1513	77.3945
Erachakulam	25	8.2310	77.4331
Erukkalapatti	25	8.5699	77.5887
Erakkalipatti	25	10.7561	78.0005
Erattappanpatti	25	10.5371	78.0338
Eranagasamudram	25	10.5030	78.0654
Erudikkampatti	25	10.7054	78.2009
Eramchettipatti	25	10.3771	78.1125
Errampatti	25	10.0842	78.0860
Erukkilainattam	25	10.0150	78.1716
Eramanayakkanpatti	25	10.2377	78.1712
Erikkulam	25	10.9849	78.3631
Erayanayakkanpatti	25	10.8351	78.4369
Eramanayakkanur	25	10.5389	78.3098
Erudikavundanpatti	25	10.5778	78.4246
Eranipatti	25	10.3691	78.4612
Erasinampalaiyam	25	10.8435	77.7428
Erasinampalaiyam	25	10.7920	77.5823
Eragampatti	25	10.7113	77.5777
Errayakavundanpudur	25	10.5052	77.7297
Erakkappatti	25	10.2118	78.2701
Erumaippatti	25	10.0820	78.4734
Erichimalapatti	25	10.0754	78.4455
Erramanayakkanpatti	25	10.4940	77.5868
Erumalainayakkanpatti	25	10.1264	77.6336
Erangudi	25	10.6707	78.5702
Erasanayakkanpatti	25	10.6451	78.5819
Eruduppatti	25	10.5312	78.5856
Erukkamanippatti	25	10.5101	78.6965
Eranippatti	25	10.2366	78.6548
Eriyur	25	10.0441	78.5118
Erkkudi	25	9.9383	78.0661
Erukkilaivellur	25	9.7898	78.1654
Erumaikkulam	25	9.7043	78.2118
Erampatti	25	9.5542	78.1346
Erakamanayakkanpatti	25	9.0576	78.0266
Erulanpatti	25	9.3417	78.4297
Erumaikkulam	25	9.2545	78.4085
Erivayal	25	9.7062	78.7079
Erumaipatti	25	9.4021	78.5718
Ervadi	25	9.2246	78.7091
Eranikkottai	25	9.8877	78.9003
Erukkalampottalkudi	25	9.6555	78.9118
Erumaippatti	25	9.5280	78.8780
Erumaikulam	25	8.3246	77.8561
Eravalam	25	11.9188	79.2090
Erachchapadi	25	10.8419	77.7730
Erumanayakkanpalaiyam	25	10.7776	77.7909
Eranji	25	11.6024	79.1715
Ernampatti	25	10.4278	77.8524
Erranaganpatti	25	10.2630	77.9231
Eruttukkaranpatti	25	11.1523	79.0734
Eralur	25	11.8957	79.4114
Erichchinnampalaiyam	25	11.9640	79.5528
Erumanantangal	25	11.9462	79.5165
Eripalaiyam	25	11.8354	79.5335
Erippalaiyam	25	11.7871	79.5764
Erippalaiyam	25	11.7683	79.5050
Erippakkam	25	11.8821	79.6408
Erumbur	25	11.4642	79.5215
Erukkankattuppadugai	25	11.3308	79.6957
Erukkur	25	11.2799	79.7190
Erranampatti	25	9.9191	77.3115
Erasakkanayakkanur	25	9.7905	77.3975
Erlakkampatti	25	9.8601	77.4467
Erratimmakkapatti	25	9.9593	77.5606
Erramanayakkanur	25	9.9776	77.6205
Erumaipatti	25	11.9154	78.0087
Erukkattancheri	25	11.0395	79.8331
Errachinnampatti	25	11.5625	78.0901
Erramanayakkanpalaiyam	25	11.5449	78.1346
Ervadipettampatti	25	11.5577	78.1119
Eramanayakkanur	25	11.3125	78.1187
Eraiyampatti	25	11.2860	78.1228
Erumanayakkanpatti	25	11.0885	78.0945
Eranapuram	25	11.2451	78.0966
Erumiyampatti	25	11.9758	78.4402
Eripudur	25	11.6928	78.2862
Erumpatti	25	11.5487	78.3813
Erivalavu	25	11.8852	78.5778
Erumaikadai	25	11.8764	78.5304
Erivalavu	25	11.7945	78.6004
Erugampatti	25	11.7511	78.6739
Erumbur	25	11.8166	78.6839
Erukkampattu	25	11.8749	78.7460
Eragudi	25	11.1880	78.5034
Eruvaypatnam	25	11.7639	78.8915
Eravar	25	11.6553	78.9484
Errampalli	19	14.1231	77.2275
Erda	21	21.5098	85.3761
Erikkadu	25	11.2549	78.6339
Erumaippatti	25	11.2649	78.6287
Erendai	21	21.5986	85.9313
Erendai	21	21.5943	85.9421
Erandipathar	21	20.3894	85.0382
Eredih	34	24.4866	86.4360
Erada	21	20.7640	84.2234
Erada	21	20.6673	84.1038
Erandi	16	20.8739	80.0692