Faridabad	10	28.4112	77.3132
Farrukhabad	36	27.3913	79.5793
Fatehpur	36	25.9277	80.8127
Fatehpur	24	27.9949	74.9563
Faridkot	23	30.6740	74.7558
Fazilka	23	30.4021	74.0284
Faridpur	36	28.2100	79.5415
Fatehabad	10	29.5153	75.4555
Fatwa	34	25.5096	85.3050
Farrukhnagar	40	17.0779	78.2034
Fatehpur	36	27.1728	81.2106
Fatehpur Sikri	36	27.0937	77.6600
Faizpur	16	21.1677	75.8601
Falna	24	25.2674	73.2393
Fatehganj West	36	28.4662	79.3066
Fatehnagar	24	24.8149	74.0950
Fatehabad	36	27.0265	78.3027
Farakka	28	24.8167	87.9000
Falakata	28	26.5196	89.2042
Fatehgarh Churian	23	31.8643	74.9566
Fatehgarh	36	27.3641	79.6311
Farrukhnagar	10	28.4474	76.8239
Faridnagar	36	28.7692	77.6293
Farakhpur	10	30.1331	77.2430
Farah	36	27.3208	77.7618
Fateh Pur Beri	07	28.4577	77.1788
Fateh Nangal	23	31.9453	75.3191
Fatehpur Chaurasi	36	26.7892	80.2655
Farward Kahuta	12	33.8824	74.1071
Fatikrai	26	24.1832	92.0180
Fazilpur	10	28.9884	77.0527
Farhatabad	19	17.1832	76.7893
Fazlwadi	40	17.6411	78.1239
Fattehgarh	24	29.5100	74.2438
Fatta Maluka	23	29.7716	75.3001
Fatorpa	33	15.1406	73.9996
Fathpur	21	20.4333	85.6333
Fatehpur Shahbaz	34	25.5698	85.3437
Fatehpura	09	23.2573	74.0391
Fatehpur	11	32.0996	75.9362
Fatehpur	39	30.0452	77.7608
Fatehpur	10	29.7758	76.5661
Fatehpur	24	28.0167	74.9667
Fatehpur	36	27.9876	77.7365
Fatehpur	34	25.5089	85.1939
Fatehpur	34	24.6297	85.2249
Fatehpur	35	24.1917	79.5208
Fatehpur	28	24.0810	87.7309
Fatehpur	35	22.7019	78.5139
Fatehpur	28	22.2860	88.2363
Fatehpur	16	20.6484	75.8832
Fatehgarh Panjtur	23	31.0531	75.1111
Fatehgarh	23	30.5333	75.7167
Fatehgarh	24	26.1323	75.0252
Fatehgarh	35	24.7967	76.9642
Fatehgarh	21	20.3001	85.3276
Fatehganj Sharki	36	28.0790	79.6379
Fatehgadh	09	23.7011	70.8465
Fatehabad Chandrawatiganj	35	23.0031	75.6564
Fatehabad	23	31.3811	75.0996
Fatehabad Ahir	24	27.9319	76.6782
Fatehabad	28	26.4833	88.3000
Farrukhnagar	36	28.7273	77.3751
Farmana	10	28.9839	76.8122
Farkawn	31	23.0790	93.2954
Faridpur	10	29.4807	77.0481
Farahabad	40	16.2656	78.6945
Faradi	09	22.9424	69.5135
Fakirwari	09	23.2104	69.6247
Fakirgudem	02	16.4952	80.6487
Fakirganj	03	25.9689	90.0607
Fakiragram	03	26.3617	90.1824
Fakhrpur	36	27.4234	81.5230
Fakhrabad	34	25.0983	83.5028
Fakarsar	23	30.2002	74.5746
Faithfulganj	36	26.4500	80.3333
Fatehpur	28	22.9386	88.5833
Faipur	28	22.7100	88.6889
Fakirtaki	28	22.3667	88.7750
Fatuhi Labana	24	30.0374	73.8722
Fatehpura	12	34.1979	74.7711
Faqir Gojri	12	34.1946	74.9154
Fateh Kadal	12	34.0889	74.8083
Fakir Dorax	12	33.7601	74.0299
Fatehpur	12	33.7574	74.2280
Fanniot	12	33.5861	74.0722
Fajapur	12	34.0128	74.5393
Farashgund	12	34.0664	74.6822
Fagipur	12	34.2987	74.2932
Faqirwali	12	34.4881	74.2777
Fatehpur	12	33.2118	74.0319
Fazulwala	12	33.7747	74.3001
Fatehpur	23	30.6425	76.0877
Farmana Khas	10	29.0495	76.3495
Fatehpur	10	28.9249	76.9810
Fateh ka Dera	12	34.0195	73.9501
Fatehpur	39	30.4727	77.7686
Fatehpur	39	30.4413	77.7524
Fatehpur Peliyon	36	30.1895	77.8311
Farakhpur	39	30.0145	77.8019
Fatehgarh	10	29.9963	77.1726
Fatehpur	36	29.9199	77.2443
Fazilpur	10	29.8451	77.0814
Fatehpur	36	29.7427	77.2713
Fatehchandpur	36	29.7043	77.3299
Fatehpur	36	29.7358	77.4261
Fazalpura	24	25.5396	75.6854
Faruknagar	24	25.9510	75.7352
Fatehpura	24	25.7740	75.6275
Faridpur	10	29.4346	76.9543
Faizabad	10	28.1211	76.1204
Faroti	11	31.1548	77.0506
Fatehpur	39	29.8237	78.6176
Fatimapur	40	17.1661	78.2781
Faridabad	40	17.3592	78.2983
Fakirbanda	40	17.7649	78.4407
Famalparti	40	17.7912	78.6943
Farans ka Bas	24	28.2513	75.3663
Fatesara	24	28.0365	75.3798
Faizullahpur	23	30.6345	76.1535
Faizgarh	23	30.6851	76.1324
Fatehpur	23	30.5234	76.1475
Faridpur	23	30.5475	76.2260
Faridpur	23	30.2042	76.5779
Fatehgarh	10	30.1450	76.6726
Fatehgarh	05	30.7197	76.7662
Fatehpur	23	30.6683	76.8618
Fatehpur	23	30.5763	76.8103
Fatehpur	23	30.5535	76.8997
Fazalpur	10	30.2425	76.7972
Fatehgarh Jharauli	10	30.1683	76.8005
Fateh Khirk	35	25.0711	78.9461
Fatehpur	35	24.0038	78.9482
Fatehpur	36	27.9694	79.0179
Faridpur	36	27.9114	79.2015
Fazil Nagla	36	27.9224	79.2312
Fatehgarh	36	27.8151	79.3280
Fatehpur Gani	36	27.1960	79.2942
Faridpur	36	27.2152	79.4161
Fatehpur	36	27.1376	79.3979
Fatehpur	36	27.0746	79.3879
Fatehpur	36	27.5973	79.7273
Fakarpur	36	27.5321	79.5760
Fatehpur	36	27.5308	79.6948
Fajullapur	36	27.1367	79.7832
Fatehpur	36	27.0864	79.8142
Fatehpur	36	27.0244	79.9156
Faram	36	26.8447	79.2103
Fadpur	36	26.8828	79.1574
Fatehpura	36	26.3524	79.2265
Fatehpura	24	26.8780	75.5681
Fagoriawala	24	26.8563	75.6259
Fatehpur Karam	36	26.4985	79.4144
Farida	36	25.6763	79.1425
Fatehpur	36	26.9767	79.7190
Fatehpur	36	26.9195	79.6855
Fakir Purwa	36	26.8991	79.6692
Fatehpur	36	26.8547	79.6903
Fatehpur	36	26.8346	79.6754
Fatehpur	36	26.7772	79.5897
Fatehpur Rasulabad	36	26.6009	79.8273
Faqiran Ka Tibba	24	27.3431	71.2280
Fateh Singhwali	24	27.6528	71.6075
Falimari	28	26.3962	89.8222
Failaguri	03	26.3962	89.8726
Fadepur	03	26.3575	89.9026
Fatehwal	23	31.5455	75.2076
Fattowal	23	31.9655	75.6288
Fatepur	21	19.5496	85.2542
Faraspur	35	22.8213	76.0232
Fasterpur	37	22.1072	81.5511
Fakirpur	21	20.7082	84.4198
Fakirpur	21	21.2007	86.1535
Fatebar	28	22.4461	87.6273
Falkawn	31	23.6251	92.7265
Fazlpur	12	34.4526	74.6504
Fatehpuri Pipa	10	28.1828	76.6819
Fattu ki Dhani	24	28.1277	76.7247
Fazilpur	10	28.4077	76.8268
Fakharpur	10	28.3238	76.8884
Fatehpur	10	28.2551	76.9100
Fakharuddinka	24	28.1336	76.8745
Fatehgarh Sahnawali	23	29.8225	75.3298
Faridke	10	29.7920	75.4451
Fatehpur	23	29.7758	75.3986
Fatehgarh	23	29.8707	75.4982
Fatehpuri	10	29.6461	75.8428
Faridpur	10	29.4307	75.8369
Fariabad	10	29.6031	76.5085
Faizpur	10	29.5590	76.7108
Fatehgarh	10	29.6127	76.6955
Fatupur	10	29.9161	76.8471
Fatehgrah	10	28.6558	76.2269
Fatehpur	12	33.4224	74.3076
Farman	11	31.2980	77.1049
Fattewali Dhani	24	29.6679	73.9794
Faridsar	24	29.1359	73.9969
Farenu	11	31.3611	77.3789
Fatehgarh	23	30.4986	74.1252
Faridsar	23	30.1085	74.5633
Fatuhi Khera	23	30.0277	74.5040
Fatuhiwala	23	30.0214	74.6955
Faridkot	23	30.0477	74.7183
Faridewala	23	30.9918	74.7949
Fatehpur	10	30.5471	77.1066
Fattehpur	10	30.3615	77.1158
Faridpur	10	30.1946	77.1055
Fatehpur	10	30.2228	77.1150
Fatehpura	24	27.5571	76.0411
Fatehpur Kalan	24	27.7057	76.1307
Faujabas	24	27.7754	76.6130
Fatehpura	24	27.3338	76.6696
Fazilpur	10	30.3886	77.2554
Fakir Majra	10	30.3380	77.2776
Fatehpur Tunbi	10	30.3359	77.2515
Fakir Majra	10	30.3455	77.4254
Fatehpur	10	30.1240	77.3408
Fatehgarh	10	30.1771	77.3863
Faizpur	24	27.8599	76.8130
Fakharpur Khori	10	27.9180	76.9582
Fatehpur	11	30.4903	77.5569
Faizpur	36	30.3319	77.5777
Faizpur	36	30.3205	77.5768
Fayazgarh	36	30.2670	77.6437
Fatehpur	36	30.3055	77.5979
Faizabad	36	30.3173	77.5928
Fatehpur	24	27.3046	76.7610
Fatehpur	24	27.3721	76.9528
Fatrora	24	27.4726	76.9927
Fatehpur Khurd	24	27.4824	76.9324
Faridpur Bhogi	36	29.3940	78.1686
Faridpur Qazi	36	29.3811	78.1095
Faridpur	36	29.3084	78.0609
Fatehpur Kalan	36	29.2787	78.1877
Faridpur Bhogan	36	29.2853	78.1397
Faransi	10	29.3032	75.6005
Fatehpur Zunar	39	29.7455	78.0630
Fatehpur Chamar	39	29.7392	78.0641
Fattuwa	39	29.7459	78.1661
Fatehullahpur	36	29.5832	78.2330
Fatehpur	36	29.5716	78.0679
Fazalpur	36	29.5369	78.0872
Fadaipur	39	29.7564	78.0868
Fatehpur	35	23.5750	78.3384
Fatehsinghpura	24	26.3919	76.3096
Fazitpur	24	26.3716	76.6408
Fatehpur	24	26.2075	76.6461
Faujipura	24	26.8580	76.8756
Fazalabad	24	26.7769	76.9730
Fatehpur	24	26.8771	76.8975
Fazilpur Mazra	10	29.5662	77.0369
Fatehpur	36	29.5413	77.1219
Fazal Mazra	36	29.8995	77.3217
Fatehpur	36	29.3644	77.2737
Fatehpurkheri	36	29.2985	77.3950
Fatehpur Puthi	36	29.0621	77.3406
Fakharpur Shekhpura	36	29.0949	77.4179
Fazalpur	36	29.0606	77.3833
Fauladnagar	36	29.1839	77.4407
Fatehpur	36	29.6737	77.7126
Fatehpur	16	21.1522	78.1231
Fatehpur	16	21.4239	78.3048
Fatehpur	16	20.6466	78.0681
Fatehpur	36	29.0799	77.5618
Fatehpur Jutawali	10	29.9248	74.5318
Fatta Khera	23	29.9377	74.5726
Fatehpur	24	24.8983	73.6103
Fatehgarh Korotana	23	30.8813	75.2115
Fatehpur	35	25.5807	76.7355
Fatehpur	23	30.9589	75.3360
Fatehgarh Sibian	23	30.8778	75.4091
Fatehgarh	23	30.4211	75.6839
Fazilpur	39	29.8487	77.8154
Fatehpur	39	29.9924	77.9113
Farakhpur	36	29.6656	77.9551
Farakhpur	36	29.6675	77.9681
Fatehgarh Gujran	23	30.9789	75.8077
Fatehpur	23	30.8991	75.7774
Fatehnagar	07	28.6322	77.1024
Fakharpur	36	28.8399	77.2993
Fatehabad Nithaura	36	28.7674	77.3140
Faizupur	10	28.3711	77.3650
Faridabad New Town	10	28.3745	77.3276
Faridpur	10	28.3830	77.3785
Fattupura	10	28.3832	77.3985
Fatehpur Biloch	10	28.2569	77.3723
Faizpur Khadar	10	28.3106	77.4599
Fatehpur Chandila	10	28.4173	77.3046
Faizabad Pachgaon	36	28.9084	77.5384
Fatehpur	36	28.8253	77.5369
Fazalgarh Marhaiya	36	28.8077	77.6671
Fazalgarh	36	28.8052	77.6455
Fatehullahpur	36	28.9405	77.7149
Fatehpur Ladabas	36	28.5187	77.7319
Fatehpur Atta	36	28.3185	77.5126
Fatehpur	36	28.4442	77.5891
Fazailpur	36	28.4478	77.6267
Faridpur	36	28.4405	77.6700
Fatehpur Jadon	36	28.3210	77.7285
Fatehgarh	23	30.4137	74.9382
Fatehpur	23	31.6668	75.8396
Fatehgarh	23	31.5180	75.9142
Fatehpur	23	31.5805	75.8123
Fatowal	23	31.5788	75.7657
Fatehgarh Niara	23	31.5227	75.8531
Fatehpur ki Dhani	24	27.1247	75.6872
Fatehpur	24	25.5330	75.2285
Faridpur Kalan	23	30.4862	75.8199
Faridpur Khurd	23	30.4815	75.8256
Faizgarh	23	30.4468	75.8580
Fatta Balo	23	29.7889	75.1478
Faizgarh Hakimwala	23	30.1544	75.8324
Fatehpuri Pipa	10	28.3302	76.4345
Faizullahpur	36	29.0211	77.2091
Faizpur Ninanah	36	29.0261	77.2043
Fatehpur Lal	36	29.3350	78.5285
Fateh Alipur Paha	36	29.4305	78.6660
Fazalpur Hari	36	29.4414	78.6444
Fazilpur	36	29.3088	78.7193
Fatehullahpur Jalai	36	29.3494	78.5473
Fatehganj	36	28.9057	79.0280
Faizullahnagar	36	28.8313	79.0737
Faiznagar	36	28.7746	79.1397
Faizullahnagar	36	28.7520	79.0508
Faridabad	36	28.3164	79.1515
Fatehganj	36	28.3069	79.2222
Fatehpur	35	24.2041	76.4924
Fatehpur Ka Pura	35	24.2802	76.8817
Fatehpur	35	24.2844	76.8739
Fakirpet	40	18.5217	79.1747
Fatehpur Milk	36	28.0206	77.5458
Fazilpur Kalan	36	28.0353	77.6553
Fakharpur Kabatta	36	28.7980	77.7793
Faridpur Gosain	36	28.7942	77.9583
Fatehpur	36	28.8063	77.9873
Fatehpur Narayan	36	28.8654	77.9905
Faizabad Rirhawali	36	28.6028	77.8111
Fatehpur	36	28.5933	77.8998
Fatehpur	37	21.2695	81.0139
Fatehpur	35	26.3326	78.4467
Fatehpur	35	26.4902	78.4216
Fatehpur	35	25.9695	78.2217
Fatehpura	24	28.0104	75.8811
Fatehgarh Gujran	23	30.9538	76.1220
Fatehgarh Jattan	23	30.9531	76.1181
Faizgarh	23	30.3433	76.0203
Fatehgarh Bhadsaun	23	30.3269	76.0331
Fatehgarh Chhanan	23	30.2083	76.0810
Fatehpur	23	30.1810	76.2301
Fatehgarh	23	30.9365	76.3027
Fatehpur	23	30.9197	76.3594
Fatehpur	23	30.7523	76.4335
Fatehgarh	23	30.8263	76.4845
Fatehgarh	23	30.9164	76.4102
Farid	23	30.9463	76.4209
Fatehpur	23	30.4159	76.3232
Fatehpur	23	30.2793	76.2607
Fatehpur Rajputan	23	30.2696	76.4572
Faridpur	23	30.4091	76.4258
Fatehpur Jattan	23	30.4210	76.4959
Fatehgarhi	36	27.9098	77.7754
Fateh Nagla	36	27.9358	77.8475
Fatehpur	36	27.9757	77.9451
Fatehgarh	10	30.0955	76.4762
Fatehpur	23	30.9636	76.5954
Fatehgarh Chatamli	23	30.8608	76.5756
Fatehgarh	23	30.8291	76.6138
Fatehpur Thheri	23	30.7531	76.5375
Fatehpur	23	30.8432	76.6641
Fatehpur	23	30.9014	76.6528
Faridpur	23	30.3979	76.6309
Fatepur	16	18.1984	76.5179
Fatehgarh	10	30.4700	76.9454
Fakharpur	36	27.7768	77.3221
Fartaskungar	10	27.9905	77.5077
Faridampur	36	27.8950	77.5586
Faujuka	36	27.9762	77.6257
Farash Ka Nagla	36	27.3729	77.6291
Fatiha	36	27.3304	77.7463
Farsh Majra	10	29.8534	76.3154
Faranswala	10	29.7872	76.3551
Fatehgarh	10	29.1677	76.4518
Fauladpur Birondi	36	28.3467	77.8104
Fatehabad	36	28.4014	77.9327
Fatehpur	36	28.2833	77.8986
Fatehgarhi	36	28.2808	77.9080
Faridpur	36	28.2683	77.9689
Farhadpur	36	28.3966	77.9642
Fatehpura	36	27.2174	77.7159
Fatehganj	37	22.2199	82.8253
Faraddih	37	20.8518	81.1503
Faradfor	37	20.9291	81.0716
Fagunda	37	20.5842	81.1432
Faraskot	37	20.2063	81.1061
Fattepur	19	16.5571	76.2923
Farhad	37	21.1341	81.1399
Fakindarawadi	16	18.7928	77.2167
Fakruka Tanda	16	18.7115	77.2823
Fatehpur	40	18.7036	77.8314
Fatehpur	40	18.1953	77.7932
Fatehullahpur	36	27.3734	78.1324
Fazilpur	36	27.2873	78.1013
Fatehpur	19	17.4241	77.1725
Fatehpur	19	17.5134	77.4409
Fazilpur	36	27.4994	78.2672
Fatehpur	36	27.2741	78.4309
Fateh Garhi	36	27.2646	78.3494
Fatehpur	16	20.6302	78.4026
Fatehpur	16	20.4214	78.9796
Fatehali Ka Bas	36	27.6922	77.8139
Faziyatpur	36	27.5607	77.7842
Fauda Nagla	36	27.6273	77.8888
Fatehpur	36	27.6425	77.9791
Faridpur	36	27.7423	78.6190
Fatehnagar	36	27.7451	78.6406
Fatehpur Muafi	36	27.7224	78.6185
Fatehpur	36	27.6232	78.7283
Fatehpur	35	23.9871	79.7319
Fakirabad	40	17.7470	77.8516
Fatehpur Narain Singh	36	27.2257	78.5333
Fatehpur Katena	36	27.1895	78.5540
Farida Barauli	36	27.1833	78.5227
Fazalnagar	36	27.1577	78.6320
Fatehpur Mazra Baragaon	36	27.1399	78.6454
Fatehpur Kaikha	36	27.0016	78.5941
Faqirabad	36	27.9889	78.8973
Faridpur	36	27.8460	78.8152
Fatehpur	36	27.7919	78.7506
Fatehpur Mohanpur	36	27.7714	78.9257
Fatehpur	36	27.7719	78.9180
Fatepur	19	16.2414	77.2823
Fatehgarhi	36	27.9396	78.1635
Faridpur	36	27.8243	78.1851
Faizpur	36	27.2260	78.8278
Fazilpur	36	27.1464	78.8398
Fakharpur	36	27.0216	78.7839
Fatehpur	36	27.3672	77.8948
Fatehpur	36	27.6505	78.9148
Fazihatpur	36	27.1114	77.8797
Fakharpur	36	26.9727	78.9453
Fatehpur	36	26.9601	78.8967
Fatehabad	35	24.7030	78.1154
Faujpura	36	24.6948	78.3054
Faujpura	36	24.6892	78.4068
Fatehgarh	36	27.5707	79.1675
Faridpur	36	27.6656	79.2219
Fardpur	36	27.4358	79.0453
Fardpur	36	27.3092	79.1081
Faqirpura	36	27.3940	79.2126
Fardpur	36	27.4387	79.1834
Fatehpur	36	27.4590	79.2294
Faqirpura	24	26.6314	77.3838
Fatehpur	40	17.4525	78.1194
Fatehpur Parauli	36	27.4870	79.2692
Faridpur	36	27.4707	79.3498
Fatanpur	36	27.4376	79.3379
Faridpur Saidwara	36	27.4995	79.4126
Faizpur	35	21.9487	79.5925
Fatehpur	35	21.8003	79.5939
Fazihatpura	36	26.9296	77.7355
Fatehpur	36	27.8505	79.5222
Faridapur	36	27.7866	79.5607
Fazilpur Darmanagarpur	36	27.8597	79.6470
Fazilpur	36	27.8707	79.6512
Fatehpur Gaisra	36	27.9350	79.7187
Fazilpur Bandha	36	27.9509	79.7079
Faridpur	36	27.9610	79.7086
Fateh ka Pura	35	26.1800	77.8881
Faredua	24	25.1502	77.0110
Fatehpur Ghat	36	27.4495	79.5679
Faridapur	36	27.2532	79.5710
Fatehullahpur	36	27.2532	79.6113
Fatehpur Gaind	36	27.6822	79.9927
Fatehpur	36	27.5204	79.9391
Faizullahpur	36	27.5047	79.9577
Fatehpur	24	27.7810	77.0969
Fardari	10	27.9224	77.2169
Fatenagar	36	27.1559	79.5362
Fakarpur	36	27.1388	79.6611
Fatehpur Rai Sahib	36	27.2429	79.6117
Farrukhpur Narayanpur	36	27.8536	79.7832
Farrukhpur Narayanpur	36	27.8439	79.7840
Faridapur	36	27.7614	79.9163
Fatehpur	36	27.4866	79.7841
Fatehpur	35	25.4138	77.6427
Fadalpur	35	24.3028	77.1490
Fatehpur	36	27.4977	78.8724
Fatehjangpur	36	27.4001	78.9803
Faqirpur	36	27.2654	78.8936
Fazalpur	35	24.2096	77.4750
Fatehgarh	35	24.0526	77.2692
Fardai	35	24.6550	77.6061
Fazalpur	35	24.0472	77.6124
Fatehpur	35	24.3470	77.7509
Faridpur	35	24.2917	77.8515
Fatehpur	35	24.1240	77.9079
Fatanpur	35	24.0509	77.9631
Fatehpuram	40	17.8956	79.2608
Fatahela Nagla	36	27.7386	78.1078
Fazalpur	36	27.9700	78.2883
Fatelipur	36	27.7929	78.4456
Faridabad	36	27.7015	78.3784
Fatehpur Bahera	36	27.6346	78.3755
Fatehpur Khalsa	36	27.5704	78.4528
Faridpur	36	27.5218	78.2823
Fathimanagar	40	17.9797	79.5324
Fatehpur Anandipur	36	27.0960	78.4335
Fazilpur	36	27.9771	78.6252
Fatehpur Kalan	36	27.9123	78.7126
Faridnagar	36	27.8732	78.7387
Fatehpur	36	27.8107	78.6762
Faridpur	36	27.8388	78.6384
Faridpur	36	26.4991	79.5005
Fatehpur	36	26.6464	79.6914
Faridpur Nitarra	36	26.4235	79.7172
Faridapur	36	26.4293	79.6169
Fakirpuram	40	16.6605	79.0442
Faiz Alipur	36	26.2241	79.7435
Fakharpur	36	26.8513	79.9028
Fatuapur	36	26.9651	79.8520
Fatehpur Bakautia	36	26.8201	79.8607
Fatehpur	36	26.4376	79.7762
Faizabad	36	26.3106	79.8245
Fatehpur	36	27.4580	78.6270
Fatehpur Pat	36	27.4317	78.5408
Farida Gokal	36	27.3859	78.6769
Farida Pendhat	36	27.3460	78.6178
Fatehpur	36	27.3717	78.7326
Fatehpur Khas	36	27.3024	78.5862
Faridpur	36	27.2852	78.7090
Farida Bahat	36	27.2736	78.5707
Faizullahpur	36	26.1563	79.8576
Fatehpur	36	26.1690	79.9775
Farahampur	36	26.0229	79.8477
Fatehpur	36	25.8176	79.0623
Fatehpur	35	25.2166	80.3672
Fakhar Pati	36	25.0419	80.3327
Fatehpur Patrauli Pachchim	35	25.0080	80.3463
Fatehganj	35	25.0189	80.4071
Fategarh	35	22.4273	76.7871
Fatanpur	36	25.7359	82.1248
Fattupur Kalan	36	25.7222	82.2026
Fattupur	36	25.6108	82.2060
Fatehganj	36	25.5428	82.0188
Fazlapur	36	25.5371	82.0418
Fatehpur	36	25.3090	79.8539
Fatuhi	36	25.8498	82.8508
Fazulha	36	25.7894	82.7493
Faizullahpur	36	25.7887	82.9458
Fatehpura	36	26.9253	78.0418
Faraspura	24	26.7832	78.0535
Fatehpur	35	21.6499	76.2407
Fatehpur	35	21.3357	76.2410
Fatehpur	35	21.8054	76.3535
Fatehpur	35	21.9726	76.4826
Faridha	36	25.5506	83.1364
Fatehpur	36	25.5740	83.1196
Fauladpur	36	25.7006	83.2436
Fakhanpur	36	25.6875	83.1910
Faridpur	36	25.3913	83.0388
Faqirpur	36	25.3871	82.9999
Fatehpur	36	25.2803	83.0552
Fatehpur Nasirpur	36	26.9796	78.6352
Fatehpur Chandarai	36	26.9933	78.6995
Fatehpura	36	26.8446	78.7075
Fatehpur	36	25.1694	83.0391
Farahda	36	25.0698	83.0179
Fatehpur	36	25.0738	83.1477
Fatehpur	35	25.5995	78.1559
Fauladpur	36	25.6970	83.2602
Fatehpur	36	25.5678	83.2912
Faridpur	36	25.6671	83.4034
Faridpur	36	25.7196	83.4341
Fatehullanpur	36	25.5743	83.4814
Fatehpur	35	25.2124	78.1254
Faridpur	35	22.3873	77.3731
Fatehpur Kalan	36	25.2152	83.2945
Fakira ka Purwa	35	24.9189	79.8892
Fatehpur Khurd	36	25.1501	83.2831
Fatehpur	36	25.0506	83.3193
Fatehpur	35	25.9335	78.6893
Fahipur	36	25.4999	83.5800
Faridanpur	36	25.8765	83.6728
Fazil Chak	36	25.9123	83.6034
Fatehpur	36	25.7633	83.6747
Faridpur	36	25.4473	83.7186
Fatehpur	36	25.4217	83.6761
Fakhrabad	34	25.0908	83.7239
Faizullahpur	36	25.6823	83.7996
Fatehullahpur	36	25.6746	83.8899
Fatehullahpur	36	25.6644	83.9195
Fatehpur	36	25.6232	83.9816
Fakhanpura	36	25.5959	83.8251
Fatehpur	34	25.0254	83.9924
Fazlapur	16	21.2395	77.6181
Fazlapur	16	21.1000	77.8084
Fatehpur	16	21.0391	77.9526
Fazalapur	16	20.9083	77.3803
Fatehpur	36	25.6885	80.0983
Fateh Purwa	36	25.5650	80.1881
Fanoli	16	20.8762	79.7439
Fatehpur	36	25.6374	78.9225
Fateh Purwa	36	25.5310	80.4801
Fatehpur	35	25.2692	80.3417
Faridpur	36	25.9229	80.6272
Fatepur	19	16.6368	76.5076
Fatehpur	35	23.8982	78.0039
Fatehnagar	40	17.4587	78.4520
Fatehpura	24	27.9489	76.3489
Fatehpur	40	16.8558	78.0026
Fajalpur	35	24.4156	78.1626
Fakirpuram	40	16.8091	78.9688
Fatehshapuram	40	17.7569	79.2218
Fatehpur	40	17.5575	79.6931
Fatehpur	35	23.9901	76.4416
Faujpur	40	19.7398	78.5617
Fazalpur	36	27.0479	79.0966
Fatehpur	36	27.0406	79.1573
Fatehgarhi	36	27.1659	79.2446
Faridpur	36	27.1888	79.1268
Fatehpura	35	23.8229	78.5973
Farhada	35	24.5613	81.7985
Fatehnagar Karsuman	36	25.8720	80.7717
Faridpur	36	25.8432	80.8775
Faizullapur	36	25.8792	80.8964
Faridpur Usraina	36	25.8654	80.9489
Farsi	36	25.9742	80.9300
Faizpur	36	25.9623	80.9533
Faridpur	36	25.9562	80.9435
Fazleganj	36	27.5118	79.3711
Faridpur	36	27.5308	79.4936
Fatehpur	36	27.5671	79.4468
Fatehpur	36	25.9581	82.0766
Fatehpur	36	25.7702	82.0567
Fattupur	36	25.8161	82.2377
Fatehpur	36	25.9093	82.2388
Fattupur	36	25.8858	82.2898
Faridabad	36	25.7689	82.3008
Fattupur	36	25.8632	82.3879
Fakhanpur	36	25.8605	82.4487
Fattupur	36	25.9148	82.4306
Faridabad	36	25.8152	82.6900
Faridpur	36	25.9470	82.7363
Fazailpur	36	25.7151	82.5284
Fattupur	36	25.6979	82.5794
Fatehganj	36	25.7383	82.6108
Fattupur	36	25.5088	82.6461
Fattupur	36	25.5416	82.7392
Faridpur	36	25.6940	82.7069
Fazilpur Gopalpur	36	25.5890	81.2512
Fatehpur Bela	36	25.5647	81.3175
Faridpur	36	25.5168	81.3918
Faizipur	36	25.5696	81.3834
Fateh Shahpur	36	25.6705	81.3618
Farahampur Kaleshar Mau	36	25.7101	81.3616
Faridpur Parsakhi	36	25.6429	81.4316
Fatehpur Parsakhi	36	25.6193	81.4384
Fattupur	36	25.4355	82.3560
Faudipur	36	25.2883	82.4975
Fazulha	36	25.4607	82.5571
Fattanpur	36	25.4860	82.6020
Fattupur	36	25.4050	82.5476
Fattupur	36	25.4142	82.5909
Fatehpur	36	25.4810	82.7410
Fadulha	36	25.4617	82.5224
Fatehpur	36	25.4175	82.8043
Fatehganj	36	25.3083	82.9018
Faridpur	36	25.2729	82.9248
Faqirpur	36	25.3978	82.9818
Fatehpur	36	25.4682	82.9626
Fatuha	36	25.4284	82.0421
Faridpur	36	25.4496	82.1325
Fatehpur Muafi	36	25.4856	82.1463
Fatehpur	36	25.1648	82.9792
Fatehpura	24	28.2895	75.7862
Fatehpuri	10	28.5255	76.5837
Fatuhi Kalan	36	25.5248	82.4952
Fatuhi Khurd	36	25.5186	82.4892
Fatehganj	36	26.4791	80.7775
Fateh Yar Khera	36	26.4484	80.8500
Fazal Khera	36	26.4729	80.9067
Fatehpur	36	26.2943	80.9219
Fateh Ali Khera	36	26.4981	80.7788
Faridpur	10	28.3865	76.7332
Faridpur	36	25.5824	82.9925
Fatehpur	36	25.5306	82.8789
Fatehpur	10	28.5010	76.8110
Fateh Sarai	36	26.2184	80.9377
Fatehabad	36	26.0411	80.9960
Fazilpur	36	29.2373	78.0406
Fatehpur Prem	36	29.2317	78.0876
Faizupur Salempur	36	29.2041	78.1448
Fatehullahpur	36	29.0275	78.1667
Farzpur	36	29.6806	78.2612
Fazalpur	36	29.6372	78.2683
Fazalpur	36	29.5908	78.2758
Fazalpur Ropa	36	29.5485	78.4399
Faizullahpur Ramun	36	29.5415	78.4755
Fatehpur	36	29.4175	78.4693
Fatehpur	36	29.3808	78.2652
Faridpur Nizam	36	29.3721	78.2790
Fakanpur	36	29.3667	78.4199
Fatehpur	36	29.3539	78.3726
Faridpur Dalla	36	29.3658	78.2960
Faridpur Dulla	36	29.3593	78.2977
Fatanpur	36	29.3671	78.2764
Faridpur Malhu	36	29.3283	78.3034
Farodabad	36	29.3401	78.3403
Faridnagar	36	29.3140	78.3502
Faizpur Ramanand	36	29.2878	78.3529
Fazilpur	36	29.3009	78.4126
Fazal Alipur	36	29.2741	78.4253
Faridpur Sadiran	36	29.2660	78.2637
Fatehpur	36	27.8114	81.0998
Fatehpur	36	27.8204	81.1933
Fartehpur	36	27.5495	81.0815
Fardapur	36	27.5186	81.1023
Fateh Purwa	36	27.4027	81.1652
Faridpur	36	27.3441	81.2000
Fatehpur	36	27.3395	81.2381
Fathapur	36	27.4375	81.1112
Faiz Khan	36	27.5486	81.5313
Fakire Purwa	36	27.7445	81.5478
Fatehpur	36	27.6500	81.5582
Fakir Purwa	36	27.6272	81.5614
Fatehpur	36	27.5942	81.5759
Faizu Purwa	36	27.6997	81.5864
Fakir Chak	36	27.5843	81.6709
Fakire Purwa	36	27.5995	81.7065
Fateh Sarai	36	25.8070	83.7796
Fatehpurwa	36	27.3479	81.7311
Fatehpur	36	25.7937	83.9274
Fatuhapur	36	27.6770	81.7969
Fakiran Pura	36	27.2072	81.8238
Fakiran Purwa	36	27.1434	81.8550
Fatehpur	36	27.1120	81.8486
Fateh Purwa	36	27.1108	81.9722
Fakir Purwa	36	27.0954	81.9352
Fateh Purwa	36	26.8530	81.0753
Faridpur	36	26.8221	81.1005
Fatehpur	36	26.7964	81.0465
Fatehpur	36	26.7791	81.1699
Fatehabad	36	26.9099	81.2000
Faizullahganj	36	26.9372	81.2065
Fateh Sarai	36	26.9686	81.2447
Farishtipur	36	26.9428	81.1485
Fateh Khera	36	26.6125	81.0088
Fakiran	36	26.6098	81.0474
Fatehpur Jamrawan	36	26.6465	81.2035
Fakir Khera	36	26.6694	81.0869
Fatehpur	36	26.9584	81.2845
Fatehpur	36	26.8952	81.3958
Fatehganj	36	26.7770	81.4946
Fatehullahpur	36	26.8153	81.3326
Faizipur Kasba	36	29.1253	78.2863
Fakharabad	36	29.0145	78.3060
Fatehabad	36	29.1294	78.4158
Faridpur Aima	36	29.0233	78.4196
Faizpur	36	29.1327	78.4490
Fatehganj	36	26.6612	81.3862
Fatehpur	36	26.7325	81.4162
Fazalganj	36	26.6702	81.3588
Fatehwali	12	34.0756	74.2374
Faridpur	16	20.6436	79.1496
Fatehpur Bulandi	36	29.1473	78.5228
Fatehpur	36	29.0705	78.5399
Fatehpur	36	29.4291	78.8072
Fazalpur	39	29.3310	78.8546
Fazalpur	39	29.3395	78.8511
Fazalpur	39	29.3417	78.8619
Fateh Purwa	36	26.2710	81.1503
Faridpur	36	26.3118	81.1346
Fazal Imam Khan Purwa	36	26.3534	81.3307
Fakira Pasi Purwa	36	26.3130	81.2650
Faridpur Kasim	36	29.0415	78.7798
Fatanpur	36	29.0309	78.8108
Fazalpur Dharupur	36	29.0220	78.7564
Fatehpur	36	29.0408	78.8761
Faridpur Haji	36	29.0646	78.8455
Fauladpur	36	29.1302	78.8679
Fatehullahganj	36	29.1875	78.8638
Faizullahganj	36	29.2132	78.8424
Faridnagar	36	29.1799	78.8908
Faizullahnagar	36	29.1619	78.8816
Farrukhpur	36	29.1219	78.8910
Farashiapur	36	29.0963	78.9440
Fatehganj	36	26.4373	81.4536
Fatehpur	36	26.4652	81.4964
Faridpur Parwar	36	26.2828	81.4697
Fazilpur	36	26.3317	81.8294
Fateh Barsian	36	26.4545	81.8875
Fazilpur	36	26.4097	81.8959
Fatehganj	36	26.3299	81.9344
Fatehpur Tikari	36	25.8164	81.1299
Fauladpur	36	28.9985	78.3444
Fazilpur	36	28.9017	78.4407
Faridpur	36	28.8490	78.3822
Farashpur	36	28.8427	78.4934
Faridpur	36	27.1361	80.8376
Fatehpur	36	27.1242	80.8226
Fatehpur	36	27.1286	80.8365
Fateh Kherwa	36	27.1936	80.9186
Faqirpur	36	27.1513	80.9448
Fazalnagar	36	27.1665	80.9751
Fatehpur	36	27.0186	80.9897
Fatehpur South	36	26.4037	80.2886
Fatehpur	36	26.3092	80.4838
Farehpur	36	26.5002	80.4136
Fatehpur	36	27.1918	81.5082
Fatehpur	36	27.0841	81.5784
Farrukhabad	36	27.0252	81.5583
Fatehpur	36	28.6273	78.3095
Fatehpur	36	28.5627	78.3815
Fatehpur	36	27.0560	81.6851
Fatehpur Deo	36	28.6488	78.4398
Faiyaznagar	36	28.6046	78.4145
Fatehpur Bhau	36	28.6105	78.4634
Fatehpur Sakta	36	28.7400	78.4839
Fakir Purwa	36	27.4926	81.7615
Fatehgarh	36	27.3772	81.9990
Fatehpur	36	28.3242	78.2659
Faizpura	36	28.2980	78.2626
Faizpur	36	28.3706	78.3961
Faridpur	36	28.8600	78.5062
Fatehpur	36	28.8038	78.5003
Fatehpur Abu	36	28.7712	78.5191
Fatehpur	36	28.8104	78.5827
Fatehpur Bishnoi	36	28.8971	78.6637
Fatehpur Khas	36	28.7725	78.7224
Fazilpur	36	28.8374	78.7174
Fakirpura	36	28.8601	78.7484
Faridpur Bhendi	36	28.9988	78.7040
Fatehpur Zamima Munda	36	28.0137	79.9361
Fatehpur Buzurg	36	28.0079	79.9276
Fatulla Sarai	36	28.5796	78.5633
Fatehpur Uttaman	36	28.5107	78.6107
Fatehullahganj	36	28.7017	78.6485
Fatehpur Sarai	36	28.5601	78.6557
Fazalpur	36	28.5317	78.6697
Faridpur	36	28.5032	78.7379
Fatehpur	36	28.6547	78.7044
Faridpur	36	25.9135	81.3174
Faiz ka Purwa	36	25.7570	81.2843
Faridpur Khushal	36	28.3901	78.5532
Fatehpur Sharifnagar	36	28.4006	78.6027
Fatehpur Shamshoi	36	28.3834	78.7226
Fakhruddinpur	36	26.1129	81.0086
Fakhrul Hasan Khera	36	26.1936	81.2082
Faridgarh	36	26.5119	81.5019
Fatehpur	36	26.5571	81.6001
Fazilpur	36	26.5002	81.6653
Fazalpur	36	26.5377	81.6833
Fatehpur	36	26.5406	81.7474
Faridpur	36	26.7201	81.6730
Fakir Ahir	36	26.9322	81.7852
Fatehpur	36	28.1698	78.5691
Fatehpur	36	28.0685	78.5704
Fatehpur ki Mandaiyan	36	28.0770	78.5876
Faridnagar	36	28.2138	78.6367
Fazilpur Kukraiya	36	28.0100	78.7310
Fatwapur	36	26.2092	81.8275
Fatehpur	36	26.0064	81.9241
Faridi Khurd	36	28.7395	78.8017
Faridi Kalan	36	28.7358	78.7964
Fatehpur Nattha	36	28.5906	78.7965
Faizullahpur	36	28.5079	78.9096
Fatehpur	36	27.5430	82.0349
Faizganj	36	28.3821	78.8447
Fatehpur Dal	36	28.4685	78.8631
Fatehpur	36	28.2957	78.8917
Fakir Dih	36	27.5877	82.2207
Fajapur	12	33.9457	74.6422
Falatsil	12	33.9743	74.7087
Fatehpur Kunri	36	28.1413	78.8479
Fateh Nagla	36	28.1603	78.8627
Fatehullaganj	36	28.0964	78.8962
Fatehpuram	40	18.8472	78.3015
Fakiran Dih	36	27.3892	82.1992
Faizullahpur	36	25.3443	81.4588
Fataipur	36	25.4233	81.3913
Faizupur	36	25.4277	81.3875
Faridanpur	36	25.4146	81.4232
Faridpur Samro	36	25.4256	81.4569
Fateh Jot	36	27.4044	82.2546
Fatehgarh Dih	36	27.3832	82.3555
Fakirapur	36	27.2814	82.3653
Fakiri Bankat	36	27.2827	82.4167
Fardaiya	36	27.4242	82.4635
Fatehpur Dih	36	27.3688	82.4518
Fatehpur	36	27.3591	82.4467
Faridpet	40	18.2894	78.4712
Fatehganj	36	27.2138	82.4655
Farzand Chaudhri	36	27.1180	82.3815
Fatehpur	36	27.1195	82.3961
Fakir Ahir Purwa	36	27.0257	82.4229
Fakir Pasi Purwa	36	27.0458	82.4476
Faizpur	36	27.4886	82.5450
Fakir Kondapuram	40	18.9475	78.6328
Fateh Chak	36	27.1188	82.5751
Fatehpur	36	27.0446	82.5002
Fatehpur	36	27.2078	82.6027
Fatehpur	36	27.1310	82.6432
Fazihatpur	36	27.2231	82.8648
Fatehpur	36	27.1083	82.9136
Faridabad	36	27.0496	82.9526
Fatehpur	36	26.7648	82.0479
Fatehganj	36	26.7767	82.1492
Fatehpur	36	26.8475	82.2108
Faqirpur	12	33.9972	74.8746
Fatehpur	36	26.7472	82.0703
Fatehpur	36	26.6373	82.1191
Fatehpur	36	26.7435	82.1911
Fakharpur	36	26.5718	82.2400
Fatehpur	36	26.4255	82.0107
Fatehpur	36	26.2725	82.1394
Fazilpur	36	26.2933	82.1744
Faridipur	36	26.3101	82.1271
Fatehpur	36	26.2723	82.0243
Fatehpur	36	26.2136	82.1152
Fazalnagar	40	18.5574	78.8938
Faizullahpur	36	25.9863	83.0074
Fattupatti	36	25.9917	83.0416
Fatehpur	36	26.7933	82.3874
Fargin March	36	26.8804	82.3060
Fatehpur Mumtazabad	36	26.6140	82.2740
Fatehpur Kamasin	36	26.5243	82.2777
Faridpur	36	26.5208	82.3337
Fatehpur	36	26.5453	82.4859
Fatehpur	36	26.5430	82.4510
Faridpur	36	26.3998	82.4966
Faridunpur	36	25.9908	83.1097
Faijpur	36	25.9059	83.1834
Fatehpur Bhatauli	36	25.8150	83.1726
Fatehpur	36	25.8430	83.2043
Fakhruddinpur	36	25.7619	83.0472
Farmanpur	36	26.0134	82.3554
Fardapur	36	26.8060	82.5100
Fatehpur	36	26.9973	82.7473
Fatahabad	36	26.5983	82.5972
Faridpur	36	26.5883	82.5705
Fatehpur	36	26.5825	82.5880
Faridpur	36	26.5385	82.6020
Fateh Zahurpur	36	26.5349	82.6385
Faridpur	36	26.4759	82.5323
Fatehpur Pakri	36	26.4156	82.5311
Faridpur	36	26.4266	82.5796
Fatehullahpur	36	26.4021	82.5435
Fatehpur Kakardila	36	26.3917	82.5855
Fatehpur	36	26.3114	82.5012
Fatehpur	36	26.4499	82.6396
Fakharpur	36	26.3588	82.7285
Fatehpur	36	26.3011	82.7156
Faridpur	36	26.3061	82.7416
Fatehpur	36	26.4849	82.5862
Faridpur	36	26.2349	82.5703
Fatehgarh	36	26.0159	82.5340
Fakhanpur	36	26.0744	82.6675
Faizullahpur	36	26.1623	82.6406
Fatehpur	36	26.8502	82.9255
Fatehpur Nurpur	36	26.5309	82.8307
Fazilpur Uska	36	26.5444	82.7987
Faridpur	36	26.5389	82.8443
Faridpur	36	26.5407	82.8594
Fatehpur	36	25.8628	83.3261
Faridpur	36	25.8440	83.2709
Fatimapur	36	25.7539	83.2511
Fatehpur	36	25.9036	83.3641
Fatehpur	36	25.9118	83.4055
Fatehpur Muhibpur	36	26.3673	82.7589
Faridpur Kondra	36	26.3953	82.7673
Fatehpur Manikpur	36	26.3057	82.8033
Fatehpur	36	26.2823	82.8235
Fatehpur	36	26.3922	82.8142
Fatehpur	36	26.4374	82.9488
Fatanpur	36	26.1594	82.7874
Fatehpur	36	26.1265	82.8020
Fatehpur	36	26.0128	82.7508
Fatehganj	36	26.0042	82.8032
Faridpur	36	26.1733	82.8297
Fakhanpur	36	26.1689	82.8907
Fakirana	36	26.0787	82.8351
Fakirana	36	26.0355	82.8614
Fakirana	36	26.0383	82.8660
Fatanpur	36	26.0345	82.9067
Fatehpur	36	26.1700	82.8966
Faredupur	36	26.0278	82.9580
Faridabad	36	26.0062	82.9931
Fatehpur	36	27.1941	83.0562
Fatehpur	36	27.0992	83.0549
Fatehpur	36	27.0261	83.0197
Faqirpur	12	33.7773	75.2178
Fatehpur	36	27.0440	83.3594
Farzand Ali Jangal	36	27.1492	83.5067
Fatahia	36	27.0722	83.6478
Fatehpor	12	33.6550	75.1581
Fatehgad	12	33.7382	75.1852
Fatehgad	12	33.7357	75.1747
Fattesahaipur	36	25.9321	81.6284
Fatehshahpur	36	25.8323	81.5264
Fattu ka Purwa	36	25.9978	81.7437
Faizudih	36	26.8666	83.0766
Fazilpur	36	26.9374	83.2464
Fatehpur	36	26.9968	83.2293
Faridpur	36	26.2990	83.0598
Faridpur Hitaria	36	26.3389	83.0640
Faridpur Tappa Haveli	36	26.4215	83.0533
Faridpur	36	26.0938	83.0262
Farahabad	36	26.0584	83.0526
Fatanpur	36	26.0238	83.0320
Fatehpur	36	26.0747	83.1214
Fatehpur	36	26.8178	83.3952
Fata Chak	36	26.7138	83.2802
Fatehpur	36	26.4206	83.2640
Fatehpur	36	26.2683	83.2781
Faridpur	36	26.2626	83.2510
Fakir Tola	36	26.4844	83.3664
Fatehpur	36	26.3561	83.4184
Fakir Purwa	36	26.3608	83.4627
Faredupur	36	25.7295	81.5131
Fatuhabad	36	25.7494	81.5971
Faridpur	36	25.5492	81.5033
Fatehpur	36	25.5026	81.6833
Faridpur Chak Tejpur	36	25.5214	81.6517
Fakirbaks ka Purwa	36	25.5875	81.6659
Fatehpur	36	25.5968	81.6782
Fakirbaks Purwa	36	25.5753	81.5071
Faridpur	36	26.3756	83.6404
Fatehpur	36	26.4191	83.6476
Fatehnagar	36	26.4572	83.6650
Faridpur	36	26.1128	83.5109
Fatehpur	36	26.0564	83.5045
Faizullahpur	36	26.0324	83.5285
Faizullahpur	36	26.0235	83.5246
Fatehpur Durahra	36	26.1449	83.5988
Fatehpur Chanwar	36	26.0901	83.6575
Faredunpur	36	26.1566	83.6608
Fatehpur Maraon	36	26.1326	83.7030
Famrot	12	33.2364	75.1311
Faridpur	36	26.8115	83.8552
Faqira Chhapra	36	26.9788	83.8903
Fatehpur	36	26.0626	83.8319
Fateh Chak	36	25.6762	83.5297
Faroshapur	36	25.6700	83.5234
Fatehpur	36	25.6986	83.5818
Farid Chak	36	25.6336	83.6295
Fatehpur Itwa	36	25.6182	83.6348
Fadanpur	36	25.6284	83.6022
Faizullah Chak	36	25.6077	83.5942
Faiz Chak	36	25.6004	83.6024
Fazlganj	36	25.6902	83.7275
Faqirabad	36	25.6752	83.7236
Fatehpur Sikandar	36	25.5872	83.5652
Falal	12	32.6715	75.4918
Fathu Chak	12	32.4411	75.3402
Fadaipur	23	32.2612	75.3809
Fattu Chak	23	32.2826	75.4160
Fatehpur	23	32.3145	75.4370
Fazlabad	36	25.4432	81.5234
Faridpur	36	25.4411	81.6046
Faqirabad	36	25.3746	81.5205
Faridpur	36	25.3624	81.6038
Farahadi	35	25.0105	81.7477
Fattuwala	23	30.5894	74.1593
Faridpur	23	32.1498	75.3468
Faragarh	23	32.1963	75.4544
Faridabad	36	25.8992	81.7952
Fatehgarh	36	25.5936	81.7647
Faridpur	36	25.5517	81.7819
Fatuhpur	36	25.5164	81.7913
Fatehpur Bundauna	36	25.5188	81.7829
Fatehmiyan Purwa	36	25.4030	81.8714
Fatehpur	36	25.2762	81.9252
Faizullahpur	36	25.4913	81.9334
Faridanagar	23	32.2017	75.5720
Fatehgarh	23	32.2200	75.5981
Fatehpur	23	32.0186	75.7346
Fatehpur	16	20.2401	75.7848
Fatepur	09	24.1107	72.4664
Farandipur	23	31.3622	74.7248
Fatehpur	35	22.1113	80.3594
Fatehpur	35	22.9291	80.6774
Fatehwali	23	31.8936	74.9354
Fateh Chak	23	31.4666	74.9226
Fatta Khoja	23	31.3378	74.7701
Fatehgarh Sabhra	23	31.1225	74.8834
Fatehwala	23	31.1059	74.8263
Fatta Bura	23	31.0735	74.7967
Falak Shah	23	31.0514	74.9486
Fateh Singhwali	23	30.9699	74.7077
Fattuwala	23	30.8951	74.5969
Fatehpur	23	31.8818	75.0542
Fazalabad	23	31.9423	75.1529
Fattupur Kalan	23	31.9766	75.1109
Fattupur Khurd	23	31.9800	75.1056
Fatehpur Rajputan	23	31.6406	75.0024
Fattu Bhila	23	31.7251	75.1052
Fahimpur Kalan	36	29.3873	77.7491
Fatehpur	23	31.4849	75.1658
Fazilpur	23	31.4767	75.1690
Fazlabad	23	31.4244	75.2131
Fazlabad	23	31.4051	75.2267
Fattu Dhinga	23	31.3791	75.2224
Faridpur	23	31.2898	75.1533
Fattuwal	23	31.2379	75.1234
Fatehullah Shahwala	23	31.0360	75.1140
Fatehpur Jhuggian	23	31.0014	75.1427
Fatehpur Bhangwan	23	31.0607	75.1788
Farid Sarai	23	31.1712	75.1753
Fattuwal	23	31.1698	75.2304
Fatehpura	24	25.3183	73.3418
Fatehpur	16	21.4628	80.1204
Faizullah Chak	23	31.8911	75.3179
Fatehgarh Sikri	23	31.6146	75.4908
Fatehpur	23	31.4442	75.2867
Fattu Chak	23	31.4954	75.3371
Fazlpur	23	31.4145	75.4460
Fateh Jalal	23	31.3978	75.4843
Fajewal	23	31.4823	75.4134
Fatehpur	23	31.2168	75.3653
Fazalwala	23	31.0381	75.3554
Fakhruwal	23	31.0270	75.3489
Fatehgarh	23	31.8693	75.6647
Fattu Barkat	23	31.8164	75.5509
Fattu Barkat	23	31.8118	75.5652
Fatehpur	23	31.5699	75.5721
Fatehganj	37	21.0874	80.5879
Fakirtola	37	21.1724	80.6938
Fatehpur	23	31.9415	75.8351
Fatehpur	23	31.7714	75.7849
Fakirpara	37	22.1635	82.0429
Farehda	37	22.0734	82.2264
Farhad	37	21.0687	80.9962
Fatehpur	36	27.1791	80.7227
Fakiran Khera	36	27.1557	80.7394
Fatehnagar	36	27.1809	80.5919
Fazal Khera	36	27.1201	80.5236
Fakiran Khera	36	27.0702	80.6066
Fatehpur	36	27.0913	80.6107
Fatehpur	36	27.0919	80.6244
Fatehpur	36	27.0868	80.6765
Fatehpur	36	27.0654	80.6203
Fari	16	20.5739	80.0139
Fatehpur	36	27.9627	80.7813
Fatehpur	36	27.8795	80.8025
Faridpur	36	27.7858	80.8767
Fatehpur	36	27.7519	80.7563
Fatehpur	36	27.7355	80.8685
Faridpur	36	27.6858	80.8965
Fatehmalpur	36	27.6652	80.8641
Fatehpur Muafi	36	27.6589	80.7710
Fatehpur	36	27.6468	80.7804
Fatehpur	36	27.5967	80.9098
Fatehpur	36	27.5334	80.8928
Fatehpur	36	27.3853	80.8420
Fatehpur	36	27.3713	80.7761
Faridpur	36	27.3976	80.9574
Faridpur	36	27.3519	80.9880
Faujowal	23	31.0169	75.6954
Fatehpur	23	31.0482	75.5596
Fatehgarh	23	31.2372	75.8251
Fadiman	23	31.4178	75.8540
Fateh Ali Shah Khangah	23	31.2712	75.8254
Fatehgarh Lakha	23	31.0186	75.8539
Fatehpur	11	32.5621	76.0746
Fatehpur	11	32.2065	76.3685
Fatehpurwa	36	27.2304	81.0275
Fatehpur Qutbhar	36	27.0347	81.1746
Faujdarkapa	37	22.3372	81.5776
Fatehgarh	24	26.2009	74.3714
Fatehpur	24	26.1445	74.3747
Fatehgarh	24	26.1435	74.3000
Fatehpuria	24	26.0990	74.3001
Fateh ki Pol	24	26.0116	74.2635
Fatehpur	11	31.7733	76.0500
Fatehpur Kalan	23	31.2106	76.1237
Fatehpur Khurd	23	31.2400	76.0896
Fatenpur Bunga	23	31.1439	76.5799
Falad	11	31.7590	76.7892
Falad Putli	11	31.7672	76.7886
Fatehgarh Manuan	23	30.7098	76.3145
Fatehullahpur	23	30.7482	76.6704
Faridpur	23	30.5439	76.6539
Faridpur	23	30.5087	76.5693
Fatehpur Garhi	23	30.5270	76.6596
Fatehgarh	24	26.0679	74.5741
Fatehpur	10	30.7525	76.9673
Fagoriawala ki Dhani	24	26.8532	75.6275
Fatenohi	11	31.1168	77.0942
Fatehgarh	24	25.5378	75.3611
Farfod	37	20.8801	82.3581
Fatehgarhi	09	23.2278	74.0804
Fatehpur	35	24.0195	79.8805
Fatehullahpur	36	30.2210	77.6111
Farukhpur	36	30.2390	77.6085
Farrukhpur Nawada	36	30.0940	77.6819
Fatehpur	36	30.1899	77.6750
Faridpur	36	30.0943	77.7472
Fakiradih	38	23.8614	83.9390
Faslaitanr	38	23.9216	83.9287
Fatehpurmendoki	35	23.5602	76.1098
Fahimpur Khurd	36	29.2437	77.7744
Fatehpur Hansapur	36	29.2020	77.9570
Fazalpur	10	28.1630	77.3529
Fatehpur	35	23.0419	76.1583
Fatehpur	39	30.1512	78.1136
Fatehpur	39	30.1555	78.1427
Fatehpur	39	30.2170	78.7705
Fatehpur	39	30.2363	78.9308
Fatehpur	39	29.7977	78.9236
Fazilpur	36	28.9206	78.1990
Fatehpur	36	28.9053	78.2475
Faridpur Garhi	36	28.8875	78.2236
Fatehpur Khadar	36	28.7726	78.2107
Farioa	36	28.5538	78.1955
Fatehpur	36	28.4486	78.0366
Faizullapur Ajnara	36	28.3359	78.0406
Fatehpur Nagla Hari	36	28.3184	78.0968
Faridpur	36	28.2974	78.1822
Fatehgarh	36	28.2448	78.1013
Fatehabad	36	28.2051	78.2342
Fatehabad	36	28.1592	78.0508
Fazalpur	36	28.1404	78.0682
Faridpur	36	28.0804	78.0874
Faridpur	36	28.0297	78.0787
Faridpur	36	28.2489	78.4030
Faizullahnagar	36	28.9804	78.9893
Faizganj	36	28.8766	78.9983
Faridpur Hamir	36	28.7831	78.7561
Fatehpurwa	36	27.5202	81.3850
Fatehpur	36	27.5470	81.4840
Fazilatpur	36	27.2296	81.2717
Fateh Purwa	36	27.3302	81.2874
Fateh Purwa	36	27.3471	81.3682
Fatehallahpur	36	27.3310	81.3804
Fazilpur	36	27.3294	81.4090
Fatehpur	36	27.0767	81.2528
Fateh Purwa	36	26.2265	81.2948
Faridpur	36	26.1548	81.2523
Fatehabad	36	26.0540	81.3719
Fatehpur Mawaia	36	26.2285	81.4597
Fatehpur Khurd	36	26.7564	81.7036
Fatehpur Kalan	36	26.8882	81.6441
Fatehpur	36	26.4195	81.6521
Fatehbada	02	16.7181	81.0958
Faqirudinpalem	02	17.1048	82.2162
Fatulahi	34	26.2248	84.3644
Fazilpur	34	26.1363	84.3178
Fatehpur	34	26.1053	84.2806
Fatehpur	34	26.0773	84.4934
Fakhruddinpur	34	26.2381	84.4779
Fairbairnpet	02	16.2444	80.0541
Fatehalanka	02	16.3139	80.8380
Fail	37	18.6218	81.8429
Faridpeta	02	18.3062	83.8536
Fajulbegupeta	02	18.3022	83.8865
Fakirsahibpeta	02	18.4498	83.9431
Fatehpur	34	25.0126	84.4958
Fateh Raitola	36	25.8058	84.5421
Fakru Raitola	36	25.7751	84.5688
Faradpura	34	25.8899	84.7398
Fatepura	09	23.0925	73.1599
Fatepura	09	23.2123	73.1118
Fatia Muwara	09	23.1195	73.2137
Fatepura	24	23.8437	73.7133
Farhada	34	25.6846	84.6573
Fatehwala	36	29.0461	79.0215
Faiznagar	36	29.0312	79.0031
Fazilpur	36	29.0162	79.0418
Fakira-ka-Mazra	36	29.0209	79.1414
Fazilpur	39	29.0852	79.1420
Faridpur	39	29.2003	79.1238
Fatehpur	39	29.1174	79.1835
Fatehganj	39	29.0817	79.2138
Fatehpur	34	25.4437	84.7482
Fatehpura	24	25.6408	73.3157
Fatehpura	24	25.2814	73.9985
Fararia	09	22.2484	74.0498
Fatehpur	35	22.8140	74.7175
Fatipura	35	22.6666	74.6571
Fatehpur	39	29.4226	79.3284
Fatehpur	39	29.2571	79.4554
Fatehpura	24	24.9939	73.9792
Fachar	24	24.6280	73.9584
Fatehpur	34	25.2230	84.5359
Fatehabad	34	25.1376	84.5405
Fatehganj	34	25.0538	84.5302
Fatehpur Sanrha	34	25.1907	84.6135
Fakharpur	34	25.2407	84.7046
Fatehpura	24	26.4105	74.4038
Fatanpur	34	25.8039	84.8252
Fatehpur	34	25.7805	84.9744
Fakuli	34	25.7603	84.9518
Farhangpur	34	25.5418	84.7608
Faridpur	34	25.5487	84.9845
Fattabangar	39	29.1576	79.5202
Fattakhera	24	25.9647	74.2946
Fatehpura	24	25.7793	74.4143
Fatehpura	24	25.3965	74.2779
Fazilnagar	36	26.6873	84.0513
Fatakhera	24	25.1160	74.4375
Fakir	36	26.3366	84.0929
Fatehulla Chak	36	26.0416	84.0485
Fatehpur	36	26.0053	84.1510
Fazilpur	34	26.0911	84.1992
Fazilpur Deuriya	34	26.0926	84.2172
Fajulhi	34	26.1361	84.2312
Fatehpur	34	26.8839	84.3720
Fatepur	24	25.0889	74.9027
Fatehpur	34	26.7158	84.5297
Fatehpura	24	27.1721	75.8126
Fateh Nagla	36	28.2210	79.0114
Faqirabad	36	28.1566	79.0273
Faqiraba	36	28.1565	79.1810
Faridpur	36	28.1265	79.1418
Fatehpur	36	28.0115	79.2073
Faridpur Sani	36	28.0351	79.2465
Faridpur Chakolar	36	28.1484	79.1110
Fazilpur Mahraula	39	28.9555	79.3900
Fatehpur	39	28.9553	79.4286
Faiza	39	28.9190	79.4507
Fakirpura	39	28.9179	79.4441
Fazilpur	36	28.8361	79.4663
Fazilpur	36	28.8557	79.2638
Faizganj	36	28.8312	79.2568
Faridapur Jagir	36	28.5135	79.4222
Fatehpur Durga Parshad	36	28.5294	79.4140
Faridapur	36	28.5496	79.3520
Faridpur	36	28.2964	79.3769
Fatehpur Thakuran	36	28.3168	79.3596
Faridpur	36	28.4099	79.4191
Faridapur	36	28.4605	79.3526
Faridapur	36	28.2602	79.4587
Faridpur	36	28.1457	79.2995
Fatehpur	36	28.1194	79.3314
Fatehpur	36	28.2452	79.3838
Fatehullaganj	36	28.1337	79.4714
Fatehpur	34	26.3746	84.5926
Fatepur	09	23.9069	73.0218
Faizabad	36	28.7801	79.5291
Fardia	36	28.8479	79.6706
Falidpur Hasan Sahrai	36	28.8480	79.7446
Fatuha	34	26.7718	84.9674
Fatehtoli	34	26.6072	84.8462
Fatehpur	34	26.3368	84.7567
Faizullahpur	34	26.2419	84.8278
Fardahia	34	26.1711	84.8053
Faridpur	34	26.0405	84.9037
Fatehpur	34	26.1799	84.8877
Fatehabad	34	26.0652	84.9722
Faizullahpur	36	28.5191	79.5887
Fazilpur	36	28.5512	79.5713
Faridapur Ganga	36	28.5541	79.6354
Faridpur	36	28.7403	79.6772
Fardia	36	28.7203	79.7301
Fatehpur	36	28.3013	79.5288
Faiznagar	36	28.2875	79.5921
Faridpur Muttasil Khajuria	36	28.3653	79.6452
Fatehganj	36	28.4269	79.6616
Faridapur Nawadia	36	28.5000	79.6276
Farrukhpur	36	28.2120	79.5369
Fatehpur	36	28.1205	79.6853
Fatehpur Khurd	36	28.0106	79.7320
Fardia	36	28.7895	79.7873
Faridpur Bara	36	28.7247	79.7697
Fatenganj	36	28.5311	79.9174
Faridpur	36	25.8954	84.0724
Farsaha	36	28.2642	79.9284
Fatehpur	34	25.3415	84.7873
Fatehpur	34	25.3183	84.8252
Fatehpur	34	25.3364	84.9079
Faridpur	34	25.4654	84.9309
Fatehpur	34	25.4572	84.9354
Fatehpur	34	25.2370	84.8023
Faridpur	34	25.1168	84.7915
Fatma Chak	34	25.0275	84.7828
Fauladpur	34	25.1415	84.8423
Faridpur	34	25.1480	84.8647
Faridpur	34	25.1887	84.9189
Fatehpur	34	25.1706	84.9323
Fatehpur	34	25.0778	84.9984
Fatehpur	34	25.0641	84.9995
Fazilpur	34	24.9389	84.0810
Fatmachak	38	24.5321	84.0270
Fatehganj	34	25.3343	84.2435
Fatehpur	34	25.4088	84.0055
Faridpur	34	25.0915	84.0337
Farsatar	36	25.8090	84.2706
Fatehpur	34	25.2914	84.4526
Fatehpur	34	24.8404	84.2744
Fateha	34	24.8761	84.4346
Fateha	34	24.8479	84.4751
Fatehpur	34	24.9428	84.6417
Fatehpur	34	24.8397	84.6984
Fatehpur	34	24.5462	84.6874
Fatehpur	34	24.4746	84.5673
Fatehpur	34	24.4293	84.6450
Fatehpur	34	25.0117	85.8542
Fadid	34	25.2232	85.9565
Faridpur	34	25.2187	85.8341
Fadarpur	34	25.2500	85.9549
Faridpur	34	25.1743	85.7837
Fatehganj	36	25.0913	80.6715
Fardahitol	34	26.5757	86.1435
Fatgaon Badni	19	15.1193	75.5452
Fakir Nandihalli	19	14.9255	75.2959
Fatehpur	19	14.4222	75.6376
Fakirappanapalya	19	13.5581	77.2527
Fakirpalli	40	19.2287	79.4587
Fateh Ali	34	25.1492	85.5353
Fataha	34	25.0584	85.6482
Fatehpur	34	25.2209	85.7151
Faizullahpur	34	25.2159	85.7349
Fatehpur	34	25.2038	85.6802
Fatehpur	34	25.8416	85.9930
Fakrana	34	25.7296	85.8055
Fateha	34	25.6073	85.8669
Fatehpur	34	25.5205	85.9275
Fatehpur	34	24.7538	85.4579
Fazilpur	34	24.9316	85.4471
Fatehpur	34	24.8881	85.4316
Fakira Beldaritola	34	24.9319	85.5157
Fatehpur	34	24.7558	85.5195
Fatehpur	34	26.3082	86.0542
Fazla	34	26.1815	86.0288
Fatulaha	34	26.0414	86.0853
Fatehpur	34	26.1424	86.1225
Faqir	34	26.0872	86.3828
Fatehpur	34	25.8121	86.0175
Fazilpur	34	25.5116	86.0716
Fatehpur	34	25.4519	86.1098
Fatehpur	34	25.0592	86.0350
Fatehpur	34	25.0656	86.0765
Farehawa	34	25.7293	86.4585
Fatehpur	34	25.3980	86.2781
Faradah	34	25.3221	86.4292
Faridpur	34	25.3018	86.4803
Faridpuram	40	15.9906	77.7202
Fatehpur	34	25.6605	86.7387
Farre	34	25.5026	86.6212
Fateha	34	25.1520	86.6034
Fatehpur	34	25.2393	86.6684
Fazliganj	34	25.1025	86.6688
Fatehpur	34	25.7812	86.9620
Fatwaria	34	25.5549	86.8817
Faizullah Chak	34	25.6428	86.8988
Faridpur	34	25.3055	86.8788
Faridpur	34	25.3105	86.9466
Fatehpur	34	24.9307	86.0104
Fatehpur	34	24.8083	86.1847
Fatehpur	36	27.4486	80.6091
Fatehnagar	36	27.4014	80.6835
Fatehpur	36	27.2885	80.6591
Fatehpur	36	27.2506	80.5965
Fatehgarh	23	31.6625	74.9764
Fatehpur	23	31.5983	74.8385
Fatehpur	36	26.6304	79.1860
Fal	33	15.5363	74.0152
Fanasvadi	16	15.6884	74.1238
Faizullahpur	36	26.8647	79.4333
Fatehpur Laknmi	36	26.6298	79.4152
Fatehpur Baini	36	26.6213	79.4548
Fatehpur Ramu	36	26.6249	79.3882
Fakhirvadi	19	15.5040	74.3483
Fatehpur	34	24.7798	84.8618
Fatehpur	34	24.8798	84.8764
Fatehpur	34	24.9812	84.9271
Fatehpur	34	24.9220	84.9815
Fatua Chak	34	24.6617	84.7569
Falefarganj	34	24.5216	84.7807
Fazalaha	34	24.6032	84.8876
Fatehpur	34	24.5841	84.9665
Fatehpur	34	26.2464	87.0739
Faqirnatola	34	26.3226	87.0041
Fatehpur	34	26.2685	87.0828
Fatehpur	34	26.2813	87.1084
Faqirna	34	26.2049	87.0918
Farauta	34	26.0201	87.4464
Farsadangi	34	26.2591	87.6368
Fatehpur	34	26.4286	87.6833
Faring Gora	28	26.1093	87.9761
Fatehpur	34	25.2463	87.0380
Fazilpur	34	25.1503	87.0140
Faizpur	34	25.0256	87.0335
Fazilpur	34	25.1226	87.1629
Faridpur	34	25.1371	87.0805
Faridampur	34	25.1561	87.1691
Falka	34	25.6280	87.2775
Fatehpur	38	25.1516	87.3103
Fatehpur	34	25.8274	87.5432
Fatehnagar	34	25.7690	87.6431
Farsadenga	34	25.9253	87.7403
Fauzdari	38	25.2679	87.4962
Fatehpur	34	25.9167	85.0228
Farahada	34	25.7519	85.0305
Fatehabad Burhan	34	25.8204	85.2413
Fatehpur	34	25.9964	85.1544
Farahada	34	25.7408	85.0341
Fazlabad	34	25.5500	85.1392
Fatehpur Dhibra	34	25.5241	85.0668
Fakharabad	34	25.7250	85.1688
Fahim Chak	34	25.4823	85.1519
Fatehpur	34	25.3734	85.1154
Faridpur	34	25.2693	85.2258
Farashpur	34	25.3387	85.1975
Fatehpur	34	25.3622	85.2358
Fazal Chak	34	25.4321	85.1647
Fasiatoli	34	25.5176	87.5854
Fatehpur	34	25.5200	87.6425
Fatehpur	38	25.1598	87.7436
Faqirtoli	34	25.9295	87.7513
Fatehpur	34	25.7987	87.8605
Fatehpur	28	25.8628	87.9895
Fatehpur	34	25.5731	87.8987
Fatehpur	34	25.6973	87.9971
Fatehpur	28	25.2974	87.8609
Fatehpur	38	24.5488	87.5645
Fatehpur	34	25.0510	85.1424
Fatehpur	34	25.0243	85.2064
Faridpur	34	25.1198	85.1031
Fatehpur	38	24.6590	87.8595
Faridpur	28	24.6084	87.9978
Fatkadanga	38	24.4846	87.7772
Fatehullahpur	28	24.4789	87.8415
Fatehpur	28	24.2938	87.9071
Fatehpur	28	24.4572	87.8855
Faridpur	34	25.1413	85.2491
Faridpur	28	24.1097	87.7557
Fatehpur	34	25.9790	85.3057
Fatehpur	34	25.9564	85.2616
Fatehullah Chak	34	25.8850	85.3163
Fatehpur	34	25.7773	85.3110
Fatehpur Ram	34	25.7934	85.3385
Fatehpur Pakri	34	25.8334	85.3617
Fatehpur	34	25.8783	85.3573
Fatehpur Mubarak	34	25.7964	85.4186
Fatehpur Milki	34	25.7867	85.4187
Fatehabad	34	25.7478	85.2637
Fatehjangpur	34	25.5554	85.2722
Fatehpur Buzurg	34	25.6579	85.4343
Fatehpur Kamali	34	25.6036	85.4832
Faridpur	34	25.7194	85.3724
Faizali Chak	34	25.4721	85.2775
Faizullahpur	34	25.3767	85.3071
Fateh Bigha	34	25.3776	85.3462
Faridpur	34	25.4145	85.3341
Faizullahpur	34	25.1634	85.2653
Fatehpur	34	25.0117	85.3861
Fatehpur	34	25.2118	85.3376
Fatehpur	34	25.1065	85.4523
Fazalpur	34	25.8785	85.6974
Fatehpur Bala	34	25.8338	85.6928
Fatehpur	34	25.2652	85.5665
Fatehpur	34	25.3855	85.6486
Fatehchand	34	25.3971	85.7357
Fateh Chak	34	25.2613	85.7245
Fakirguda	40	17.5302	78.8158
Farasat	34	26.1628	87.5149
Fakarganj	36	27.8067	80.0290
Faridpur	36	27.8458	80.1233
Fatianpur	36	27.9128	80.1131
Fatehpur Ghazi	36	27.6875	80.0310
Fatehpur Shiughulam	36	27.6137	80.0198
Fatehpur	36	27.5327	80.1118
Fatehpur	36	27.5844	80.1228
Fatehpur	36	27.7158	80.1004
Faka Purwa	36	27.6703	80.1890
Fatehpur	36	27.5852	80.2010
Fatehanpur	36	27.2649	80.0743
Fatehpur	36	27.2925	80.1486
Faridapur	36	27.3384	80.1121
Fatehpur	36	27.1161	80.0429
Fatehpur Chaugawan	36	27.0688	80.0358
Fazal Purwa	36	27.0504	80.0873
Fatehpur	36	27.0021	80.0906
Faridapur	36	27.2482	80.1980
Fatuhabad	36	27.9321	80.2724
Fatehpur	36	27.8060	80.4167
Fatehpur	36	29.4652	77.3774
Fatehpur	36	27.5671	80.0161
Fadanpura	24	27.8474	75.1037
Faqirpeta	02	14.8261	78.1779
Fatehpur	34	25.5898	85.6366
Fakirsahibur	25	12.3171	77.7976
Fakirthakka	25	12.5495	78.5780
Fattakhappetta	02	14.4416	79.9712
Fakirtakka	25	12.6910	79.2960
Faith	19	11.9719	76.0648
Fatehnagar	34	25.4243	87.6853
Fatehpur	36	27.0002	81.3388
Fateatoli	38	23.3044	85.2452
Fatehtoli	38	23.3334	85.5080
Fatehpurtoli	38	23.2528	85.5453
Fakidih	28	23.3198	85.9528
Fatehpur	34	25.3971	86.6736
Fatehpur	38	24.1140	87.0040
Faujdarbank	38	24.0778	86.8419
Fatehpur	38	23.4330	84.5672
Fakirtoli	38	23.1084	84.5515
Fatehpur	37	22.9402	84.1297
Fatimamakkan	25	11.7313	79.1839
Faqirpur	21	21.8620	85.5333
Faqirpur	21	21.7950	85.6350
Fakirpada	21	20.4110	85.1934
Fasioda	21	20.1621	85.2319
Fasipalli	21	20.0572	85.0552
Fatehpur	38	24.2555	85.9503
Fakirapaharitoli	38	24.2111	85.9128
Faqirana	34	25.9456	86.2588
Farida	34	25.9282	86.2902
Fagdalia	34	25.8106	86.3241
Fatehpur	38	24.5115	86.2233
Fatehpur	38	24.0699	86.0736
Fatehpur	34	24.8167	86.4432
Fatehpur	34	24.8146	86.4609
Fatehpur	34	24.8118	86.3589
Fatehpur	34	24.4165	86.4092
Fatehpur	38	24.1107	86.4707
Fatehpur	38	24.0374	86.3727
Fatehpur	38	24.0733	86.2711
Fakirpur	21	20.8136	84.3670
Faqirpara	21	20.7433	84.5737
Falpaju	21	20.4023	84.5037
Falapaju	21	20.3897	84.6016
Fatehgarh	24	26.4701	71.1803
Fatehpur	36	28.9991	77.3569
Faridewala	23	31.0605	74.7588
Fatehgarh	23	30.6710	76.2792
Fatehpur	23	30.6706	76.4175
Fatehganj	36	26.4383	81.5018
Fatehpur	36	27.4151	80.7208
Fatehpur	36	27.3286	80.7405
Fatehpur	36	26.5208	79.4508