Gevrai	16	19.2637	75.7501
Gerimari Chapori	03	26.4278	92.0251
Gerasury	31	22.1248	92.5747
Gewardha	16	20.6284	80.1488
Gette	30	28.6833	95.0167
Gettavadi	25	11.6550	76.9068
Getalsud	38	23.4455	85.5457
Gersoppa	19	14.2414	74.6510
Gersar	24	28.1589	73.4563
George Town	36	25.4481	81.8576
George Town	25	13.0926	80.2801
Geonkhali	28	22.2014	88.0494
Genji	24	23.7162	73.6959
Gendehalli	19	13.1837	75.7574
Genapara	18	25.3000	90.0167
Geling	30	29.1456	94.9805
Geleki	03	26.8039	94.7011
Gejeragaon	03	27.1230	94.4269
Geinyale	01	10.5667	92.5333
Gedi	09	23.7121	70.7379
Gedi	09	22.6192	71.9463
Gehloni	35	25.5960	77.5807
Gesura	24	28.8138	73.8645
Genokhali	28	22.2737	88.7659
Gelhewala	36	30.0793	77.7560
Gerthi	11	31.2383	77.0928
GeleyaraBalaga	19	13.0047	77.5353
Gen Thimmaiah Rd	19	12.9683	77.6128
Genchwara	36	24.8043	78.4008
Geonti	36	27.9113	79.2851
Geonti	36	27.8545	79.4139
Geonri	36	27.8077	79.3905
Geonteya	36	27.8264	79.3976
Gehlar	36	27.6103	79.6453
Gegha	24	26.8249	75.5401
Gendamau	36	26.5129	79.8581
Geredonga	03	25.9068	92.9319
Gengtung	30	27.3154	93.1942
Geda	16	19.6860	80.2080
Gedop	24	27.5835	74.1385
Gejjagarakuppe	19	12.8495	77.2005
Gerukabari	03	26.4856	90.6939
Gelia	28	23.0506	87.5122
Gereki	03	26.8115	93.1704
Gewana	10	28.9791	76.7454
Gelpur	24	28.0608	76.8340
Ger	11	31.5305	77.0609
Gehla	23	29.9586	75.3556
Gehla	23	29.7418	75.9702
Gehani	11	31.3225	77.2230
Gerli	11	31.3167	77.5751
Gereman	11	31.2772	77.6833
Gencha	11	31.3357	77.6651
Geota	11	31.2239	77.6197
Gehlon Sarsar	11	30.7714	77.1217
Genhuras	35	23.5343	78.2584
Gelwani	35	23.1607	78.3120
Gehunras Bujurg	35	23.5613	78.6312
Gehalpur	35	23.5844	78.6340
Gehunras Khurd	35	23.6390	78.6320
Gehunwapura	24	26.2596	76.5321
Gerua Khurd	35	23.1014	78.5785
Gendbra	36	29.2052	77.4399
Geldhana	35	21.8834	78.5051
Gesupur Bapawat	36	29.0966	77.6739
Gebri	09	24.4656	73.0943
Gejvi	24	24.4328	73.3314
Gejra	24	25.1497	74.6475
Geeta Colony	07	28.6507	77.2764
Gejah Talattulabad	36	28.5240	77.3864
Gejha	36	28.9201	77.5633
Gesupur	36	28.5417	77.7002
Geri	39	30.2802	79.5655
Gehunkheri	24	24.3884	76.4600
Gerkheri	24	24.3340	76.5236
Gehunkheri	24	24.6811	76.9594
Gesupur	36	28.9632	77.7703
Geling	29	27.1603	88.2739
Gepri	35	26.3561	77.7598
Gepra	35	26.3475	77.7665
Gevrai	16	19.6283	76.3786
Geong	10	29.8131	76.4701
Gehari	24	27.0735	77.5126
Genji	37	20.7070	81.0950
Gedrapara	37	20.6122	81.6966
Gedra	37	20.4657	81.8292
Geddalamari	19	16.3373	76.0838
Gehrana	36	27.4956	78.4800
Gelrai Khurd	36	27.0647	78.5455
Gesinghpur	36	27.4242	79.1319
Gehunkheri	35	24.1733	77.0998
Gehunkhera	35	24.5781	77.3918
Gerabara	35	24.5226	77.3032
Gelon	35	24.4231	77.3280
Gehunkhera	35	24.2772	77.4690
Gerhewa	36	26.6867	79.7413
Gemnayak Tanda	40	16.6221	79.1628
Genda Qabula	36	25.7611	79.0699
Gevlari	35	24.2884	79.2272
Gehunkheri	35	23.4825	77.8213
Gehbat	35	26.4852	78.9472
Gewara	36	25.5354	78.4243
Gerugaon	16	20.5784	76.4486
Geridhana	35	22.1560	77.8356
Gehundi	36	25.7979	83.6488
Genadhana	35	21.9836	77.0014
Gehunras	35	21.9663	77.8119
Gerui	36	24.7352	83.2831
Geora	36	25.1581	78.5179
Gelhwa	38	24.4104	83.6244
Gerua	38	24.1223	83.6455
Gevra Buzurg	16	20.2553	79.9391
Geura Khurd	16	20.2505	79.9465
Geddalamari	19	16.3269	76.5089
Gerua	38	24.2039	83.9805
Gehunras	35	23.3958	78.2223
Gehaipur	35	23.0084	78.1086
Gehunkheri	24	24.9230	76.4035
Gerehni	35	24.2737	78.3689
Gendaura	36	24.8754	78.6042
Gerui	35	24.5068	81.4614
Gerui	35	24.5181	81.4624
Geruari	35	24.5297	81.4781
Geruari	35	24.7257	81.6419
Geruvari Khurd	35	24.5282	81.5351
Geruvari Kalan	35	24.5307	81.5411
Gedurha	35	24.3650	81.7050
Gehunbarsa	35	21.5407	78.0124
Genduri	36	25.7791	80.9506
Geri	35	24.2434	80.3314
Gerua	36	25.0334	82.5471
Geruahi	36	24.9167	82.5055
Gedurhawan	36	24.9889	82.8093
Gedari	36	24.7922	82.8859
Gend Singh Khera	36	26.4981	80.8785
Gegason Khurd	36	26.0584	80.9140
Gegason	36	26.0587	80.9074
Gedrapur	36	27.4057	81.0401
Gend Purwa	36	27.7336	81.8927
Gewar	36	27.1491	81.7741
Gebbewar	12	34.2281	74.2168
Gebaran Purwa	36	26.4018	81.4768
Geongigarh	36	25.9000	81.2200
Gend Purwa	36	26.8995	81.9515
Gehat	36	28.2012	78.6041
Gehuwan Bhari	36	27.7021	82.1086
Gehlapur	36	27.4170	82.1761
Gedhar	36	27.0354	82.7719
Gedraha Majra	35	25.0720	81.3266
Gedraha Maira	35	25.0615	81.3304
Gendra Khera	36	26.9667	82.6440
Gethwa	36	26.1545	82.5770
Gerar	36	26.6470	82.8277
Gengta Mafi	36	27.1440	83.0727
Gelha Danri	36	27.2433	83.1893
Gerui Buzurg	36	27.0541	83.2008
Gerui Khurd	36	27.0597	83.2047
Geobun	12	33.6186	75.2176
Gerwa	36	26.9996	83.0954
Gerua Parsaunan	36	26.5498	83.3622
Gerua	36	26.5645	83.3408
Gerwa Khor	36	26.4012	83.4466
Gei	12	33.2886	75.4788
Geriguda	37	18.8669	80.3605
Geriguda	37	18.8272	80.4052
Geriguda	37	18.7714	80.5531
Geraiya	35	23.2730	80.2447
Gereri	12	32.5491	75.4225
Getaru	12	32.7166	75.6507
Geru	12	32.7222	75.6813
Getruan	12	32.4183	75.5639
Geruwar	35	24.8241	81.0859
Gehlgaon	35	22.0787	74.8681
Gehunkheri	35	22.8877	75.6303
Gedgaon	37	20.0448	81.3340
Genda	16	21.9005	74.2656
Georgepur	23	31.2675	75.2402
Gehlar	23	31.5420	75.6814
Gera	23	31.9788	75.7765
Gerukhadan	37	21.6541	80.8501
Gerughati	16	21.3926	75.3459
Gerwani	37	22.2988	82.8353
Gerbani	37	21.6952	82.7826
Gendapali	37	21.5992	82.7750
Gerughat	37	20.9444	80.5554
Gewa	11	32.7370	76.2456
Gegana	11	32.6833	76.1127
Gendna	11	32.4910	76.1729
Gehla	11	32.3417	76.0455
Geramtola	37	20.2171	80.4556
Gendatola	37	20.9024	80.6427
Geia	11	32.7601	76.2967
Geriama	35	22.9780	81.2486
Gerhlam	35	22.9705	81.2494
Gehra	11	32.4484	76.3303
Gerapara	37	22.2594	81.6274
Gendarampura	24	26.0832	74.3997
Gegra	37	21.9889	81.4203
Gehli	11	31.8833	76.4445
Gehra	11	31.6375	76.9129
Gehri	11	31.6439	76.8329
Gehra	11	31.6287	76.7871
Gehra	11	31.5784	76.7579
Gehri	11	31.5129	76.8016
Gehra	11	31.4409	76.7663
Gel	11	30.8589	76.9975
Gegua	24	25.8163	74.8944
Getor	24	26.8344	75.8154
Geah	11	31.0121	77.1539
Gehnasiwar	37	20.2615	82.0069
Gewas	11	31.1751	77.8276
Gen	11	31.1041	77.7550
Geddapalle	02	17.3680	81.5125
Gellavada	02	17.8561	81.8302
Gerra	37	21.1777	83.1153
Gersari	39	30.2031	78.9682
Geunlad	39	29.8760	78.9711
Gejamunda	37	21.9138	83.3155
Gerwani	37	21.9989	83.3760
Gesupur Janubi	36	28.9349	78.0148
Gesupur Shimali	36	28.9371	78.0152
Gesupur	36	28.5626	78.1337
Gehun Kheri	35	23.9431	76.6415
Geonra	36	27.3747	81.3130
Geddavalasa	02	18.0906	82.7898
Georgepuram	02	16.9218	81.1426
Geddanapalle	02	17.2040	82.1537
Gemili	02	17.9316	82.5310
Geddapalem	02	17.4453	82.7736
Gerangelli	21	19.7915	83.4934
Gelikutta	21	19.7350	83.4711
Geramel	21	19.9608	83.6243
Gehumpodoro	37	18.8904	82.0373
Gellaputti	21	18.6521	82.5233
Geruputtu	21	18.6536	82.7081
Geruputtu	21	18.5741	82.7053
Geruputtu	21	18.5773	82.7230
Gerdapalle	02	18.2262	82.6451
Geramel	21	19.9373	83.8763
Geranga	21	19.4032	83.9899
Gedabangu	21	19.0742	83.8518
Gedaladangu	21	19.0140	83.7697
Getchella	21	18.9760	83.1654
Gediyaravalasa	02	18.4611	83.1205
Geddaluppi	02	18.6797	83.3342
Geddapeta	02	18.2530	83.3523
Gedapalem	02	18.0200	83.2669
Gessada	02	18.9869	83.5116
Geddakola	02	18.7106	83.7302
Geddapuvalasa	02	18.2921	83.5157
Gedda Kancharam	02	18.3377	83.6510
Geddapuvalasa	02	18.4186	83.5999
Gedalapeta	02	18.4058	83.7188
Geddaguda	02	18.5926	83.8752
Geddavanipeta	02	18.4563	83.9586
Geddavalasa	02	18.4060	83.8066
Gedalavanipalem	02	17.9851	83.2049
Gengandoddi	25	13.4140	80.1172
Gengaiyadikuppam	25	13.2844	80.1995
Gerui	35	24.4552	82.5865
Gera	34	25.1553	84.3305
Genhukheri	35	23.6028	76.7392
Geli	35	22.6949	76.1296
Gedal Barriya Muwara	09	23.1147	73.3201
Gesuwana Wanga	24	23.6214	73.5250
Gehuwara	24	23.8703	73.9297
Gelua	39	29.7166	79.1471
Gethiya	39	29.7174	79.1300
Geyanpura	34	25.5070	84.5727
Geyanpur	34	25.5902	84.6984
Gendra Bara	35	22.0421	74.2830
Gendra Chota	35	22.0314	74.2917
Gelar	35	22.8285	74.5232
Gelar Bara	35	22.7984	74.5452
Gemliawas	24	26.4996	74.0408
Gen Bigha	34	25.0276	84.7486
Genharia	34	27.2648	84.5752
Genharia	34	27.2481	84.5691
Gegal	24	26.5557	74.7654
Gegas	24	25.4473	74.4522
Gegpura	24	25.0627	74.3351
Geyaspur	34	26.1402	84.0458
Gedliya	24	25.2454	74.8203
Gela Tanda	36	28.6278	79.6115
Gentha	38	24.0143	84.2755
Gewal Bigha	34	24.8013	84.6894
Genjana	34	24.5036	84.6100
Gerua	34	24.7122	84.7166
Geyan Khap	34	24.5415	84.6737
Genre	38	24.2798	84.6532
Gerua	38	24.3558	84.6626
Gejna	34	24.4161	84.6106
Gerua	38	24.4461	84.7402
Gejna	38	24.3947	84.7033
Gendra	38	24.0870	84.5654
Gendla	19	14.5034	75.1060
Gejjihalli	19	14.7323	75.1265
Gerakoppa	19	14.3912	75.2029
Genaishakuni	19	14.0617	75.0283
George Town	02	14.6889	77.5924
Gerhalli	19	13.4199	77.1408
Gedalhalli	19	13.3129	77.1076
Gedri	19	13.5411	77.4764
Gedavanpalya	19	13.4273	77.3081
Gejjaganhalli	19	13.3215	77.2779
Gedlahalli	19	13.1819	77.2668
Gedlahalli	19	13.1256	77.3412
Gedanpalya	19	13.0024	77.2653
Gerhalli	19	13.0362	77.3905
Gerumaradahalli	19	13.6493	77.6880
Gerhalli	19	13.4608	77.7208
Genur	19	13.3433	77.7496
Geddalhalli	19	13.0486	77.6447
Gedalhalli	19	13.0294	77.5773
Gedlahallipur	19	13.2159	77.8940
Gerhalli	19	13.1252	77.9457
Gerpura	19	13.0751	77.9275
Gergal	19	13.6326	75.2410
Gersa	19	13.6648	75.2427
Gervalli	19	13.7040	75.2049
Gelashi	19	13.4862	75.1686
Gerugallu	19	13.6051	75.2667
Gehalgaon	35	22.0323	76.5889
Gejjagondanahalli	19	13.7585	75.9929
Geramaradi	19	13.6938	75.8536
Genitikatta	19	14.8982	76.4899
Geddalagatti	19	14.8055	76.4952
Gendadih	34	24.6284	85.2091
Gehuni	34	24.8845	85.2827
Geradad	19	12.5975	76.3360
Gerasanahalli	19	12.3819	76.4584
Gear	34	24.7681	85.6242
Gendwadih	38	24.4700	85.6533
Gedlihalli	19	13.5110	76.0475
Geddalahalli	19	13.6640	76.1307
Gerimardi	19	13.0992	76.0043
Gedlahalli	19	13.3017	76.4670
Gejjaina Woddargudi	19	12.2133	76.3873
Geragudem	40	19.3282	79.9403
Gerua Pursanda	34	25.0118	86.1236
Gejjiganahalli	19	12.6731	76.2115
Gela	16	15.9999	74.0311
Gejagahalli	19	12.2486	76.6506
Gendemulanahundi	19	12.1920	76.6692
Gejjegaranahalli	19	12.9317	76.3375
Gejjiganahalli	19	12.1679	76.8404
Gejjihalli	02	15.5771	77.0544
Gejjihanakodu	19	12.6374	75.8515
Gerkuppe	19	12.7050	75.9921
Geora Sahroi	34	25.0865	86.6884
Geora Lakhanpur	34	25.0913	86.6913
Gengaria	09	23.2189	73.7198
Gepiapur	36	26.8271	79.2499
Gerpalli	40	18.2311	79.2963
Geral	19	14.9161	74.2997
Geral	19	14.7791	74.5365
Gejinmane	19	14.6202	74.7380
Gean Khap	34	24.6592	84.9340
Gelhabari	34	26.2688	87.4555
Gerua	28	26.0369	87.9665
Gehalighat	34	25.5539	87.4255
Gehuma	34	25.9707	87.5280
Gerki	34	25.8519	87.5987
Geria	34	25.9575	87.6335
Gehuma	34	25.8093	87.7172
Gehuma	34	25.8169	87.6987
Geandobh	34	25.9717	87.7453
Gelha Bigha	34	25.3025	85.0338
Gethaura	34	25.6879	87.7092
Geyan Bigha	34	25.0009	85.2995
Geruari	34	25.4036	85.6132
Gerki	34	26.1117	87.5519
Gerari	34	26.2090	87.5958
Gerua	34	26.0047	87.6906
Gevraisami	16	20.2389	75.5672
Gevraidedri	16	20.1312	75.5914
Gedpalli	02	19.1415	78.4784
Geggilarallahalli	19	13.6218	77.8167
Gejjiganhalli	19	13.3824	77.9590
Gerigowdanpalya	19	12.9705	77.0230
Gerhalli	19	12.8442	77.2466
Gendakattedoddi	19	12.6531	77.2517
Gerahallidoddi	19	12.6343	77.3122
Gerhalli	19	12.5064	77.3496
Gerhalli	19	12.4993	77.3543
Gejjalnattam	19	12.0028	77.4039
Gertiganpalli	25	12.6792	77.7342
Gendiganapalli	25	12.5210	77.7433
Gejjalavandlapalle	02	13.6770	78.1707
Gergur	25	12.5241	77.7502
Gerhatti	25	12.5137	77.7564
Gengapuram	25	12.6911	77.9327
Gettur	25	12.1373	77.9618
Gedalandoddi	25	12.8367	78.0507
Gerigapalli	25	12.7003	78.0762
Geddampalaiyam	25	12.6723	78.0761
Gettur	25	12.3228	78.1527
Gejjalanayakkanhalli	25	12.2561	78.1623
Gettupatti	25	12.0973	78.0118
Gettuhalli	25	12.0228	78.0752
Gengalaparutti	25	12.0367	78.1057
Gettadakariyanahalli	25	12.0461	78.0777
Gengisettihalli	25	12.2255	78.2087
Gengankottai	25	12.1290	78.2128
Gesigapalli	02	12.8503	78.3174
Gerusubayikottam	02	12.7721	78.3482
Gedimakanahalli	02	12.9886	78.4576
Gerasbavi	02	12.7516	78.3356
Gettur	25	12.4989	78.3052
Gengavaram	25	12.4076	78.3327
Gengaperampatti	25	12.3068	78.5434
Genginayakkampatti	25	12.3051	78.5264
Gengasamudram	25	12.9223	78.8738
Genganellur	25	12.8745	78.9909
Gengasanikuppam	25	12.7451	78.8926
Gendiganur	25	12.2243	78.6228
Gejalavaripalli	02	14.3009	79.2444
Gejjalavaripalle	02	14.9850	79.5494
Gerlapalli	02	13.6350	79.0500
Gelsamvaripalli	02	13.5562	79.0765
Geddakindipalle	02	13.4903	79.2850
Gengapuram	25	13.1282	79.4894
Geddagunta	02	13.8196	79.6963
Gengimottur	25	13.0908	79.5247
Gemallavarikatta	02	13.6749	79.9864
Genbapuram	25	12.2764	79.1897
Gengupattu	25	12.1462	79.1597
Gengapuram	25	12.3626	79.3999
Gengampundi	25	12.3961	79.4550
Geddalpur	19	11.9426	76.4126
Gengadi	13	11.6403	76.3223
Gettimallanpudur	25	10.6328	76.9640
Germalam	25	11.7626	77.2321
Germalam	25	11.6107	77.2896
Germalam	25	11.6125	77.2975
Gettichchevur	25	11.3392	77.4152
Gengapuram	25	11.3706	77.6528
Gettalrevu	25	10.7858	77.4425
Gerapaju	21	20.3047	84.8011
Geredi	21	20.4976	84.8184
Geswe	38	23.5774	85.1940
Gegda	38	23.6193	85.3184
Getlatu	38	23.4206	85.4087
Geragoratoli	38	23.6934	85.7199
Geredih	38	23.1235	85.7374
Gerebir	38	23.4522	85.8176
Geredih	38	23.1154	85.7510
Gerenda	38	22.9716	85.1407
Gerenda	38	22.9668	85.1786
Getatoli	38	22.9412	85.2424
Gedum	38	22.9580	85.0206
Gendtoli	38	22.8779	85.1251
Gendung	38	22.3278	85.2043
Gerai	38	22.7544	85.2519
Genthatola	38	23.7134	84.2344
Gerenja	38	23.7904	84.8085
Getupani	38	22.9207	84.4734
Geretoli	38	22.7853	84.9321
Gerda	38	22.4800	84.9955
Genmer	38	22.4721	84.9788
Gettibommapuram	25	8.5893	77.8948
Gejjalampatti	25	10.6993	78.0490
Gengaimuttanpatti	25	10.1170	78.0669
Gelua	38	22.8683	85.5942
Geredih	38	22.7979	85.5997
Gelealor	38	22.7486	85.6806
Getelbera	38	22.9288	85.8868
Geresai	38	22.5374	85.9869
Gendalpoda	21	21.9642	85.2854
Geripatna	21	20.1533	85.1826
Gengutia	21	20.9981	85.2603
Gelei Katni	21	20.9267	85.2936
Geragi	38	24.3683	85.7773
Gerha	34	24.7703	86.4693
Genadih	34	24.8971	86.3070
Geditanr	38	24.1139	86.4485
Gengtipali	21	21.4664	83.9995
Gerengeli	21	20.4163	84.2182
Geskapadar	21	20.3656	84.0834
Gebiri	21	20.3317	84.0871
Gerupara	21	20.2946	84.0897
Gelingia	21	20.1118	84.1425
Getamunda	21	20.5729	84.3922
Gedripaju	21	20.4094	84.2993
Gedri	21	20.3515	84.4808
Gendurbadi	21	20.1973	84.4981
Geddingia	21	20.1884	84.4187
Gedrisahi	21	20.5377	84.7253
Gendali	21	20.3029	84.5755
Gengenda	21	20.2013	84.6198
Geroda	21	20.0282	84.6931
Geku	30	28.4190	95.0893
Gensi	30	27.8201	94.6186
Gepen	30	27.9168	94.1385