Giridih	38	24.1862	86.3088
Giddarbaha	23	30.1995	74.6663
Giddalur	02	15.3744	78.9261
Gil	23	30.8469	75.8636
Gingee	25	12.2528	79.4173
Gidi	38	23.6909	85.3641
Gidam	37	18.9743	81.3989
Girwani	37	23.8543	83.0303
Girwan	36	25.3112	80.3881
Girri	24	26.1805	74.1612
Girnare	16	20.0740	73.6619
Giriyapura	19	13.6861	76.0449
Girisola	21	19.1623	84.7109
Giriak	34	25.0277	85.5287
Giria	28	24.5183	88.0769
Girgitti	36	28.0000	81.2333
Girgawan	35	26.2843	78.2512
Girgaum	16	18.9500	72.8167
Girgaon	39	30.0368	80.1716
Girdi	00	27.4000	83.3833
Girdharpura	24	24.9141	75.7395
Giravali	16	19.0826	73.8562
Girasar	24	27.7295	72.5405
Girar	36	24.3187	78.9228
Girar	16	20.6595	79.1143
Girab	24	26.0233	70.6711
Ginnurgarh	35	22.8451	77.5388
Ginjo Thakurgaon	38	23.5156	85.1721
Ginjia	03	26.8071	93.2512
Ginigera	19	15.3524	76.2487
Gingla	24	24.2979	74.0335
Gimvi	16	17.5100	73.3236
Gijram	09	21.4833	73.1167
Gijgarh	24	26.8812	76.6354
Gigorani	10	29.3042	75.1460
Gigasaran	09	21.2875	70.9531
Gidhni	28	22.4845	86.8550
Gidha	35	22.8938	81.1838
Giangarh	24	25.6529	74.1560
Giabong	11	31.7576	78.4683
Ginri Patta Losana	24	28.4189	74.9790
Gilarchat	28	22.0848	88.4523
Girpatia	28	22.2472	88.5025
Gil Sar	12	34.1264	74.8153
Gial	12	33.3283	74.2000
Girari	12	33.2818	74.0496
Giran	12	33.2578	74.1436
Giripur	12	34.4520	74.2239
Giran	12	32.9877	74.6253
Girla	12	32.7836	74.7056
Giran	12	33.2047	74.2040
Gidar Gali	12	33.1389	74.3889
Giddo Swara	12	32.9274	74.4605
Gigrial	12	32.7958	74.4820
Gijhi	10	28.8111	76.7749
Gidargalian	12	32.6481	74.8445
Girinar	12	34.0685	73.9396
Giana Mazra	36	29.5860	77.4989
Giana Mazra Kalan	36	29.5777	77.4832
Gianchari	11	31.1819	77.0383
Ginduriya	39	29.9849	78.6973
Ginthipakha	39	29.9465	78.6576
Ginthali	39	29.9285	78.6932
Ginwali	39	29.8519	78.7180
Ginthla	39	29.8017	78.5346
Giripalli	40	17.8705	78.6287
GiriNagar	19	12.9396	77.5452
Girdharpura	10	30.0088	76.9818
Girwasa	35	24.2235	78.0446
Gitola	35	24.0181	78.0414
Gidha	35	24.1640	78.4736
Girdharpur	36	27.1440	79.4754
Girdharpur	36	27.6217	79.7281
Girdharpura	36	26.9733	79.2265
Girdharipura	36	26.7519	79.2290
Girdharipura	24	26.8997	75.7129
Girdharipura	24	26.7867	75.6748
Gidhosa	36	26.0845	79.2935
Girirajsar	24	28.8679	74.6571
Girgachiyo	24	28.4931	74.4421
Gingba	30	27.9795	93.8681
Girola	37	19.3283	82.1613
Girdawara	16	19.6905	80.5675
Girandi	24	27.7908	72.5190
Gidhori	37	22.2797	82.2475
Girsul	37	19.9556	82.6565
Gindokhar	10	28.2459	76.5785
Girnun	10	29.7422	75.8126
Gitalpur	10	29.8731	76.8143
Girdharpur	24	28.1578	76.3025
Giglana	24	28.0988	76.4320
Girjan	12	33.4210	74.3692
Girjanu	11	31.3644	77.2290
Gichhpur	12	34.5981	74.2434
Gir Hajoh	12	34.5293	74.2728
Gidranwali	23	30.0767	74.0047
Giljianwala	23	30.3432	74.5903
Giraini	11	31.1123	77.3937
Gijairi	11	31.1010	77.3887
Girenj	11	31.0613	77.3418
Gilori	11	31.1712	77.5638
Giror	11	30.7867	77.0856
Giria	11	30.7203	77.1827
Gianawala	10	30.2835	77.2488
Gin	11	30.6870	77.3213
Gilat	11	30.6179	77.2899
Ginh Jogiana	11	30.6497	77.3497
Girga	11	30.7264	77.3768
Girwas	24	27.8391	76.6312
Gilna	11	30.7036	77.5134
Gilyur	39	30.7327	77.7255
Girnaul	11	30.7028	77.7088
Gion	39	30.5971	77.9772
Gidarpura	36	29.4818	78.0810
Girdharpur Seohra	36	29.3691	78.2239
Gidhawali Kalan	39	29.6558	78.0655
Gidhawali Khurd	39	29.6521	78.0368
Gianbura	10	29.5511	77.0041
Girwarpura	24	26.5395	76.9159
Girdharpura	24	25.0697	76.1447
Gidamgarh	16	21.0337	78.7257
Girola	16	21.1007	78.9086
Gimona	16	20.5478	78.1456
Gil	23	30.7490	74.8947
Gidar Khera	10	29.8199	74.6677
Gil	23	30.7201	75.1007
Girdharpura	24	25.6167	76.5052
Giddar	23	30.3508	75.0659
Gil	23	30.1838	75.1488
Gidarwindi	23	30.9317	75.4198
Girdharpura	24	24.8313	76.1709
Gindora	24	24.5535	76.1762
Girdharpura	24	24.5241	76.2208
Gillan Kalan	23	30.2725	75.2768
Gin Muhammad Saidpur	39	29.9699	77.7992
Gidri	23	30.7697	75.9552
Gijhaur	36	28.5895	77.3644
Girdharpur Sanarsi	36	28.6339	77.4890
Girdharpur	36	28.6825	77.7379
Girdharpur	36	28.4158	77.6265
Gil	23	30.2765	74.9407
Gidranwali	10	29.4650	74.8670
Giganwal	23	31.5714	75.8152
Gil	23	31.7016	75.8104
Girdharipura	24	25.7829	74.2158
Ginoi	24	27.1520	75.5589
Giyana	23	29.8900	75.0082
Gingtoli	39	30.2621	79.6751
Girdharpur	36	28.7698	79.1676
Girdharpur	36	28.3699	79.2180
Girdharpur	36	28.4307	79.1604
Girandpur	36	28.3302	79.2017
Girra	40	19.2089	79.8000
Girwelli	40	19.2048	79.8065
Girdharpura	24	24.3159	76.3490
Girdharpura	24	24.2661	76.5766
Gigcha	24	24.8831	76.8386
Gilasupeta	16	18.9602	79.9585
Gianpur	36	28.9971	77.8163
Girdharpur Nawada	36	28.5739	77.8345
Gitdabling	28	27.0247	88.5998
Gitdabling	28	27.0316	88.6148
Gitdabling	28	27.0239	88.6351
Gitbiyong	28	27.0638	88.6392
Gitbiyong	28	27.0446	88.6458
Gindra	37	21.4248	81.0537
Gidhwa	37	21.2720	81.1180
Giroli Budruk	16	19.9754	76.0284
Giroli Khurd	16	19.9794	76.0488
Girgaon	16	19.6021	76.4903
Gilehta	36	27.8068	77.8825
Gindoh	36	27.7431	77.3657
Giroli Bavne	16	18.7467	76.4686
Gita	16	18.6921	76.4471
Gidhawadi	16	18.8628	76.9939
Girgili	36	27.9681	77.6666
Girdharpur	36	27.4922	77.6360
Giyanpura	10	29.3506	76.0248
Gilgilli	19	17.6499	76.7078
Girdharpur	36	28.0966	77.9187
Gidhori	37	22.2313	82.7834
Gidori	37	22.0608	82.8343
Gidhpuri	37	21.8343	82.2136
Gitkera	37	21.5560	82.0727
Gira	37	21.4857	82.1116
Gidhpuri	37	21.3869	82.1702
Gidhpuri	37	21.3553	82.5042
Gidhali	37	20.6730	81.0880
Girgoli	37	20.0356	81.5029
Giroladih	37	20.6066	81.8870
Gidhawa	37	20.2687	81.8897
Gidhwa	37	21.7334	81.4353
Girhola	37	21.3957	81.4361
Gidhauri	37	21.3636	81.7239
Giraud	37	21.3371	81.6792
Girhola	37	21.0640	81.7895
Gidhwa	37	21.1311	81.9432
Gigla	36	27.3731	78.0337
Girjapur	40	17.1846	77.6020
Giroli	16	20.7433	78.2784
Giroli	16	20.8503	78.6206
Girnala	16	20.8296	78.5656
Giroli	16	20.5471	78.5825
Girsawli	16	20.3136	78.8842
Gilondpur	36	27.5221	77.8992
Gidaura	36	27.7440	77.8425
Gidauli	36	27.7414	77.9462
Ginan	36	27.6102	77.9193
Girdharpur	36	27.6978	78.5141
Giraura	36	27.6180	78.6471
Girauri	36	27.6151	78.6472
Gihalpura	35	23.5617	79.8642
Gidurha	35	23.6471	79.9713
Girijapur	19	16.3970	77.2558
Gidhwani	35	22.9178	79.1139
Gilauli	36	27.7087	78.8665
Gidauli	35	26.7278	78.3369
Gilapura	35	26.6670	78.2947
Ginja	36	26.9566	78.9346
Gianpur Janib Rast	36	26.7260	78.9175
Girdhari	36	27.6106	79.0273
Girjam	40	19.4069	78.4741
Girnur	40	19.4462	78.3956
Gilla ka Pura	24	26.4828	77.2208
Girmaspalli	40	17.5991	78.0309
Gittikhadari	16	21.1738	79.0546
Gillidanda	24	26.9836	77.6026
Girdharpur	36	27.8510	79.5593
Girdhariburo	35	26.4631	77.7252
Gida Khera	36	27.3234	79.5930
Gianpur	36	27.3682	79.6951
Girwani	35	25.7713	77.5146
Girahu Purwa	36	27.3126	79.7953
Girmaura	35	25.3507	77.5404
Gilhari	35	25.1739	77.6885
Gilgawan	35	25.1812	77.5989
Gindora	35	25.0255	77.6775
Gidkhoi	35	24.5084	77.2872
Gidkhoi	35	24.4985	77.2873
Giarpur	36	27.4058	78.9390
Gilaropa	35	24.3263	77.9402
Girijanagar	40	16.6942	78.8685
Gianpur	36	27.6089	78.2479
Girdharpur	36	27.6899	78.4675
Ginauli Kishanpur	36	27.6976	78.3309
Girdharpur	36	27.7054	78.2855
Girdampur	36	27.6430	78.3116
Girkabhavigudem	40	17.0831	79.2515
Gidaura	36	27.0708	78.4866
Gidraun	36	27.0446	78.3104
Girmajipet	40	17.9923	79.5971
Gisgonda	40	17.9687	79.6977
Girdharpur	36	27.9900	78.5236
Girdharpur	36	27.9087	78.6083
Girdarpur	36	27.8294	78.5592
Girnibavi	40	17.9551	79.7953
Girwar ka Purwa	36	26.4606	79.9013
Girdaun	36	26.2669	79.9025
Ginauli	36	27.4777	78.5967
Gingna	36	27.3314	78.6282
Girdharpur	36	26.2306	79.7606
Girthan	36	25.9192	79.3247
Girwar	36	25.5051	79.4894
Ginglapur	36	25.2082	80.4923
Giria Alampur	36	25.6684	81.1717
Gindaura	36	25.6699	81.0659
Gilehara	36	25.5586	81.2109
Girdharpur	36	25.5342	81.0559
Girdharpur	36	25.5322	82.0288
Gijran ka Majra	35	25.0610	79.2445
Gidan	35	24.1807	79.3637
Girdhauri	35	25.1073	79.9532
Gilawan	35	25.1077	79.8811
Gidaur	36	25.8256	82.9081
Girdharpur	36	25.7529	82.9835
Girwar	35	23.4237	77.7611
Gilehri	35	22.6653	77.1653
Gillor	35	22.6632	77.1936
Gidurhat	35	24.7434	82.0751
Gidhauli	36	25.2930	83.1043
Girdharpur	36	25.4174	83.1154
Gijurrah	35	26.5141	78.6624
Gidhwa	36	25.0577	83.1195
Girauli	35	24.4688	79.6178
Givha	16	20.2895	77.1485
Gidkhera	35	22.2818	77.4012
Gimhian	34	25.2650	83.5503
Gianpur	36	25.6547	83.9014
Giani Chak	34	25.3951	83.9246
Girjapur	16	20.9074	77.0501
Giwha	16	20.1104	77.0720
Girda	16	20.4373	77.4962
Gimbha	16	20.3479	77.4382
Gid	16	20.2054	77.4172
Giroli	16	20.2162	77.4803
Girat	16	20.1912	77.4625
Girola	16	21.0359	79.9378
Giria	36	24.6465	83.2721
Gidhwa	38	24.4359	83.4520
Gidhiya	36	24.3861	83.3279
Giripuram	40	17.3809	79.8446
Giddhi	38	24.2569	83.6362
Girgaon	16	20.4767	79.0942
Girola	16	20.4403	79.1686
Girgaon	16	20.3790	79.6053
Gihrawan	35	25.1302	80.1779
Ginjal	38	24.3336	83.8002
Gidha	38	24.2358	83.8410
Gijna	38	24.1051	83.8803
Gidhitoli	38	24.0535	83.8814
Gidhatoli	38	24.0735	83.9593
Girmapuram	40	17.6332	78.4554
Gidkhini	35	25.4041	78.8075
Girwal	35	24.3325	78.1810
Girbangudem	40	17.5587	79.0414
Giltora	35	23.9504	78.2935
Giltora	36	24.3007	78.3696
Girdhari Purwa	36	25.3782	80.6330
Girant	35	24.1414	78.6033
Girgaon	40	19.7176	78.3702
Gidwaha	36	24.3687	78.8750
Gidarpur	36	27.1281	79.2181
Gidhwani	35	23.9220	78.7998
Girwar	35	23.8235	78.9557
Gidhalla	35	24.2378	81.1318
Gidhadol	35	24.2273	81.5739
Gijwar	35	24.1825	81.7670
Gijwar	35	24.1710	81.7722
Girwapur	36	25.9530	80.9852
Girwaro	35	24.5198	80.4244
Gidoura	35	24.0451	80.3273
Ginjar	35	24.6104	80.6080
Gihrihuli	36	25.7595	82.2657
Girdharpur	36	25.9205	82.5292
Girdharpur	36	25.8003	82.7118
Gidra	35	23.5412	79.6023
Gidharipur	35	24.6568	80.9282
Girdharpur	36	25.5860	81.4073
Girdharpur Garhi	36	25.7233	81.3555
Girdkot	36	25.4146	82.3193
Girain	36	25.2868	82.4171
Girdharpur	36	25.3241	82.4609
Girdharpur	36	25.3637	82.4926
Girdharpur	36	25.0983	82.2504
Girdharpatti	36	25.0944	82.2519
Girdharpur	36	25.0788	82.2488
Gidwa Dih	36	25.0368	82.2787
Giria	36	25.3267	82.6092
Gird Bargaon	36	25.2771	82.6601
Gird Bargaon	36	25.2853	82.6511
Gigraon	36	25.2367	82.6029
Girohla	36	25.0168	82.5783
Girdhawalpur	36	25.4268	82.8443
Girdharpur	36	25.3417	82.9146
Gindaura	36	25.3122	82.2279
Gidnaha	36	24.9069	82.5955
Gignau	10	28.4910	75.7970
Gira	35	24.1226	82.1226
Gidher	35	24.2635	82.3810
Gidher	35	24.2762	82.4200
Gidher	35	24.2737	82.4392
Gir	35	24.3690	82.4435
Giljarwatola	36	24.3711	82.7763
Gijaraudh	10	28.5397	76.6549
Gidurahi	36	25.1710	82.1140
Girgotha	36	25.0259	82.1519
Gianpur	36	26.6579	80.8285
Gilsihamau	36	26.5322	80.8535
Gina Khera	36	26.4916	80.9010
Girdharpur	10	28.4492	76.5577
Girdawa Sahanpur	36	29.6340	78.3240
Giyanpur	36	29.5173	78.3623
Giyanpur	36	29.3739	78.4044
Gilari	36	29.3650	78.3586
Gindauri	36	29.2537	78.3941
Ginglapur	36	27.6835	81.0279
Girwa Dih	36	27.5663	81.0154
Girwarpur	36	27.6210	81.1161
Gidorapur	36	27.4638	81.1386
Girdharpur	36	27.6000	81.5508
Girwal	36	27.5021	81.5790
Gidra Purwa	36	27.5584	81.7161
Gilaula	36	27.5475	81.8020
Gilauli	36	27.6440	81.7796
Gishwa Purwa	36	27.1374	81.7710
Gianpur	36	27.0683	81.8563
Gilauli	36	27.2313	81.9942
Girdharia	34	24.9785	83.9133
Gitgha Purwa	36	26.7528	81.2498
Girdari Purwa	36	26.9217	81.3061
Giria	36	26.6648	81.4845
Gidaha	36	26.7396	81.4430
Gingal	12	34.1319	74.0967
Githana	39	29.7021	78.8484
Girdhiya Munshi	39	29.2562	78.9190
Ginnikhera	39	29.1824	78.9475
Girdhai	39	29.1589	78.9457
Girdhari Purwa	36	26.2626	81.4612
Girgita	35	24.2383	80.8031
Girdhara	36	25.2181	81.1035
Girwari	36	25.1167	81.0191
Gindhauli	36	27.2446	80.8579
Gidrapur	36	27.0032	81.5549
Giya Singh Purwa	36	27.1461	81.7324
Giya Singh Purwa	36	27.1504	81.7406
Girdhari Lal	36	27.0358	81.6931
Gindharia	36	27.3208	81.9122
Giramwari	16	19.6208	77.3228
Gindaura	36	28.8299	78.6358
Girgicha	36	28.0492	79.8696
Gikampalli	40	18.8058	78.1642
Girwar ka Purwa	36	25.7746	81.4626
Girdharpur	36	26.0817	81.1031
Giranwan	36	26.5783	81.5180
Girwar Singh	36	26.8943	81.8156
Girdharpur	36	28.0084	78.5129
Girdharpur	36	28.2329	78.6545
Gianchandpur	36	26.1299	81.8110
Girjan	12	33.5594	74.4560
Girdharpur	36	28.1758	78.9150
Girdharpur	36	28.0217	78.9654
Gil Purwa	36	27.3934	82.0448
Gidhraiyan	36	27.4626	82.1138
Giwar Jot	36	27.1703	82.1872
Gilwa	36	27.0354	82.2228
Giwaipani Palla	39	29.8226	79.1166
Giwaipani Walla	39	29.8293	79.1211
Gidhaur	36	27.3088	82.2555
Girkonda	40	18.7634	78.6967
Girdharpur	36	27.2450	82.6700
Gidhaura	36	27.1372	82.8203
Girdhari Purwa	36	26.9582	82.1173
Ginja	36	26.5549	82.1073
Giananpur	36	26.6632	82.2706
Girdharamau	36	26.6038	82.4892
Giltaria	36	26.5204	82.4676
Gidhni	36	26.9420	82.5384
Gidhni	36	26.9298	82.6690
Gidhaura	36	26.1945	82.5445
Gilauna	36	26.0915	82.5643
Githua	36	26.1709	82.6605
Gidahi Khurd	36	26.8034	82.7677
Gidahi Buzurg	36	26.8012	82.7720
Girdharwa	36	26.2422	82.7713
Girwar	41	34.1034	75.2821
Ginruriha	36	27.1685	83.1596
Girdharpur	36	27.1062	83.2369
Girdharpur	36	27.1398	83.2957
Gidaha	36	27.1086	83.5727
Girman	36	27.1662	83.7293
Gista	36	25.8178	81.6005
Gistha	36	25.8033	81.5713
Githni	36	26.6805	83.0554
Girdharpur	36	26.7064	83.0583
Gidaha	36	26.6123	83.1769
Gilwara	36	26.0472	83.1441
Girdharpur	36	26.0313	83.1724
Gingta	36	26.8940	83.3171
Gidhwa	36	26.7994	83.3603
Gidha	36	26.9991	83.3267
Girdharpur Chaube	36	26.5046	83.4429
Girdharpur Dube	36	26.5026	83.4460
Gidaha	36	26.8732	83.5864
Gidhapatti	36	26.8965	83.7228
Girwarganj	36	25.6485	81.5672
Gidha	36	26.7143	83.6757
Gitapura	36	26.1799	83.7119
Gitapura	36	26.1702	83.7105
Gindhot	12	33.2876	75.2198
Gilgitun	12	33.4768	75.2737
Girdhar Chhapra	36	26.8860	83.9875
Girigudem	16	18.7843	80.2618
Gidira	12	33.2957	75.6091
Gilagicha	37	18.7458	80.6002
Gigrota	12	33.1137	75.5468
Githori	35	23.4189	80.5668
Gilothar	35	23.4383	80.6714
Gingri	35	23.4496	80.8042
Giria Khalsa	36	25.4255	81.6154
Githura	36	25.3655	81.6002
Gidhar	36	25.2881	81.6302
Ginj	36	25.1920	81.7403
Giunta	12	32.6539	75.6473
Girdharsar ka Purwa	36	25.9218	81.7540
Gidhahra	36	25.9727	81.9871
Girwarpur	36	25.6647	81.7625
Girdharpur	36	25.6440	81.7726
Girdharpur	36	25.6011	81.8094
Girdharpur	36	25.6176	81.8445
Giwinsar	12	32.3968	75.5477
Girgita	36	25.2464	81.8071
Gidhaura	36	25.2376	81.8878
Gidraha	36	24.9873	81.1579
Gimald	24	23.2325	74.5247
Giddarpur	23	32.2052	75.5051
Giralia	35	22.2849	74.4073
Girwanya	35	22.2485	74.7016
Giora	11	32.2617	75.8327
Gigaon	16	20.5652	74.6312
Gilane	16	20.4605	74.6263
Giroda	35	22.8194	75.5473
Girad	16	20.7122	75.3201
Gilpan	23	31.4093	74.6171
Girwar	24	24.4985	72.6648
Gidhali	37	20.4999	81.2766
Gitpahar	37	20.4849	81.4925
Girhola	37	20.4908	81.3554
Githori	35	22.8157	80.6415
Githar	35	22.7687	80.6246
Gidlauri	35	22.8722	80.7494
Gidatola	35	22.4012	80.7169
Gillanwali	23	31.9404	74.8320
Gil	23	31.9243	74.7514
Gil Varaich	23	31.4366	74.8377
Gidhlondi	35	22.8758	80.7531
Githori	35	22.7405	80.9962
Gidhori	35	22.4578	80.9986
Gil	23	30.9723	74.6575
Gillanwali	23	31.9242	75.0493
Gil	23	31.9224	75.1863
Gillanwali	23	31.8608	75.2412
Gil Kaler	23	31.4953	75.1749
Gil	23	31.1989	75.2248
Girola Kalan	16	21.5389	80.1638
Girali	24	25.2907	73.4442
Girola	16	21.1590	80.0927
Girolatola	16	21.5088	80.3637
Gidhari	16	21.2997	80.2793
Girola	16	21.4955	80.3633
Girola	16	21.2892	80.4695
Gil Manj	23	31.8879	75.3761
Girani	23	31.5022	75.3891
Gilbob	23	31.7297	75.4898
Girolitola	35	21.8630	80.7223
Girolitola	35	21.8759	80.7143
Giroli	35	21.8706	80.7195
Gil	23	31.3161	75.4881
Gil	23	31.1656	75.3840
Gil	23	31.6927	75.6054
Gidarbandi	23	31.6352	75.6300
Giganwal	23	31.5618	75.6816
Giraritola	37	22.7581	82.0034
Girari	37	22.7528	82.0102
Giraritola	37	22.7644	82.0160
Gidhwa	37	21.0883	80.8229
Girgaon	37	21.0213	80.8417
Gitari	37	22.1605	82.6554
Gidhmuri	37	22.7696	82.7589
Giraon	37	22.3272	82.9419
Gindola	37	21.6313	82.2563
Gidha	37	21.8429	82.6108
Girod	37	21.6123	82.5590
Gindola	37	21.5901	82.6396
Gidhori	37	21.7060	82.5918
Girsa	37	21.6376	82.8439
Girna	37	21.1837	82.6213
Gianpur	36	27.9898	80.7668
Gidhauna	36	27.8580	80.8338
Girwaha	36	27.6777	80.9766
Girwahi	36	27.6818	80.9721
Girdharpur	36	27.3197	80.8334
Girdharpur	36	27.3326	80.9063
Girwaha	36	27.3978	80.9297
Girdharpur	36	27.2848	80.9754
Gilgaon	16	20.2585	80.1503
Gilgaon	16	20.0090	80.0437
Girola	16	20.2066	80.2077
Gileh	11	32.6626	76.1937
Giuni	11	32.4513	76.0712
Gitoriya	24	25.2481	73.8501
Gidhwa Bhanwar	37	20.9456	80.5959
Girar	11	32.5258	76.3936
Gidarri	37	20.8977	80.9034
Gidhwa	37	20.9832	80.9821
Gidhali	37	20.6142	80.8729
Girwarpur	35	22.8007	81.2663
Girdawartola	35	22.8279	81.4386
Giunr	11	32.4403	76.3651
Gidhantola	35	22.9243	81.5759
Girari	35	22.9175	81.5421
Girari	35	22.9681	81.6337
Girbi	35	22.9612	81.6699
Gillar Bhera	11	32.2244	76.2699
Giana Khurd	11	32.1551	76.3291
Gidiara	11	32.1238	76.4012
Gilding	11	32.6647	76.7269
Gidha	37	22.0816	81.7345
Gidhpuri	37	22.0165	81.7467
Girwar	37	22.7857	81.9105
Gigalpura	24	26.2281	74.3793
Gindpur	11	31.8485	76.0346
Girdhona	37	22.0774	81.9534
Gianpur	37	21.8671	81.3771
Gidhwa	37	21.8994	81.4585
Gidhwa	37	21.8431	81.7806
Gidganmane	19	14.7987	74.8375
Girrabhata	37	21.3030	82.8109
Gidhapali	37	21.2994	82.9017
Gidhli	37	21.2636	82.9273
Giuni	11	31.8341	76.7726
Giuni	11	31.7757	76.7996
Giula	11	31.6840	76.9882
Gihun	11	31.6169	76.8499
Giahan	11	31.5727	76.9965
Giunkra	11	31.5102	76.9934
Giniura	11	31.5672	76.9725
Girkop	19	14.5444	74.8586
Girala	24	26.9130	75.9693
Girdharipura	24	26.8242	75.9795
Gidhamunda	37	21.2031	82.9100
Gidhni	37	20.8310	82.1669
Gidhnipani	21	20.8287	82.3521
Girola	37	20.3107	82.2756
Giltari	11	31.1080	77.8326
Girijor	21	20.4933	82.5797
Gidhitola	37	23.9443	83.2206
Giddhi	37	23.7768	83.5541
Gilar	11	30.9522	77.6385
Gijgar	19	14.3724	74.7945
Ginse	19	14.3281	74.7576
Gijaniatanr	38	23.9893	83.7509
Ginjoi	37	23.5496	83.8428
Ginnepalle	02	17.4113	81.7518
Gidha	37	21.9642	83.1286
Girgira	37	21.8288	83.1861
Giyuri Dogri	11	31.6552	78.4955
Gijagaru	19	14.1424	74.9794
Gijagaru	19	14.1436	74.9712
Girsa	37	21.3424	83.0720
Girola	37	21.2929	83.0564
Girgaon	39	30.2019	78.7516
Ginthali	39	30.0483	78.8357
Giuali	39	29.9484	78.8593
Girhulpali	37	21.6164	83.2829
Giraura	36	28.5629	78.0845
Ginaura Nagli	36	28.5631	78.0461
Girdharpur	36	28.0074	78.0167
Gidhanpur	36	28.0020	78.4688
Girwar	35	23.4302	76.2667
Gindori	35	23.3586	76.3730
Girinjal	21	21.3363	83.3755
Gindola	37	21.4115	83.3521
Gilpura	36	28.8714	78.8746
Girolpali	21	21.8125	83.5431
Giri	39	30.6061	79.1162
Giriya	39	30.5432	79.2053
Gidori	35	23.8052	76.6712
Gidhmal	21	21.0366	83.6297
Gidhghara	21	21.8393	83.8776
Gidha	21	21.6459	83.8162
Girindolapali	21	21.2960	83.9334
Gindolmal	21	20.9749	83.2501
Giripali	21	21.0091	83.7832
Gindlamal	21	21.1002	83.8914
Gindladadar	21	21.0957	83.9963
Gidmal	21	20.9448	83.2229
Gisarpalle	40	18.0869	80.6815
Girda	36	27.8204	81.3092
Girdharpur	36	27.9410	81.4890
Giliyar	19	13.5277	74.7197
Girdharpur	36	27.6721	81.4018
Giarwa	36	27.5602	81.4779
Girwar Singh Purwa	36	26.1175	81.3383
Girwar Singh Purwa	36	26.1027	81.4282
Giraunda Dargah	36	26.8303	81.6916
Gilagunta	21	18.4560	82.9342
Girligudem	02	18.2266	82.8667
Ginjarti	02	17.5198	82.2106
Girijanapuram	02	17.3571	82.1872
Ginjangi	02	17.9563	82.3450
Ginjarti	02	17.6198	82.2882
Ginjarti	02	17.6769	82.4339
Ginnelaram	02	17.4669	82.3082
Gidajam	02	17.3690	82.4015
Giduturu	02	17.6042	82.6867
Girliguda	21	19.8732	83.4763
Giriyaguda	21	19.5090	83.3244
Ginjalapalle	02	16.1497	80.3775
Giriguda	21	18.8790	82.3354
Girliguda	21	18.9709	82.4313
Giraguda	21	18.8907	82.4254
Giraguda	21	18.9008	82.4336
Girigam	21	18.8561	82.4773
Giddimali	21	18.5474	82.4010
Girliput	21	18.6681	82.4309
Gisingibeda	21	18.3821	82.2866
Girguluputtu	02	18.2871	82.4488
Gidijakhallu	21	19.0135	83.2879
Girli	21	19.0030	83.3610
Ginnegarru	02	18.1888	82.4011
Gindeli	02	18.1855	82.3973
Ginnelakota	02	18.2120	82.4064
Girliputtu	21	18.8868	82.7075
Girliputtu	21	18.7460	82.6259
Girliputtu	21	18.8617	82.9770
Giriliputtu	21	18.5120	82.7946
Giriliguda	21	18.6004	82.9139
Giriliguda	21	18.5575	82.9440
Gimarlaguda	21	18.5263	82.9560
Girlipadu	21	19.2037	83.5759
Gisada	02	19.0141	83.5604
Giripadu	21	19.2011	83.5862
Giribhadra	21	19.2171	83.5816
Girangaka	21	19.9556	83.9505
Gillankupada	21	19.5494	83.8128
Gicha Manjeri	21	18.7052	83.0463
Gilledivalasa	02	18.5992	83.1269
Gidawarli	37	18.8963	81.7299
Giya Kortha	37	18.7034	81.5521
Gidam	37	18.7120	81.6715
Gidam Bade	37	18.7244	81.6741
Gilarkoti	37	18.5234	81.7388
Ginepalle	21	18.0188	81.5657
Girakanapalle	21	18.0758	81.6382
Girakanapalle	21	18.0646	81.6477
Gittupalle	02	18.2651	83.3180
Giddalapeta	02	18.2820	83.4383
Ginjeru	02	18.1715	83.2670
Gijaba	02	18.8063	83.5077
Gitanapalle	02	18.6208	83.5629
Girivaripalem	02	18.1888	83.6189
Girapan	35	24.4712	82.6160
Giddamadugu	02	17.3402	81.3983
Ginnepalle	02	17.3587	81.4979
Gindoli	35	23.6317	76.7022
Gindorbhat	35	23.7416	76.6636
Girana	35	23.4266	76.5751
Gigalakheri	35	23.1239	76.5640
Gidor Mina	35	23.8799	76.9949
Giroli	39	29.6019	79.0515
Gingre	39	29.6332	79.1499
Girolia	24	25.7697	73.0266
Giradra ki Dhani	24	25.7737	73.2455
Giradra	24	25.7718	73.2306
Girwar	24	25.5472	73.1762
Giddha	34	25.5880	84.7472
Ginai Bilwal	39	29.6922	79.4803
Gindan	35	22.0831	74.1927
Gintigaon	39	29.3858	79.3081
Gias	24	26.3062	74.0631
Gitta	35	22.4633	74.8234
Girda	35	22.4635	74.8589
Giwain Tanda	39	29.4892	79.5995
Giaspur	34	25.6267	84.8869
Gidha	34	27.2261	84.3584
Gilauta	24	26.6904	74.9740
Girria	24	25.1960	74.1177
Gianpura	24	25.9075	74.4268
Gidha	34	26.4983	84.2158
Girdhari	36	26.3726	84.0723
Girdhar Parsa	34	26.4378	84.2364
Girchola	39	29.6153	79.7760
Gidha	34	26.9121	84.5806
Girdharpur	36	28.0831	79.1872
Girdharpur	39	28.9215	79.4384
Gidpuri	39	28.8819	79.4768
Girdharpur	36	28.7185	79.3123
Girdharpur	36	28.7132	79.4625
Girdhariapur	36	28.4212	79.4202
Gidhaul	36	28.0038	79.2631
Gidarha	34	26.5478	84.7938
Girwar Rai	34	26.2074	84.7843
Gidhabari	34	26.0785	84.8863
Gidhada	16	21.2955	74.8180
Girem	36	28.5268	79.6067
Girdharpur Nawadia	36	28.3148	79.6206
Girdharpur Jaideo Ram	36	28.3195	79.7035
Gidhaur	39	28.9888	79.8718
Girdharpur	36	25.9064	84.0358
Gianpur	36	25.8873	84.1377
Girwar Tol	34	25.4087	84.8949
Gijwahi	34	24.9314	84.0756
Girdharbigha	34	24.5442	84.0828
Girdharpur	34	25.3718	84.0804
Girdhariya	34	25.2419	84.0465
Girdharpur	34	25.0460	84.0039
Girdhar Chak	36	25.7893	84.4657
Gidha	34	25.3109	84.2969
Gijna	34	24.8741	84.3281
Gira	34	24.9030	84.3817
Githar	38	24.2241	84.5242
Gidha	38	24.3978	84.6112
Gidhatari	38	24.2809	84.7382
Githar	38	24.1952	84.5257
Gimuta	36	25.9394	80.0901
Girhinda	34	25.1366	85.8654
Gidhaur	38	24.1771	85.0254
Gidhwas	34	26.5526	86.2734
Girkematha	19	13.5267	74.7669
Gillali	19	13.4477	74.9853
Giriyal	19	15.2688	75.1115
Gidnaikanhal	19	15.8905	75.8253
Girsinkop	19	14.7410	75.1340
Ginivara	19	14.0238	75.0137
Gilalegundi	19	14.0724	75.2634
Giryapuram	19	14.8887	75.7601
Girenayakanapalem	02	13.8116	77.1475
Giddabommanahalli	02	13.8347	77.1113
Girigondanahalli	19	13.6690	77.0943
Giriyanapalya	19	13.6484	77.1100
Gidadagalahalli	19	13.5896	77.0451
Gidadpalya	19	13.1259	77.0621
Giddahanumannapalem	02	13.8711	77.2847
Girigondenahalli	19	13.7331	77.3002
Giddanapalya	19	13.6752	77.3195
Giddachikkanahalli	19	13.5761	77.3563
Gidobanhalli	19	13.4762	77.3044
Gidaganhalli	19	13.3176	77.2990
Gidaganahalli	19	13.5150	77.5912
Girtha Pallam	19	13.0599	77.5372
Giddanahalli	19	13.2000	77.9102
Gidappanahalli	19	13.1748	77.8157
Giriyapur	19	14.3228	75.9044
Giriyapur	19	14.2039	75.9357
Ginikallu	19	13.7353	75.0731
Gilgalmane	19	13.5478	75.1212
Ginasi	19	13.9368	75.2662
Giniya	19	13.5905	75.3054
Gidargali	12	33.3351	74.2130
Ginnamane	19	13.0848	75.8894
Giliyal	19	12.6247	75.1692
Giri	19	12.6344	75.1798
Gilani	34	25.2161	85.7023
Giddanagenahalli	19	14.5818	76.0704
Giriyapura	19	14.4599	76.0640
Gilikenahalli	19	14.0770	76.2261
Giddankatte	19	14.5252	76.3070
Gijoi Khurd	34	24.6625	85.1082
Girai Bigha	34	24.8507	85.4502
Giddapur	19	14.4735	76.5981
Giriyammanahalli	19	14.4254	76.6751
Giddobanahalli	19	14.0438	76.5729
Giriyapura	19	13.8337	76.0837
Gijikatte	19	13.8511	76.0629
Gidarganj	34	26.3213	86.3627
Gidarganj	34	26.3946	86.3715
Giddalahalli	19	13.4078	76.0772
Gijihalli	19	13.2876	76.2446
Giriyapur	19	13.7668	76.4724
Gire Bommanahalli	19	13.5028	76.2793
Girimallainapalya	19	13.6115	76.4210
Gidha	34	26.0507	86.8176
Gijri	34	25.6807	86.2162
Girdharpur	34	25.2353	86.0003
Giddha	34	25.0696	86.0657
Gidavinahosahalli	19	12.7845	76.6118
Giriyarahalli	19	12.4638	76.5546
Gikahalli	19	12.1143	76.7142
Giddha	34	25.6268	86.3440
Gidavinpatna	19	12.7624	76.8527
Gidadasanakoppal	19	12.5538	76.7597
Gidadasanahalli	19	12.5476	76.7524
Girigatla	02	15.2940	77.5540
Girdharpur	34	25.1227	86.7314
Gidha	34	25.9467	86.8927
Gidrahi	34	25.9651	86.9383
Girgur	19	12.4443	75.9644
Gindharson	34	25.5780	86.8294
Gidarmara	34	24.7624	86.2205
Girdharpur	36	27.4905	80.5516
Girdharpur	36	27.4342	80.5669
Girdharpur	36	27.3988	80.5457
Gilwali	23	31.5776	74.8798
Gidri Bhagiari	23	31.5021	74.7601
Gianpur	36	26.7258	79.2341
Girode	16	15.6754	73.9994
Gimona	16	15.6611	74.0016
Gidwasa	36	26.1117	79.0076
Gider One	12	32.9723	74.3387
Gider Two	12	32.9691	74.3376
Gider Three	12	32.9682	74.3371
Gianpur Partab Singh	36	26.5693	79.2686
Gimmejari	40	19.2094	79.2395
Giddamuttaram	40	18.4553	79.6589
Giregondanahalli	19	15.0521	76.0683
Girenahalli	19	15.0125	76.3878
Giriyal	19	15.7923	74.6782
Giriyal	19	15.5894	74.7745
Gilgundi	19	14.5096	74.6977
Girdharatola	34	24.7494	84.8291
Gidrahi	34	26.5777	85.9424
Girdharpatti	34	26.2000	87.0770
Gidhwas	34	26.0984	87.3251
Gilni	34	26.2705	87.6999
Gilhabari	34	26.3788	87.9891
Girda	34	25.9312	87.5921
Giddhabari	34	25.4807	87.4244
Gidaul	34	25.5018	87.7326
Gilamari	38	25.2319	87.5216
Gidakol	38	25.0675	87.5626
Gidhin Pokhar	28	25.4986	87.9520
Giripani	38	24.4056	87.7054
Gidarpur	34	25.0753	85.1107
Ginji	34	25.1385	85.1279
Girdharpur	34	25.2036	85.1612
Girijor	28	24.0861	87.6085
Giridnaripur	28	24.0955	87.9214
Gilani Chak	34	25.4105	85.4104
Giaspur	34	25.4853	85.4584
Girdhari Bigha	34	25.3430	85.4983
Girdhari Chak	34	25.3422	85.5000
Giradgaon	16	21.1965	75.5943
Girmapur	40	17.7906	78.5874
Giraipalli	40	17.9791	78.8205
Girda	34	26.1161	87.6214
Girsavli	16	20.0745	75.5510
Givraigangi	16	20.1130	75.6047
Ginda Khali	39	29.1034	80.1287
Giyanpur	39	29.0663	80.1070
Gian Purwa	36	27.7557	80.1899
Girdhar Purwa	36	27.7890	80.2264
Gian Purwa	36	27.5808	80.0404
Gian Purwa	36	27.3438	80.0404
Girdharpur	36	27.4905	80.2322
Gidhaur	34	24.8651	86.3122
Giripalli	19	13.6875	77.8426
Girigowdanhalli	19	12.9591	77.0835
Giddadasanpur	19	12.9173	77.1350
Gidadkonenhalli	19	12.9668	77.4898
Giddenhalli	19	12.9927	77.4185
Giranhalli	19	12.6778	77.4558
Gijanakuppam	25	12.5926	77.6259
Girhatti	19	12.1075	77.6001
Giddaluru	02	15.0860	78.2556
Gidariamidipalle	02	14.1446	78.1978
Girnahalli	19	13.1192	78.2129
Girijampyate	19	13.2038	78.0439
Gitalavandlapalle	02	13.9483	78.2836
Giljiguru	19	13.5402	78.3584
Gijiganahalli	19	13.3484	78.2976
Givanatta	19	13.0997	78.4931
Girichetti	25	12.5421	77.8507
Girivanapalli	25	12.4654	77.7953
Giriyapanur	25	12.3131	77.8149
Gidavalpalli	19	12.8778	78.2170
Giddnahalli	25	12.4155	78.0428
Giddesampatti	25	12.2811	78.1480
Giddampatti	25	12.2450	78.0553
Gitikarahalli	25	12.2237	78.1205
Giddakaregowniyur	02	12.8663	78.4007
Giddappanayimpalli	25	12.5000	78.3886
Giddampalli	25	12.4269	78.3856
Giddanur	25	12.1049	78.4098
Girisamudram	25	12.6994	78.6393
Gigondoddi	19	12.3803	77.5838
Giriyapalle	02	14.4481	78.6687
Girijamambapuram	02	14.2808	79.2682
Gilakapadu	02	14.2358	79.6067
Giddamvandlapalli	02	13.7495	79.1098
Gilakasamudram	02	13.6609	79.7666
Giyanamattanchavadi	25	12.0039	79.0787
Girijapuram	25	12.7475	79.7082
Gidangal	25	12.2262	79.6463
Giddampalaiyam	25	11.2630	76.9224
Gidarmari	34	25.4883	87.5173
Giddampalaiyam	25	11.1479	77.1644
Girgakandi	19	11.9353	77.4985
Girisandu	25	11.7249	77.4713
Gittampalaiyam	25	11.6708	77.2956
Giddi	38	23.9625	85.0028
Giridipalli	21	20.0302	84.9079
Gidhnia	38	23.9879	85.6800
Gidhnia	38	23.6412	85.6233
Gitilmeretoli	38	23.2236	85.5970
Gitilbera	38	23.0033	85.5845
Gitildiri	38	22.9046	85.2118
Giru	38	22.6930	85.2161
Gitiluli	38	22.6043	85.1153
Gitilbera	38	22.8829	85.4232
Gitilbera	38	22.9417	85.4846
Gitiluli	38	22.7697	85.4877
Gidhour	38	24.4090	84.8582
Gitilpi	38	22.1156	85.6104
Gitilpi	38	22.0986	85.6063
Giridharpur	21	22.0101	85.5790
Gidwania	38	23.9074	84.1020
Gidbighwa	38	23.7801	84.3751
Gindra	38	23.0023	84.6448
Gidhwabartoli	38	23.8728	84.8299
Gitilgarh	38	23.4839	84.8910
Girjatoli	38	23.3463	84.9899
Giling	37	22.9794	84.2061
Girang	37	22.9009	84.1757
Girang	38	22.5948	84.0817
Gidhasand	37	22.7143	84.1688
Girjatoli	38	22.5432	84.1915
Girla	37	22.9264	84.3754
Gidhkhota	38	22.8396	84.4421
Girmatoli	38	22.5989	84.3157
Girjatoli	38	22.5955	84.4057
Giraghag	38	22.6904	84.4485
Girjatoli	38	22.3532	84.2963
Girjatoli	38	22.4488	84.5297
Girjatoli	38	22.4306	84.5488
Girjatoli	38	22.4553	84.5997
Ginikera	38	22.4450	84.6917
Girjatoli	38	22.4269	84.7288
Girjatoli	38	22.6100	84.8238
Girjatoli	38	22.5837	84.7722
Gidhiatoli	38	22.6683	84.8591
Girjatoli	38	22.7023	84.8845
Giriyammalpuram	25	8.7084	77.5128
Giriyanampatti	25	10.5928	78.0792
Giriyampatti	25	10.4136	78.0279
Giriyappanayakkanpatti	25	10.6465	77.9752
Giddanapatti	25	11.9708	78.1907
Gitilberatola	38	22.9978	85.5933
Girupani	38	22.9011	85.6543
Gitilpi	38	22.5437	85.5269
Gitilata	38	22.7288	85.7409
Gitikendu	38	22.2771	85.5997
Gitikendu	38	22.2613	85.6053
Gitilpi	38	22.5106	85.8085
Gitilpi	38	22.3468	85.8790
Gidibasang	38	22.4264	85.9066
Gititader	38	22.4443	85.9276
Girbir	21	21.9180	85.3445
Gidibash	21	21.9036	85.6857
Gidibash	21	21.9099	85.6647
Gidibash	21	21.8094	85.7833
Girima	21	21.7579	85.9719
Girdhina	21	21.5846	85.8810
Girdhabasia	21	20.7367	85.1626
Giridipalli	21	20.3436	85.0995
Giridipatna	21	20.2945	85.1741
Giridipalli	21	20.2797	85.0951
Girigiria	21	20.2212	85.1599
Gidhitanrtoli	38	24.1045	85.7401
Girhidih	38	24.3920	85.9217
Gidhatanr	38	24.2495	85.9575
Gidrahi	34	26.1744	86.7131
Gidrahi	34	26.0250	86.6283
Gidhasimar	38	24.5135	86.1165
Ginha	38	24.6058	86.1231
Girdhar Chak	38	24.2264	86.2459
Gidhadih	34	24.6432	86.3669
Gidhatanr	38	24.4584	86.2759
Girnia	38	24.1561	86.4513
Giripali	21	21.4798	84.1236
Gidhmal	21	21.1929	84.0415
Girdhani Pathar	21	21.4307	84.6928
Gilli	21	21.7187	84.9168
Giruti	21	20.2312	84.2445
Girasingha	21	20.8464	84.2517
Gingariasahi	21	20.7325	84.4052
Ginaninda	21	20.6750	84.2964
Giripabali	21	20.0026	84.3360
Girsingia	21	20.1377	84.3445
Gidrigadra	21	20.2163	84.4293
Gidirimal	21	20.2025	84.4809
Girida	21	20.8414	84.5447
Gistikhol	21	20.2317	84.5095
Gira	24	26.1079	71.9089
Giba	30	28.0914	94.0431
Gite Ripa	30	28.1277	94.3331
Ginari	24	28.4442	75.0190
Gidhori	37	22.2499	82.2638
Giriyampatti	25	10.4561	77.9501
Giridih	38	24.2142	86.3980