Hebbagodi	19	12.8263	77.6809
Heli Mandi	10	28.3449	76.7569
Heggadadevankote	19	12.0881	76.3296
Hesla	38	24.0631	85.8791
Heingang	17	24.8568	93.9468
Hesabettu	13	12.7191	74.8872
Herur	19	13.4191	74.7446
Hesla	38	23.6208	85.2799
Heirok	17	24.5856	94.0667
Hemis	41	33.9129	77.7093
Heya	01	7.4167	93.7000
Hewra	16	17.7000	74.4167
Hetimpur	36	26.7372	83.8305
Hetampur	34	25.5059	84.3989
Hesrur	19	15.1481	75.9401
Hesalong	38	23.6656	84.9536
Hesal	38	22.6215	86.1271
Hesadi	38	22.7832	85.3502
Herola	09	23.0663	74.0742
Heria Atmaram Chak	28	21.9660	87.8026
Herhanj	38	23.9311	84.6419
Herbertabad	01	11.7167	92.6167
Hera Ahlan	12	33.4928	75.4010
Her	16	18.4206	76.9780
Henpoin	01	6.8667	93.7667
Henima	20	25.3600	93.6162
Henhoaha	01	6.8167	93.8167
Hengtam	17	24.0849	93.6045
Hemtabad	28	25.6771	88.2228
Hempur	36	27.6185	80.5713
Hemawas	24	25.7025	73.3376
Helwak	16	17.3755	73.7305
Helem	03	26.8436	93.4760
Helapakari	03	26.4327	90.9677
Helam	30	27.9059	93.3556
Hediyal	19	11.9412	76.4898
Hebsur	19	15.4508	75.3036
Hebri	19	13.4596	74.9900
Hebli	19	15.4858	75.1283
Hebbur	19	13.1547	77.0329
Hebbetti	02	15.5501	77.1611
Hebbe	19	13.5327	75.5677
Hebatpur	09	22.1393	72.1005
Heti	35	21.5767	79.5857
Hemasar	24	28.0715	73.9445
Hetamsar	24	28.0746	74.9864
Hentalichali	28	22.3142	88.8961
Hemranwas	24	28.5386	74.6671
Hebbal	19	13.0402	77.5888
Hennur	19	13.0306	77.6485
Hebbal Kempapura	19	13.0510	77.5962
Hetamsar ka Bas	24	28.0826	75.2706
Hetamsar	24	28.0680	75.2495
Hejampura	24	28.1079	75.4873
Henuta ki Dhani	24	28.2473	75.5730
Hemsingh ki Dhani	24	27.6392	72.7743
Helong	39	30.5139	79.4917
Hespech	03	26.4103	89.9350
Hebeng	30	27.8688	93.9876
Helaigaon	03	26.3025	93.6615
Hengken	17	24.2850	93.8693
Hetanpur	34	24.1350	88.5444
Hersa	37	23.9581	83.9908
Hedaspur	37	22.1373	81.6994
Hekra	03	26.5146	91.5078
Hedaspur	37	22.2429	82.5997
Hemgir	21	21.9475	83.7031
Helesa	03	26.3350	91.6214
Helencha	28	23.1892	88.8635
Hebbasale	19	12.9425	75.7501
Heraheri	10	28.3035	76.7648
Hej	11	31.4544	77.1200
Hemun Majra	10	30.2634	77.0052
Heon	11	30.5907	77.3094
Hemrajpur Colony	36	29.3757	78.0868
Hetampur	39	29.9690	78.0446
Hemliwala	24	26.7041	76.1667
Hemra	35	23.0208	78.9837
Heti	35	22.1369	78.7263
Heti	35	21.8652	78.2482
Hetikhapa	35	21.8015	78.2022
Heti	16	21.2599	78.3163
Heti	16	21.2723	78.6545
Heti	16	21.1641	78.5729
Heti Kundi	16	21.1109	78.5062
Heti	16	21.1103	78.5604
Heti	16	21.0737	78.5095
Heti	35	21.9933	78.9543
Hetidhana	35	21.7197	78.8518
Hemra	24	24.5231	76.2255
Herike	23	30.3944	75.7105
Hetamji	24	24.5775	72.7293
Hewa	36	29.2446	77.2070
Hernedel	39	30.4711	78.0560
Helang	39	30.5202	79.5108
Hem Rajpur	36	28.4510	79.2095
Heptalpalli	40	18.5728	79.9988
Hetalkasa	16	19.7222	80.1218
Helas	16	19.6357	76.4203
Helaswadi	16	19.6132	76.4210
Hedon	23	30.9488	76.2638
Herian	23	30.8675	76.2594
Hedon	23	30.8277	76.2638
Hedola Magla	36	27.9868	77.8782
Hemun Majra	10	30.0463	76.2715
Hetalpur	36	27.9996	77.6226
Helwa	10	29.9759	76.4953
Hetampur	36	27.1742	77.6461
Hemanur	19	16.5075	76.8521
Hemanur	19	16.3474	76.9528
Hemabad	37	21.8652	81.5319
Hegdoli Farm	40	18.6147	77.7684
Hegdoli	40	18.6089	77.7785
Herur	19	17.4459	77.0237
Hemrajpur	36	27.3054	78.2055
Heti	16	20.9273	78.4776
Hetikhera	16	20.5825	78.3984
Heti	16	20.4002	78.3409
Heti	16	20.3935	78.3479
Heti	16	20.9671	78.5354
Heti	16	20.9071	78.5222
Heti	16	20.9350	78.6538
Heti	16	20.2450	78.5596
Helodi	16	20.8040	78.8453
Heti	16	20.6029	78.7759
Heti Sawangi	16	20.4100	78.8244
Hegaddinne	19	16.2212	77.0392
Hetampur	36	27.9477	78.1133
Hetikhera	16	21.4497	79.0612
Hemgir	35	21.6096	76.2794
Hekarganj	36	27.2969	79.7519
Hekarganj	36	27.2837	79.8013
Heta Raghunathpur	36	27.5922	78.2162
Hemnapur	36	26.9884	79.8291
Hemla Tanda	40	16.8380	79.9582
Hevli	36	25.0856	80.3924
Hemapura	36	25.5956	82.1882
Hemapur	36	25.5727	82.0602
Henganpur	36	25.7488	83.2468
Hetimpur	36	25.0171	83.1675
Heknampur	36	25.4608	83.2735
Hetampur	36	25.3940	83.3486
Hebda	36	25.4479	78.4470
Hetimpur	36	25.4042	83.5615
Henauta	34	25.0057	83.6125
Hemrajpur	36	25.6411	83.8297
Hethua	34	25.4043	83.9310
Helha	34	25.2702	83.9770
Hendaj	16	20.7235	77.4071
Hetitola	35	21.7432	79.7055
Heti	35	21.5787	79.8072
Heoti	36	24.7095	83.1559
Hesaldag	38	24.3417	83.5793
Henho	38	24.2778	83.5048
Henhe	38	24.1873	83.5052
Heti	16	20.9308	79.2531
Heti	16	20.6987	79.8810
Heti	16	20.6159	79.9488
Heti	16	20.4111	79.7118
Heti	16	20.2879	79.8711
Heti Piranji	16	20.1009	79.8129
Heti Sadagarh	16	20.0943	79.7567
Heti	16	20.0606	79.9365
Heti	16	20.0335	79.8744
Helwa Purwa	36	25.5143	80.3025
Helam	16	18.7692	76.6308
Helamb	16	18.7755	76.6209
Heggnal	19	16.9750	76.6660
Hegganadoddi	19	16.5950	76.6323
Hebbal Khurd	19	16.4833	76.6192
Hebbal Buzurg	19	16.4831	76.5977
Hebali	19	16.8183	76.9521
Hemrajitola	38	24.4672	83.7915
Hemja	38	24.4656	83.9220
Hedgapur	19	18.1195	77.3784
Hedgapur Tanda	19	18.1188	77.4015
Hemavatinagar	40	17.4552	78.4209
Hemvadgi	19	16.0856	76.1780
Heti	16	21.3973	78.8777
Hetampur	36	27.6506	79.4776
Hettarwa	35	23.5618	79.6999
Hemapur	36	25.3586	82.3016
Hempur	36	25.1538	82.2772
Het ka Pura	36	25.2140	82.7835
Hetampura	10	28.6999	75.9885
Heriyan ki Dhani	10	28.6959	75.8902
Hemin Khera	36	26.4021	80.9834
Hempur Dipa	36	29.2284	78.2221
Hempur	36	29.3995	78.3803
Hemi Purwa	36	27.8826	81.0239
Hela Para	36	27.4161	81.2009
Hemria	36	27.5228	81.5713
Hempur Buzurg	36	29.1266	78.3201
Hempur Prithia	36	29.0817	78.4018
Hewti	16	20.8923	79.2461
Hewra	16	20.7072	79.2059
Hewra	16	20.6610	79.0437
Heropur	36	26.2893	81.7902
Hela	36	25.0243	81.0944
Hemi	36	27.0679	80.9644
Hemajot	36	27.3551	81.9330
Hegri	16	19.8820	77.6195
Hempur	36	28.2347	79.9336
Hempur	36	28.3204	78.7810
Helgi Nankar	36	27.2380	82.8012
Hejra Dih	36	26.9969	82.0965
Hergam	12	33.8545	74.8361
Hetkhur	12	33.7801	74.9549
Hel	12	33.7948	74.9745
Hera Saidapur	12	33.6910	74.8338
Hera Nagshar	12	33.7054	74.8979
Helpalli	40	18.0733	78.8962
Hengapur	36	26.6952	82.4550
Hemjapur	36	25.9833	83.1118
Heunti	36	26.1374	82.7471
Hemaipur	36	26.0651	82.8295
Her Gund Chahal	12	33.7762	75.0519
Heoti	36	27.1903	83.7218
Herapur	12	33.6643	75.1167
Hemchaura	36	26.4392	83.2067
Hempur	36	26.3602	83.4514
Hemdhapur	36	26.7685	83.5800
Hemchhapar	36	26.8104	83.5753
Hera	36	26.6747	83.6577
Hemai	36	26.4871	83.6528
Hemai	36	26.1870	83.5199
Hel	12	33.3040	75.0040
Hera Guwas	12	33.4947	75.3603
Hemalkasa	16	19.4274	80.5740
Hetimpur	36	25.5776	83.5238
Her Tsainyar	12	33.6196	75.7028
Herim Shari	12	33.4414	75.5377
Hemrajpur	23	32.0645	75.3716
Hetimpur	36	25.5999	81.9009
Hetapur	36	25.4045	81.9468
Hetapatti	36	25.4924	81.9296
Helar Janardhan	23	32.0624	75.5788
Heladad	35	22.1403	74.7769
Hendrun	16	20.7419	74.7780
Hetampur	23	31.7373	74.5896
Her	23	31.5883	74.7413
Hetarkasa	37	20.2594	81.2726
Hetitola	16	21.4381	80.0299
Heti	16	21.1694	80.0909
Hetitola	35	21.9897	80.4513
Hetitola	16	21.4232	80.2880
Heti	16	21.2551	80.4263
Hetadkasa	37	21.0178	80.4715
Helar	23	31.3793	75.4955
Her	23	31.1773	75.4596
Hezam	23	31.8973	75.7019
Hezam	23	31.5971	75.7092
Hedava	16	21.0116	75.1002
Hethmar	37	22.5475	82.5921
Heraspur	37	21.8935	82.4639
Heti	16	20.7385	80.0193
Henraspali	37	21.5437	82.8659
Hetarkasa	16	20.9316	80.2597
Helan	11	32.7394	76.1629
Heti	16	20.2564	80.3159
Hetitola	16	20.2461	80.3291
Heni	11	32.4545	76.2226
Hemalkoro	37	20.7455	80.5725
Herkutumb	37	20.6100	80.7325
Heta	11	32.6069	76.2506
Hepurkasa	37	20.3547	80.8195
Henja	11	32.0397	76.4837
Hempur	36	27.0472	81.0378
Heraspur	37	22.0528	81.6647
Heb	11	31.9257	76.4648
Heran	11	31.8324	76.3341
Heggarsi	19	14.7091	74.7717
Hedgimane	19	14.6115	74.7922
Hemadi	19	14.7470	74.8633
Hebballi	19	14.6815	74.9249
Herawa	35	23.0285	74.4300
Hetar	38	23.8979	83.6405
Hetar Kalan	38	23.9800	83.6714
Hetar Khurd	38	23.9755	83.6728
Heggarbail	19	14.4654	74.7542
Herur	19	14.4839	74.7776
Hednur	19	14.4583	74.7759
Hemgani	19	14.4171	74.7811
Hemadbail	19	14.3849	74.7866
Heggarmane	19	14.3468	74.7513
Heggadmane	19	14.3234	74.8289
Hemgar	19	14.2806	74.7937
Heggadde	19	14.3695	74.8569
Hemtemane	19	14.3809	74.8534
Heggadmane	19	14.4142	74.8681
Hejje	19	14.3830	74.9940
Heralli	19	14.3484	74.9360
Hemantpur	35	23.3408	76.2143
Heggare	19	14.1467	74.7577
Heggekop	19	14.2449	74.8470
Hebbasi	19	14.0380	74.9542
Hebbali	19	14.0139	74.7610
Henabe	19	14.0679	74.7612
Heraspali	37	21.4764	83.2429
Hemunje	19	13.7415	74.6996
Hemmadi	19	13.6777	74.6978
Heri Kudru	19	13.6433	74.7027
Hetamapur	36	27.2957	81.3993
Hemgarh	36	26.2922	81.7288
Hepparikota	21	19.1894	83.5428
Herola Muwara	09	23.0998	73.3189
Hembalwa	24	23.7522	73.8674
Heron	24	23.4020	74.0369
Heja	24	23.3060	74.2601
Herpara	24	23.4840	74.3628
Hempur Ismail	39	29.1876	79.0057
Hemrhi	24	26.3418	74.2996
Hela	34	25.8880	84.9323
Hem Bardaha	34	26.5189	84.3859
Hetimpur	34	26.3095	84.6006
Heyatpur	34	26.2236	84.5368
Hetam Dandi	36	28.8210	79.7172
Hemu Chhapra	34	26.2213	84.8581
Henkalvadi	16	21.0456	74.8680
Hempura	36	28.5782	79.8710
Hetabnagra	36	28.2691	79.7782
Henwan	34	25.6041	84.2298
Hemanpur	34	25.2645	84.7904
Helha	34	25.2311	84.8182
Helalpur	34	25.1918	84.8196
Henwantpur	36	25.8278	84.4660
Hetampur	34	24.8375	84.2794
Hetampur	34	24.8414	84.2977
Hemza	34	24.8588	84.3771
Heslatola	38	24.3436	84.2651
Herhanj	38	24.2600	84.5149
Hesatu	38	24.2532	84.5700
Herum	38	24.0483	84.7355
Hernhopa	38	24.0386	84.7393
Hesatu	38	24.0589	84.5533
Helapur	36	25.9331	80.1271
Hesakudar	38	24.1563	85.2014
Heradi	19	13.4827	74.7651
Heggarse	19	13.9436	74.7877
Hemmakki	19	13.8162	74.8292
Hebbige	19	13.9507	74.8997
Hebburli	19	13.8961	74.9857
Hegradi	19	13.5173	74.7513
Heggodlu	19	13.5929	74.8795
Hebbadi	19	13.6165	74.8780
Heggunje	19	13.4929	74.8186
Herga	19	13.3631	74.8071
Herga Dev	19	13.3737	74.7993
Herenja	19	13.3087	74.9566
Hermunde	19	13.2910	74.9972
Herur	19	13.2346	74.7864
Hejamadi	19	13.1062	74.7839
Heruru	13	12.6434	74.9691
Hebbal	19	15.6242	75.2661
Hebballi	19	15.8383	75.6117
Hesrur	19	15.0196	75.5016
Hebbatti	19	14.6291	75.0220
Heggodu	19	14.3423	75.1278
Hesari	19	14.3018	75.2156
Heggodu	19	14.0925	75.0658
Hebbirige	19	14.0606	75.0765
Hebbail	19	14.0718	75.1290
Hebbasi	19	14.2008	75.1319
Heggadde	19	14.2099	75.1366
Herur	19	14.7235	75.2667
Hedigond	19	14.6941	75.3877
Hebbal	19	14.9999	75.7234
Hediyal	19	14.5382	75.5377
Herada	19	14.8199	75.7796
Hebbak	19	13.4095	77.0691
Hebbatanhalli	19	13.3262	77.0103
Hegeri	19	13.3381	77.0496
Hetenhalli	19	13.2922	77.0705
Hemagiripalya	19	13.1317	77.0749
Hebbalpalya	19	13.0101	77.2430
Herur	19	13.0023	77.0133
Hebalalu	19	13.0916	77.0919
Heggunda	19	13.2780	77.2597
Hesarghatta	19	13.1391	77.4783
Hemapur	19	13.1242	77.2815
Hegganadevarpur	19	13.0753	77.4581
Heggenahalli	19	13.5292	77.5946
Hegadihalli	19	13.3588	77.6509
Hegganhalli	19	13.2184	77.6100
Herandhalli	19	13.0468	77.7231
Hegganhalli	19	13.0058	77.5044
Hedakanhalli	19	13.1799	77.9511
Hettakki	19	13.1543	77.9326
Hedginbele	19	13.0418	77.9179
Hebbail	19	13.9504	75.0516
Heragal	19	13.8711	75.1042
Hendagadde	19	13.8106	75.0498
Hebburli	19	13.7549	75.0487
Hegerasu	19	13.8376	75.1239
Heggar	19	13.5297	75.2440
Hemmane	19	13.5047	75.1425
Hebbagal	19	13.6080	75.0939
Herbailu	19	13.6116	75.1805
Heggarkoppa	19	13.7191	75.2445
Heggebailu	19	13.6808	75.2373
Hegod	19	13.6325	75.1853
Heggadebettu	19	13.5937	75.0147
Heggantota	19	13.2950	75.1260
Hegatur	19	13.3890	75.2056
Heggarsu	19	13.4732	75.2240
Heggaradi	19	13.4559	75.2214
Hesarkodagi	19	13.4095	75.2460
Herur	19	13.3641	75.2422
Hebbarabettu	19	13.2871	75.0135
Hermunde	19	13.2754	75.0162
Hemmane	19	13.4276	75.0102
Hemolpari	19	13.0730	75.0581
Hemja	19	13.0838	75.0870
Hegdemane	19	13.2079	75.1217
Heranje	19	13.2390	75.1308
Hegaremani	19	13.0984	75.0738
Hegalati	19	13.8203	75.4507
Heggar	19	13.6999	75.2994
Heddur	19	13.6928	75.3573
Hebbail	19	13.6741	75.3651
Herambapura	19	13.6167	75.3288
Hemmur	19	13.6027	75.4322
Hemmakki	19	13.7431	75.4333
Hegalvani	19	13.5007	75.4794
Hebbige	19	13.4536	75.3034
Hedase	19	13.4205	75.3528
Herur	19	13.3886	75.2959
Heggadde	19	13.3855	75.3600
Hechchagunda	19	13.3739	75.2595
Hekkumari	19	13.3531	75.2801
Heruru	19	13.3636	75.4004
Heggaru	19	13.3601	75.3103
Hemmakki	19	13.2291	75.4469
Hebbandi	19	13.8651	75.6891
Heggaramattavani	19	13.4810	75.5555
Hemmalgere	19	13.4526	75.5864
Hennang	19	13.4694	75.5042
Hedadalu	19	13.2734	75.6578
Hemarhalli	19	13.4207	75.6368
Hedderhalli	19	13.3594	75.7398
Heggudlu	19	13.1758	75.5288
Hesagodu	19	13.0779	75.5694
Hemmadi	19	13.0334	75.6007
Hesagal	19	13.1471	75.6397
Heggarvalli	19	13.0358	75.6994
Heddaravalli	19	13.0141	75.8788
Hebbalu	19	13.1990	75.9163
Hemmadiganahalli	19	13.0593	75.9035
Heti	16	19.9076	79.5984
Heti	16	19.8005	79.7282
Heti	16	19.7680	79.7277
Heti	16	19.8438	79.7292
Heti	16	19.6522	79.6543
Heti Kondhan	16	19.6478	79.6458
Heti Nandgaon	16	19.5923	79.6228
Heti	16	19.5914	79.6282
Herwa	16	19.5936	79.6417
Heti Mogardhagra	40	19.5541	79.7259
Heti Tarpalli	40	19.5678	79.7112
Heti	16	19.6672	79.7142
Heti Gojoli	16	19.6588	79.6619
Heti	16	19.7290	79.6611
Heti	16	19.7472	79.7290
Heti	16	19.7207	79.6923
Heti Tarodi	40	19.5094	79.7478
Helya	19	14.8524	76.2253
Hebbal	19	14.3780	76.0976
Hemmanagatte	19	14.4238	76.1812
Heggere	19	14.3552	76.1915
Heggadehalu	19	14.3624	76.2105
Heddene	19	14.2780	76.0989
Hebbalgere	19	14.0270	76.0216
Heggadahalu	19	14.9327	76.3289
Hematpur	34	24.5797	85.2292
Hemaddih	34	24.5643	85.2001
Hesaparam	38	24.2833	85.0140
Hemza Dewpal	34	24.7032	85.4156
Hemza Bharath	34	24.6296	85.4289
Hero	34	24.7307	85.3235
Hedlag	38	24.0146	85.2868
Heutoli	38	24.1128	85.4596
Hegger	19	14.1636	76.6496
Hemadalu	19	14.0188	76.6553
Heruru	19	14.8110	76.7711
Hemavati	02	14.0258	76.9933
Heggadahalli	19	12.6855	76.4351
Hejjodlu	19	12.3799	76.3732
Hebbal	19	12.4639	76.3507
Hebbal Koppal	19	12.4596	76.3512
Hemmanhalli	19	12.4179	76.4809
Hemda	34	24.9855	85.5956
Hethlitoli	38	24.2837	85.6324
Heggadehalli	19	13.7653	76.1239
Hebballi	19	13.8826	76.1951
Heruru	19	13.8877	76.2111
Hebbur	19	13.7437	76.0132
Heggadahalli	19	13.0894	76.0119
Hendinagere	19	13.0198	76.0482
Hemmagaudanahalli	19	13.1015	76.1103
Hebbaranhalli	19	13.2291	76.2387
Heggere	19	13.6071	76.4378
Hempur	34	26.0109	86.4874
Heti Kanholi	16	19.9325	79.8259
Heti Tumri	40	19.5777	79.7789
Heggadapura	19	12.0803	76.3060
Hebbalaguppe	19	12.0588	76.3916
Hebbal Hole	19	12.1724	76.4042
Hemanpur	34	25.5871	86.2158
Hemra	34	25.4050	86.1427
Hemarpur	34	25.3623	86.2215
Herike	19	12.9293	75.5318
Heggadde	19	12.8947	75.7191
Hemanchaldih	34	25.0004	86.0328
Heraganahalli	19	12.8849	76.0384
Henavenahalli	19	12.8684	76.0589
Hebbalekoppal	19	12.8138	76.1137
Hebbale	19	12.8069	76.1159
Hebbalekoppal	19	12.8020	76.1064
Hettagondanahalli	19	12.7728	76.1451
Hebbalekoppal	19	12.8008	76.1208
Heggadihalli	19	12.9915	76.1837
Heggadihalli	19	12.6815	76.0260
Hegatur	19	12.5457	76.0217
Hebbasur	19	12.5657	76.1992
Heggadihalli	19	12.9411	76.5492
Hethagonahalli	19	12.7597	76.5418
Heraganahalli	19	12.9832	76.6635
Hebbankuppe	19	12.3613	76.1885
Hemmanahalli	19	12.6447	76.5018
Hemmadihalli	19	12.5869	76.5075
Heggadihalli	19	12.5647	76.7326
Hebbadihundi	19	12.3727	76.7252
Hebbadi	19	12.3762	76.7343
Hebbankuppe	19	12.2051	76.1449
Hedathale	19	12.0891	76.6257
Heggadahalli	19	12.1021	76.5976
Hebya	19	12.1958	76.6967
Hejjige	19	12.1251	76.6940
Hedathale	19	12.0517	76.7367
Hemmeragala	19	12.0383	76.7349
Hevale	16	15.7891	74.1127
Here	16	15.8828	74.1809
Hebbalalu	19	12.9824	76.4999
Heggadathihalli	19	12.9115	76.9878
Hetampur	34	25.3715	86.2762
Hemzapur	34	25.3033	86.3750
Heggadattahalli	19	12.7282	76.8189
Hemmige	19	12.5075	76.9648
Hettagonahalli	19	12.7342	76.7554
Hebbakavadi	19	12.4443	76.9165
Heggur	19	12.3702	76.9277
Helavarahundi	19	12.2033	76.8902
Heggavadi	19	12.0434	76.9538
Heggavadipura	19	12.0510	76.9726
Heggavadi	19	12.0155	76.8093
Hennalli	19	12.9766	75.7540
Hebsale	19	12.9455	75.7590
Heggadihalli	19	12.7964	75.7871
Hettur	19	12.7946	75.7835
Hennale	19	12.8285	75.8237
Hebbanhalli	19	12.9999	75.8439
Heggove	19	12.8876	75.8440
Hergalale	19	12.8634	75.8399
Heggadhalli	19	12.8457	75.8580
Hente Bail	19	12.8394	75.8557
Heddurga	19	12.9722	75.9147
Hemmige	19	12.8275	75.9060
Hennalli	19	12.8255	75.9102
Hemmige	19	12.7655	75.9206
Hemmane	19	12.6625	75.7900
Herur	19	12.7235	75.8307
Heggadhalli	19	12.7366	75.8506
Hemmane	19	12.7246	75.8863
Heggula	19	12.6610	75.8899
Hebbuluse	19	12.7312	75.9261
Hennur	19	12.6649	75.9512
Heggadalli	19	12.5045	75.9492
Hebbale	19	12.5308	75.9790
Hegattur	19	12.6550	75.9840
Hebbail	19	12.7403	75.7669
Heli Chak	34	25.0514	86.6329
Hemra	34	25.1371	86.7213
Helodar	09	23.2992	73.5071
Herseh Chhina	23	31.7409	74.7662
Her	23	31.6970	74.8211
Heggala	19	12.1484	75.7615
Hebbale	19	12.1857	75.9401
Hebbale	19	12.1983	75.9678
Heggademane	19	12.6678	75.7099
Hemadge	19	15.5278	74.3806
Heggeri	19	15.5270	74.9067
Heggarmane	19	14.7635	74.4611
Hebankeri	19	14.3745	74.4563
Hegde	19	14.4698	74.4215
Hegle	19	14.4157	74.4598
Hebankeri	19	14.3465	74.4747
Hebbul	19	14.6989	74.4995
Heggarni	19	14.6983	74.5523
Hebal	19	14.9879	74.5340
Heggar	19	14.7683	74.5462
Hebar Kumri	19	14.9086	74.5600
Heggar	19	14.7944	74.6173
Heggarhalli	19	14.7794	74.6322
Hedthebail	19	15.0003	74.6939
Hedejidi	19	14.9240	74.7407
Hegdemane	19	14.9034	74.7102
Heggumbli	19	14.8863	74.7250
Heggumbli	19	14.8739	74.7110
Hebbarmane	19	14.8516	74.7209
Heggumbli	19	14.7552	74.7083
Hebbarkeri	19	14.7215	74.5747
Hebre	19	14.5553	74.6329
Hegdekatte	19	14.6072	74.7220
Heggar	19	14.6024	74.7403
Hebbail	19	14.3052	74.5387
Heravali	19	14.2942	74.5421
Hegge	19	14.4400	74.7158
Heggarni	19	14.4436	74.7410
Herur	19	13.9755	74.5987
Hejla	19	13.9844	74.6403
Hegadde	19	13.9590	74.6216
Herbudki	19	13.9670	74.6448
Herugudi	19	13.8420	74.7221
Hejalu	19	13.8903	74.6944
Hemure	19	13.9877	74.7173
Heggadde	19	13.9872	74.7272
Herbettu	19	13.9497	74.7492
Hetampur	34	24.7397	84.4681
Hedolwa	34	26.4588	87.0268
Hemnagar	34	25.9714	87.2780
Hemra	34	25.1000	87.0771
Hethbandha	38	25.1017	87.3701
Hesaltola	38	25.0503	87.4166
Hewantpur	34	25.7593	85.0153
Hetampur	34	25.6805	85.0239
Heman Chak	34	25.4911	85.0181
Hemanpur	28	25.9016	87.8758
Hechla	34	24.7589	87.0363
Heridih	34	25.1094	85.0394
Herthu	34	25.1061	85.1937
Hemara	34	25.0081	85.1993
Heturi	28	24.0825	87.7707
Heta	28	24.0220	87.8667
Hemnarayan Chak	34	25.3616	85.3829
Hemzapur	34	25.4733	85.3838
Helgapalli	40	17.8996	78.3583
Heding	39	29.2322	80.1297
Hetampur	36	27.8111	80.0040
Herobhanga	28	22.2262	88.6098
Herenagavali	19	13.6270	77.7581
Hemaranhalli	19	13.2780	77.9098
Heligehalli	19	12.8916	77.1925
Herohalli	19	12.8787	77.1019
Hebbahalli	19	12.7400	77.0111
Hebbaraldoddi	19	12.7358	77.0211
Hemmanahalli	19	12.6291	77.0574
Hemmige	19	12.2091	77.0154
Hebani	19	12.3260	77.1236
Hegalihundi	19	12.0125	77.0304
Herohalli	19	12.9911	77.4873
Hemagipur	19	12.8821	77.4860
Hejal	19	12.8555	77.4167
Heggadgeri	19	12.7622	77.3779
Hegnuru	19	12.3271	77.4115
Hebkodi	19	12.7162	77.3525
Helaghalli	19	12.3691	77.4089
Hebbatta	19	13.3033	78.2197
Hebbri	19	13.4042	78.1151
Hebbani	19	13.2823	78.5644
Hetanpur	34	25.5821	85.5495
Hemanpur	34	25.5941	85.6574
Hetimpur	34	25.6195	85.7396
Hemandhalli	19	12.9727	77.8026
Herandyapanhalli	19	12.4726	77.5271
Heggudlu	19	11.9697	76.4363
Hegnur	19	11.9444	76.3745
Herivayal	25	11.5269	76.4588
Hebbal	19	11.7521	76.5061
Heggadhalli	19	11.8794	76.6846
Heggotara	19	11.9696	76.8603
Heggavadi	19	11.7046	76.7753
Henchinhundi	19	11.7013	76.7710
Hebsur	19	11.9091	77.0018
Hesatu	38	23.9919	85.0148
Heth Bengwari	38	23.8970	85.1124
Hewai	38	23.9065	85.1202
Henjda	38	23.7146	85.0019
Hemandagtoli	38	23.6686	85.1028
Hendegir	38	23.6973	85.1619
Hesalpiri	38	23.5425	85.2062
Hering	38	23.6444	85.2036
Hendag	38	23.6822	85.1915
Hethtoli	38	23.4828	85.0404
Hesal	38	23.4934	85.0883
Hetlotatoli	38	23.4151	85.1156
Hehal	38	23.3992	85.2116
Hetha	38	23.3608	85.2013
Hesla	38	23.1913	85.1993
Hesel	38	23.0219	85.2431
Hesalong	38	23.6917	85.4203
Hesabera	38	23.6944	85.2773
Hettoli	38	23.6570	85.3105
Hesla	38	23.6507	85.4823
Hehal	38	23.6195	85.4356
Het Konki	38	23.5094	85.2745
Heth Balutoli	38	23.4905	85.3307
Hesatu	38	23.4859	85.4449
Hesal	38	23.3987	85.4660
Hekotoli	38	23.3840	85.2968
Hesal	38	23.3874	85.2995
Hehal	38	23.3695	85.2857
Hethu	38	23.3084	85.3434
Hethutoli	38	23.3213	85.3334
Hesag	38	23.2968	85.3178
Hetdahu	38	23.2358	85.2656
Hesapiritoli	38	23.2367	85.4449
Hesapiritoli	38	23.1822	85.4488
Hesaburu	38	23.1899	85.4315
Hesag	38	23.1616	85.3137
Hesahatu	38	23.1265	85.3341
Hematoli	38	23.0789	85.4455
Hesadih	38	23.0605	85.4287
Hemrumtoli	38	23.0153	85.4939
Hethli Murgaon	38	23.9991	85.7376
Hesagara	38	23.7604	85.5055
Hethtoli	38	23.6693	85.6423
Hethtoli	38	23.6647	85.6460
Hesapora	38	23.6276	85.7315
Hethgaratoli	38	23.5964	85.7131
Hematpur	38	23.5480	85.7401
Heramdaga	38	23.5454	85.7217
Hesatu	38	23.4703	85.6056
Hesal	38	23.4752	85.7234
Hesal	38	23.4719	85.7281
Hesadih	38	23.3643	85.7424
Heslabera	38	23.3478	85.5735
Heslatoli	38	23.3031	85.5054
Hesutoli	38	23.2521	85.5364
Hesadatoli	38	23.2392	85.5715
Hesahatu	38	23.2498	85.7231
Hesapiri	38	23.2067	85.5419
Heth Burhadih	38	23.1553	85.6872
Heth Kanchitoli	38	23.1270	85.6352
Heth Ganjharitoli	38	23.1141	85.6035
Hethtoli	38	23.0948	85.5518
Heth Balalong	38	23.0983	85.6084
Hendridih	38	23.0522	85.6264
Hemrum	38	23.0074	85.5076
Hesatu	28	23.4609	85.8838
Hethbarga	38	23.4619	85.8539
Hesalber	28	23.4236	85.9578
Hesla	28	23.2619	85.8944
Hepad	28	23.2483	85.8486
Hesalpiritoli	38	23.1593	85.7573
Heremuli	38	23.1090	85.9540
Hesadih	38	23.1279	85.7958
Hettoli	38	23.0037	85.8105
Hebentoli	38	22.6598	85.1050
Hessabera	38	22.5583	85.1443
Hetgora	38	22.9700	85.3329
Heremda	38	22.8202	85.3453
Hemromdih	38	22.9845	85.4305
Hedih	38	22.9831	85.4418
Hemraluta	38	24.3497	84.9764
Heslatola	38	24.1050	84.7725
Heselkuti	38	22.1302	85.7123
Heselpata	38	22.0943	85.7186
Hethbahiar Chak	38	24.1379	86.8123
Hemladih	38	24.1076	86.9240
Hendehas	38	23.8764	84.1303
Heswatoli	38	23.6445	84.1059
Hesag	38	23.6654	84.2392
Hesag	38	23.2349	84.2443
Hethlada	38	23.1187	84.1725
Hesatu	38	23.9202	84.4431
Hehegara	38	23.7908	84.2830
Helwakhar	38	23.6773	84.2910
Hethatoli	38	23.6546	84.2749
Hendehas	38	23.5862	84.2734
Hesla	38	23.7305	84.4442
Hesla	38	23.6912	84.4904
Heth Hapad	38	23.4705	84.4246
Hesag	38	23.4836	84.4948
Henhe	38	23.4235	84.4712
Hesrag	38	23.4132	84.3692
Hettola	38	23.3350	84.4082
Heth Arangloia	38	23.3666	84.3544
Heth Lodatoli	38	23.3831	84.3028
Helta	38	23.3239	84.3734
Heth Adar	38	23.2961	84.4913
Heth Malgotoli	38	23.3108	84.4711
Hethtoli	38	23.1097	84.3326
Hesag	38	23.0168	84.3858
Hethtoli	38	23.1550	84.3962
Hedmi	38	23.2323	84.3602
Hetjori	38	23.1886	84.4347
Hethtoli	38	23.2104	84.4954
Hethtoli	38	23.1210	84.4536
Hedum	38	23.9967	84.5335
Hesatu	38	23.9232	84.5497
Hesalbar	38	23.8417	84.5315
Heth Loto	38	23.7714	84.5194
Heth Pochra	38	23.8023	84.5020
Heth Besra	38	23.7777	84.5703
Hesaltoli	38	23.9679	84.6991
Hetharitoli	38	23.9094	84.6873
Hetuatoli	38	23.6659	84.5212
Hesag	38	23.5015	84.5066
Hesal	38	23.5351	84.7206
Hendlaso	38	23.5134	84.7168
Hendehas	38	23.4905	84.5371
Heswe	38	23.3784	84.5751
Heswetoli	38	23.3755	84.5875
Hethtoli	38	23.3169	84.6447
Hethtoli	38	23.4884	84.6369
Hesapiri	38	23.4769	84.6524
Hendlaso	38	23.4988	84.7261
Hethtoli	38	23.4706	84.6894
Hethtoli	38	23.4189	84.7034
Hethdari	38	23.2648	84.6926
Henttoli	38	23.1940	84.5098
Hempur	38	23.7852	84.7699
Hebna	38	23.7858	84.8748
Heslatoli	38	23.8856	84.8623
Hechabalia	38	23.8701	84.9722
Henjda	38	23.6910	84.9976
Hesalong	38	23.5954	84.8655
Hesla	38	23.5944	84.8320
Henjla	38	23.5414	84.8789
Hesagutu	38	23.2885	84.7524
Hethma	38	22.6160	84.2101
Hethtoli	38	22.8529	84.8060
Helgara	38	22.7055	84.9863
Herkutoli	38	22.4713	84.9250
Hendegara	38	23.8301	85.4128
Henua	38	22.3407	85.3417
Hendediri	38	22.2592	85.2917
Heselkuti	38	22.8196	85.6576
Heselkuti	38	22.8229	85.6400
Hepsel	38	22.9893	85.7022
Hessapiri	38	22.9292	85.5359
Hesaband	38	22.5276	85.6538
Hesapi	38	22.2547	85.6331
Hesabera	38	22.3593	85.6869
Hesakocha	38	22.9236	85.9343
Heremda	38	22.9771	85.8816
Hensal	38	22.5451	85.9249
Hensa	38	22.7298	85.9132
Herma	38	22.5042	85.9387
Hesadi	38	22.4681	85.8984
Hesapi	38	22.1059	85.7592
Heselberel	38	22.0066	85.8218
Heperburu	38	22.0036	85.8485
Heselgutu	38	22.0734	85.9474
Hesabera	21	21.9259	85.4151
Hemis Monastery	41	33.9159	77.6977
Hethli Debo	38	24.1640	85.5371
Helanatola	38	24.2142	85.6417
Hethli Kanhai	38	24.6434	85.8306
Hethli Kanhai	38	24.5233	85.9390
Hemrodih	38	24.3484	85.9286
Hethli Pardhandih	38	24.3296	85.9670
Hethli Bodra	38	24.0497	85.8012
Hendola	34	24.6212	86.1691
Hesalo	38	24.0629	86.1883
Heth Chakai	34	24.5282	86.4001
Helei	21	21.0610	84.2549
Hemantakhol	21	21.0680	84.2695
Hemamura	21	21.0260	84.3929
Hetkhamar	21	21.4509	84.5332
Helei	21	20.8914	84.2742
Hemamura	21	20.8609	84.7992
Henglep	17	24.5047	93.5041