Hisar	10	29.1539	75.7229
Hindupur	02	13.8281	77.4914
Hindaun	24	26.7341	77.0352
Hinganghat	16	20.5487	78.8398
Hingoli	16	19.7146	77.1424
Himatnagar	09	23.5989	72.9660
Hiriyur	19	13.9445	76.6172
Hilsa	34	25.3164	85.2823
Hisua	34	24.8336	85.4173
Hirakud	21	21.5250	83.8727
Hinjilicut	21	19.4817	84.7449
Hinakallu	19	12.3304	76.6021
Hirekerur	19	14.4551	75.3952
Hindoria	35	23.9034	79.5686
Hindalgi	19	15.8750	74.4720
Hinjawadi	16	18.5934	73.7298
Hiranagar	12	32.4549	75.2719
Hirdepur	35	23.8272	79.4235
Hiramandalam	02	18.6709	83.9505
Hirapur	35	21.8419	80.2400
Hirapur Hamesha	16	21.5555	79.7858
Hirmi	37	21.5386	81.9403
Highways	25	9.6475	77.3600
Hindustan Paper Corporation Ltd. Township	03	24.8605	92.6008
Hill Town	17	24.3402	93.6914
Hill -2	21	22.2452	86.4616
Hiwarkheri	35	22.1719	79.1529
Hiwarkhed	16	21.3937	78.0823
Hiwarkhed	16	21.1298	76.8578
Hivre	16	18.9274	74.7146
Hivra	16	17.2240	74.7901
Hita	24	24.5632	74.1975
Hisamki	24	29.0721	73.0473
Hisala	16	21.2680	75.1005
Hirodih	38	24.3859	85.5849
Hirnagaon	19	17.6986	76.9682
Hirli	35	21.5188	77.9362
Hirisave	19	12.9501	76.5780
Hire Padsalgi	19	16.5930	75.3832
Hire Kotankal	19	15.9634	76.9520
Hirehadagalli	19	14.9267	75.8322
Hire Bamanhal	19	15.5981	76.2735
Hirawari	35	21.9464	78.5168
Hirapur	35	24.3676	79.2117
Hirapur	28	23.6585	86.9355
Hirapur	26	23.5167	91.5333
Hiranpur	38	24.7051	87.7020
Hirankhera	35	22.5167	77.6000
Hirad	09	24.2656	72.9760
Hira	19	16.1920	76.8208
Hir	00	31.4000	74.4833
Hipparga	19	17.4568	76.3739
Hinsa	11	32.6902	76.6862
Hiniskut	41	34.2500	76.5833
Hingpur	12	33.4444	75.3694
Hingoniya	24	26.5339	75.8702
Hingona	16	21.1922	75.7830
Hingoli	24	26.7203	73.4757
Hingni	16	20.9144	78.7155
Hingir	37	21.9500	83.6833
Hingalganj	28	22.4705	88.9899
Hindu Malkot	24	30.1447	73.9154
Hindubari	00	23.1500	91.5000
Hindolia	09	23.2555	73.7103
Hindoli	24	25.5802	75.4984
Hindola	24	26.2330	75.2687
Hindol	21	20.6078	85.1985
Hindiganal	19	13.2218	77.9125
Hinam	01	8.2500	93.0833
Himmatgarh	24	24.2450	76.1011
Himala	09	22.8710	74.4232
Hijraon Kalan	10	29.5619	75.4007
Higona	35	24.1114	77.1873
Hingir	21	21.9488	83.7004
Hiraganj	28	22.4159	88.1316
Hijilia	28	22.8450	88.6031
Hir Pindi	12	33.4844	74.2280
Hil	12	33.2797	74.1799
Hing	12	34.0676	74.5330
Hiwudar	12	34.0036	74.6912
Hirji Ki Dhani	24	26.6988	71.9009
Hiub Dangarpur	12	34.3210	74.4080
Hire Chak	12	32.7818	74.7295
Hind	36	29.5322	77.3764
Hirnaki	36	29.5595	77.4806
Hiranwara	36	29.5174	77.4373
Hira ka Bara	24	25.5992	75.5756
Hiwan	11	31.2258	77.0808
Hiranali	11	31.2400	77.0869
Hitoli	39	29.9936	78.7442
Hiyunlag	39	29.9285	78.5180
Hilogi	39	29.9078	78.5755
Himayatnagar	40	17.3423	78.3074
Hira ki Dhani	24	28.2073	75.3995
Hirawa	24	28.1681	75.6847
Himatgarh	23	30.6381	76.1629
Himatgarh Chhannan	23	30.5700	76.1698
Himmatgarh	23	30.6533	76.8338
Hibana	10	30.1257	76.8505
Hinga Kheri	10	30.0640	76.7897
Hiranchhipa	35	24.1685	78.2190
Hingati	35	24.1455	78.2127
Hinota	35	24.1156	78.0836
Hirapur	36	24.8612	78.3826
Hiranchhipa	35	24.1809	78.4496
Hiranagar	35	24.8330	78.8269
Hiranagar	35	24.6637	78.8722
Hindoriya	35	24.0781	78.8729
Hindaura	36	27.9163	79.3293
Hindu Nagla	36	27.7542	79.4858
Hindupur	36	27.1000	79.3772
Hirauli	36	27.0899	79.3177
Hirapur	36	27.1133	79.3156
Hindupur	36	27.0741	79.2647
Hiranagar	36	27.6354	79.6266
Hiranagar	36	27.6532	79.5874
Hira Purwa	36	27.0884	79.9322
Hirapur	36	26.8869	79.0089
Hirapur	36	26.9588	79.0622
Hiranpur	36	26.7694	79.0784
Hirdepur	36	26.9526	79.1316
Hilgawan	35	26.4215	79.0884
Himmatpura	36	26.3074	79.1476
Hirapura	24	26.8931	75.7369
Himatpura	24	26.8864	75.5829
Himmatpur	36	26.4252	79.2522
Hinauli Diwara	36	26.3924	79.4737
Hinguta	36	26.2590	79.2526
Hirapur	36	26.2487	79.2615
Hirapur	36	26.2081	79.3767
Himmatpur	36	26.9118	79.7084
Hindu Purwa	36	26.8522	79.5870
Himmatpur	36	26.7570	79.7204
Hira Purwa	36	26.8084	79.5830
Himmatpur	36	26.7838	79.7080
Hikepur	36	26.6686	79.8502
Hirapur	35	24.7526	79.2495
Hirdenagar	35	24.6567	79.1573
Hirapur	35	24.6151	79.1080
Hilguan	35	24.8417	79.3722
Hirdenagar	35	24.8487	79.2642
Hillaipurwa	35	24.8380	79.2620
Hirapur	35	24.7688	79.2706
Hiranandani Gardens	16	19.1140	72.9073
Hirasar	24	28.4607	74.3081
Himaigaon	03	26.0950	93.1925
Hisar	34	26.5495	85.9406
Hirehal	19	15.7999	75.7654
Hirla	16	16.1697	73.3378
Hire Mallanakere	19	15.0838	75.9791
Hirehalli	19	14.5255	76.6634
Hingnigada	16	18.3583	74.4733
Hingangaon	16	19.4097	75.1954
Himayatnager	16	19.4249	77.8761
Hinotiya Piran	35	23.7083	77.5018
Hilung	21	20.8112	84.1145
Hingoni	35	23.4665	77.0764
Hiratikiri	21	21.4531	86.8409
Hiwarwadi	16	18.4352	75.1808
Hirasinghwali Dhani	10	28.4746	76.8837
Hirewala	23	29.9150	75.4340
Hingna	10	29.6884	75.3352
Hirke	23	29.7272	75.3791
Hijraon Khurd	10	29.5687	75.3792
Hindwan	10	29.1192	75.6152
Hillan	12	33.3987	74.4761
Himri	11	31.3376	77.1418
Himli Forest	12	34.6025	74.3574
Hinjrasar	24	29.0578	73.5981
Hindor	24	29.0960	73.8664
Hirmidhar	11	31.4099	77.2766
Hiphli	11	31.4479	77.3329
Hithmi	11	31.4380	77.3606
Hiranwali	23	30.3119	74.0697
Himri	11	31.2235	77.2773
Himr	11	31.1403	77.4799
Hiwan	11	31.0207	77.6830
Hirti	11	30.9982	77.0747
Hirti	11	30.9893	77.1138
Hinar	11	30.9216	77.2064
Hiran Chhappar	10	30.1020	77.0948
Hingauli	10	30.1782	77.1555
Hindhga	11	30.8102	77.4046
Hisla	24	27.4263	76.2576
Hiran Ka Bas	24	27.3078	76.5998
Hirnoti	24	27.2612	76.7148
Hiyon	11	30.5981	77.5094
Hiyona	11	30.5836	77.6550
Hiwani	11	30.7404	77.5908
Hingwara	24	27.9517	76.8044
Hirwari	10	27.7836	76.9891
Hirajat ka Bas	24	27.6314	76.9060
Hingoto	24	27.3976	76.8684
Hirauli	36	29.6207	78.2205
Himmatpur Bela	39	29.6183	78.0398
Hirnakheri	39	29.7759	78.0429
Hirankhera	35	23.7131	78.2911
Hinotiya	35	23.7316	78.4264
Hinotiya Kalan	35	23.6764	78.4165
Hinotiya Bamnai	35	23.5260	78.4237
Hirapura	24	26.6015	76.1181
Hingoniya	24	26.5255	76.1089
Hingoti	24	26.7032	76.1387
Himmatpura	24	26.7206	76.1534
Hinnakhera	35	23.5760	78.5576
Hinnod	35	23.6984	78.6837
Hinota	35	23.7379	78.7365
Hirapur	35	23.6033	78.7980
Hingotia	24	26.4691	76.6850
Hirapur	24	26.3600	76.6635
Hirapur	35	23.3110	78.5171
Hinotia	35	23.2960	78.5341
Hiranpur	35	23.3453	78.7285
Hiranpur	35	23.4002	78.9363
Hirapur	35	23.0485	78.7674
Hingot	24	26.6994	76.9332
Hirapura	35	26.0530	76.9364
Hilwari	36	29.0652	77.2909
Himmatpur	36	29.2269	77.3311
Hirapur	35	22.7249	78.2139
Hirapur	35	22.2219	78.0038
Hirawari	35	22.0660	78.0405
Hirapalla	35	22.1583	78.1653
Hirri	35	22.2854	78.6489
Hirri	35	22.2817	78.6446
Hinotiya	35	22.1497	78.5780
Hirowari	35	22.0608	78.6762
Hirdagarh	35	22.1447	78.5187
Hirapur	35	22.8112	78.8840
Hingpani	35	22.7184	78.9397
Hiwra	35	21.8545	78.3832
Hivara	35	21.5081	78.4517
Hiwra	16	21.2809	78.3664
Hiwra	16	21.3561	78.4794
Hivra	16	21.0233	78.3368
Hivra Tanda	16	21.0376	78.3435
Hiura	35	21.8651	78.8976
Hiura	35	21.6015	78.8462
Hingna	16	21.0745	78.9634
Hirapur	16	20.8155	78.1327
Hingangaon	16	20.7795	78.1818
Hirpur	16	20.7090	78.2054
Hivri	16	20.2565	78.0372
Hingonia	24	25.2607	76.4694
Himmatpura	23	29.9992	74.3777
Hirawa	24	24.4113	73.3705
Hika	24	24.0757	73.5074
Hingoniya	24	24.8923	76.1621
Hichar	24	24.6747	76.1980
Himmatpura	23	30.5271	75.3627
Hiraji ka Gaon	24	25.7365	74.0556
Hissowal	23	30.8030	75.6673
Hiron Khurd	23	30.0413	75.6314
Hiron Kalan	23	30.1188	75.6287
Hiraheri	39	29.8489	77.8011
Hiranki	07	28.7991	77.1820
Hisaoda	36	28.9720	77.3666
Hirdaypur Bhadola	36	28.8513	77.6285
Hindalpur	36	28.6868	77.6189
Himmatnagar	36	28.6800	77.6869
Hirdepur	36	28.4779	77.6780
Hirnoti	36	28.3641	77.6585
Hirapura	24	26.0853	74.7992
Hirakhera	24	25.4149	74.6040
Hilu	11	33.0195	76.6058
Hindol	10	28.7092	76.2705
Hilalpur	36	29.1942	77.1935
Hikotu Dogri	11	31.4042	78.3315
Hilaswali	39	30.3035	78.1732
Hidayatganj	36	28.7974	79.1124
Hinga Nagla	36	28.7660	79.2169
Hingla Nagla	36	28.4577	79.0706
Himmatpura	35	24.1710	76.4799
Hirapur	35	24.8283	76.9855
Hinglot	24	24.5570	76.9241
Himmatnagar	40	18.5127	79.0242
Hingonia	24	26.0660	75.1309
Hingatara	24	26.0708	75.0848
Hindoli	24	26.2485	75.3081
Hirpur	36	28.0299	77.7285
Higaon	29	27.2431	88.1832
Himmatpur	36	28.7715	77.9614
Hirdepur	36	28.6277	77.7966
Hingwara	36	28.6722	77.9871
Hiratara	37	21.4456	81.2295
Hirri	37	21.2949	81.2076
Hiragarh	35	26.3858	77.8147
Himmatgarh	35	26.3946	77.8462
Hirabnumiya ka Than	35	26.2614	77.7538
Himaiyapura	35	26.3104	78.3934
Hiwra Roshangaon	16	19.7193	76.0740
Hinotia	35	25.7596	78.2980
Hiwardi	16	19.7508	76.1457
Hiran	23	30.8607	76.0361
Hiwra Buzurg	16	19.2791	76.0909
Hinganwadi	16	19.1281	76.2002
Hiwarkheda	16	19.6790	76.3483
Hiana Kalan	23	30.3947	76.2190
Hiana Khurd	23	30.4027	76.2287
Hissi	16	19.3727	76.3932
Hiwra	16	19.0429	76.3682
Hiwra	16	19.9839	76.9783
Hingangaon	16	18.5466	76.1213
Hirdapur	23	30.4083	76.2837
Hiragarh	23	30.2583	76.4441
Hirabagh	23	30.3385	76.4413
Hirdai Ki Nagariya	36	27.8478	77.8271
Hirpur Husainpur	36	27.8641	77.9355
Hingni	16	18.9294	76.2604
Hingni Khurd	16	18.9293	76.2629
Hiwra	16	18.6399	76.2900
Hiparga	16	18.1376	76.4152
Hipalgaon	16	18.3810	76.7503
Himmatpura	10	29.9397	76.3735
Hiple	16	17.5558	76.0246
Hipparga	16	17.9176	76.4143
Hippargarawa	16	17.9644	76.2592
Hirapur	36	28.4110	77.8694
Hiroli	19	17.5814	76.3616
Hipparga	19	17.6691	76.6880
Hittal Sirur	19	17.3806	76.5617
Hinsail	36	28.0357	77.8920
Hirapur	36	28.0332	77.9336
Hinsoti	36	28.1372	77.9963
Hisara	36	28.1436	77.9853
Hirapur	36	28.2067	77.9713
Hire Bhosga	19	17.1482	76.5625
Hire Kallur	19	17.0658	76.5562
Hire Herur	19	17.0911	76.6661
Hippargawadi	16	17.7961	76.7632
Hipparga	19	17.7535	76.8958
Hippargawadi	19	17.7388	76.8915
Hipparga Tanda	19	17.6293	76.9439
Hipparga	19	17.6164	76.9283
Hirri	37	21.9732	82.0500
Hitkasa	37	20.5875	81.0193
Hirkapar	37	20.5434	81.0251
Hirapur	37	20.7238	81.2254
Hirange	37	20.4246	81.0317
Hinganjhar	37	20.4291	81.0208
Hirkopara	37	20.3788	81.0149
Hirkopara	37	20.3896	81.0861
Hirabori	37	20.1618	81.0940
Himora	37	20.1054	81.1942
Hithalipara	37	20.4866	81.7346
Hirridih	37	20.2826	81.8595
Hirapur	37	20.2977	81.9339
Hirapur	19	17.3312	76.8029
Hire Nandur	19	17.2512	76.8954
Hire Myageri	19	16.2753	76.0307
Hire Mural	19	16.3077	76.2180
Hire Yaragal	19	16.9418	76.3134
Hire Allahpur	19	16.7870	76.3965
Hire Nagavi Tanda	19	16.9292	76.4068
Hire Nagavi	19	16.9255	76.4256
Hiri Madanur	19	16.6042	76.4869
Hirejavur	19	16.1995	76.3546
Hireupperi	19	16.2072	76.4330
Hire Lakkihal	19	16.0415	76.3249
Hire Honakuni	19	16.3872	76.9845
Hingnadih	37	21.3356	81.4325
Hingna	37	21.1869	81.3705
Hirapur	37	21.2701	81.5804
Hirehanigi	19	16.1210	76.8523
Hire Dinne	19	16.0269	76.8077
Hire Bahadurdinne	19	16.0845	76.9066
Hiwra Buzurg	16	19.2138	77.1466
Hiwra Khurd	16	19.2404	77.1767
Hipparga	16	18.9561	77.0493
Hindola	16	18.9942	77.3669
Hipnelli	40	19.0270	77.8460
Hipnelli Tanda	40	19.0403	77.8135
Hirabori Tanda	16	18.8386	77.0349
Hipparga Janerao	16	18.9168	77.4599
Hipalnari	16	18.5562	77.3494
Hipparga	16	18.7799	77.5567
Hingni	16	18.7110	77.6855
Hiparga	16	18.6688	77.7054
Hippalgaon	19	18.0362	77.5015
Hira Garhi	36	27.4984	78.0552
Hirebennur	19	17.2541	76.9997
Hingot Kheria	36	27.1464	78.1219
Hirner Nawada Khera	36	27.0567	78.1085
Himmatpur	36	27.3825	78.4871
Hinauna	36	27.3817	78.4479
Hirho Kheria	36	27.3573	78.3104
Himmatpur	36	27.2794	78.3278
Hivra Harke	16	20.7461	78.3255
Hirapur	16	20.6030	78.2989
Hivri	16	20.5452	78.3255
Hivra	16	20.5498	78.3238
Hirapur	16	20.5197	78.3618
Hirdi	16	20.3760	78.3065
Hivri	16	20.3394	78.2842
Hivardhar	16	20.1208	78.4153
Hivra	16	20.8473	78.6451
Hindnagar	16	20.7364	78.5887
Hivra	16	20.8184	78.8454
Hivra	16	20.6933	78.7815
Hirdi	16	20.5988	78.9544
Hiwar	16	20.4245	78.8447
Hiwri	16	20.0501	78.7771
Hiwra	16	20.2163	78.9082
Hira Nagla	36	27.6805	77.9193
Hirapur	35	23.5227	79.0957
Hinauti	35	23.5542	79.1719
Himmatpur Kakamai	36	27.6847	78.5121
Hirapur	36	27.6647	78.6500
Himmatnagar Bajhera	36	27.6259	78.6812
Hirapur	36	27.5413	78.6756
Himmatpur	36	27.5183	78.6026
Hinotaghat	35	23.9699	79.3167
Hingwani	35	23.9988	79.3564
Hinota	35	23.8102	79.3416
Hinnai	35	23.8933	79.4140
Hinoti	35	23.5823	79.3136
Hinotisarra	35	23.5689	79.4497
Hinoti	35	23.7482	79.4505
Hinota	35	23.7910	79.6210
Hinoti	35	23.4130	79.6302
Hinautiyan	35	23.2242	79.5380
Hirapur	35	23.0300	79.7208
Hinota	35	23.4514	79.8444
Hinota	35	23.3978	79.7921
Hinauta	35	23.3012	79.7599
Hinota	35	23.3698	79.9497
Hinota	35	23.0923	79.8147
Hirdaipur	35	23.1492	79.9176
Hire Alur	19	16.9679	77.1549
Hira Singh	36	27.0847	78.5718
Himmatpur	36	27.0563	78.5351
Himalapur	19	16.8654	77.3386
Hindupur	40	16.4141	77.3472
Himmatpur	36	27.2292	78.8222
Himmatpur	36	27.1622	78.8100
Hirdepur	35	22.8010	79.0208
Hinotiya	35	22.8474	79.1894
Hivrasani	35	22.3068	79.1545
Hingpani	35	22.3202	79.2305
Hirri	35	22.3798	79.1368
Hirapur Shaista	36	27.6626	78.9089
Hirapur	36	27.6094	78.8764
Hingawali	35	26.7258	78.2573
Hinski	35	26.7253	78.3673
Hira ka Pura	35	26.5184	78.3573
Hinvara	35	22.1028	79.5002
Hirritola	35	22.1877	79.8885
Himampalli	40	16.9952	77.9775
Hira	36	27.7335	79.1534
Hira	36	27.7359	79.1677
Hirdepur	36	27.4758	79.1868
Hiwra	16	19.9736	78.6290
Hirapur	24	26.6409	77.4586
Hiwra Jaisingh	35	21.8785	79.1306
Hingna	16	21.2993	79.1539
Hirri	35	21.9718	79.3423
Hivra	16	21.5378	79.3035
Hivra	16	21.5421	79.4208
Hivra	16	21.4232	79.2846
Hivra	16	21.3666	79.2831
Hivri	16	21.3711	79.2737
Hingna	16	21.2626	79.3906
Hiura	16	21.2238	79.3446
Hingota	24	26.7605	77.7036
Hingota	24	26.7838	77.5684
Hirasingh ka Pura	35	26.4069	77.6422
Hirabhumiya ka Than	35	26.2581	77.7374
Hirawali	35	26.2669	77.5313
Hironda	36	26.9175	77.9619
Hinotiya	35	25.4452	77.1874
Hisampur	36	27.2927	79.5390
Himmanchal	36	27.3987	79.6542
Hirpur	36	27.6559	79.8413
Hirauli	36	27.6801	79.9198
Hinganpur	10	27.9099	77.1590
Hirapur	35	21.6035	76.2528
Hirapura	35	25.8971	77.5160
Himmatgarh	35	25.7134	77.7198
Hinotia	35	25.5907	77.5774
Hiraura	36	27.8761	79.7515
Hirapur	35	21.8608	76.6791
Hirapur	35	25.2900	77.6816
Hinotiya	35	25.1343	77.5128
Hira Chak	35	25.9295	77.7703
Higonia Muafi	35	24.1097	77.1646
Hinotia	35	24.7362	77.4623
Hilgona	35	24.6131	77.2706
Hirapur	35	24.6059	77.2850
Hinotia Gird	35	24.5380	77.4097
Hinotia	35	24.2646	77.4771
Hirapur	36	27.3311	78.9139
Hirapur	35	24.2198	77.5266
Hinotiya	35	24.6696	77.5816
Hinotiya Baghela	35	24.5309	77.5506
Himja	35	24.5092	77.6008
Hingauniya	35	24.4530	77.5109
Hinotiya	35	24.2984	77.7888
Himmatnagar	40	17.7621	79.4569
Hirapur	36	27.6639	78.1766
Himmatpur	36	27.5779	78.1869
Hidramai	36	27.8557	78.4103
Hirapur	36	27.7599	78.3240
Himmatpur	36	27.6905	78.4915
Himmatpur	36	27.5008	78.4933
Himmatpur	36	27.1918	78.4218
Hirangaon	36	27.1776	78.3305
Himaupur	36	27.1077	78.3379
Himaupur	36	27.0368	78.3421
Hiranpura	36	27.0139	78.3932
Hirapura	36	27.0040	78.2660
Hinsaki	36	27.0138	78.2533
Himmatpur Sai	36	27.8393	78.6267
Hiranagar	36	26.5342	79.6225
Hiranagar	36	26.5801	79.6230
Hisawan	36	26.4240	79.6532
Himmatpur	36	26.3588	79.6984
Himayunpur	36	26.2951	79.6633
Himmatpur	36	26.2048	79.5837
Hilalpur	36	26.9417	79.9574
Himmatpur	36	26.9539	79.8462
Hira Purwa	36	26.9667	79.8487
Hisamuddinpur	36	26.8247	79.8471
Hirapur	36	26.2486	79.7994
Hirapur	36	26.1617	79.7518
Hiranagar	36	25.6444	79.3179
Himanpura	36	25.8703	79.7857
Hill Colony	40	16.6087	79.3039
Hindu Khera	35	25.1665	80.3805
Hia	35	25.0633	80.3852
Hirdepur	35	24.3067	79.3107
Hirapur	35	22.4655	76.9872
Hiwala	35	22.2407	76.9376
Hirapur	35	22.0485	76.8531
Hiramanpur	36	25.5006	82.1722
Hinauta	35	24.0565	79.3590
Himmatpura	35	24.1163	79.3733
Himmatpura	36	25.2106	79.6537
Hilua	36	25.1411	79.6055
Hirapur	35	25.1203	79.5862
Hinauta	35	25.1393	79.8945
Hinota	35	24.3400	79.2341
Hira Ghayaspur	36	25.8719	82.9555
Hirapur	35	21.6977	76.1325
Hinotiya	35	23.7203	77.7787
Hinoda	35	23.5936	77.7886
Hirnai	35	23.5639	77.9473
Hirnoda	35	23.7316	77.9520
Hinotiya	35	23.6893	77.9998
Himmatgarh	35	23.4160	77.8060
Hinotiya	35	23.2128	77.9442
Hingna	35	21.3883	76.3327
Hinauti	35	24.5595	82.1707
Himmatpura	35	24.7767	79.5496
Hilalpur	36	25.7064	83.0683
Hilalpur	36	25.7143	83.0222
Hirapur	36	25.6867	83.0197
Hisampur	36	25.6164	83.0598
Hiradharpur	36	25.5935	83.2225
Hingotyai	35	26.7838	78.3168
Hingotyai	35	26.7711	78.3719
Hirdaipur	36	25.3905	83.0078
Hiramanpur	36	25.3726	83.0323
Hirdepur	36	25.2816	83.0894
Hinauli	36	25.3024	83.1097
Hinauta	36	25.4279	83.2253
Hirdepur	36	25.4074	83.2335
Hinauta	36	25.2622	83.2343
Himmatpur	36	26.9837	78.5043
Hirapur	35	24.6965	79.5831
Hingot Khera	36	26.8899	78.5714
Himmatpura	35	26.7698	78.6980
Hirapura	35	26.5556	78.5454
Hirapura	35	26.5208	78.6919
Himmatpura	35	26.5019	78.5521
Hinauti Muafi	36	25.0976	83.0171
Hinauti	36	25.0424	83.0847
Hinauti	36	25.0994	83.1657
Hinduwari	36	25.2318	83.0856
Hiramanpur	36	25.2403	83.2038
Hiramanpur	36	25.0106	83.1701
Hirdepura	35	26.3843	78.8478
Hiraniya	35	22.9944	77.5855
Hirani	35	22.8283	77.7863
Hignasir	35	22.8662	77.9336
Hingan Nagapur	16	20.9699	76.2701
Hirabombai	16	21.3559	76.8140
Hingan	16	20.9343	76.0315
Hingan Kaji	16	20.9150	76.1328
Hirapura	35	25.3666	78.0893
Hirapura	35	25.3656	78.1899
Hiranandpur	36	25.5885	83.2544
Hirapur	35	25.2491	78.0714
Himmatpur	35	25.0529	78.1212
Hirapur	35	25.0707	78.2437
Hingangohan	16	20.9052	76.3589
Hingna	16	20.9342	76.4480
Hindora	35	25.7310	78.3083
Hingotar	36	25.4539	83.3119
Hinauti	36	25.2681	83.2944
Hinauta	36	25.4054	83.4889
Hiwra Khurd	16	20.6904	76.3733
Hiwra	16	20.6882	76.3717
Hiwar Buzruk	16	20.6925	76.4721
Himmatpur	35	25.3432	78.2545
Hingan	16	20.6766	77.0013
Hinmatpati	35	24.1931	79.6274
Hinoti	35	24.1311	79.5232
Hinmatpati	35	24.1644	79.7402
Hinota Kalan	35	24.2106	79.7329
Hirapur	36	25.2231	78.4343
Himmatpur	35	25.1744	78.3644
Hirapur	35	25.1394	78.4127
Hirangi	16	20.3448	77.2300
Himmatdhana	35	22.3061	77.8514
Hiranchapra	35	22.4338	77.8337
Hirawari	35	22.2372	77.8611
Hivra	16	20.8252	77.5006
Hivra	16	20.7729	77.6331
Hirapura	35	25.3697	78.6887
Hinganvadi	16	20.6940	77.6189
Hivra Lahe	16	20.6034	77.5777
Hivra	16	20.6588	77.7095
Hinglaspur	16	20.7338	77.6763
Hirni	35	21.7580	77.1132
Hirankhuri	35	21.7429	77.2368
Hirda	16	21.7357	77.4378
Hidli	35	21.9320	77.5680
Hiwarkheri	35	21.8880	77.7491
Hivra	35	21.6425	77.8522
Hivara Buzurg	16	20.2555	77.5028
Hinauta	36	24.8030	83.0573
Hirapur	16	21.1971	77.2407
Hingni	16	21.0896	77.2155
Hirdemal	16	21.3538	77.3963
Hirur	16	21.1997	77.6351
Hiwar	16	21.1266	77.5671
Hirapur	16	21.0980	77.6847
Hiradehi	35	21.4194	77.8233
Hirapur	16	21.2666	77.7570
Hingani Buzurg	16	20.8871	77.1027
Hingan Tamasvadi	16	20.8405	77.0037
Hiwara	16	20.1141	77.0368
Hisse Borala	16	20.0338	77.1516
Hingna	16	20.7353	77.2755
Hingni Mirzapur	16	20.8560	77.2975
Hirpur	16	20.7674	77.4020
Hivar	16	20.1603	77.3977
Hirapur	35	21.6992	79.7116
Hingna	16	21.4012	79.7080
Hivra	16	21.3990	79.5048
Hinduari	36	24.7394	83.0652
Hinauti	36	24.7414	83.0875
Hirachak	36	24.2308	83.2861
Himauli	36	25.6203	80.0191
Hingora	36	25.0468	78.5565
Hiwara	16	20.6975	79.4963
Hirapur	16	20.4349	79.0302
Hinauti	35	25.2542	80.1756
Hiraura Bari	35	25.0879	80.1125
Himmatpur	35	25.1109	80.2243
Hirapur	16	20.1150	79.8312
Himmatpur	36	25.8744	80.5729
Hippargi	19	16.9796	76.5917
Hirihangargi	19	16.8544	76.5956
Hilalapur	19	16.0469	76.6802
Hirehesrur	19	16.1248	76.6392
Hirenaghur	19	16.1672	76.6955
Hiremalla	19	16.9547	76.9279
Hisra	38	24.3300	83.9877
Hinauta	35	23.8529	78.2480
Hipalgaon	19	18.1705	77.3478
Hinotiya Bajauri	35	23.5502	78.2420
Himayatsagar	40	17.3399	78.3631
Himayatsagar Colony	40	17.3250	78.3739
Himayatnagar	40	17.4019	78.4888
Hinotiyakhas	35	23.4294	78.1618
Hinotiya Kalan	35	23.3637	78.2155
Hinotiyamahalpur	35	23.3235	78.0189
Hindorakheri	35	24.8785	78.0068
Hirawal	35	24.7822	78.1698
Hinoda	35	24.4399	78.1469
Hinnod	35	24.3473	78.1521
Hingi	24	24.8656	76.3190
Hinotiya Khurd	35	23.7700	78.3508
Hira Bevanur	19	17.2442	76.0538
Hirankheri	35	23.9308	76.2648
Himmatgarh	35	23.9844	76.4723
Hiryal	19	17.1854	76.2037
Hisari	36	24.9616	78.5379
Hirapur	36	24.8319	78.5129
Hirapur	36	24.3855	78.6382
Hinoda	35	24.1270	78.5733
Hingeri	19	17.1471	76.3948
Hikangutti	19	17.0001	76.1976
Hire Badvadgi	19	16.0491	76.0346
Hire Hunkunti	19	16.0305	76.1428
Hire Adapur	19	16.0193	76.2150
Hiwri	40	19.8161	78.4397
Hilgan	36	24.3248	78.8766
Hirapur	36	24.3749	78.9153
Hirapur	40	19.4177	78.5485
Hirapur	16	19.7727	78.7984
Hindupur	36	27.0848	79.0298
Himmatpur	36	27.0087	79.2388
Hilgan	35	23.7709	78.9042
Hinota Patkurd	35	23.9875	78.9314
Hirdepurwa	35	24.9810	80.1800
Hinauti	35	24.5895	81.0037
Hinota	35	23.9735	78.5232
Hinota Duhaga	35	23.9764	78.6390
Hirpur	35	23.8903	78.5720
Hinauta	35	24.6919	81.2585
Hinauta	35	24.7206	81.3516
Hinauta	35	24.6833	81.2670
Hinauta	35	24.6489	80.0272
Hinauti	35	24.8742	81.6140
Hinauti	35	24.8641	81.6147
Hirudih	35	24.8146	81.5762
Hinauti	35	24.7528	81.7276
Hinauta	35	24.7340	81.5309
Hinauta	35	24.7089	81.5342
Hinauti	35	24.5747	81.6355
Hirbar	35	24.6972	81.8781
Hinauta	35	24.2813	81.2102
Hinauti	35	24.4982	81.1592
Hinauta	35	24.2338	81.0776
Hinauta	35	24.0653	81.1190
Hirwar	35	24.0389	81.0932
Hiraul	35	24.4978	81.3782
Hinauti	35	24.2983	81.2991
Hinauti	35	24.4917	81.8659
Hinauta	35	24.3845	81.8947
Hinauta	35	24.1067	81.8395
Hirri	35	22.3108	78.9454
Hiwarkhed	35	21.6364	78.1240
Hirdi	35	21.6703	78.1118
Hiura	35	21.5073	78.6586
Hinauta Muafi	36	25.2828	80.8612
Hingna	16	21.4699	78.9792
Hira ki Purwa	35	24.9245	80.3285
Hirapur	35	24.9018	80.3602
Hirapur	35	24.9743	80.4678
Hiwra	16	20.3833	78.6813
Hinouta	35	24.5782	80.3297
Himtasar	24	28.0230	73.4665
Hiranpur	35	23.0634	79.0620
Hinaoti	35	24.6533	80.6133
Hinaota	35	24.6460	80.6195
Hilonda	35	24.5980	80.6569
Himmatnagar	36	25.7965	82.2678
Hisamuddinpur	36	25.7931	82.3460
Hingupur	36	25.7995	82.4667
Himmatpatti	36	25.9783	82.4286
Hilali	36	25.8091	82.4280
Hindi Baghela	36	25.8802	82.5910
Himmatpur	36	25.8779	82.5055
Hirapur	36	25.7587	82.5184
Hirapur	36	25.7624	82.5747
Hinauti	36	25.5950	82.6320
Hindupatti	36	25.7238	82.7070
Hisampur	36	25.7112	82.7037
Hirapur	35	23.1100	79.3412
Hirki	35	23.0679	79.4631
Hinauta Bher	35	24.4767	80.0990
Hinauti	35	24.4241	80.0122
Hinauta	35	24.3880	80.0107
Hinauta	35	24.2978	80.1282
Hirapur	35	24.3529	80.1883
Hinauti	35	24.4232	80.1824
Hinoti	35	23.7493	79.6002
Hinoti	35	23.6377	79.5966
Hinoti	35	23.7104	79.6775
Hinoti	35	23.9297	79.7728
Hiwara	35	22.1385	79.2101
Hirri	35	22.2444	79.2087
Hinouta	35	24.5704	80.9853
Hinotia	35	22.2135	79.3617
Hisampur Madho	36	25.6700	81.2673
Hisampur Bahre Mau	36	25.5352	81.3337
Hisampur Parsakhi	36	25.6356	81.4300
Hinotiatola	35	22.6088	79.5259
Hinotia	35	22.6116	79.5100
Hinota	35	22.9473	79.8359
Hinotia	35	22.9254	79.9966
Himmat Bahar	36	25.4457	82.2828
Himmatpur	36	25.4915	82.3455
Hiramanpatti	36	25.3931	82.2853
Hira Chak	36	25.2789	82.4749
Hinchanpur	36	25.3413	82.4129
Hiai	36	25.3688	82.4257
Hirai ka Pura	36	25.4138	82.5263
Hirdaipatti	36	25.3575	82.5881
Hirapur	36	25.2942	82.5578
Hirdaipur	36	25.2702	82.5993
Hittapur	36	25.3698	82.7130
Hirapatti	36	25.4014	82.6499
Hirapatti	36	25.2111	82.6262
Hinauti Saruppur	36	25.0254	82.5638
Hirampur	36	25.3787	82.8554
Hirapur	36	25.3185	82.8085
Hirapur	36	25.4630	82.9255
Hirapur	36	25.2292	82.8023
Hingwani	35	22.5815	79.7912
Hinauti	36	24.8506	82.4941
Hingukheri	36	29.4367	77.2429
Hinauta	36	24.8952	82.6601
Hinauta	36	24.7622	82.8177
Hinauta	36	24.8819	82.8420
Hinauta	36	24.8449	82.9378
Hinauti	36	24.6837	82.7693
Hinauti	36	24.7271	82.9232
Hiron ki Dhani	10	28.4575	75.8141
Hirwai	35	24.0376	82.6002
Hikamuddinpur	36	25.6902	82.3336
Hiramanpur	36	25.7062	82.3211
Himmatpur Mubarakpur	36	25.6593	82.2731
Hiramanpur	36	25.5983	82.4735
Hindu Khera	36	26.6564	80.8143
Hira Khera	36	26.6308	80.7567
Hilgi	36	26.6037	80.8994
Himmat Khera	36	26.6786	80.9389
Hinga Khera	36	26.5013	80.9528
Hira Khera	36	26.5273	80.9552
Hira Singh Khera	36	26.3943	80.7677
Hindunagar	36	26.3057	80.8208
Hindupur	36	26.3057	80.8458
Himanchal Khera	36	26.3068	80.8948
Himmatpur	36	26.4539	80.8553
Hilauli	36	26.4549	80.9402
Hindupur	36	26.3425	80.9436
Hiramanpur	36	25.5511	82.8727
Himmat Khera	36	26.0389	80.7508
Himmatpur	36	26.1422	80.8521
Hilauli	36	26.0726	80.8258
Hirnakheri	36	29.0217	78.2161
Himpur	36	29.5804	78.3840
Hindupur	36	29.5249	78.3492
Hirawali	36	29.4764	78.4444
Hirapur Mali	36	29.4387	78.3488
Hiralal	36	24.6888	82.3524
Himmat Purwa	36	27.6249	81.1613
Hirapur	36	27.3937	81.0094
Hira Lalpur	36	27.4886	81.1190
Hira Singh	36	27.6099	81.5910
Hisampur	36	27.2532	81.5971
Hiraipur	36	27.3290	81.6833
Hingua Dih	36	25.8436	83.7917
Hirdaipur	36	25.9249	83.9507
Hidayatnagar	36	27.6895	81.7648
Hiwanchal Purwa	36	27.0565	81.8449
Hittak Purwa	36	27.0526	81.8278
Hiwanchal Purwa	36	27.0149	81.8505
Hitak Purwa	36	27.0038	81.8285
Hilalpur	36	27.0169	81.9794
Hinotia	35	22.2635	79.7577
Hindu Khera	36	26.5125	81.1100
Himatgarhi	36	26.5334	81.1693
Hindu Khera	36	26.6416	81.2187
Himatpur	36	26.7722	81.3056
Hiura	16	21.2037	79.5484
Hirnakheri	36	29.0482	78.2934
Hisampur	36	29.0403	78.4345
Hinduganj	36	26.5270	81.2626
Hillar	12	34.1233	74.1844
Hilan	12	34.1949	74.2174
Hirapur	36	29.0716	78.6875
Hiraundi	35	24.8562	80.8047
Hiroundi	35	24.8550	80.8192
Hinauta	35	24.8138	80.9903
Hilalganj	36	26.3249	81.1625
Hilalganj	36	26.3203	81.1416
Hirain	36	26.3471	81.1509
Hindu Khera	36	26.4583	81.2101
Hindu Khera	36	26.4536	81.2103
Hilgi	36	26.3288	81.2280
Hira Dube Purwa	36	26.2866	81.2138
Hira Dube Purwa	36	26.2791	81.2217
Hira Lal Khera	36	26.4565	81.0064
Hinduganj	36	26.4981	81.2706
Hilha	36	26.4625	81.3371
Hiralal Purwa	36	26.2742	81.3491
Hirapur	16	20.6234	79.5227
Hirapur	36	26.3661	81.8076
Himnapur	36	26.3867	81.9204
Hinauta	35	24.1756	80.7509
Hinauta Khurd	35	24.1706	80.9466
Hinauta	35	24.2375	80.8922
Hiramanpur	36	25.9310	81.0876
Hisamuddinpur	36	25.8176	81.1646
Hinauta	36	25.4397	81.2113
Hirur	19	16.5374	76.2456
Hindaura	36	27.2111	80.7850
Hirpur	36	27.1799	80.8478
Hirupur Gutaiya	36	27.1282	80.7726
Himmatnagai	36	27.1987	80.9100
Himmatpur	36	27.1367	80.9791
Hindu Khera	36	26.4930	80.4974
Hirdi	16	19.8492	77.2144
Hiwra	16	19.6937	77.2273
Hiwra	16	19.6307	77.0803
Hingni	16	19.6316	77.2001
Hirapur	36	27.1513	81.6526
Hindu Singh Purwa	36	27.2162	81.6704
Hindu Singh Purwa	36	27.1913	81.6778
Hinskhera	36	28.6250	78.3525
Hirapur	36	27.0801	81.6948
Hisampur	36	28.5739	78.4774
Hirdelal Purwa	36	27.4184	81.8207
Hiru Purwa	36	27.4313	81.9270
Hiwalni	16	19.7193	77.4833
Hirapur	16	19.6767	77.4880
Hiwri	16	19.9327	77.6951
Hingni	16	19.7545	77.7204
Hirauni	36	28.3718	78.4434
Hiwalni	16	19.9738	77.7929
Hiwri	16	19.8453	77.8504
Hingni	16	19.7497	77.8743
Hirpur	36	28.1259	79.9178
Hilgi	36	28.1889	79.9627
Hirapur	36	28.7273	78.5586
Hisampur	36	28.7337	78.6760
Hindoli	36	28.5369	78.6640
Hisampur	36	25.9311	81.3161
Hisampur	36	25.8309	81.2692
Hinahu	36	25.8078	81.3739
Hisampur	36	25.7871	81.4928
Himmatpur	36	28.2598	78.6294
Hingamau	36	26.1401	81.1011
Hira Lal Purwa	36	26.9756	81.9762
Hindaur Khurd	36	28.0575	78.6667
Hindaur Kalan	36	28.0565	78.6624
Hira Patti	36	26.1685	81.7500
Hirapur	36	26.1533	81.7818
Himmat Singh	36	26.1491	81.7991
Himmatgarh	36	26.0831	81.7925
Hiraman	36	26.0383	81.8055
Hirapur	36	26.1973	81.9578
Hirapur	36	28.7408	78.9392
Himmatpur	36	28.5582	78.9804
Hil Kaka	12	33.6998	74.4145
Hingli	12	33.6466	74.4685
Hirbiwali	12	33.5288	74.4497
Hinduli	36	27.8461	82.0563
Hiwanchalpur	36	27.5936	82.1321
Hinduli Khurd	36	27.7253	82.1479
Hinduli Kalan	36	27.7339	82.1488
Hilmishan	12	33.9989	74.6986
Hirpur	12	33.6741	74.7305
Hindunagar Banke	36	27.3969	82.0245
Hiraman Dih	36	27.3826	82.1639
Hindunagar Khas	36	27.3165	82.1378
Hirdenagar	36	27.3594	82.2448
Hinga Jot	36	27.1384	82.0263
Hisampur	36	25.4591	81.3953
Hiraman Jot	36	27.2143	82.1935
Hindalagair	39	29.8191	79.1113
Hirdenagar	36	27.4342	82.3273
Hirdenagar	36	27.4407	82.3290
Hiranagar	36	27.1536	82.4047
Hirao Bari	36	27.0508	82.4649
Higginpet	40	18.4653	78.5888
Hir	36	27.3518	82.6769
Hingua	36	27.3526	82.6674
Hisamuddinpur	36	27.1218	82.5608
Hindunagar	36	27.0603	82.6158
Hirauli	36	26.6175	82.0938
Hisamuddinpur	36	26.6659	82.0986
Hirawan	36	26.2713	82.0450
Hinauna	36	26.4633	82.2091
Hira Purwa	36	26.4510	82.1911
Hipur Batagund	12	33.6588	74.8981
Hilau	12	33.7455	74.9228
Hindipur	12	33.6906	74.9421
Hind Batapur	12	33.6848	74.9400
Hiramanpur	36	26.1430	82.1988
Himataraopeta	40	18.6586	78.8895
Hiarupur	36	26.8092	82.3494
Hilsi	36	26.7724	82.3459
Hirdia	36	26.9790	82.4821
Hiramanpur	36	26.6341	82.2698
Hiramanpur	36	26.5360	82.2900
Hirdipur	36	26.5180	82.3562
Hinrhi	36	26.4030	82.3997
Hilalpur	36	25.7651	83.0751
Hiramunpur	36	26.2211	82.3982
Higan Gaura	36	26.1778	82.3886
Hinduabad	36	26.0505	82.4026
Hilalpur	36	26.5635	82.5635
Hithiuri	36	26.5291	82.5936
Hitepur	36	26.4724	82.5283
Hisamuddinpur	36	26.0580	82.6086
Hilalpur	36	26.0872	82.7233
Hirapur	36	26.5169	82.7610
Hindola	36	25.9769	83.3168
Hiranpur	36	25.8438	83.3959
Hirapur	36	25.9098	83.3575
Hirdaipur	36	25.8354	83.4513
Hijra	36	26.3012	82.8106
Hisamuddinpur Pipra	36	26.4870	82.8543
Hirampur	36	27.1724	83.2129
Hiragom	12	33.8201	75.1858
Hilar Arahom	12	33.6266	75.2357
Hilar Shahabad	12	33.5695	75.1969
Hiraganj	36	25.7634	81.5958
Hirau ka Pura	36	25.9327	81.6399
Hiruwa	36	26.9541	83.2174
Hichhnanpur	36	26.4438	83.0218
Hisamuddinpur	36	26.2503	83.0032
Hisampur Baragaon	36	26.0189	83.0317
Hisampur	36	26.0220	83.0933
Hira Patti	36	26.0822	83.1812
Hingaipur	36	26.1921	83.2150
Hiraganj	36	26.8321	83.3943
Himmat ki Sarai	36	25.7167	81.6825
Hiraganj	36	25.6936	81.7389
Hinguhar	36	26.3102	83.5993
Hingauli	36	26.3101	83.6947
Hilsa	36	26.0405	83.5252
Hikman	36	26.0325	83.5626
Hirde Patti Jumwan	36	26.1182	83.6668
Hiraj Patti	36	26.1732	83.6815
Hisampur	36	26.0992	83.7407
Hingni	12	33.3559	75.1686
Hijua	12	33.4397	75.0901
Himgardan	12	33.3331	75.2726
Hingi	12	33.3158	75.2521
Hingapuchi	12	33.4985	75.3495
Hinzan	12	33.2863	75.3796
Himandu	12	33.4938	75.4429
Himanal	12	33.3824	75.4667
Hidur	16	19.4639	80.6307
Hitapadi	16	19.4458	80.6465
Hindbhatti	16	19.4003	80.6201
Hindewada	16	19.4257	80.6680
Hirdepur	36	25.7140	83.6437
Hila	12	33.2522	75.6773
Hindigam	12	33.4342	75.6501
Hiye	12	33.4662	75.7163
Hirapur	35	23.9054	80.0019
Hinota	35	23.7138	80.1002
Hinotia	35	23.3934	80.0872
Hirdenagar	35	23.3720	80.0239
Hinota	35	23.2183	80.1047
Hinotia	35	23.1176	80.0838
Hinotia	35	23.0604	80.0074
Hirwara	35	23.7925	80.4283
Hiran	12	33.1517	75.6920
Himoti	12	33.0627	75.6872
Hinota	35	23.9844	80.6448
Hilondi	35	23.4162	80.6483
Hirapur	35	23.0088	80.5281
Hirapur	35	23.8946	80.8420
Hiur	12	33.2762	75.7813
Hinda Chak	12	32.3837	75.3306
Hingwai	36	25.4819	81.6180
Hinauta Sangram	36	25.2540	81.6734
Hinauti Pande	36	25.1686	81.6046
Hinauti Pande	36	25.1676	81.5894
Hinauti	36	25.0861	81.7270
Hir	23	32.0016	75.2908
Hindupur	36	25.8037	81.8084
Hindupur	36	25.7598	81.8245
Hindupur	36	25.2836	81.9338
Hirapur Bara	35	22.3738	74.4778
Hirapur Chota	35	22.3799	74.4716
Hingona	16	21.4097	74.6765
Hispur	16	21.3712	74.7123
Hirapur	16	20.8845	74.9127
Hiswal Budrukh	16	20.6331	74.7919
Hisval Khurd	16	20.2824	74.5606
Hisval Budrukh	16	20.2946	74.5870
Hirapura	35	22.4248	75.5317
Hindlogwari	35	22.3584	75.5673
Himgarh	35	22.3391	75.5279
Hiranmal	35	22.4288	75.7233
Hingonya	35	22.7663	75.9747
Hirli	35	22.9945	75.9066
Hingona	16	21.2694	75.2263
Higaon	16	21.4057	75.1560
Hingona	35	21.4684	75.2048
Hingona Sim	16	20.5353	75.1216
Hingona Khurd	16	20.5365	75.1152
Hingona Khurd	16	20.9889	75.3369
Hingona Budrukh	16	20.9886	75.3413
Hivarkheda	16	20.2230	75.2290
Hiranbhata	35	22.6571	80.1232
Hibbatpura	09	24.2609	72.4690
Hirapur	35	22.4583	80.1151
Hirman	35	22.2694	80.1258
Hirwatola	35	22.2159	80.1158
Himatpur	09	24.0217	72.7241
Hitekasa	37	20.6154	81.3423
Hirdenagar	35	22.5373	80.3984
Hinganjhar	37	20.3575	81.3639
Hichka	37	20.0392	81.4112
Hirdepur	35	22.9778	80.6132
Hilli	16	17.3527	76.0696
Hirmutola	35	21.9831	80.1404
Hirapur	35	21.8301	80.2459
Hidaiatpura	23	31.6978	75.0883
Hingni	09	21.5117	74.2811
Hiran	23	31.1017	75.2405
Hireo	24	26.2222	73.9241
Hiwratola	16	21.4782	80.1613
Hiwra	16	21.4913	80.1602
Hirapur	16	21.3118	80.1302
Hirdamali	16	21.3728	80.2078
Hivarkhed	16	20.2699	74.2493
Hirri	35	21.9142	80.4855
Hirri	35	21.6132	80.3483
Hiratola	16	21.2827	80.2950
Hiratola	16	21.2882	80.3046
Hiwartola	16	21.2816	80.4336
Himliawas Kalan	24	25.7489	73.6244
Himliawas Khurd	24	25.7262	73.6324
Higola Kalan	24	25.6538	73.5077
Hindu ka Gudha	24	25.5382	73.5869
Himatan ka Gudha	24	25.5017	73.6988
Hirawas	24	25.8647	73.9169
Himmatpur	23	31.8901	75.5849
Hingne	16	20.8498	74.5660
Hirakhera	24	25.5156	73.9925
Hirapur	37	21.1132	80.7121
Hir Bah	23	31.8974	75.8405
Hirwadoli	37	22.5400	82.3061
Hingna Dher	16	20.3186	74.8568
Hirapur	16	20.4206	74.9276
Hingne	16	20.1625	74.9698
Hilalpur	16	20.0769	74.7750
Hilauda	35	23.1064	75.3050
Hindadih	37	22.1522	82.3330
Hingoniya	35	22.7265	75.7238
Hingona Khurd	16	21.1743	75.1030
Hingona Budrukh	16	21.1156	75.0698
Hingona Khurd	16	21.0067	75.0579
Hingona Sim	16	21.1699	75.1244
Hirawahi	37	21.4398	80.9542
Hirapura	35	21.6161	75.7371
Hivarkheda Budrukh	16	20.9360	75.0587
Hivarkheda Khurd	16	20.8437	75.0239
Hirapur	16	20.9130	75.1666
Hivarkhed	16	20.2938	75.1347
Hirda	16	20.0562	75.4030
Hivra	16	20.2287	75.4451
Hirri	37	21.9858	82.3135
Hirri	37	21.9799	82.3235
Hirri	37	21.7972	82.4083
Hinchha	37	21.0464	82.2036
Hijran Sarai	36	27.0687	80.5204
Hilalpur Khausripur	36	27.7201	80.9193
Hilalpur	36	27.6015	80.8125
Hirpur	36	27.3158	80.8377
Hirapur	16	20.1092	80.0253
Hiun	23	31.2090	75.9872
Hijal	12	33.3364	76.1633
Hisrund	11	32.8394	76.1915
Hiar	11	32.8327	76.1174
Hiranaota	11	32.7760	76.0600
Himgiri Kothi	11	32.7786	76.1100
Hipaner	16	20.1265	80.3029
Hitapari	16	20.8225	80.5083
Hitarkasa	16	20.7998	80.5086
Hitkasa	16	20.8038	80.5367
Hirange	16	20.3609	80.5143
Himal	24	25.1668	73.9862
Hirkotola	37	20.6524	80.6148
Hidar	37	20.6527	80.7232
Hirkotola	37	20.4947	80.6229
Hitaguta	37	20.8094	80.7858
Hitkasa	37	20.6732	80.7774
Hitapathar	37	20.6673	80.8869
Hilchur	37	20.4741	80.8596
Hilchur	37	20.3608	80.9043
Hibra	11	32.4748	76.3231
Hindi	11	32.4397	76.3409
Hig Got	11	32.3257	76.2769
Hilang	11	32.3558	76.4885
Hilni	11	32.0624	76.3388
Hidayatpur	36	27.1996	81.0945
Hirpur	36	27.0651	81.1290
Hidayatpur	36	27.2089	81.2224
Hirapur	37	21.9040	81.3492
Hinchhapuri	37	21.8978	81.8934
Hiala	23	31.0931	76.1136
Hior	11	31.8166	76.4640
Hitlalli	19	14.7964	74.8095
Hiresar	19	14.8145	74.8197
Hire Harvalli	19	14.8612	74.9986
Himmatpur	23	31.0813	76.5937
Hiyun	11	31.7693	76.7993
Hiyun	11	31.8454	76.8180
Hiyun	11	31.9265	76.8752
Hiyund	11	31.8259	76.8927
Hiyun	11	31.7955	76.9546
Hilog	11	31.7758	76.9882
Hiun	11	31.4416	76.9420
Hindupur	23	30.6269	76.5133
Hipnalli	19	14.6055	74.8021
Hire Kallugodu	19	14.5274	74.9623
Hirala	24	26.8990	75.9584
Hirapura	24	26.8663	75.8965
Hingona	24	26.8443	75.9353
Hiun	11	31.0415	77.1527
Hiun	11	31.1254	77.1399
Hinchapur	37	20.2955	82.0023
Hingla	09	23.1192	74.0390
Hirabatar	37	20.7060	82.2568
Himmatgarh	24	23.1167	74.3522
Himb	11	31.2213	77.8308
Hion Dogri	11	31.1010	77.7900
Hirapur	21	20.1464	82.5545
Hisikeja	37	23.8354	83.5346
Hira	11	30.9232	77.7168
Hira	11	30.8307	77.5846
Hirekai	19	14.4765	74.8314
Hirekai	19	14.4615	74.7542
Hirekai	19	14.4495	74.8007
Hitalkai	19	14.3945	74.8203
Hibkuni	19	14.3647	74.7600
Hiregadde	19	14.2814	74.7894
Hitalkop	19	14.2765	74.9000
Hiremagi	19	14.3044	74.9038
Hitalkatte	19	14.3687	74.8529
Hirekai	19	14.4632	74.8745
Hire Nellur	19	14.2733	74.9843
Hirapur	35	24.2118	79.8678
Hinauti	35	24.1317	79.7648
Hiraheri	36	30.0477	77.6205
Hiraheri	36	30.1703	77.6503
Hira	11	30.9086	77.7605
Hira	11	30.9043	77.7664
Hirsu Khera	39	30.8458	77.8037
Hindach Khera	39	30.8738	77.8793
Hisatu	38	23.6138	83.9044
Hidayatpur	10	28.0693	77.3923
Hirapur	10	28.2416	77.4299
Hiremane	19	14.2017	74.8713
Hirri	37	21.6561	83.1396
Hirapur	37	21.7230	83.2384
Hiondia	39	29.8568	78.9356
Hirri	37	21.5151	83.3059
Hisauti	36	28.3742	78.1888
Hirnot	36	28.3476	78.0252
Hirapur	36	28.2542	78.2457
Himmatgarhi	36	28.1986	78.1878
Hirapur Kalan	36	28.2473	78.3000
Hirpur Bajja	35	23.4824	76.2992
Hirpur Teka	35	23.4817	76.3013
Hirapadhan	21	21.3622	83.4708
Hirapali	21	21.2799	83.4482
Hirdeopur	36	28.7746	78.8362
Hirankhera	36	28.7699	78.9474
Hirlipali	21	21.4141	83.7496
Hiun	39	30.5408	79.1706
Hinotiya	35	23.9806	76.6056
Hirapura	35	23.9205	76.5952
Hiromunda	21	21.1424	83.7431
Hirma	21	21.7947	83.9829
Hirapur	37	18.5626	80.9075
Hiralal	36	27.5253	81.4806
Hiran Purwa	36	27.4797	81.2538
Hiampur	36	27.2925	81.2675
Hira Lal	36	27.2570	81.3232
Hirdepur	36	27.2689	81.3121
Himnapur	36	27.3938	81.4453
Himmatpur	36	26.0419	81.3785
Hindulani	36	26.4936	81.5257
Hirwa	36	26.3004	81.5847
Himmatgarh	36	26.5010	81.6295
Hinnai	36	26.1580	81.6682
Hirmapur	36	26.0182	81.7291
Himanivanigudem	02	16.5723	81.0758
Hirateka	21	19.8900	83.0915
Hingabadi	21	19.5298	83.4493
Hirlaguda	37	19.3371	82.0391
Hirlaguda	37	19.3175	82.1235
Himarupudi	21	19.1013	83.2358
Hikkirijolla	21	19.4655	83.4533
Hikimiguda	21	19.1707	83.3939
Hikkiri	21	19.3546	83.6382
Hingaiputtu	21	18.6895	82.6790
Hingaiputtu	21	18.6264	82.7364
Hikimputtu	21	18.5357	82.7073
Hirri	21	19.9857	81.9367
Hirripara	21	19.9469	81.9664
Hidpal	37	18.9136	81.2854
Hiranar	37	18.9988	81.3771
Hiroli	37	18.5943	81.2695
Hitawar	37	18.7141	81.4133
Himri Kosu	02	18.9109	83.3829
Hirapuram Cheruvu	37	17.8762	81.0926
Hichhan Bigha	34	25.1138	84.4631
Higona	35	23.8558	76.9671
Hirapura	35	23.5294	76.8295
Hikmi	35	23.6022	76.9336
Hirapur	35	22.7719	76.1767
Himtaji Muwara	09	23.0629	73.1378
Hirapur Muwara	09	23.0768	73.0866
Himtaji Muwara	09	23.0983	73.2065
Hirapur	35	22.5157	76.1938
Hirapur	35	22.7099	76.2339
Hichelia Muwara	09	23.1348	73.4807
Hirapur	35	22.0477	76.0347
Hirapur	35	22.0576	76.2356
Hirata	24	23.7833	73.7933
Hingarivada	09	23.2565	73.7822
Hirapur	09	23.1682	73.9360
Hirapur Nes	09	23.1603	73.9413
Hindholia	09	23.1262	73.9905
Himani	39	30.1492	79.7599
Hilman	39	30.0887	79.8833
Hiwar	39	29.6089	79.0449
Himmatpur	39	29.3315	79.0607
Himmatpur	39	29.3991	79.0783
Himmatpur	39	29.3113	79.1863
Himmatpur	39	29.2974	79.2081
Himatpur	34	25.6300	84.5593
Hingola	24	25.3872	73.0812
Hirdepur	39	29.1213	79.2014
Hirapuri	39	29.2313	79.0674
Higola Khurd	24	25.6518	73.4929
Hiram	39	29.5417	79.4590
Hirankandan	35	22.9069	74.6599
Hirapur	35	22.9071	74.5799
Hiri	35	22.6794	74.7169
Hilay	24	24.9703	73.3448
Hiaro	24	24.5969	73.8432
Hiriao	24	24.5447	73.9257
Himmatpur Baijunath	39	29.1883	79.4809
Himmatpur Malla	39	29.2236	79.4868
Himmatpur Talla	39	29.2192	79.4812
Hirdai Chak	34	25.1104	84.5290
Himmatpura	24	26.0409	74.2386
Hilichhina	39	29.7195	79.6132
Hingwa	34	25.8663	84.9338
Hiramanpur	34	25.5120	84.8644
Hiramanpur	34	25.5965	84.9269
Himmatpur	39	29.1543	79.5112
Himmatpur	39	29.1183	79.5345
Hirani	39	29.9182	79.5324
Hichhopal	34	27.0394	84.4948
Hirasati	36	26.8333	84.1796
Hirakheri	24	25.1771	74.4296
Hirmoli Chak	39	29.8860	79.8354
Hinauli	39	29.7577	79.8222
Hichauri	39	29.9491	79.9077
Hirapakar	34	26.8321	84.4493
Hit Patti	34	26.6112	84.3366
Hirapakar	34	26.5082	84.4595
Higwaniya	24	25.2003	74.9570
Hikawara	24	24.0668	74.0352
Hiramangir	34	26.7100	84.7057
Hirawas	24	24.0812	74.4754
Hirapur	35	22.8493	76.3955
Himmatpur	36	28.1798	79.4197
Hirdepur	36	28.1710	79.4580
Hirpur	36	28.1981	79.4960
Higauli	34	26.0536	84.5506
Hilsanr	34	26.1165	84.6796
Hilsanr Tola	34	26.1149	84.6836
Hira Chhapra	34	26.9126	84.9113
Hiramani	34	26.7915	84.9458
Hira Chapra	34	26.4101	84.8923
Himmat Patti	34	26.3210	84.9289
Hingoni Budrukh	16	21.3347	74.8467
Hingonipura	16	21.3734	74.8566
Himkarpur Chamraua	36	28.5887	79.5094
Himkara	36	28.5716	79.5319
Hirdepur Andharpur	36	28.2780	79.5145
Hirpur	36	28.0597	79.6246
Himunpura	36	28.1684	79.6333
Himkarpur	36	28.6995	79.7707
Himmat Nagar	36	28.6656	79.8599
Hirapur Deohi	36	28.3425	79.7748
Hirapur Khurd	36	28.2513	79.9451
Himmatpur	36	28.4151	79.9428
Hirwan Chak	34	25.2005	84.8928
Hiraman Bigha	34	25.1837	84.9175
Hira Bigha	34	25.1195	84.9895
Hisi	34	24.6680	84.1181
Hira Sarai	34	24.6018	84.2208
Hirapur	34	25.3019	84.2011
Hisra	38	24.1254	84.1474
Hiraganj	34	25.1185	84.2087
Hirde Chak	36	25.7404	84.3102
Hirapur	34	25.6328	84.2996
Hirkhi Pipra	34	25.6464	84.4026
Hirdepur	34	25.5624	84.4284
Hirapur	35	22.6355	76.5301
Himmatpura	35	22.9552	76.9671
Hindia Khurd	38	24.2173	84.5417
Hindia Kalan	38	24.2172	84.5539
Hindia	38	24.1158	84.5664
Hisatu	38	24.1503	84.6359
Hirapur	35	25.0268	80.7052
Hingan	19	13.8185	74.8753
Hijana	19	13.7131	74.7792
Hitkavi	19	13.5983	74.7584
Hirebail	19	13.6065	74.8444
Hirebettu	19	13.3214	74.8204
Hiriadka	19	13.3500	74.8691
Hirede	19	13.4199	74.9237
Hirgana	19	13.2764	74.9776
Hirigana	19	13.2455	74.9930
Hirur	19	15.8807	75.1470
Hire Ulligeri	19	15.6691	75.0893
Hire Kummi	19	15.7289	75.1996
Hindasgeri	19	15.1736	75.0209
Hirekop	19	15.0258	75.1443
Hire Budihal	19	15.1298	75.2257
Hire Bendigeri	19	15.0835	75.2078
Hirekop	19	15.8371	75.4131
Hire Mulangi	19	15.9215	75.3890
Hire Tadasi	19	15.8961	75.4343
Hire Narti	19	15.2810	75.2953
Hire Harkuni	19	15.1712	75.2756
Hire Mallur	19	15.0138	75.2624
Hire Gunjal	19	15.2389	75.4034
Hire Muchalgud	19	15.9917	75.6598
Hire Nasbi	19	15.8757	75.7284
Hire Handigol	19	15.4551	75.5400
Hire Mannur	19	15.7067	75.6625
Hire Kop	19	15.4785	75.6521
Hire Mallapur	19	15.0913	75.5554
Hire Gonagarh	19	15.8090	75.9540
Hire Kop	19	15.6701	75.9986
Hire Hanchehal	19	15.4750	75.8475
Hire Vadvatti	19	15.2235	75.7831
Hire Telgadde	19	14.6233	75.0894
Hire Kavashi	19	14.6467	75.1371
Hirur	19	14.7235	75.1025
Hire Hullal	19	14.7363	75.2441
Hire Chavatti	19	14.5700	75.2206
Hire Idagodu	19	14.5219	75.1755
Hire Magadi	19	14.5073	75.2323
Hirale	19	14.3125	75.0611
Hire Avalli	19	14.4133	75.1494
Hire Kasavi	19	14.3434	75.2348
Hire Kabbur	19	14.4890	75.2020
Hilagodu	19	14.0608	75.1568
Hirehalli	19	14.8986	75.0381
HireKanagi	19	14.7637	75.0719
Hire Marlihalli	19	14.9240	75.4847
Hire Mugdur	19	14.8917	75.4476
Hire Lingadahalli	19	14.7279	75.3667
Hire Basur	19	14.6762	75.2989
Hirehalli	19	14.6517	75.3234
Hire Anaji	19	14.6098	75.3308
Hire Konati	19	14.5586	75.3290
Hire Budihal	19	14.5685	75.4695
Hire Jambur	19	14.3604	75.2979
Hire Yedachi	19	14.4702	75.4647
Hire Muttur	19	14.4922	75.4556
Hire Morab	19	14.3989	75.4766
Hire Haraka	19	14.1405	75.2636
Hittala	19	14.1750	75.3466
Hittur	19	14.0828	75.4837
Hire Koralahalli	19	14.1552	75.4083
Hire Bannimatti	19	14.9133	75.6937
Hilihalli	19	14.6293	75.5737
Hiladhalli	19	14.7177	75.7192
Hire Madapur	19	14.4435	75.5446
Hire Kabbar	19	14.3510	75.5742
Hire Gonigere	19	14.3186	75.6372
Hire Magnur	19	14.4728	75.5856
Hindasagatta	19	14.3879	75.6665
Hire Basur	19	14.1910	75.6785
Hiremata	19	14.2318	75.6407
Hitnahalli	19	14.9022	75.9181
Hirekolichi	19	14.9105	75.8684
Hiretotlakere	19	13.4393	77.0992
Hiregundagal	19	13.4326	77.1323
Hirekodatgal	19	13.4371	77.1692
Hikkallu	19	13.3179	77.2404
Hirehalli	19	13.2832	77.1846
Hirepalya	19	13.2875	77.1785
Hiredodvadi	19	13.3567	77.2669
Hirebidanur	19	13.5986	77.5271
Hiremuddanhalli	19	13.4115	77.5826
Hittalhalli	19	13.1230	77.7470
Hire Bidare	19	14.6382	75.8078
Hire Megalageri	19	14.5440	75.9776
Hire Togaleri	19	14.3547	75.9837
Hiremalali	19	14.0498	75.8568
Hiremadalu	19	14.0307	75.8557
Hireuda	19	14.1007	75.9417
Hiremallapur	19	14.1789	75.9401
Hilakunji	19	13.8235	75.0661
Hirinagadde	19	13.7806	75.0373
Hirebail	19	13.7777	75.0980
Hiregadde	19	13.7984	75.1317
Hirebail	19	13.8556	75.1820
Hindalamane	19	13.9232	75.2107
Hire Jeni	19	13.9466	75.2018
Hiriyogi	19	13.8936	75.1459
Hiregadde	19	13.8073	75.1244
Hiregadde	19	13.7279	75.1988
Hiresara	19	13.7464	75.2286
Hittalubail	19	13.4423	75.2224
Hirigana	19	13.2707	74.9990
Hirigana	19	13.2640	75.0036
Hiranottu	19	13.1936	75.0323
Hinapadi	19	13.1874	75.0358
Hirtha Lilade	19	13.0496	75.2012
Hirtha	19	13.2058	75.0339
Hire Kallahalli	19	13.8594	75.2739
Hithalusara	19	13.8230	75.2986
Hirebail	19	13.7577	75.3549
Hithalugadde	19	13.8057	75.3257
Hiretota	19	13.7279	75.3305
Hire Kodagi	19	13.5670	75.3280
Hirebail	19	13.7052	75.2808
Hindaravalli	19	13.3833	75.2850
Hipalki	19	13.3870	75.4192
Hiregadde	19	13.3987	75.4220
Hirebilaloo	19	13.1973	75.4120
Hiriyur	19	13.7970	75.6787
Hirebalalu	19	13.4776	75.5452
Hiremagaravalli	19	13.2781	75.6335
Hirekanmath	19	13.4430	75.7455
Hirekolale	19	13.3578	75.7221
Hiremandi	19	13.0025	75.6430
Hire Sigara	19	13.0315	75.7304
Hingnala	16	19.9167	79.2704
Hirgaon	16	19.7325	79.2606
Hirgaon	16	19.7379	79.4552
Hire Kanavangala	19	13.7888	75.9868
Hirekatur	19	13.7303	75.7679
Hiriyangala	19	13.5765	75.9650
Hirigadde	19	13.1253	75.7746
Hirigarje	19	13.0472	75.8237
Hirigarjepet	19	13.0576	75.8236
Hirihasade	19	13.1046	75.8022
Hirivate	19	13.0181	75.8901
Hirikole	19	13.1263	75.8827
Hiraguppe	19	13.0927	75.9456
Hirehalu Siddapuram	02	15.0536	76.8147
Hirehaluhosahalli	02	15.0085	76.8377
Hirehalu	19	14.8201	76.1598
Hirebandadi	19	12.8054	75.2616
Hirebandadi	19	12.7978	75.2561
Hikimigeri	19	14.6988	76.0645
Hire Kabballi	19	14.6406	76.0819
Hire Arikere	19	14.4877	76.2156
Hire Bennuru	19	14.3146	76.2487
Hindasagatte	19	14.2615	76.0711
Hiriyur	19	14.2128	76.0805
Hiregangur	19	14.0889	76.0169
Hireyammaganur	19	14.1186	76.0578
Hire Kereyaginahalli	19	14.9516	76.4606
Hire Vadrahalli	19	14.7786	76.2643
Hire Kumbalakunta	19	14.6351	76.3975
Hire Bannihatti	19	14.6106	76.2866
Hire Mallanahole	19	14.5208	76.4472
Hirehalu	19	14.9607	76.5105
Hiranand Bigha	34	24.9672	85.4462
Hiraman Bigha	34	24.8416	85.4835
Hira Bigha	34	24.6910	85.3968
Hira Kurha	34	24.6596	85.3261
Hira Khan	34	24.5571	85.4295
Hire Guntanur	19	14.2138	76.2829
Hire Kabbigere	19	14.3478	76.2843
Hirekerehalli	19	14.7809	76.7005
Hire Madhure	19	14.2193	76.6067
Hirangudda	02	14.7670	76.7853
Hiradahalu	02	14.9977	76.8735
Hindlahalli	19	12.7090	76.2870
Hiritalalu	19	12.7077	76.3258
Hire Kalale	19	12.7157	76.4587
Hirekyatanahalli	19	12.3934	76.2840
Hirapatti	34	26.4262	86.1755
Hindikaja	19	12.5135	75.4917
Hirenallur	19	13.6714	76.0411
Hireballekere	19	13.6645	76.1117
Hiregarji	19	13.6239	76.1199
Hiriyur	19	13.6869	76.2035
Hirihalli	19	13.2812	76.0789
Hiriyur	19	13.3402	76.1883
Hire Kadalur	19	13.0884	76.1916
Hindedevarahatti	19	13.8098	76.4430
Hire Sadarahalli	19	13.4595	76.3125
Hitni	34	26.2456	86.4797
Hindasagatte	19	13.8423	76.5806
Hiindasagatte	19	13.8456	76.5886
Hiramya	34	25.7643	86.0441
Hirehalli	19	12.0578	76.2820
Hirehalli	19	12.1365	76.4515
Hirenandi	19	12.1088	76.4890
Hirdan Bigha	34	25.2681	86.0270
Hirimande	19	12.9987	75.6326
Hiregaudanahalli	19	12.8461	76.0907
Hirihalli	19	12.9432	76.1585
Hirehalli	19	12.8878	76.1948
Hippe	19	12.8206	76.1770
Hire Belaguli	19	12.8027	76.2196
Hirehallikoppal	19	12.7688	76.1846
Hirehalli	19	12.7649	76.1792
Hitle Aladahalli	19	12.9744	76.2498
Hirihalli	19	12.6419	76.0725
Hindlahalli	19	12.6560	76.2442
Hittane Hebbagal	19	12.3885	76.1069
Hitnahalli	19	12.4004	76.1025
Hirimalali	19	12.4655	76.1501
Hiralahalli	19	12.6487	76.5256
Hindasahalli	19	12.7451	76.6215
Hindgudlu	19	12.2255	76.1921
Hirihalli	19	12.9695	76.3069
Hippadakere	19	12.8152	76.2957
Hindgaon	16	15.9740	74.1870
Hire Belathi	19	12.8510	76.4339
Hidava	19	12.8718	76.8487
Hira Mahatotola	34	25.4623	86.4441
Hiro Diara	34	25.3413	86.4562
Hittavalli	19	12.2920	76.8357
Hiriyuru	19	12.2100	76.9558
Hirehyati	02	15.4685	77.0907
Hirapur	19	15.9989	77.2931
Hirehadagalli	19	15.3562	77.0392
Hissaramuruvani	02	15.7710	77.4194
Hirapur	40	18.2770	79.0638
Hiriyur	19	12.8244	75.7707
Hiduvanhalli	19	12.9155	75.8968
Hitlakere	19	12.9107	75.9067
Hirikara	19	12.6326	75.8856
Hittalkeri	19	12.6991	75.9134
Hipli	19	12.7354	75.9411
Hitlumakki	19	12.5821	75.8984
Hindlahalli	19	12.6616	75.9799
Hiradhabar	34	25.0472	86.5038
Hiratemba	09	23.4473	73.5310
Himatpur	09	23.3204	73.5386
Hisampur Chamra	36	27.4427	80.6209
Hisampur Zakaria	36	27.4488	80.6229
Hirapur	36	27.4083	80.6212
Hirapur	36	27.3605	80.5431
Hirapura	36	26.1621	79.0115
Hinguta	36	26.0005	79.0683
Hidokhara	36	26.1202	79.2114
Himmatpur	36	26.8643	79.2917
Hindupur Bedpur	36	26.9216	79.2655
Hinhanpur	36	26.8139	79.3612
Hindupur	36	26.8504	79.3789
Hirapur	16	19.8071	79.1156
Hire Shindhogi	19	15.2957	76.0956
Hire Bidinahalu	19	15.4751	76.1363
Hiresobati	19	15.0987	76.1671
Hiregondanahalli	19	15.0197	76.1966
Hire Kasirkandi	19	15.2998	76.2697
Hire Bhogamhalu	19	15.2865	76.2524
Hire Benakal	19	15.4374	76.4569
Hire Jantakallu	19	15.4168	76.5389
Hiriyadka	19	12.7300	75.5262
Hirekallu	19	15.5811	76.8415
Hirehalu	19	15.5724	76.9524
Hiriadka	19	12.5785	75.6439
Hire Balekundri	19	15.8813	74.6332
Hiremele	19	15.8344	74.6970
Hire Budnur	19	15.9688	74.8756
Hirekop	19	15.8437	74.8987
Hire Nandihalli	19	15.6566	74.8210
Hire Bellikatti	19	15.6567	74.8618
Hiremane	19	14.8420	74.3411
Hiblakeri	19	14.3798	74.4516
Hirvatte	19	14.4180	74.4225
Hiriyal	19	14.9600	74.6215
Hindbail	19	14.4085	74.5839
Hiainkuli	19	14.3572	74.6699
Hirekai	19	14.3187	74.7103
Hitlumane	19	13.7786	74.7307
Hilagar	19	13.8191	74.7255
Hirabigha	34	24.6490	84.3065
Hirobigha	34	24.6050	84.4463
Hirabigha	34	24.6044	84.4513
Hichhapur	34	24.9023	84.8390
Himat Bigha	34	24.5666	84.8303
Hirdenagar	34	26.4710	87.0029
Hirapatti	34	26.1171	87.0134
Hingna	34	26.1582	87.3210
Hirdepur	34	26.1364	87.3692
Hirdepur	34	26.1253	87.3706
Hirdepur	34	26.1233	87.4347
Himmatnagar	34	26.1265	87.8261
Hinguagot	34	25.9648	87.1581
Hijukita	38	25.0443	87.3569
Hijri	38	25.0767	87.4102
Hijri	38	25.1586	87.4530
Hisamati	34	25.8364	87.5862
Hiranand	34	25.2782	87.3939
Himatpur	34	25.7460	85.0010
Hinduni	34	25.5479	85.0589
Hiranandpur	34	25.5255	85.2419
Hirdaiganj	34	25.5617	87.5445
Hijli	34	25.9677	87.8033
Hijri	38	25.0835	87.5172
Hindudih	38	25.0222	87.6362
Hisiganj	38	25.0050	87.7112
Hijla	34	25.8597	87.7701
Hirammi	34	24.9432	87.0999
Hijaria	34	24.9290	87.0227
Hilaway	38	24.9455	87.1656
Hirodiha	38	24.3391	87.5028
Hirapur	38	24.1038	87.5445
Hingla	28	24.0771	87.5368
Hiranpur	38	24.6232	87.8627
Hiranpur	38	24.5598	87.7635
Hilora	28	24.4977	87.9657
Hiatnagar	28	24.4280	87.9168
Hidayatpur	34	25.7989	85.3920
Hidayatpur Katahra	34	25.9139	85.3792
Hidayatpur	34	25.8493	85.4632
Hindoli	35	21.6108	75.1606
Himmatpur	34	25.5771	85.2947
Hidayatpur	34	25.4768	85.4248
Hirdan Bigha	34	25.4143	85.4203
Hinganpura	34	25.2292	85.4998
Hirapur	35	21.8215	75.7946
Hivarkheda	16	20.8363	75.7312
Hivarkheda	16	20.6834	75.7035
Hivri	16	20.6809	75.7020
Hijratol	34	26.1195	87.6359
Hingua	34	26.1101	87.7172
Hivra	16	20.0523	75.7272
Hingona	16	20.7809	75.8133
Hingona	16	20.6829	75.8924
Hira	39	29.1800	80.2054
Himmat Purwa	36	27.5538	80.1750
Hillapur	36	27.5718	80.2349
Hingwapur	36	27.5228	80.2165
Hisaulia	36	27.2683	80.0101
Himma Purwa	36	27.3400	80.2024
Hira Purwa	36	27.3141	80.0452
Hirapur	36	27.1457	80.0772
Hiran Kuda	36	27.2089	80.2288
Himwapur	36	27.1587	80.1767
Hindmotor	28	22.6861	88.3357
Hingangaon	16	17.9671	74.2164
Hindra	01	7.9660	93.5388
Hiwalni	16	19.8976	77.4128
Hiriyetachenahalli	19	13.5610	77.8860
Hiriyannahalli	19	13.4740	77.8203
Hiripalya	19	13.2856	77.9586
Hittalahalli	19	13.3649	77.8549
Hiriganhalli	19	13.2603	77.8157
Hitalhalli	19	12.9478	77.0529
Hittalpur	19	12.7977	77.0836
Hissesurapalla	02	15.2346	78.9069
Himakunta	02	14.5839	78.1295
Hiranyapalli	19	13.4104	78.1024
Hijavanahalli	19	13.0382	78.0375
Himsarapalli	19	13.5789	78.3758
Hiranyagaudanahalli	19	13.2446	78.4746
Hirpur	34	25.7213	85.5338
Hingatti	25	12.7303	77.9586
Hirikinjedi	02	13.2102	79.4074
Hirasathapuram	25	12.9105	79.2856
Hilimuthi	13	11.8591	76.0470
Hirlunettu	25	11.5252	76.3655
Hirikati	19	11.9976	76.6580
Hiribegur	19	11.9792	76.7493
Hiriya Shige	25	11.2305	76.6811
Hinjadoli	21	20.7475	84.8362
Hinsirida	21	20.7126	84.9081
Hidisingha	21	20.7090	84.9735
Hisri	38	23.5151	85.1822
Hismi	38	23.4746	85.0778
Hisri	38	23.3679	85.1593
Hisri	38	23.1922	85.0503
Hindebili	38	23.5265	85.4298
Hinu	38	23.3289	85.3170
Hitutoli	38	23.0738	85.3379
Hindebili	38	23.5020	85.5626
Hismidari	38	23.4275	85.6631
Hijratoli	38	23.2303	85.6826
Hisagora	38	23.0536	85.5375
Hirtanr	38	23.6867	85.9707
Hisimdag	38	23.5579	85.7506
Hisim	38	23.5236	85.8792
Hisabera	38	22.9187	85.2387
Hitachindgitoli	38	22.6946	85.0890
Hiri	38	22.8580	85.4516
Hiring	38	24.4148	84.7984
Hirung	38	22.6194	85.2775
Hirapur	38	24.2212	86.7654
Hirpardangal	38	24.0474	86.8648
Hisra	38	23.9433	84.0010
Hiringbar	38	23.9015	84.4889
Hisir	38	23.4401	84.4013
Hirnakhaitola	38	23.1396	84.4399
Hisri	38	23.9399	84.7459
Hirdetoli	38	23.5163	84.6558
Hisri	38	23.7133	84.7411
Hirhitoli	38	23.5008	84.7253
Hisri	38	23.4382	84.6131
Hirhi	38	23.4944	84.7211
Hingirtoli	38	22.6167	84.1867
Hirnachhapar	38	22.9459	84.4369
Hindutoli	38	22.6701	84.8740
Hiranyamangalam	25	10.8554	78.4342
Hirudayapuram	25	10.2409	78.7787
Hireturpi	02	14.0093	77.1149
Hijia	38	22.5897	85.6131
Hindusai	38	22.7437	85.7731
Hinjola	21	21.5266	85.0254
Hirapur	21	21.9758	85.5529
Hirapasi	21	21.7425	85.6729
Hiradeipur	21	20.1692	85.0715
Hinjalagaria	21	20.0839	85.1206
Hirni	34	25.8323	86.2806
Hira Kharar	38	24.6689	86.0453
Hiradih	38	24.2310	86.2160
Hirapur	38	24.0082	86.2414
Hiramma	34	24.9348	86.3779
Hirniatanr	34	24.6581	86.2927
Hirnatanr	34	24.5623	86.4500
Hirnatanr	34	24.4820	86.4281
Hiro	21	21.3845	84.1730
Hiraloi	21	21.3198	84.3093
Hitarai	21	21.1744	84.4274
Hiran	21	21.3834	84.5137
Hitam	21	21.3543	84.5511
Hilang	21	21.3857	84.5858
Hikapali	21	21.3247	84.5644
Hinjamura	21	21.2484	84.6304
Hitasara	21	21.2175	84.6572
Hirapali	21	20.9721	84.0300
Hilung	21	20.8857	84.0591
Himitira	21	20.9238	84.4833
Hinsai	21	20.7565	84.4537
Hingmandal	21	20.7869	84.5035
Hinjagola	21	20.8291	84.5917
Hinjrida	21	20.9984	84.7141
Hinsaloi	21	20.7906	84.7970
Hinjagola	21	20.7574	84.8273
Hir Bandh	28	23.0603	86.8163
Hiranagar	36	24.8557	78.7461
Hindupur	36	27.0140	79.1933
Hisampur	36	25.8680	81.5136
Himatgarh	23	30.5865	76.2699
Hivarkheda	16	20.6543	75.7941