Howrah	28	22.5769	88.3186
Hosur	25	12.7365	77.8326
Hosapete	19	15.2695	76.3871
Hoshiarpur	23	31.5372	75.9127
Hoskote	19	13.0707	77.7981
Hodal	10	27.8920	77.3674
Homnabad	19	17.7707	77.1252
Hojai	03	26.0028	92.8560
Holenarasipura	19	12.7864	76.2433
Hosadurga	19	13.7963	76.2841
Honnavar	19	14.2809	74.4450
Howli	03	26.4224	90.9800
Honnali	19	14.2398	75.6451
Holalkere	19	14.0429	76.1850
Hosakote	19	14.2760	77.1683
Hosanagara	19	13.9139	75.0650
Howraghat	03	26.1091	93.0333
Hosangadi	19	13.6976	74.9543
Hoda	09	24.1346	72.3306
Howang	03	25.9442	93.4008
Hotgi	16	17.5905	75.9758
Hosuru	02	15.3797	77.4598
Hosuru	19	13.5843	77.4369
Hosur	19	14.6540	75.1037
Hoshalli	19	13.4412	77.4596
Hosdrug	13	12.3170	75.0871
Hosa Kannambadi	19	12.4595	76.5750
Hosahalli	19	14.6475	76.4664
Horti	16	17.8794	76.3004
Horti	19	17.1166	75.7876
Horomoto	21	22.0540	85.2905
Hora	30	27.8333	93.6500
Hope Town RV	01	11.7055	92.7361
Honwada	40	16.7333	77.9333
Honutgi	19	16.8242	75.8636
Honupatta	41	34.1603	76.8434
Honudaki	19	13.2106	77.1260
Honnuru	02	14.9081	77.0857
Honnekere	25	12.5667	77.9667
Honnavalli	19	13.3329	76.3866
Honia	41	33.6877	76.9407
Honganur	19	12.6044	77.2175
Honganur	19	11.9851	77.0380
Hong	30	27.5592	93.8495
Honakere	19	12.7127	76.7026
Homtich Thach	11	31.7445	78.2309
Homfrayganj	01	11.6000	92.6667
Hombal	19	15.5166	75.5546
Holongchari	31	23.0390	92.4863
Holehonnur	19	13.9866	75.6893
Holavanhalli	19	13.5290	77.3020
Holalur	19	14.0377	75.6811
Holalu	19	14.8406	75.7144
Holalagondi	02	15.4878	77.0475
Hol	16	21.2215	75.0549
Hoinar	37	19.3667	81.1833
Hodu	24	25.6113	71.7559
Hodigere	19	14.0426	76.0030
Hobdaypur	01	11.6500	92.6500
Honjaro	21	18.6229	82.6641
Hodura	12	34.1846	74.8496
Hora Improvi	12	33.7528	74.0750
Hoshiaru de Kothe	12	32.6181	74.9167
Horawala	39	30.4266	77.8896
Holaspura	24	25.2850	75.5260
Holi	39	29.8622	78.6750
Hosakerahalli	19	12.9249	77.5348
Hosa Road	19	12.8693	77.6541
Housing Board	19	12.9810	77.5356
Hormavu	19	13.0318	77.6583
Hoysala Nagar	19	12.9812	77.6385
Hoshalli	19	12.9642	77.5508
Hongasandra	19	12.8949	77.6261
Hosakere	19	13.0057	75.5974
Hoshanga	36	24.7028	78.6552
Hoolikeri	19	15.4813	74.7402
Hosapalya	19	13.5122	77.3726
Hodakona	03	25.9472	90.5602
Hodka	09	23.6591	69.6026
Holang	38	24.0237	85.6385
Hoshalli	19	13.5823	75.1955
Horabail	19	13.8064	75.2422
Honnekodi	19	12.7982	75.8869
Holagondi	19	15.0332	76.0031
Honwad	19	16.8052	75.4207
Hossenpur	28	25.2359	88.7939
Hoodi	19	12.9944	77.7164
Hoskote	19	13.3007	75.8696
Honagadde	19	14.8828	74.5740
Hoshiarpura	10	29.3634	76.5677
Hond	12	34.5358	74.1871
Hola	11	31.4375	77.3484
Horu	11	31.3008	77.4688
Hoa	11	31.3888	77.4520
Holanwali	23	30.9454	74.8427
Holai	11	31.1326	77.4000
Hochla Sharshah	11	31.4518	77.5042
Holi	10	30.2356	77.0736
Hodaheli	24	27.3205	76.6396
Hoshi Majra	36	30.0133	77.4925
Holwat	11	30.7416	77.5567
Holdar	11	30.7453	77.6537
Hondari	11	30.6752	77.7338
Homira Ka Bas	24	27.9779	76.8880
Hora	39	30.6928	77.8576
Hodayali	24	26.5276	76.1925
Hotnapur	35	23.3310	78.5899
Hoshangpur	36	29.5211	77.2436
Hoshiarpur	36	29.5562	77.6570
Hodla Kalan	23	30.0517	75.6114
Holambi Khurd	07	28.7968	77.0970
Holambi Kalan	07	28.8044	77.0969
Hoshiarpur	36	28.5818	77.3703
Hod	12	33.2566	76.2587
Homte	11	31.6286	78.0183
Homkul	11	31.3969	78.3526
Hom Kundi	39	30.3137	79.7397
Holiyakheri	35	24.4372	76.9972
Hodal	40	18.5745	79.7764
Hosurnagar	40	18.5607	79.9979
Hoshdarpurgarhi	36	28.6947	77.8924
Hom Basti	28	27.0361	88.3591
Holipura	36	26.8410	77.4642
Hondegaon	16	19.5509	76.3296
Hol	16	18.7047	76.2368
Hoshiarpur	23	30.8345	76.7178
Honmal	16	18.3087	76.8565
Honala	16	17.9935	76.1625
Holgeri	16	17.5178	76.2092
Honhalli	19	17.5906	76.6007
Honalli	19	17.1685	76.6088
Honhalli	19	17.7895	76.7773
Hodal	19	17.5631	76.8342
Honawandi	37	20.0619	81.7899
Hokrani	19	16.3623	76.2126
Honnahalli	19	16.7482	76.4354
Hosahalli	19	16.5774	76.3086
Horhatti	19	16.3826	76.3465
Hosura Siddapur	19	16.3453	76.7677
Hosur	19	16.2003	76.7518
Hotelwadi	16	19.0115	77.1844
Hona Tanda	16	18.8559	77.0864
Honwadajwadi	16	18.6660	77.3785
Honwadaj	16	18.6654	77.3947
Hokarna	16	18.7098	77.4036
Hokarna	19	18.3879	77.3272
Hotala	16	18.8145	77.5174
Hotal	16	18.4788	77.5627
Hoddepalli Farm	40	18.6732	77.9818
Hoshalli	19	17.3719	77.2313
Hoshalli	19	17.1794	77.2329
Hosur	19	17.0344	77.1350
Hodai Biranhalli	19	17.3902	77.3099
Hoshalli	19	17.4138	77.3812
Hondhalli	19	17.2787	77.3647
Holla	36	27.5319	77.7799
Honapur	40	17.7800	77.9250
Horchi	36	27.5669	78.5243
Horanchi	19	16.8390	77.1311
Honageri	19	16.8197	77.1860
Hospet	19	16.2887	77.3004
Hosur	19	16.1835	77.3282
Horipura	36	26.9746	77.6888
Horabarha	35	26.4158	77.5553
Hotia ka Nagla	36	26.9429	77.9168
Horapura	24	25.3448	77.2363
Horsipura	35	25.7605	77.9215
Hodalpur	36	27.8800	78.7415
Hor Purwa	36	26.9923	79.9197
Holepur	36	26.9103	79.9003
Holpur	36	25.6932	82.2466
Holapura	35	26.8198	78.2113
Holipura	36	26.9046	78.5173
Hora	35	22.9456	77.9300
Horiapipar	35	22.6694	77.8445
Holipur	36	25.5348	83.2695
Horilpur	36	25.5133	83.3278
Horilpatt	36	25.7469	83.3585
Horilpur	34	25.1626	83.7041
Horilpur	34	25.1079	83.6962
Horila	36	24.8383	83.3391
Honhe Khurd	38	24.0148	83.7420
Honhe Kalan	38	24.0073	83.7459
Hosakeri	19	16.6627	76.7176
Hobbalakal	19	16.3676	76.5098
Hosur	19	16.3525	76.5723
Hosur	19	16.2063	76.6803
Hotpet	19	16.7606	76.8184
Hosur	19	16.8742	76.9019
Hotinmadu	19	16.8874	76.9500
Holandgira	19	16.8333	76.9622
Hohnal	19	16.9155	76.9388
Holanga	38	24.2700	83.8580
Honhe Khurd	38	24.0122	83.7524
Honji	19	18.1341	77.2590
Homantalapalli	40	16.7623	78.8014
Honahalli	19	17.0479	76.2260
Hotipurwa	35	24.9462	81.8556
Hotepur	36	27.5833	79.2619
Hosanka Shah Alampur	36	27.5624	79.2682
Holi Nagla	36	27.5824	79.4009
Hola	35	23.1835	79.1599
Hoshiarpur	36	25.8740	82.2050
Honrala	36	25.9384	82.6628
Horaia	36	25.5602	82.6326
Holapur	36	25.3624	82.3068
Holpur	36	25.3036	82.3994
Holapur	36	25.3746	82.9512
Hosipur	36	25.6805	82.7756
Horia Pura	36	25.5922	82.7896
Holi Purwa	36	27.5537	81.5312
Holpara	36	27.4360	81.6037
Hotalganj	36	27.1337	81.9230
Holi Purwa	36	27.1466	81.8962
Holpur	36	26.5705	81.4339
Holiyapur	36	25.7847	81.2168
Horesa	36	25.9231	81.2444
Hordana	16	21.1075	74.4125
Hoshangpur	36	28.8629	78.2965
Holi Purwa	36	27.4214	81.7526
Holiagara	36	27.3700	81.8839
Hochangar	36	26.9266	81.9013
Hodiapur	36	26.7697	81.9345
Hotipur	36	28.1128	78.7931
Hobbi	12	33.3730	74.5021
Holiapur	36	27.2408	82.7072
Holapur Kazi	36	26.8806	82.1859
Holapur Talib	36	26.8869	82.1869
Homhan	12	33.7609	74.9396
Hompathar	12	33.5461	74.9936
Holi Purwa	36	26.2352	82.0290
Horilpur	36	26.3285	82.4911
Holapur	36	26.1530	82.2559
Holpur	36	26.1018	82.3490
Hosimau	36	26.7523	82.8683
Holpurganga	36	25.8483	83.2931
Holpur Rasti	36	25.8183	83.2766
Hoksar Baihk	41	34.2038	75.3092
Honzapur	12	33.8122	75.0834
Horilapur	36	27.1108	83.7162
Hohawur	12	33.7397	75.0730
Hokur Badasgom	12	33.6547	75.2006
Hokur Badasgom	12	33.6374	75.2251
Holpur	36	26.2009	83.2095
Holipur	36	26.1102	83.5270
Hodri	16	19.4582	80.7146
Horilapur	36	26.8421	83.9941
Holpur	36	26.0599	83.8928
Horine	12	33.3694	75.6411
Horne	12	33.4036	75.7069
Homdun	12	33.6581	75.7655
Homul	12	33.6121	75.7833
Honzar	12	33.5020	75.8717
Horanmarg	12	33.3991	75.9621
Hona	12	33.1437	75.8086
Hor	12	32.4195	75.2895
Hosi	36	25.4709	81.5427
Hordu	12	32.6973	75.5633
Holagarh	36	25.6377	81.7742
Holawan	35	24.8480	81.0389
Horha	11	32.4358	75.9540
Hobar	11	32.4523	75.9773
Hol	16	21.8137	74.0380
Holpani	16	21.7552	74.0221
Horpada	16	20.6887	74.7958
Holimal	35	22.3034	75.5638
Hodadiya	35	22.2883	75.7846
Hol	16	20.5908	75.1914
Hoshiar Nagar	23	31.5840	74.6817
Holitola	35	22.1769	80.0101
Honher	37	20.1143	81.4931
Hosur	16	17.3674	76.1190
Hol	16	21.5806	74.4832
Hothian	23	31.3994	75.1208
Hoditola	35	21.9455	80.4112
Hothian	23	31.4489	75.3263
Hoshiarpur Kalota	23	31.9954	75.5678
Hora	23	31.9671	75.8630
Hol Vadi	16	21.2004	75.2756
Holpimpri	16	20.9517	75.1006
Horakasa	16	20.1572	80.2214
Honswa	12	33.2683	76.1248
Hodela	24	25.1754	73.9419
Horela	16	20.5185	80.6061
Hoda	11	32.0304	76.3944
Holka	36	27.1086	81.1497
Holi	11	32.3287	76.5547
Holsu	11	32.0597	76.5533
Hoani	11	31.9882	76.0146
Hor	11	31.9308	76.2253
Holigadde	19	14.9052	74.7674
Hostot	19	14.7556	74.9168
Hostot	19	14.5776	74.7684
Hoskop	19	14.5084	74.8229
Hoshalli	19	14.7093	74.8590
Hoshalli	19	14.7028	74.8556
Hosbale	19	14.5747	74.8773
Horalli	19	14.5325	74.8348
Hoskop	19	14.7326	74.9796
Holash Dogri	11	31.1560	77.7781
Hosgatte	19	14.4722	74.7537
Hoskop	19	14.4420	74.8185
Honnehad	19	14.4322	74.8091
Honnekomb	19	14.3974	74.7558
Hostot	19	14.3813	74.7744
Hostot	19	14.3849	74.7774
Hosmane	19	14.3748	74.7863
Hosgadde	19	14.3712	74.7622
Hosmanju	19	14.3513	74.8115
Honnemadki	19	14.3327	74.7715
Honnam Devasthan	19	14.3262	74.7737
Hosgadde	19	14.3287	74.7538
Honnekai	19	14.2920	74.7854
Hoshalli	19	14.3483	74.8212
Hosarli	19	14.2543	74.8901
Hosur	19	14.2951	74.8535
Hosur	19	14.3414	74.8859
Honnegunde	19	14.3463	74.8946
Hosgadde	19	14.4256	74.8432
Horabail	19	14.4772	74.9366
Hosabale	19	14.4668	74.9646
Homia	38	23.8333	83.7691
Holebagal	19	14.2282	74.8235
Hosagaru	19	14.1755	74.9157
Hosakoppa	19	14.1825	74.9776
Honnegodu	19	14.2081	74.8481
Hosmane	19	14.2223	74.8468
Hosahalli	19	14.0551	74.8823
Holdharpali	37	21.5660	83.0145
Hoshdarpur	36	28.3707	78.1321
Holsari	21	21.6770	83.5373
Holi Purwa	36	27.4802	81.2743
Holipur	36	27.3133	81.2790
Holdiguda	21	19.2119	82.2182
Holidikundo	21	18.8491	82.2272
Honagonu	21	19.3011	83.3206
Holuva	21	19.1792	83.3578
Horodaputtu	21	18.9678	82.5526
Hordoli	21	18.8983	82.5807
Honjaro	21	18.6210	82.5290
Hollangupadu	21	18.6062	82.5358
Honjaro	21	18.5416	82.5177
Horidaputtu	21	18.6909	82.7268
Holidipuru	21	18.7097	82.7433
Holsiguda	21	18.9103	82.9888
Hoffpet	02	16.2999	80.5796
Hondaliguda	21	18.6653	82.7672
Horodiputtu	21	18.6188	82.8202
Holediguda	21	18.5376	82.9104
Hondupuro	21	18.5769	82.8313
Honjaroguda	21	18.7258	82.8692
Holidiputtu	21	18.7022	82.9722
Hoduchimmavalasa	02	18.6395	83.1538
Homsa	02	18.8048	83.9204
Honjaram	02	18.4440	83.8083
Horiyakho	35	22.6896	76.2056
Hothwad	09	23.0144	73.2806
Hondra	24	23.9789	73.5515
Hogpura	24	23.4417	74.2386
Holpur Kalan	24	26.1515	73.4781
Hobrao	24	26.0071	73.3745
Holia	24	25.4416	73.8975
Hodah ka Bagal	24	25.2974	73.8708
Holkadhar	09	22.6629	74.1349
Holi Para	09	22.9363	74.3213
Holi Khet	39	29.3669	79.4427
Hodawa	24	24.8049	73.8055
Hoana	35	22.6879	74.8240
Holatalai	35	22.6256	74.8766
Holi	35	22.5256	74.9132
Hokran Bari	24	26.5462	74.6071
Hokran Chhoti	24	26.5536	74.6156
Holi	39	29.4673	79.5070
Horai Khatta	39	29.0719	79.6374
Hoshiara	24	26.6335	74.7547
Holipur	36	26.2487	84.0010
Hornada	34	26.5272	84.3971
Hol Budrukh	16	21.3812	74.2650
Hol Khurd	16	21.3901	74.4054
Hobawara	24	24.0993	74.0133
Horil Chhapra	34	26.5368	84.5937
Horipura	39	28.8845	79.5267
Holgujri	16	21.5805	74.5165
Holgaon	35	21.9127	74.8777
Hol	16	21.2097	74.7802
Horil Bigha	34	25.3083	84.7788
Horilganj	34	25.2003	84.9855
Horil	38	24.5744	84.0206
Holi Chak	34	24.9441	84.4458
Hordi	35	22.5911	76.6228
Hotwar	38	24.0085	84.5369
Hosir	38	24.0282	84.6682
Hosmane	19	13.9307	74.7557
Hosur	19	13.9481	74.8013
Holegaru	19	13.9152	74.8614
Hoskop	19	13.9450	74.8422
Hosur	19	13.9036	74.9617
Hornadi	19	13.5992	74.7863
Hosagadde	19	13.6060	74.8885
Hosabettu	19	12.9785	74.8046
Hosval	19	15.7738	75.1375
Hongal	19	15.6282	75.0747
Hosur	19	15.4692	75.0164
Honnihalli	19	15.2386	75.0047
Hoshalli	19	15.0482	75.0367
Hosur	19	15.0024	75.1419
Honnapur	19	15.0839	75.1506
Hoskatti	19	15.1587	75.1672
Hosakeri	19	15.9385	75.4143
Hoshalli	19	15.2302	75.3508
Honnikop	19	15.0219	75.4358
Holi Hadagali	19	15.8236	75.6851
Hosur	19	15.3000	75.5737
Honnapur	19	15.6363	75.6453
Hoshalli	19	15.4087	75.5120
Hosur	19	15.8782	75.8004
Holalapur	19	15.2257	75.5241
Hosur	19	15.2017	75.5777
Hosur	19	15.0454	75.6851
Hoshalli	19	15.1845	75.7034
Hosahalli	19	15.7022	75.8110
Hosa Ramapur	19	15.6668	75.9789
Honnuru	19	15.0331	75.8783
Hoskop	19	14.6523	75.0084
Hosakoppa	19	14.5608	75.0736
Hosahalli	19	14.5637	75.1264
Honkan	19	14.6440	75.2011
Hosur Agrahar	19	14.4769	75.0151
Hosabale	19	14.3176	75.0472
Hodabatte	19	14.2817	75.1019
Horabailu	19	14.2688	75.0968
Hosur	19	14.4919	75.1064
Holekatte	19	14.2982	75.1628
Hosur	19	14.2998	75.1733
Hosur	19	14.1133	75.0221
Honnesara	19	14.0984	75.0706
Hosakoppa	19	14.0690	75.0451
Hosagugodu	19	14.0043	75.1496
Hosagunda	19	14.0967	75.1511
Honnagod	19	14.1129	75.1592
Hosa Sante	19	14.1757	75.1722
Hosur	19	14.1044	75.1709
Hosakoppa	19	14.0987	75.2442
Holalur	19	14.0624	75.2429
Hosoni	19	14.9151	75.0435
Hoskop	19	14.9135	75.0456
Hoskop	19	14.8173	75.1053
Hoshalli	19	14.7660	75.0930
Hottur	19	14.9487	75.2315
Hospet	19	14.8866	75.1705
Hotanhalli	19	14.8828	75.1921
HosAladkatti	19	14.8302	75.2046
Hotanhalli	19	14.7700	75.1811
Hosur	19	14.7304	75.3237
Hombli	19	14.8306	75.2502
Hoshalli	19	14.9263	75.3678
Hoshalli	19	14.7763	75.3481
Homardi	19	14.7309	75.4265
Hosa Sidenur	19	14.6377	75.4506
Hosakote	19	14.0337	77.2981
Hosahalli	19	14.1985	77.3046
Holabikond	19	14.4482	75.3529
Hoshalli	19	14.4479	75.4410
Hosur	19	14.4619	75.3777
Hosur	19	14.2596	75.4661
Hotanakatte	19	14.2331	75.2952
Horabail	19	14.0668	75.3181
Hosur	19	14.0819	75.3581
Honnekoppa	19	14.0279	75.2881
Hosur	19	14.0618	75.4062
Hosurmatti	19	14.0033	75.4064
Hosakoppa	19	14.2059	75.4955
Hosur	19	14.0174	75.4954
Hosur	19	14.0006	75.4357
Hosritti	19	14.8983	75.5522
Honnatti	19	14.7550	75.6326
Honnatti	19	14.7475	75.6243
Hoskatti	19	14.3422	75.5111
Hosur	19	14.2818	75.6262
Hole Arlehalli	19	14.3053	75.6320
Holianveri	19	14.4949	75.6915
Hosahalli	19	14.4672	75.7440
Hosahatti	19	14.2510	75.6092
Holehatti	19	14.0233	75.6736
Hottapura	19	14.1808	75.6821
Hole Madapura	19	14.2237	75.6843
Hosahalli	19	14.1274	75.7156
Hosa Lingapur	19	14.1087	75.7338
Holehatti	19	14.0073	75.7364
Hosahalli	19	14.9727	75.7809
Hosahalli	19	13.7360	77.0593
Hottebetta	02	13.8792	77.1569
Hosapalem	02	13.8774	77.1463
Hosahalli	02	13.7888	77.1385
Hosahalli	19	13.7990	77.1779
Hosahalli	19	13.7789	77.1956
Hosakere	19	13.7648	77.1977
Honnappapalem	02	13.8292	77.1405
Honnappapalem	02	13.8200	77.1223
Honnarlahalli	02	13.8339	77.0928
Honnapuram	19	13.7380	77.1086
Hosapalya	19	13.7463	77.2106
Hosahlli	19	13.6496	77.1456
Hosamallanahalli	19	13.6112	77.0056
Honnenahalli	19	13.6433	77.0107
Holatalu	19	13.5251	77.1322
Hosahalli	19	13.5367	77.2474
Honnenhalli	19	13.4521	77.2220
Hosakote	19	13.4597	77.2149
Hosahalli	19	13.4405	77.2135
Hoshalli	19	13.4111	77.1381
Honenhalli	19	13.4096	77.1020
Honenhalli	19	13.3696	77.0869
Hoshalli	19	13.3683	77.0769
Hodekallu	19	13.3080	77.2138
Hosurpalya	19	13.2739	77.0914
Hoshalli	19	13.2822	77.0391
Honenhalli	19	13.2645	77.1122
Hosur	19	13.2684	77.0920
Holkallu	19	13.2462	77.1158
Honnenhalli	19	13.2093	77.2423
Honnenhalli	19	13.1698	77.0818
Hosahalli	19	13.1723	77.1984
Hospalya	19	13.1828	77.2342
Holeyarpur	19	13.1512	77.1136
Honnopur	19	13.1434	77.1277
Hospalya	19	13.0752	77.1791
Hosanhalli	19	13.0514	77.0042
Hoshalli	19	13.0180	77.0910
Hoslaya	19	13.0679	77.1094
Honnenhalli	19	13.0674	77.0262
Hoshallipalya	19	13.0835	77.0859
Honnegowdanpalya	19	13.0841	77.0809
Honnampalle	02	13.8918	77.4271
Hosa Itakaloti	19	13.8134	77.3637
Hosgoliarahatti	19	13.7928	77.2500
Hoskote	19	13.7949	77.2504
Hospalya	19	13.4907	77.2532
Hosahalli	19	13.7305	77.3595
Hosuru	19	13.7399	77.4312
Hosapalya	19	13.6382	77.2969
Hosapalya	19	13.6253	77.2944
Hosahalli	19	13.5770	77.3172
Hosakote	19	13.5809	77.4012
Hosa Dimmagattanahalli	19	13.5782	77.4844
Honnarnahalli	19	13.5031	77.2900
Hoskote	19	13.4525	77.4761
Hospalya	19	13.4473	77.4431
Hoshalli	19	13.4524	77.2919
Hotteppanhalli	19	13.2947	77.3315
Hoshalli	19	13.2904	77.4708
Holeyarhalli	19	13.3033	77.4283
Hospete	19	13.4048	77.3055
Honnedevipur	19	13.2430	77.4157
Honnavara	19	13.2218	77.4188
Hoshalli	19	13.2071	77.2722
Honnasandra	19	13.1172	77.4474
Honarayanhalli	19	13.1149	77.2984
Hoshalli	19	13.0491	77.3007
Hoshalli	19	13.0538	77.4561
Honnasandra	19	13.0406	77.3379
Hosahalli	19	13.6046	77.7363
Hosahalli	19	13.5155	77.6141
Honougar Halli	19	13.4963	77.7279
Hoshalli	19	13.4062	77.7198
Hosur	19	13.3999	77.6455
Honnagatta	19	13.3207	77.5071
Hosur	19	13.2979	77.6453
Hosur	19	13.2731	77.7249
Hoshalli	19	13.2545	77.5346
Hosur	19	13.3628	77.7443
Hosahadya	19	13.3301	77.7223
Hosahalli	19	13.2789	77.5922
Hoshalli	19	13.3503	77.7423
Hosur	19	13.3270	77.7264
Hoshalli	19	13.3125	77.5229
Hosahudya	19	13.2381	77.5444
Hoshalli	19	13.2336	77.6727
Hoshalli	19	13.1982	77.7493
Honenhalli	19	13.1600	77.5649
Hoshalli	19	13.1692	77.5948
Hosur	19	13.1816	77.6423
Hoshalli	19	13.1345	77.7178
Hoshalli	19	13.1413	77.6417
Hosur	19	13.1031	77.6564
Hormov	19	13.0271	77.6594
Honnapalli	19	13.9045	77.8611
Hosahudya	19	13.8023	77.7731
Hosakote	19	13.7546	77.7957
Hoshalli	19	13.1847	77.9285
Hoblihalli	19	13.1665	77.9159
Hosahalli	19	13.2279	77.8606
Holerhalli	19	13.0155	77.9993
Hoshalli	19	13.0458	77.8851
Honchenhalli	19	13.0190	77.8547
Hongenhalli	19	13.0490	77.9903
Hosur	19	13.1080	77.9792
Hosadimbahalli	19	13.1776	77.8743
Hoshalli	19	13.1669	77.8807
Hosahalli	19	14.6363	75.8298
Hospet	19	14.5164	75.7889
Hottiganahalli	19	14.6120	75.8621
Honnenahalli	19	14.6103	75.9249
Hosahalli	19	14.5858	75.9781
Hosur	19	14.2611	75.8627
Honnamardi	19	14.3129	75.8930
Honnur	19	14.4187	75.9959
Hosabannihatti	19	14.0671	75.9241
Hosur	19	14.1574	75.8946
Hosagiriyapur	19	14.2108	75.9293
Honnanaikanahalli	19	14.0394	75.9699
Hosakoppa	19	13.9885	75.0257
Holekoppa	19	13.8796	75.0177
Holegadde	19	13.8262	75.0907
Honagalabail	19	13.7694	75.1056
Hosagadde	19	13.8342	75.1789
Honnebail	19	13.8469	75.1874
Hondalagadde	19	13.8701	75.2146
Holenakoppa	19	13.9264	75.1985
Hosahalli	19	13.9795	75.1562
Horalkoppa	19	13.9624	75.2196
Honalkoppa	19	13.9388	75.2354
Houngar	19	13.5456	75.2335
Hossur	19	13.5505	75.2474
Holegadde	19	13.6220	75.2455
Honnani	19	13.6368	75.2288
Honnetal	19	13.5513	75.1504
Hosur	19	13.5543	75.1252
Hosgadde	19	13.5113	75.1583
Hosangadi	19	13.5049	75.1360
Honnekatte	19	13.6122	75.0141
Hosmane	19	13.6060	75.1296
Holalurbetgere	19	13.6090	75.2033
Hospete	19	13.5770	75.1813
Horani	19	13.6965	75.2005
Hosakodagi	19	13.7421	75.1539
Hosuru	19	13.7234	75.1546
Horani	19	13.7256	75.2232
Hoskoppa	19	13.7101	75.1705
Hoskoppa	19	13.4121	75.1950
Hoskere	19	13.4596	75.2179
Hosur	19	13.4577	75.2391
Honnavalli	19	13.4382	75.2355
Honnekoppala	19	13.3750	75.0340
Horane	19	13.3244	75.1800
Hostota	19	13.3352	75.1379
Honnappa 's Darkhast	19	13.4742	75.0671
Hosangadi	19	13.0418	75.0923
Hokkala	19	13.0783	75.2171
Hosabettu	19	13.1876	75.1206
Hosahitlu	19	13.2224	75.0319
Hosahalli	19	13.9395	75.3499
Hosakoppa	19	13.8689	75.2963
Hogara	19	13.8590	75.3479
Hosakoppa	19	13.8306	75.2505
Hosabid	19	13.7520	75.3315
Hosahatti	19	13.9609	75.4131
Horabail	19	13.6782	75.2819
Hosagere	19	13.6512	75.3288
Hosakoppa	19	13.6251	75.2860
Hosatota	19	13.6217	75.3028
Honnekere	19	13.6375	75.3244
Holekoppa	19	13.5931	75.2588
Hosur	19	13.5536	75.2567
Hosakere	19	13.5742	75.3359
Honnagaru	19	13.5579	75.3348
Holekoppa	19	13.5313	75.4346
Hosamane	19	13.5585	75.3827
Holagar	19	13.5961	75.3874
Honnekoppa	19	13.6348	75.4235
Honnebail	19	13.6989	75.4119
Honnekere	19	13.7011	75.4230
Hosakoppa	19	13.7439	75.4006
Hosakoppa	19	13.7273	75.4697
Hosakoppa	19	13.7076	75.4963
Hosagere	19	13.5792	75.4984
Hosahalli	19	13.7036	75.3730
Hokalake	19	13.5285	75.3713
Hosakoppa	19	13.4666	75.2697
Hosakoppa	19	13.4801	75.3066
Hosateta	19	13.4183	75.2667
Hosuru	19	13.3950	75.3096
Hosakoppa	19	13.3992	75.2952
Hosatota	19	13.3670	75.3292
Hosuru	19	13.3677	75.3329
Horanadu	19	13.2771	75.3421
Horanadu	19	13.2543	75.3649
Holalu	19	13.2508	75.4490
Honekoppa	19	13.4640	75.4294
Hosakoppa	19	13.4471	75.4867
Honnugundi	19	13.3081	75.3880
Hosabetty	19	13.0851	75.3875
Hosamatta	19	13.0726	75.4318
Hosahalli	19	13.9560	75.5004
Hosahalli	19	13.8796	75.5610
Hosakoppa	19	13.8760	75.5323
Hosur	19	13.8778	75.6088
Honnapur	19	13.8635	75.5538
Hosamane	19	13.9451	75.6432
Hole Benavalli	19	13.9400	75.6244
Hole Benavalli	19	13.9506	75.6608
Hole Hanasavadi	19	13.9686	75.6246
Hoyisanhalli	19	13.9708	75.6457
Hole Bairanahalli	19	13.9687	75.6929
Hosahalli	19	13.9265	75.7365
Hosamane	19	13.8506	75.7183
Hosamane	19	13.8405	75.5925
Hosanpura	19	13.2483	75.5210
Hosahalli	19	13.6759	75.5807
Honne Kodagi	19	13.5814	75.5473
Hosur	19	13.7491	75.6751
Hosahatti	19	13.6108	75.5057
Hosakoppa	19	13.4515	75.6071
Hosambala	19	13.4310	75.6149
Honhalli	19	13.2831	75.6061
Hosuru	19	13.4987	75.5018
Honaru	19	13.4188	75.6424
Hosahalli	19	13.3346	75.6259
Horakere	19	13.3803	75.6788
Hosapura	19	13.3768	75.7029
Hosahallipet	19	13.3076	75.7099
Horapet	19	13.2898	75.7408
Hombala	19	13.3312	75.6520
Hosahalli	19	13.1529	75.5637
Hosahalli Holageri	19	13.0116	75.6145
Hosahalli	19	13.0141	75.6175
Hosakere	19	13.0466	75.6260
Holigeri	19	13.1047	75.6131
Horahatti	19	13.1295	75.5921
Hosabyle	19	13.1068	75.7227
Hosakere	19	13.0940	75.7375
Hosahalli	19	13.0626	75.7261
Hosahalli	19	13.7799	75.9889
Honnebage	19	13.9976	75.9571
Hosahalli	19	13.9629	75.8602
Hogarehalli	19	13.5741	75.8892
Hosahalli	19	13.6541	75.8437
Hosuru	19	13.7430	75.9720
Hosuru	19	13.6730	75.9788
Hosatimmapura	19	13.6211	75.9368
Hogarekhangiri	19	13.5434	75.8745
Hosanhalli	19	13.7492	75.9187
Hosahalli	19	13.1548	75.7545
Hosamane	19	13.0154	75.7850
Hosahalli	19	13.1615	75.8195
Hosamane	19	13.2080	75.8107
Holagere	19	13.2305	75.8320
Hosamanehalli	19	13.2397	75.8243
Hosahalli	19	13.2298	75.8342
Hosahalli	19	13.0079	75.8688
Holalu	19	13.0293	75.8885
Honnavalli	19	13.0500	75.8955
Hosahalli	19	13.1774	75.9121
Hosahalli	19	13.1333	75.9169
Hosahalli	19	13.0310	75.9802
Honnehalli	19	13.2363	75.8901
Hosagudde	19	12.8222	75.1999
Hosagame	13	12.4881	75.1329
Hodotghat	13	12.3600	75.1371
Honnahalli	19	14.8840	76.1496
Hombalagatti	19	14.7884	76.0332
Holaradi	19	12.7508	75.2835
Hodjadka	19	12.8073	75.3801
Hosakota	19	14.6423	76.1028
Honnapuram	19	14.6192	76.0356
Holavankatte	19	14.3942	76.0629
Honnanayakanahalli	19	14.3350	76.0918
Hosarangapura	19	14.2864	76.1820
Honnakalve	19	14.1444	76.1327
Honnemaradhalli	19	14.1121	76.0085
Hosahalli	19	14.0954	76.1190
Hosahatti	19	14.0577	76.1524
Hosakeri	19	14.9893	76.3092
Hosa Devalapuram	19	14.8580	76.3303
Hosakere	19	14.6153	76.2938
Hori Bigha	34	24.9722	85.2792
Horila	34	24.6844	85.4979
Horeya	38	24.1735	85.3106
Honnamaradi	19	14.4743	76.3785
Hottegaudanahalli	19	14.3772	76.3501
Hosahatti	19	14.3491	76.3242
Hosa Dyamavvanahalli	19	14.2709	76.4739
Hosahatti	19	14.2676	76.3425
Hosahalli	19	14.2313	76.3183
Hosahalli	19	14.2450	76.3851
Hosanaikarahatti	19	14.1098	76.4632
Horakeredevarapura	19	14.0336	76.3278
Hosahalli	19	14.8970	76.7361
Hosahatti	19	14.7338	76.5500
Hotteppanahalli	19	14.2562	76.6566
Hosahalli	19	14.4480	76.6600
Horagantera Malige	19	14.2032	76.5031
Hosa Dadaguru	19	14.8903	76.7595
Hoskote	19	14.8174	76.8227
Hosuru	02	14.8182	76.8453
Hosagudda	02	14.9490	76.8719
Hosahalli	02	14.6463	76.9481
Hosahalli	19	14.0999	76.7726
Hornayanroppa	19	14.1846	76.8287
Hosakere	19	14.1142	76.8808
Hosakote	02	14.0273	76.9340
Honnenahalli	19	12.6561	76.2965
Hosahalli	19	12.6331	76.2899
Hosa Agrahara	19	12.5588	76.3637
Hosagode	19	12.5732	76.4139
Hosur	19	12.6214	76.3486
Honnenahalli	19	12.6993	76.3708
Hodikahalli	19	12.7366	76.4398
Hosaholalu	19	12.6418	76.4787
Hosur	19	12.6495	76.3944
Hosur	19	12.4993	76.2676
Hoskote	19	12.2841	76.2545
Hospura	19	12.2798	76.3876
Hosur	19	12.3377	76.3556
Hosahalli	19	12.4598	76.4118
Hosahalli	19	12.4137	76.4294
Hosur	19	12.3219	76.4928
Hosangadi	19	12.6117	75.2676
Hokia	34	26.0090	86.0836
Hosahalli	19	13.7599	76.0354
Hosuru	19	13.7569	76.0033
Hosur	19	13.9413	76.0958
Honumali	19	13.9988	76.0838
Hosahatti	19	13.9070	76.1692
Honnekere	19	13.8013	76.2267
Hosahalli	19	13.5514	76.0005
Honabogihalli	19	13.6151	76.2236
Hochihalli	19	13.6144	76.2377
Honnenahalli	19	13.6089	76.2306
Hochihalli	19	13.4419	76.0444
Holalakere	19	13.3658	76.0126
Hosahalli	19	13.4401	76.2184
Hosahalli	19	13.3401	76.2280
Hosa Rajagere	19	13.2002	76.0131
Holabagere	19	13.1370	76.0070
Hosur	19	13.0927	76.0318
Hosapura	19	13.0078	76.0070
Hosahalli	19	13.0235	76.0648
Hosur	19	13.0356	76.0632
Holagere	19	13.0512	76.1039
Hosahalli	19	13.0671	76.0647
Hosahalli	19	13.2480	76.1349
Hosahalli	19	13.0849	76.1392
Hosakoppal	19	13.0652	76.1181
Honnenahalli	19	13.0342	76.1264
Honnavara	19	13.1234	76.1774
Hosahalli	19	13.1510	76.1745
Honnenahalli	19	13.0941	76.2017
Honnenahalli	19	13.0571	76.2316
Honnammanahalli	19	13.0809	76.2316
Hosahalli	19	13.1514	76.2435
Honnenahalli	19	13.8532	76.2995
Honnekere	19	13.8943	76.3421
Hosahatti	19	13.6787	76.3035
Hosakere	19	13.5942	76.3468
Hosahalli	19	13.6239	76.3060
Honnasettihalli	19	13.5189	76.4745
Honnenahalli	19	13.2706	76.2882
Honnasettihalli	19	13.2953	76.3175
Honnakatta	19	13.4700	76.3116
Hosahalli	19	13.4953	76.3528
Holalkere	19	13.4377	76.3577
Hosapatna	19	13.3501	76.3821
Hosur	19	13.3835	76.4344
Hosahalli	19	13.3961	76.4330
Hosur	19	13.4208	76.4433
Hosahalli	19	13.4462	76.4491
Hosahalli	19	13.3300	76.4790
Hosahalli	19	12.1496	76.2729
Hosahalli	19	12.0075	76.3365
Hosur	19	12.1187	76.4094
Hommaragalli	19	12.1208	76.4733
Homarpur	34	25.2943	86.1523
Hoskere	19	12.9963	75.5973
Hodchihalli	19	12.9712	75.6230
Honnekalu	19	12.9225	75.7120
Hongadhalli	19	12.7942	75.6924
Horhatte	19	12.7730	75.7120
Hoshalli	19	12.8048	75.7312
Hosur	19	12.9561	76.0063
Hosahalli	19	12.9022	76.0562
Holemaragondanahalli	19	12.8465	76.0410
Honnavallikoppal	19	12.7752	76.0851
Honnavallikoppal	19	12.7651	76.0844
Honnavalli	19	12.7674	76.0890
Honnaganahalli	19	12.8108	76.0895
Hosahalli	19	12.8269	76.1399
Hosahalli	19	12.8970	76.1531
Horikoppal	19	12.9086	76.1531
Hosakoppal	19	12.9778	76.1148
Holagere	19	12.9846	76.1908
Holalu	19	12.9556	76.2377
Hongere	19	12.9476	76.2020
Hosahalli	19	12.5924	76.0939
Honnenahalli	19	12.5969	76.1722
Hosur	19	12.6433	76.0960
Honemaranahalli	19	12.6751	76.1382
Hosahalli	19	12.7274	76.1663
Hosuahalli	19	12.6175	76.2442
Honnenahalli	19	12.5564	76.2360
Hosur	19	12.9676	76.5262
Honnenahalli	19	12.9482	76.5536
Hosahalli	19	12.8648	76.5002
Hosur	19	12.8971	76.5580
Hosahalli	19	12.8123	76.5492
Honnenahalli	19	12.8343	76.6537
Honnawara	19	12.8602	76.6028
Hosur	19	12.8754	76.6586
Hondevihalli	19	12.9614	76.6147
Honnamarnahalli	19	12.9739	76.6057
Honsettihalli	19	12.9983	76.5923
Honnabettada Hosur	19	12.7805	76.7381
Hosur	19	12.7652	76.6880
Honnur	19	12.4427	76.0062
Hoshalli	19	12.4231	76.0461
Hoshalli	19	12.4255	76.0585
Hos Koppal	19	12.4469	76.1571
Honnaikan Koppal	19	12.4752	76.2145
Honnehalli Koppal	19	12.4608	76.1811
Honnenhalli	19	12.4536	76.1844
Hoskote	19	12.4347	76.2489
Hosur	19	12.6709	76.5449
Honnenahalli	19	12.6514	76.5072
Hoshalli	19	12.4082	76.1916
Hoskoppal	19	12.3493	76.1882
Hoshalli	19	12.3286	76.1771
Honne Koppal	19	12.3241	76.1770
Hosur	19	12.6005	76.5344
Hodakisettihalli	19	12.5768	76.5073
Hosur	19	12.5730	76.5337
Honnenhalli	19	12.2590	76.2279
Hosur	19	12.5403	76.6594
Honaganagalli	19	12.5259	76.5979
Hosahalli	19	12.6160	76.6304
Hosahalli	19	12.6789	76.6477
Honemadu	19	12.6611	76.7260
Hosakote	19	12.5984	76.6853
Hosur	19	12.5288	76.6995
Hosur	19	12.7226	76.6891
Hosur	19	12.5536	76.5717
Hosa Kirangur	19	12.4397	76.6974
Hosur	19	12.3879	76.7139
Hoshalli	19	12.3917	76.6362
Hongahalli	19	12.4154	76.5821
Hosahundi	19	12.2508	76.6700
Hosur	19	12.2235	76.5004
Hospura	19	12.0316	76.6399
Hoskote	19	12.0682	76.6437
Holalavadi	19	12.1346	76.7312
Hosahalli	19	12.0901	76.6764
Hosur	19	12.0915	76.6943
Honnasettihalli	19	12.8693	76.3388
Hosur	19	12.9433	76.2519
Hosahalli	19	12.9164	76.2658
Hosur	19	12.8754	76.2526
Hosahalli	19	12.8565	76.2811
Hosahalli	19	12.8013	76.2500
Hosur	19	12.7986	76.4028
Hongara Hosur	19	12.8346	76.3416
Hosur	19	12.9234	76.3645
Hosur	19	12.9127	76.4653
Hosur	19	12.9069	76.4618
Hosur	19	12.9145	76.4958
Honnenahalli	19	12.8862	76.4856
Honnenahalli	19	12.7882	76.4743
Hosakipalya	19	12.9662	76.8244
Hosahalli	19	12.9332	76.7946
Hosahalli	19	12.8517	76.7823
Hosakoppal	19	12.8020	76.7795
Hottegaudanakoppal	19	12.7727	76.7660
Hosur	19	12.9424	76.8667
Hosahalli	19	12.9724	76.8504
Hosahalli	19	12.9491	76.9387
Hosapura	19	12.9581	76.9574
Hosakere	19	12.8872	76.9315
Honnamachanahalli	19	12.8843	76.9734
Hosakoppal	19	12.8714	76.8562
Hosur	19	12.9435	76.8286
Hodagatta	19	12.6665	76.8289
Honnenahalli	19	12.6496	76.8003
Hosahalli	19	12.6371	76.8064
Honnenahalli	19	12.6132	76.7839
Hosakoppal	19	12.5055	76.7677
Hosahalli	19	12.5226	76.8967
Hosahalli	19	12.5536	76.8712
Holalu	19	12.5541	76.8483
Honagonahalli	19	12.5792	76.9006
Hosur	19	12.6120	76.8716
Hosur Muddanadoddi	19	12.6350	76.9121
Hosahalli	19	12.7138	76.9014
Hombegaudanakoppal	19	12.7170	76.9050
Hosahallidoddi	19	12.6776	76.9787
Hombalesiddegaudanadoddi	19	12.6457	76.9182
Hodagatta	19	12.6270	76.9510
Honaganahalli	19	12.6211	76.9272
Honnekere	19	12.5713	76.9782
Hosur	19	12.5123	76.9381
Hosur	19	12.4473	76.7607
Hosahalli	19	12.3854	76.8109
Hosahalli	19	12.3565	76.7569
Hosahundi	19	12.3010	76.7712
Hosur	19	12.4781	76.8560
Hosur	19	12.4610	76.9364
Honniganahalli	19	12.3460	76.9350
Horalahalli	19	12.2505	76.9361
Hosahalli	19	12.2328	76.8086
Hosa Tirumakudal	19	12.2200	76.9019
Hosapura	19	12.2049	76.9472
Hoskote	19	12.1810	76.7884
Hosur	19	12.1808	76.8888
Hosur	19	12.1208	76.8894
Hosahalli	19	12.1120	76.9339
Honnegaudanahundi	19	12.0044	76.9149
Hosapetadevaragudda	02	15.4534	77.1652
Hosahalli	02	15.0135	77.0317
Hogaruru	02	15.8344	77.3725
Honnuru	02	15.5789	77.3418
Hoskere	19	12.9123	75.7517
Hokkehalli	19	12.7514	75.7624
Hoshalli	19	12.7514	75.8305
Hoshalli	19	12.9026	75.8248
Honnapur	19	12.9896	75.8311
Hoskere	19	12.9290	75.8521
Hosahalli	19	12.8044	75.8708
Hoshalli	19	12.8518	75.8953
Honkarvalli	19	12.9036	75.8658
Hosgadde	19	12.9259	75.8723
Hospur	19	12.9744	75.8790
Honvalli	19	12.9443	75.9227
Hosmattah	19	12.9090	75.9142
Hokkalahalli	19	12.8713	75.9145
Hospur	19	12.8406	75.9493
Hollvalli	19	12.9876	75.9300
Hoshalli	19	12.9834	75.9719
Honnenhalli	19	12.8894	75.9765
Hongnur	19	12.7985	75.9863
Hoshalli	19	12.7891	75.9816
Hoshalli	19	12.9167	75.9928
Hontanhallipur	19	12.9309	75.9911
Hosur	19	12.8624	75.8184
Hoskote	19	12.6928	75.8354
Hoskote	19	12.6843	75.8330
Hosur	19	12.6934	75.8431
Hosabido	19	12.6293	75.8322
Honnahalli	19	12.6351	75.8612
Hosahalli	19	12.7421	75.8665
Horavale	19	12.5077	75.8789
Hosahalli	19	12.5571	75.9074
Hosahalli	19	12.6596	75.9388
Hosagutti	19	12.6659	75.9370
Honne Kopal	19	12.6866	75.9277
Hodenur	19	12.6177	75.9646
Honganhalli	19	12.6342	75.9726
Holalgod	19	12.7160	75.9785
Hondravalli	19	12.7251	75.9769
Holgeri	19	12.7496	75.7977
Hosahalli	02	14.7701	77.0393
Honnahalli	02	14.9191	77.1093
Hosahalli	02	14.9284	77.1305
Hosadurga	19	14.2608	77.2092
Hosur	16	15.9509	74.4146
Hosahalli	19	15.2972	76.1620
Horatattanahalu	19	15.3328	76.1135
Honnahunasi	19	15.4754	76.1694
Hosahalli	19	15.4601	76.2713
Hosahalli	19	15.3140	76.3151
Hosuru	19	15.2914	76.3529
Hosuru	19	15.4797	76.3521
Hosakeri	19	15.4926	76.5632
Hosa Hulikunta	19	15.0029	76.3956
Hosahalli	19	15.4257	76.5562
Honnahalli	19	15.2687	76.7030
Hosahalli	19	15.0877	76.5711
Honnarali	19	15.7564	76.9458
Hoskote	19	12.2044	75.8671
Hosuru	19	12.2195	75.9150
Hoddur	19	12.1320	75.9328
Hoshalli	19	15.7442	76.7619
Hosolike	19	12.6241	75.5089
Hosavaklu	19	12.5515	75.6271
Hosamalike	19	12.6112	75.6044
Hosoli	19	12.6095	75.5823
Hosolike	19	12.6779	75.5904
Hosamajalu	19	12.6687	75.6176
Hoddinur	19	12.7385	75.6980
Honnatlu	19	12.7198	75.6861
Honnuru	02	15.4969	76.9780
Hosahalli	19	15.4012	76.9665
Honge	19	15.9499	74.5155
Holda	19	15.5769	74.2680
Hosur	19	15.8450	74.5222
Hoshatti	19	15.8347	74.5219
Honihal	19	15.8696	74.6324
Hogarthi	19	15.8982	74.7162
Hoskoti	19	15.9700	74.7580
Hosur	19	15.8201	74.9301
Honidib	19	15.6502	74.7625
Honapur	19	15.5682	74.7677
Hoskoti	19	15.6847	74.8378
Hoskatti	19	15.6064	74.8705
Hosval	19	15.5188	74.8677
Hosali	19	14.8839	74.1287
Hotegoli	19	14.8748	74.1769
Holge	19	14.8751	74.2461
Honderi	19	14.8948	74.3118
Hongadde	19	14.4437	74.3840
Horbag	19	14.3513	74.4118
Holegadde	19	14.3739	74.4185
Hodgeri	19	14.4348	74.4125
Hosmane	19	14.4960	74.4506
Hondaklu	19	14.4674	74.4781
Hodimolgat	19	14.3678	74.4898
Hosakuli	19	14.3129	74.4885
Hosad	19	14.4316	74.4972
Hosad	19	14.2684	74.4939
Hosgadde	19	14.8659	74.5388
Hosmane	19	14.7872	74.5295
Holemane	19	14.8025	74.6650
Honebail	19	14.9969	74.6780
Holemane	19	14.9571	74.7431
Hosalli	19	14.4495	74.5067
Hosmane	19	14.6165	74.5044
Hosgeri	19	14.5801	74.5366
Hosalli	19	14.6772	74.5684
Hosgaddemane	19	14.7239	74.6215
Hosgadde	19	14.5861	74.6678
Hoskeri	19	14.5452	74.6549
Hosalli	19	14.7128	74.6736
Honnekatte	19	14.6045	74.7085
Hosgadde	19	14.5296	74.7255
Hodke Shirur	19	14.3866	74.5087
Hosgod	19	14.3620	74.6082
Hoskop	19	14.3501	74.6821
Honnikop	19	14.4947	74.7337
Honnekop	19	14.4171	74.7022
Hotnur	19	14.4144	74.7126
Hodvatti	19	14.3737	74.7265
Horulisal	19	14.0002	74.5495
Honnimadi	19	13.9422	74.5790
Holigadde	19	13.9460	74.6028
Hosamane	19	13.9216	74.6491
Hosur	19	13.9594	74.6575
Hovyanna	19	13.7594	74.7122
Hoigundi	19	13.7597	74.7027
Hoseri	19	13.8671	74.6855
Hosala	19	13.4772	74.7480
Horil Bigha	34	25.2935	85.2323
Horil Bigha	34	25.4284	85.3050
Horil Bigha	34	25.1737	85.2783
Horil Bigha	34	25.2325	85.4031
Hol	16	20.8496	75.8020
Howraghat	03	26.0917	93.1396
Hosur	19	13.5086	77.9522
Hosakadarenhalli	19	13.4698	77.8357
Hoshalli	19	13.4604	77.8525
Honnappanhalli	19	13.4524	77.7989
Hosur	19	13.4327	77.8296
Hoshalli	19	13.4053	77.9304
Hoshudya	19	13.3974	77.8307
Hongashenhalli	19	13.3813	77.8895
Hoshalli	19	13.3071	77.9698
Hospyati	19	13.2766	77.8451
Hoshalli	19	13.2997	77.8453
Holerhalli	19	13.3265	77.7648
Hosapet	19	13.3128	77.9042
Hongashenhalli	19	13.4018	77.9531
Hoskere	19	12.9462	77.0670
Hosur	19	12.9866	77.1271
Hodeghatta	19	12.9511	77.1455
Hospalya	19	12.9397	77.1552
Hoshalli	19	12.9656	77.2177
Hosapete	19	12.9522	77.2351
Hoshalli	19	12.9267	77.1427
Hosuru	19	12.9019	77.0048
Hoshalli	19	12.8660	77.0386
Hombegowdandoddi	19	12.8124	77.1674
Hosdoddi	19	12.8357	77.1480
Honugowdandoddi	19	12.8384	77.1347
Honmachanhalli	19	12.7895	77.0500
Hosur	19	12.7668	77.2355
Hosahalli	19	12.7637	77.1693
Hoshalli	19	12.7685	77.0118
Hoshalli	19	12.7647	77.0698
Hosurdoddi	19	12.7070	77.0838
Honaganhalli	19	12.6996	77.0372
Hodaghatta	19	12.7014	77.0036
Hosakere	19	12.6398	77.0252
Hosahalli	19	12.6434	77.0916
Honnayakanhalli	19	12.6802	77.0870
Hosurdoddi	19	12.6572	77.1477
Hosahalli	19	12.6763	77.1644
Hottiganhoshalli	19	12.6237	77.1793
Holegardoddi	19	12.6617	77.1536
Honnalgere	19	12.5621	77.0915
Holeyardoddi	19	12.5572	77.0901
Hosur	19	12.5752	77.0899
Holeyandoddi	19	12.5986	77.1487
Hoshalli	19	12.5733	77.1985
Hodakehoshalli	19	12.6079	77.2046
Honniganhalli	19	12.5263	77.2301
Hoskondapura	19	12.5425	77.2077
Hosadoddi	19	12.5025	77.1731
Hosahalli	19	12.5319	77.0390
Honnahallidoddi	19	12.5217	77.0335
Honagallidoddi	19	12.6620	77.2214
Hospura	19	12.4677	77.1615
Hosputebasvapura	19	12.4204	77.2404
Hoshalli	19	12.4419	77.1829
Hospur	19	12.4443	77.1121
Hosagur	19	12.4261	77.1151
Hoshalli	19	12.2775	77.1196
Hokarhalli	19	12.2527	77.0855
Hondalgeri	19	12.4506	77.1215
Honnaikanhalli	19	12.4548	77.0933
Honvadi	19	12.2690	77.0284
Hoshalli	19	12.4566	77.0196
Hongalavadi	19	12.2020	77.0921
Holisal	19	12.2055	77.1028
Hondarbalu	19	12.1423	77.1444
Hosamalingi	19	12.1507	77.0053
Hosur	19	12.0888	77.0824
Hosur	19	12.1460	77.0224
Honnuru	19	12.0620	77.0079
Hosur	19	12.1132	77.0247
Honniganhalli	19	12.9798	77.4188
Honnayahnadoddi	19	12.7397	77.2961
Hosgabbadi	19	12.7130	77.4817
Hosur	19	12.7421	77.4491
Hosdoddi	19	12.7235	77.4471
Hoskote	19	12.6995	77.4748
Honnedoddi	19	12.7089	77.4181
Hottegowdandoddi	19	12.6425	77.4170
Honagadadoddi	19	12.6076	77.3833
Holeyerdoddi	19	12.6361	77.3608
Hoshalli	19	12.6340	77.3435
Hosadoddi	19	12.6233	77.2909
Hoshalli	19	12.5809	77.2664
Hosahallidoddi	19	12.5495	77.4731
Honnahalli	19	12.5182	77.3369
Hoshalli	19	12.5030	77.3118
Honnahalli	19	12.4540	77.4522
Hongeredoddi	19	12.4692	77.4635
Hoshalli	19	12.4984	77.4282
Hosdoddi	19	12.4108	77.4509
Hosdoddi	19	12.3628	77.4235
Holayardoddi	19	12.4191	77.3025
Honniganhalli	19	12.4356	77.2814
Hosakeredoddi	19	12.4788	77.3866
Hongindoddi	19	12.4569	77.3603
Hosadoddi	19	12.0451	77.4297
Hosuru	19	12.6987	77.6495
Honkalasapur	19	12.7284	77.6807
Hompalgatta	19	12.6943	77.7000
Hoshalli	19	12.7247	77.7038
Hosdoddi	25	12.6397	77.6718
Hosapuram	25	12.5718	77.6768
Hospet	25	12.5854	77.6308
Hosur	19	12.0387	77.5907
Hosahola	19	12.0328	77.5846
Hotramandinne	02	15.2104	78.2298
Hosahudya	19	13.6972	78.0968
Hosahudya	19	13.6350	78.0649
Hossahalli	19	13.2855	78.1924
Hosakote	19	13.3201	78.1307
Hosur	19	13.1762	78.0549
Hosur	19	13.2356	78.0907
Hosur	19	13.2052	78.1827
Holur	19	13.2470	78.2136
Hollamballi	19	13.1118	78.2466
Hogari	19	13.1578	78.1025
Hogarigollahalli	19	13.1587	78.0910
Hosahalli	19	13.0517	78.0066
Hosahalli	19	13.0231	78.0540
Holerahalli	19	13.0819	78.0335
Honnenahalli	19	13.0200	78.1368
Holerahalli	19	13.0610	78.2050
Honnenahalli	19	13.1231	78.1684
Holerahalli	19	13.2194	78.0118
Hosur	19	13.2367	78.0053
Hogalagere	19	13.3344	78.2929
Hodali	19	13.3600	78.2682
Honnikere	19	13.3021	78.4577
Hosahalli	19	13.2047	78.4125
Hosakere	19	13.1149	78.3053
Hosur	19	13.1186	78.2546
Holali	19	13.1148	78.2712
Hosur	19	13.0057	78.3418
Honnaganahalli	19	13.0466	78.3714
Hoshalli	19	12.8482	77.7647
Hoshalli	19	12.9016	77.9968
Hoshalli	19	12.9684	77.8329
Hosahalli	25	12.5199	77.7600
Hosahalli	25	12.5677	77.8459
Hosapuram	25	12.6214	77.8299
Hosur	25	12.4093	77.7784
Hosahalli	25	12.3160	77.7743
Hosahalla	25	12.3521	77.8923
Hosballahalli	19	12.9659	78.0563
Hosharomakanhalli	19	12.8678	78.0548
Hoshalli	19	12.8681	78.1244
Hosur	19	12.9336	78.1580
Hoskote	19	12.9588	78.1844
Hosahalli	25	12.6060	78.0317
Hosapete	02	12.8674	78.3526
Hodsonpettai	25	12.5779	78.5749
Hoskoti	19	12.4838	77.5306
Hoshalli	19	12.4518	77.6118
Hosdurga	19	12.4151	77.5545
Honganhalli	19	12.3207	77.5504
Hosadoddi	25	12.4156	77.6748
Hosadoddi	25	12.3907	77.7144
Homadrivaripalli	02	14.2480	79.1562
Hosuru	25	13.1728	79.4193
Hosambi	25	12.8675	79.6579
Hodgsonpetta	25	12.8329	79.7149
Holli Konni	13	11.7978	76.1551
Hosur	19	11.8752	76.1690
Hoshalli	19	11.9220	76.2625
Hoskote	19	11.8806	76.4177
Hosholalu	19	11.9763	76.3111
Honnurkuppe	19	11.9915	76.2993
Hospur	19	11.9848	76.5867
Hosvidu	19	11.9469	76.5262
Honghalli	19	11.8063	76.5813
Honnegaudanhalli	19	11.7585	76.6195
Honshettihundi	19	11.8192	76.6273
Hosguli	19	11.8864	76.6434
Horiyal	19	11.9564	76.6433
Honakanpur	19	11.9681	76.6226
Hospur	19	11.9125	76.7231
Hosur	19	11.8214	76.6938
Hossur	25	11.5306	76.6970
Hoshalli	19	11.9246	76.8012
Hoshalli	19	11.7666	76.8872
Honnahalli	19	11.8272	76.9060
Hosur	19	12.0000	76.9778
Hoganpur	19	11.7802	76.9477
Hosur	25	11.7783	76.9909
Horasolai	25	11.4296	76.8423
Honnatalai	25	11.4242	76.7971
Homma	19	11.9913	77.0005
Hosmole	19	11.9688	77.0048
Hosapalya	19	11.8149	77.2474
Honusepalaiyam	19	11.8308	77.2565
Hosappalaiyam	25	11.6243	77.2839
Honneru	25	11.7547	77.5063
Horam Sibadih	38	23.8375	85.2446
Hoyar	38	23.6521	85.0292
Hosir	38	23.6924	85.1066
Hochar	38	23.4583	85.2048
Honetanr	38	23.5691	85.3594
Horadag	38	23.5559	85.3428
Hochai	38	23.5010	85.3874
Hochar	38	23.4606	85.3411
Hombai	38	23.4196	85.4102
Hotwar	38	23.3783	85.3813
Horhap	38	23.3305	85.4680
Hotwasi	38	23.3166	85.2511
Honhe	38	23.6930	85.6183
Honhe	38	23.5369	85.6529
Hohad	38	23.5291	85.6749
Holong	38	23.3804	85.7219
Hosir	38	23.7735	85.8132
Hotor	38	22.9334	85.1331
Hontopa	38	22.5232	85.1878
Hochar	38	22.8956	85.4721
Holamgara	38	24.2782	84.9838
Hosil	38	24.3209	84.7656
Holamgara Kalan	38	24.2215	84.9337
Horo	38	22.5664	85.3215
Hoinlor	38	22.6721	85.3692
Hohundra	21	22.0905	85.5024
Horilong	38	23.8343	84.0714
Horilong Colliery	38	23.8309	84.0842
Hoiyo	38	23.9571	84.4329
Hosir	38	23.9479	84.2803
Hotbag	38	23.7724	84.4563
Hone	38	23.5800	84.4893
Holang	38	23.3967	84.3889
Hopartoli	38	23.2353	84.3526
Holang	38	23.7807	84.7044
Hosir	38	23.6785	84.5834
Hotwar	38	23.5616	84.7130
Hondaga	38	23.5149	84.6889
Hototoli	38	23.0459	84.6157
Horatanr	38	23.7861	84.8924
Honhe	38	23.8999	84.9758
Honhe	38	23.5444	84.8984
Hondpiri	38	23.4442	84.9199
Honjartoli	38	23.0097	84.8402
Hochor	38	23.0083	84.9961
Holongdatoli	38	22.5858	84.9729
Hottebommanahalli	19	14.1621	77.0542
Hosahalli	19	14.0998	77.0723
Hosahalli	19	14.2235	77.1316
Honhemorha	38	23.7809	85.4089
Horomachatoli	38	23.7548	85.4174
Holonguli	38	22.2289	85.2314
Holonguli	38	22.2218	85.2446
Hoyohatu	38	22.7964	85.5583
Hor Lor	38	22.6288	85.8191
Hor Lor	38	22.6195	85.8222
Ho Balkand	38	22.1906	85.8217
Hondula	21	21.7670	85.5701
Horil Khap	34	24.9595	85.8489
Holas	34	25.8767	86.3844
Holondokhola	21	20.0375	84.6610
Honnuru	02	14.8983	77.0631
Hosangadi	19	13.6610	74.9350
Hosangadi	19	13.6935	74.9777
Hosapalya	19	13.5835	77.3453
Hosapalya	19	13.5529	77.3621
Hoshalli	19	13.3729	77.4771
Hoshalli	19	13.4861	77.4257
Hoshalli	19	13.6563	75.1714
Hoshalli	19	12.7210	75.7422
Hostot	19	14.5626	74.7250
Hoshalli	19	13.4209	77.7986
Hoshalli	19	12.9599	77.0279
Hoshalli	19	12.9892	77.3355