Hubballi	19	15.3478	75.1338
Hugli	28	22.9088	88.3967
Hunsur	19	12.3036	76.2927
Husainabad	38	24.5285	84.0000
Hupari	16	16.6167	74.4044
Hudkeshwar Buzurg	16	21.0824	79.1274
Hukeri	19	16.2308	74.6024
Hungund	19	16.0621	76.0586
Hutagalli	19	12.3417	76.5863
Hukumpeta	02	16.9887	81.8017
Husainpur	23	31.3118	75.3217
Huliyar	19	13.5836	76.5423
Hunasamaranahalli	19	13.1438	77.6170
Hulikal	25	11.3208	76.7733
Hui	10	28.5396	75.9805
Huzurnagar	40	16.8948	79.8710
Huzurabad	40	18.2009	79.3988
Huvin Hippargi	19	16.5584	76.0761
Hutar	38	23.8306	84.0445
Husnabad	40	17.0525	77.6514
Husepur	34	26.4610	84.1699
Husainpur	36	29.3282	77.4643
Husainganj	10	28.6500	76.5667
Husainganj	36	26.0023	80.9298
Husainabad	34	25.1067	85.8570
Husain	36	27.6091	78.2696
Hurshi	28	24.2737	88.4675
Hurara	24	25.9034	74.6875
Hurdeea	36	26.0333	84.0667
Huralihalu	19	14.7168	76.5544
Hura	28	23.3034	86.6572
Hura	19	12.0025	76.5424
Hupu	30	28.7833	95.8833
Hunterganj	38	24.4336	84.8145
Hunasagi	19	16.4560	76.5181
Hunsgera	19	17.8531	77.0761
Hundru	38	23.4477	85.6574
Hundar	41	34.5846	77.4696
Humpum	17	25.0688	94.3525
Humpet	41	34.0660	75.6000
Humine	17	24.7167	94.5667
Humgarh	28	22.8288	87.2486
Humcha	19	13.8619	75.2061
Humbarna	16	17.2671	73.7863
Humachadakatte	19	13.8738	75.2343
Hulloli	19	16.2621	74.6546
Hullenhalli	19	13.2311	77.1074
Hullahalli	19	12.0972	76.5529
Hulkur	19	13.4186	76.3483
Hulkoti	19	15.4234	75.5439
Hulki	35	22.8770	79.7993
Huliyurdurga	19	12.8252	77.0344
Hulikunte	19	13.9817	76.9223
Hulijanli	16	17.3502	75.5541
Hulihaidar	19	15.6591	76.3907
Huliagaon	03	27.5792	94.5181
Hulgur	19	15.0863	75.2886
Hulekal	19	14.6939	74.7622
Hulasganj	34	25.0840	85.1466
Hulagbal	19	16.4106	76.2438
Hukitola	21	20.4035	86.7896
Hudukhata	03	26.6104	91.1031
Huduguru	19	13.6495	77.5701
Hudiara	00	31.4500	74.5667
Hudas	24	27.4929	74.2341
Hubakvad	09	21.4225	72.0200
Hualtu	31	23.5279	92.9156
Hulsoor	19	18.0190	77.0117
Hudera	24	28.1018	74.5852
Hudera	24	28.0085	74.8372
Hujili	28	22.7722	88.0978
Humhom	12	34.0213	74.7668
Hunur	12	34.3022	74.2445
Huntspur	12	34.0138	74.5135
Humadub	12	34.2708	74.2685
Huma Daban	12	33.9773	74.3414
Husainpur	36	29.8280	77.2059
Hulas	36	29.7029	77.3601
Husainpur	36	29.7464	77.4869
Hulaspura	24	25.5757	75.6768
Huwaliya	24	25.7243	75.5033
Husain Sawali Dargah	40	17.4133	78.3914
Hulimavu	25	12.8771	77.5956
Huskur Gate	19	12.8358	77.6799
Husainpura	23	30.5265	76.0324
Huripur	10	30.6888	76.8602
Humbra	23	30.5358	76.7676
Huriai	36	27.9239	79.2112
Husainpur Mashmula Daryapur	36	27.2431	79.3242
Husainpur	36	27.1778	79.3321
Husainpur	36	27.0944	79.2888
Husepur	36	27.0146	79.4809
Husainpur Tarai	36	27.5025	79.5174
Husainpur	36	27.5349	79.6160
Hullapur	36	27.5072	79.6970
Hulla Purwa	36	27.2405	79.8590
Hussainpur Puthia	36	26.8242	79.0987
Hukampura	36	26.4148	79.1416
Husepura	36	26.4053	79.2291
Hukam ka Nagla	36	26.4720	79.2960
Husepura	36	26.3644	79.3154
Husepur	36	26.9937	79.5411
Husaihnagar	36	26.9163	79.5580
Hulikere	19	13.3889	75.9563
Huzurpur	36	27.3509	81.6627
Hukumpeta	02	18.1336	82.6840
Huggiyanm	19	11.8300	77.4502
Hunshikatti	19	15.7054	74.7520
Hussainpuram	02	15.2359	77.8256
Hubli-Dharwad	19	15.4500	75.0000
Huramara	03	26.4325	90.6892
Hudupara Gaon	03	27.2943	95.2867
Hurairi	35	24.3679	78.1421
Huda Bishnupur	28	23.0569	88.6952
Hurasahi	21	20.4510	86.3320
Hujagur	19	13.3762	77.9139
Hullambi	19	15.2387	74.9618
Hualngohmun	31	23.6567	92.7278
Hulyur	12	34.4968	74.1303
Husainpur	10	28.1884	76.5725
Humayunpur	10	28.8992	76.8172
Husepur	24	28.1536	76.8997
Hukmanwali	10	29.6884	75.4461
Huriya Khurd	24	28.1525	76.3519
Huriya Kalan	24	28.1570	76.3382
Hunmar Nadi	12	34.5744	74.3205
Hunmar Baihk	12	34.5567	74.2520
Hummar	12	34.5603	74.3034
Hunmar Gali	12	34.5597	74.3117
Husnar	23	30.2266	74.6378
Hukumat Singhwala	23	30.8553	74.8255
Huli	11	31.1130	77.4668
Humku	11	31.5379	77.6761
Hukal	11	30.9478	77.2100
Husaini	10	30.5005	77.1302
Hudia	10	30.1413	77.0721
Humun	11	30.7547	77.3543
Husainpur	24	27.8036	76.6073
Hundewala	10	30.1614	77.2759
Husainpur	36	30.0378	77.3471
Hundiyari	11	30.7467	77.5644
Hurlog	11	30.6376	77.5934
Husepur	24	27.7987	76.8045
Husainpur	36	30.2856	77.5972
Husainpur Sultan	36	29.4847	78.2128
Husainpur Sakatsingh	36	29.3091	78.1687
Husainpur Khadar	36	29.2925	78.0484
Husainpur	36	29.5220	78.0967
Hudpura	24	26.5815	76.9951
Humanbehra	35	21.8216	78.0669
Humanpeth	35	21.8048	78.1032
Husenpur	16	20.9388	78.1118
Hundar	24	24.6723	73.6230
Hujra	23	30.9648	75.4873
Husainwala	23	30.9941	75.5135
Husainpur	39	29.7776	77.9977
Husainpur	36	29.6573	77.9231
Husainpur	36	29.3585	77.8264
Husainpura	23	30.9518	75.8123
Humayunpura	23	30.8178	75.8164
Humayunpur	07	28.5606	77.1887
Husainpur	36	28.7978	77.4409
Humayun Khera	10	29.4814	74.7685
Husainpur	23	31.6682	75.9066
Husainpur	23	31.5970	75.8174
Hukmakhera	24	25.3307	74.6135
Hunyakhera	24	25.4303	74.7223
Humayunpur	10	28.4833	76.4662
Husainpur	10	29.0561	77.0739
Huri	11	31.6140	78.0281
Hullu	39	30.3844	78.0051
Humayunpur Chandarpal	36	29.3466	78.5213
Husainpur	36	28.0130	77.6397
Humayunpur	36	28.6465	77.8100
Husainpur	36	28.5781	77.7944
Hudi	16	19.7132	76.8495
Hudi Tanda	16	19.7087	76.8567
Hudi Limbala	16	19.7076	76.8335
Hukamgarh	35	25.9802	78.0352
Hukma ki Dhani	24	28.1018	75.8067
Hubli	16	18.6429	76.2160
Husalnpur	23	30.9803	76.5448
Humanyupur	23	30.2009	76.3859
Humayunpur	10	30.2859	76.7267
Humayunpur	23	30.4237	76.8732
Hudgyachiwadi	16	18.3913	76.8143
Hulwana	36	27.7917	77.3552
Husseka	24	27.6710	77.0634
Husepur	24	27.5599	77.0527
Hultana	24	27.7462	77.2012
Husaini	36	27.7955	77.5619
Hurthala	36	28.3006	77.9238
Hubli	19	17.5866	76.5115
Hunasehadagil	19	17.3378	76.6763
Hursena	36	28.0759	77.9790
Hurki	19	17.7944	76.8405
Hurratola	37	20.5158	81.0075
Hurra Penjori	37	20.1234	81.2454
Hurawadih	37	20.2257	81.8770
Hullur Tanda	19	16.3475	76.0281
Hundunayik Tanda	19	17.3290	76.9943
Hungunta	19	17.0579	76.9085
Hunashihal	19	16.7025	76.3301
Huvinahalli	19	16.5883	76.4362
Huvinahalli	19	16.5703	76.3052
Hulkeri	19	16.3137	76.4190
Hundekal	19	16.6695	76.9628
Huvina Hedagi	19	16.4817	76.9202
Huligudda	19	16.2992	76.8249
Huda	19	16.2146	76.8208
Hussainpur	19	16.1394	76.8115
Hunichedu	19	16.1816	76.9483
Hulayawadi	16	18.9406	77.0387
Hunda	16	19.0445	77.7516
Hulyal Tanda	19	18.3176	77.3494
Hulyal	19	18.2987	77.3417
Husa	16	18.9087	77.6439
Hungunda	16	18.8064	77.8279
Husa	40	18.6710	77.7797
Humnapur	40	18.5668	77.9205
Hunumantharaopet	40	18.0372	77.8278
Huda	19	17.1614	77.1577
Hulgol	19	17.0016	77.2448
Hunbhawen	19	17.4327	77.2900
Hudanhalli	19	17.4584	77.3419
Hulaspura	36	27.0564	78.0092
Husainpura	36	27.0282	78.2482
Husainpur	40	17.0692	77.6192
Hulaspur	36	27.3340	78.4206
Husenpur	16	20.8001	78.3548
Husanapur	16	20.5518	78.3957
Husarkapalli	40	17.8604	77.8781
Husain Chak	36	27.7425	78.6108
Husainpur	36	27.5367	78.5652
Husainpur Jage	36	27.1868	78.5467
Husainpur Garhia	36	27.1625	78.5677
Hukrani	19	16.1132	77.1559
Hunsihalhuda	19	16.1870	77.2361
Husainpur	36	27.9733	78.8244
Husainpur	36	27.8886	78.8493
Humayunpur	36	27.8675	78.7582
Hullpur	36	27.8412	78.9149
Hubbelalsingh ka Pura	35	26.5885	78.3348
Humayun	36	27.6721	79.2380
Huinayunpur	36	27.3156	79.2346
Humayunpur	36	27.3073	79.2262
Husainpur	40	17.3673	78.0929
Hudkeshwar Khurd	16	21.0562	79.1323
Husainpur Bangar	36	27.4423	79.4349
Hurpa	16	21.0225	79.4506
Husainpur Daulatpur	36	27.7829	79.7104
Husainpur	35	26.4044	77.5999
Hulaspura	36	26.9967	77.9756
Hunpura	35	26.2169	77.8894
Husainpur	36	27.3335	79.6366
Husainpur	36	27.3539	79.5934
Husainpur	36	27.3437	79.7065
Husainpur Balhora	36	27.7089	79.8200
Hunsepur	36	27.5103	79.7914
Husainpur	36	27.6648	79.8523
Hunsipur	36	27.5963	79.9866
Humayunpur	36	27.5441	79.9671
Hunsipur	36	27.5480	79.9506
Huhuka	10	27.9655	77.0780
Hujara	24	27.7902	77.0821
Husainpur	35	25.6770	77.5502
Husainpur	36	27.9796	79.7944
Husainpur Raskupa	36	27.8780	79.7703
Husainpur	36	27.8725	79.9918
Hunsepur	36	27.2710	79.9545
Hulasi	36	27.3877	78.8257
Husainpur	35	24.3323	77.5428
Hullakheri	35	24.2082	77.7816
Husainpur	36	27.9451	78.4922
Husainpur	36	27.8609	78.4501
Husainpur	36	27.7164	78.3448
Husainpur	36	27.2353	78.3431
Humayunpur	36	27.1589	78.3770
Husainpur	36	27.7714	78.5336
Husainabad	40	17.1826	79.8136
Hulaspur	36	26.6937	79.5473
Hunhuna	36	25.8758	79.1270
Husaipura	36	25.8910	79.2893
Husaina	36	25.6144	79.9109
Hulaspur	36	25.1994	80.4776
Humayunpur Rohi	36	26.9553	78.1628
Husainpur	36	25.7423	83.2253
Husainpur	36	25.6327	83.2000
Husainpura ka Bagh	36	26.9145	78.4128
Hulasipur	36	25.3995	83.0030
Hunsepur	36	25.4978	83.2015
Hundarha	36	25.2927	83.1788
Hulapura	35	26.7270	78.7010
Husainpur	36	25.0501	83.0636
Husainpur Umarbakhsh	36	25.7259	83.2584
Hurmuzpur	36	25.6980	83.3290
Husainpur	36	25.6743	83.3645
Hukampur	35	25.1621	78.1073
Hukampur	35	25.0637	78.1732
Hudhudipur	36	25.4231	83.2572
Hukampur	36	25.3522	78.3660
Hukka Sarai	34	25.1327	83.4907
Hukaha	34	25.5314	83.9957
Hundrahi	34	25.4560	83.9447
Hundrahi	34	25.3949	83.9531
Husainpur	16	20.9778	77.3835
Hurkitola	35	21.7792	79.9701
Husru	38	24.4738	83.4417
Hulhula Khurd	38	24.2868	83.4715
Hulhula Kalan	38	24.2842	83.4699
Humeldohar	36	24.1782	83.3182
Husainabad	40	17.3266	79.9025
Hunrara Khurd	34	24.9234	83.7263
Hunrara Kalan	34	24.9230	83.7215
Hunrari	34	24.9247	83.7126
Hurka	38	24.4785	83.6725
Hurhi	38	24.2853	83.6090
Husi Purwa	36	25.8385	80.4286
Husainpur Kalan	36	25.2903	80.4036
Husainpur Khurd	36	25.2988	80.4028
Husainpur Chak	36	25.2979	80.4230
Hunasihuli	19	16.3858	76.6376
Hunkunti	19	16.1154	76.5008
Huvinbhavi	19	16.0393	76.6336
Hulkal	19	16.7542	76.7900
Hur	38	24.1627	83.8555
Hudi	16	19.3561	78.0076
Hutpalle	40	17.2528	78.3690
Hureri	35	24.3752	78.1362
Hullur	19	17.1231	76.4438
Hulalli	19	16.1844	76.1142
Huvanur	19	16.1715	76.0109
Huchunur	19	16.0032	76.0215
Hunkunti	19	16.1937	76.1832
Huli	16	19.5350	78.2820
Husainpur	36	27.1561	79.1708
Hukmi Nagra	36	27.7471	79.4127
Husangsar	24	28.1566	73.4152
Husangsar Basti	24	28.1528	73.4141
Hurdwai	35	24.8532	80.5531
Hullapur	36	25.9662	82.0259
Humayunpur	36	25.8710	82.0353
Husainpur	36	25.7890	82.0119
Husainpur	36	25.5397	82.7082
Husainpur	36	25.5712	82.6760
Husainabad	36	25.7275	82.7052
Husainipur	36	25.2275	82.5146
Hurua	36	25.1213	82.6279
Huraiya ke Pura	36	25.2389	82.8996
Hur	35	22.6708	79.8562
Hulas	36	25.5101	82.4650
Hulasi Khera	36	26.2859	80.8657
Husainabad	36	26.2919	80.9121
Hukam Khera	36	26.3783	80.8744
Hulasi Khera	36	26.4028	80.9800
Hunsepur	36	26.2762	80.9972
Husainka	10	28.3422	76.6907
Hurhuri	36	25.6470	82.8807
Hullapur	36	26.1617	80.8057
Humayunpur	36	29.5980	78.2652
Husainpur	36	29.5683	78.2655
Hurma	35	24.5285	82.5245
Husainpur	36	27.8059	81.2184
Hulas	36	27.8336	81.2440
Hulaspur	36	27.6268	81.0987
Hulaspur	36	27.6376	81.0410
Hulaspur	36	27.5002	81.0549
Husainpur	36	27.4275	81.0453
Husainpur	36	27.3579	81.1412
Husain Khanpur	36	27.4962	81.1911
Husainpur	36	27.3606	81.0771
Husain Purwa	36	27.6851	81.5152
Husainganj	36	27.6971	81.5725
Hulaspur	36	27.5384	81.5743
Husainpur	36	27.5134	81.5827
Husainpur	36	27.6783	81.5938
Husainpur Mirdangi	36	27.7312	81.5858
Hundarwa	36	27.7133	81.6156
Husainpur Kharuhri	36	27.6576	81.7658
Hulas Purwa	36	27.2265	81.7770
Hulas Purwa	36	27.2231	81.7795
Hulas Purwa	36	27.1578	81.8414
Hulas Purwa	36	27.1347	81.8253
Hulas Purwa	36	27.1579	81.7579
Husaria	36	26.8490	81.0117
Huliamau	36	26.7931	81.2018
Hulas Khera	36	26.6745	81.0090
Hulas Khera	36	26.6397	81.0301
Husainpur Kalan	36	29.0601	78.2982
Hukumatpur	36	29.1584	78.4258
Husainpur	36	29.0498	78.4528
Husainabad	36	26.6828	81.2771
Husainpur	36	26.7444	81.3990
Husainpur	16	20.6438	79.0627
Husainpur Kalan	36	29.1091	78.5262
Humayunpur	36	29.2004	78.6890
Hujra Milak	36	29.1233	78.7250
Hulas Khera	36	26.3985	81.1039
Husainganj	36	26.3286	81.2079
Husainganj	36	26.4602	81.2498
Husainganj	36	26.3308	81.2575
Hulasganj	36	26.4384	81.4412
Hullanagar	36	26.2934	81.4796
Huma	16	20.5126	79.6396
Hunmat	36	26.3468	81.9628
Hulasipur	36	25.8643	81.0672
Huresra	36	25.9239	81.2467
Humayunnagar	36	28.8302	78.3817
Husainpur	36	28.8667	78.4838
Husainpura	36	28.8882	78.4526
Hunshihal	19	16.5624	76.0457
Hulbenchi	19	16.5713	76.1386
Huba Purwa	36	27.0593	81.5182
Huseinpur	36	27.2268	81.5939
Husainpur	36	28.6470	78.3902
Husainnagar	36	27.4076	81.9817
Hudi	16	19.8717	77.6275
Husainpur	36	28.8881	78.5642
Hushipur	36	28.2206	79.7504
Husainpur Pachtaur	36	28.6807	78.7107
Hujra	36	25.7554	81.3823
Hulas Rai ka Purwa	36	25.7765	81.4337
Husainpur	36	25.8910	81.4167
Husainabad	36	26.6857	81.5662
Husainpur	36	26.5821	81.5566
Hulas	36	26.9277	81.7622
Hulkabad	36	28.1522	78.5837
Husainpur Bhur	36	28.2492	78.6314
Husainpur Jiretha	36	28.1399	78.6743
Hunsipur	36	26.2203	81.9492
Husainpur	36	28.7436	78.7907
Hulasnagar	36	28.4904	78.9327
Husainpur	36	28.2824	78.8993
Husain Jot	36	27.5134	82.0378
Hukalitar	12	33.9885	74.6273
Hufru	12	33.8793	74.7462
Husainnagar	40	18.5567	78.4521
Hullapur	36	27.0027	82.0635
Huliapara	36	27.1292	82.1040
Huliarpur	36	27.1453	82.1689
Hukam Singh Dih	36	27.4142	82.3794
Hubdar Dih	36	27.2778	82.4322
Husainabad Grant	36	27.2246	82.3793
Hulas Dih	36	27.2119	82.4370
Husainpur	36	27.1159	82.4266
Husain Dih	36	27.1047	82.4899
Hubdar Haji	36	27.0408	82.4401
Husain Bakhsh	36	27.0007	82.4532
Hussa Kottur	40	18.8005	78.5145
Hujra	36	27.2381	82.6008
Hushur	12	33.9552	74.7564
Husipur	12	33.9431	74.8138
Hunipur	12	33.9663	74.8763
Hushanpur	12	33.7590	74.9489
Hunsepur	36	26.7302	82.0360
Husenpur	36	26.7203	82.1679
Husainganj	36	26.2691	82.0010
Husainganj	36	26.3363	82.1387
Hujra	36	26.3606	82.2266
Hublal	36	26.2086	82.1427
Husain	36	26.7663	82.4374
Hulia Jot	36	26.7858	82.3668
Hundra	36	26.8498	82.4335
Husainpur	36	26.5094	82.2918
Humayunpur	36	26.7172	82.3713
Husainpur	36	26.6416	82.4557
Hulaiya	36	26.5464	82.4490
Hulepur	36	26.3142	82.3342
Hubdarpur	36	26.2602	82.3913
Husain Chak	36	26.4494	82.4688
Husainpur	36	26.3858	82.4203
Husenpur	36	26.2933	82.4784
Husenpur Sakarwari	36	26.3319	82.4870
Husainpur Murthan	36	25.7649	83.2365
Hubdarganj	36	26.1783	82.4335
Hunsepur	36	26.5786	82.5732
Husainpur Sudhana	36	26.5737	82.5997
Husainpur Sunthar	36	26.5116	82.7030
Husainpur Grant	36	26.5083	82.7339
Hunsepatti	36	26.4518	82.5253
Husainpur Bipahan	36	26.2837	82.5631
Husaina	36	26.2508	82.6508
Husainpur	36	26.2825	82.6543
Husainpur	36	26.3596	82.7081
Husainabad	36	26.1026	82.6381
Hujra Sohawi	36	26.8423	82.9176
Husainabad	36	25.9149	83.3574
Hundraha	36	25.8564	83.4501
Husainpur Bibipur	36	26.3810	82.7577
Husainpur Musalman	36	26.4434	82.8559
Husainpur	36	26.4350	82.9269
Hum Shalrbug	12	33.7266	75.0227
Hupli Huphkha	12	33.9267	75.1343
Hundur	12	33.9920	75.0876
Hugom	12	33.8020	75.1985
Hutmur	12	33.7732	75.2299
Hudra	36	27.0390	83.3799
Husainabad	36	27.0155	83.3437
Hulasgarh	36	25.7962	81.6462
Hulasgarh	36	25.8822	81.6923
Husainpur	36	25.9688	81.7182
Hundra	36	26.6422	83.1927
Hundri	36	26.5372	83.2329
Hundra	36	26.5447	83.2319
Hunsepur Sanup	36	26.2827	83.0367
Hunsepur Ramjiawan	36	26.2629	83.0774
Husainpur	36	26.4300	83.2417
Husainpur	36	26.1168	83.0921
Husainganj	36	26.0278	83.1661
Humayunpur	36	26.7653	83.3590
Husainganj Urf Rotoiya	36	26.8096	83.4371
Husainmau	36	25.5176	81.6304
Husainpur	36	25.5523	81.6832
Hunraraha	36	26.0260	83.6831
Huda	12	33.1586	75.0010
Hunge	12	33.3337	75.2671
Hutsak	12	33.3253	75.3025
Hudimo	12	33.2916	75.3103
Husainpur	36	26.0705	83.9745
Husain Chak	36	25.6324	83.5163
Husainpur	36	25.5504	83.5244
Hubalwar	12	33.5223	75.5834
Husaini Chak	36	25.6548	83.6333
Hundarhi	36	25.7206	83.6927
Husepur	36	25.6837	83.7292
Husainabad	36	25.7137	83.7355
Husepur Kothia	36	25.6509	83.6748
Husainpur	36	25.6437	83.6699
Hukwas	12	33.3878	75.6223
Huramul	12	33.3934	75.6384
Hullar	12	33.3534	75.7676
Hulni	12	33.0954	75.7600
Husainpur	36	25.4493	81.6773
Hur	12	34.0077	74.7287
Hulasganj	36	25.6350	81.7542
Hulad	12	32.4380	75.7175
Hunera Khas	11	32.4630	75.9949
Husiyarakheri	35	22.9654	75.9411
Huzurganj	35	22.7185	75.8337
Huddi Tola	35	22.2375	80.4833
Husain Shahwala	23	30.8783	74.5012
Hudki Tola	35	21.7606	80.1557
Husainpur Bupara	36	29.3518	77.6985
Husenpur	23	31.3303	75.1840
Husainpur	23	31.2150	75.0904
Hutkalia	16	21.5528	80.1679
Husewal	23	31.5273	75.4552
Husainabad	23	31.3459	75.3172
Husainpur	23	31.1495	75.4628
Husainpur	23	31.6710	75.7246
Husainpur	36	27.2403	80.7403
Hulas Khera	36	27.0127	80.5649
Husainpur	36	27.0168	80.6734
Husainpur	36	27.6458	80.9934
Husainpur	36	27.6035	80.8015
Husainpur	36	27.5734	80.7755
Huzur Purwa	36	27.5574	80.8133
Husainganj	36	27.2995	80.8484
Husainpur	36	27.2702	80.8071
Husainabad	23	31.1545	75.5646
Husainpur	23	31.4735	75.8349
Hukran	23	31.4214	75.8821
Hugai	12	33.2640	76.1480
Huriangwar	12	33.2830	76.1749
Hugal	11	33.0941	76.3949
Hurel	16	20.4761	80.4395
Hurukdumma	16	20.7063	80.5591
Hutli	11	32.8894	76.4682
Hurwe	37	20.2150	80.6796
Hureli	37	20.2074	80.6887
Huchetola	37	20.7310	80.8185
Hulghat	37	20.1679	80.8460
Hurudongar	37	22.0455	81.0126
Hukra	11	32.3782	76.4995
Huddatola	35	22.7812	81.5158
Husainmau	36	27.0325	81.1014
Husainnagar	36	27.1806	81.1193
Hul	11	32.9841	76.5109
Hunkratola	37	22.9669	81.9607
Hussain Chak	23	31.0935	76.0950
Hussainpur	23	31.0201	76.1223
Hubnalli	19	14.9528	74.7755
Hutkhand	19	14.9321	74.7755
Hulimane	19	14.9137	74.7514
Huklijaddi	19	14.8408	74.7818
Hulimane	19	14.8114	74.7802
Hullarjaddi	19	14.7625	74.7906
Hunshettikop	19	14.9836	74.8165
Hulgod	19	14.9857	74.8625
Hunsemane	19	14.8255	74.8644
Hurang	11	31.9303	76.9520
Huhu	11	31.8025	76.9576
Huwani	11	31.3494	76.8883
Husainpur	23	30.7100	76.4455
Humayunpur	23	30.6220	76.3822
Husainpura	23	30.5683	76.3746
Hunsi	19	14.7388	74.7556
Hunalli Math	19	14.7412	74.8033
Hulka	23	30.5606	76.6611
Hunsikop	19	14.5027	74.8356
Hulgol	19	14.7151	74.8173
Hutgar	19	14.6390	74.8041
Huldevansar	19	14.6654	74.8849
Hudlamane	19	14.5151	74.8752
Hulemalagi	19	14.5774	74.9677
Hudelkop	19	14.7123	74.9470
Husri	19	14.6176	74.8970
Hukampura	24	25.7975	74.9307
Hudlia	24	23.2299	74.4713
Hulta	11	30.9610	77.5814
Hulemane	19	14.4559	74.7887
Hulyad	19	14.4631	74.7655
Hutgar	19	14.4255	74.7582
Hunitot	19	14.4579	74.8202
Hunitot	19	14.4521	74.8183
Hudea	19	14.4517	74.8039
Huginmane	19	14.4202	74.8021
Hulkutri	19	14.4201	74.7857
Huvinmane	19	14.3653	74.7745
Hukali	19	14.2983	74.7542
Hulemane	19	14.3602	74.8437
Hunsikai	19	14.4018	74.8515
Hukar	19	14.4225	74.8491
Hutgar	19	14.4429	74.8335
Husaina	35	24.2062	79.7970
Husain Malakpur	36	30.1974	77.6261
Husain Begpur	36	30.1982	77.6290
Hurdag	38	23.9596	83.7584
Humayunpur	36	29.0579	77.9841
Hulding Dogri	11	31.7021	78.4492
Hukkalu	19	14.1622	74.7942
Hunasur	19	14.1830	74.9326
Hulegaru	19	14.1511	74.9540
Hulegodu	19	14.1304	74.9556
Hunnalamadike	19	14.0874	74.9845
Hunugallu	19	14.0110	74.7883
Hulkodu	19	14.0258	74.8551
Huliballi	19	14.1070	74.7509
Hulugale	19	14.0945	74.7668
Hurarkhar	37	21.3804	83.0863
Husainpur	36	28.2286	78.2338
Husainpur	36	28.1137	78.2194
Humayunpur	36	28.2210	78.4711
Husainpur	36	28.2002	78.4253
Humayunpur	36	28.9917	78.8247
Husainganj	36	28.8935	78.9890
Husainpur Hamir	36	28.7608	78.7776
Huma	21	21.2822	83.9129
Hutma	21	21.1486	83.7704
Hud	21	21.1178	83.8743
Hugh Chak	36	27.7175	81.4832
Husainabad	36	27.3719	81.4323
Husainpur	36	27.0418	81.4935
Hublal Purwa	36	26.2453	81.2547
Hulasi Purwa	36	26.1222	81.2884
Hulsipur	36	26.8655	81.5743
Hunhuna	36	26.7688	81.6139
Hulupur	36	26.7661	81.6444
Husainganj	36	26.8183	81.6560
Hulas Ahir	36	26.9168	81.6909
Husainpur	36	26.4930	81.5170
Husainganj Bazar	36	26.4253	81.5791
Husainnagaram	02	16.5167	80.2347
Husena	34	26.0467	84.3751
Hundujolli	21	19.5531	83.4210
Hunji	21	19.3860	83.4913
Hulakatunda	21	19.0506	83.2505
Hurmgonda	02	18.1373	82.5611
Hurlikota	21	18.7950	83.1185
Hukumpeta	21	18.7718	83.2587
Husainpuram	02	18.6728	83.6606
Hurrua	34	25.2201	84.3232
Husepur	34	25.9923	84.5417
Hunraraha	34	25.9400	84.7139
Hulkheri	35	23.5784	76.8628
Hushiyarkheri	35	23.6591	76.9180
Hungaon Kalan	24	26.1505	73.4230
Husainpur	39	29.0921	79.2253
Hurra ka Gurha	24	25.3161	73.7184
Hurinali	35	22.8426	74.7236
Huran ka Dhana	24	24.8496	73.8996
Hunrrahi	34	25.0612	84.7214
Hugalia	24	26.1504	74.1864
Husainpur	34	25.8699	84.7906
Hulasitola	34	25.6593	84.8626
Huram	39	29.8460	79.9569
Hurali	39	29.8812	79.9402
Hukarwa	34	26.7147	84.5190
Hulduwa	39	29.4025	79.9804
Husainpur Nagla	36	28.2290	79.1086
Husainpur	36	28.1028	79.1388
Hulaspura	36	28.8970	79.3822
Husainganj	36	28.8200	79.3389
Hurmatnagar Tanda	36	28.8904	79.2794
Hurmatnagar	36	28.7373	79.2613
Husainganj	36	28.6160	79.3838
Hulsara	34	26.1219	84.6521
Hussepur	34	26.1882	84.6296
Husain Nagla	36	28.7542	79.6296
Huseni	34	26.3731	84.7939
Hukabadi	35	21.8852	74.9107
Hussepur	34	26.2030	84.9381
Hussepur	34	26.1801	84.9408
Humbarda	16	21.2623	74.8958
Hulas Nagra	36	28.0659	79.6483
Husainpur Kadra	36	28.0269	79.7200
Husain Chak	34	25.4868	84.9758
Hurka	34	24.8562	84.0961
Hurka	34	24.9280	84.2086
Hunraha	34	24.6529	84.0744
Husainnagar	38	24.5440	84.0232
Husepur	34	24.6212	84.0913
Hurhurkatola	38	24.0336	84.0781
Huribar Soita	38	24.0935	84.1359
Huruhansa	38	24.1256	84.1179
Husainabad	34	25.1061	84.2201
Husainabad	36	25.8848	84.2828
Hulastola	34	25.5510	84.3736
Hurrahitola	34	25.4016	84.3302
Hunkadih	34	25.2798	84.2730
Hunrrahabal	34	25.2807	84.3220
Hurmeth	34	24.4791	84.3193
Hulsi Khurd	38	24.2847	84.3126
Huliatanr	34	24.4280	84.4773
Humia	38	24.2075	84.3270
Hurdaga	38	24.1879	84.3143
Husenigurha	38	24.0086	84.4198
Huse Chak	34	24.9271	84.7462
Husainganj	34	24.5515	84.6675
Humajan	38	24.3449	84.5649
Humra	38	24.2934	84.5144
Hutru	38	24.0630	84.7270
Husena	34	25.2892	85.8020
Hurmur	38	24.0782	85.0410
Hurnali	38	24.0088	85.0678
Humadhaki	38	24.2076	85.1355
Hurige	19	13.9962	74.7994
Hudikal	19	13.9569	74.8619
Hurli	19	13.9845	74.8370
Hulibayi	19	13.8914	74.8357
Hunshemakki	19	13.5899	74.7811
Huikadi	19	13.5557	74.8913
Huli	19	15.7955	75.1907
Hulikatti	19	15.8189	75.2244
Hunsukatti	19	15.1345	75.0291
Hungund	19	15.0587	75.0191
Hulsogi	19	15.0554	75.1903
Huligop	19	15.9324	75.3600
Hunashikatti	19	15.6779	75.3511
Huvin Sigli	19	15.0356	75.4342
Hullikeri	19	15.9952	75.6033
Hunagundi	19	15.7863	75.6918
Huilgol	19	15.5201	75.6554
Hullur	19	15.7416	75.6691
Hulikeri	19	15.9970	75.7887
Hullur	19	15.0810	75.5800
Hulginhalli	19	14.6664	75.0600
Hulgaddi	19	14.5850	75.2058
Hurali	19	14.5778	75.1783
Huralikoppa	19	14.5766	75.1865
Hunasavalli	19	14.5397	75.1861
Hulemaradi	19	14.4403	75.0096
Hultikoppa	19	14.3825	75.0050
Hunasikatte	19	14.4093	75.1754
Hunavalli	19	14.2900	75.1718
Hulatti	19	14.1929	75.0210
Hulimane	19	14.1236	75.0034
Huttadimba	19	14.1835	75.1580
Hunasavalli	19	14.0297	75.1742
Huda	19	14.8034	75.0801
Hullatti	19	14.8622	75.1011
Hunsikatti	19	14.9531	75.1976
Hulikatti	19	14.8995	75.1976
Hungund	19	14.9083	75.1724
Hunsikatti	19	14.8399	75.1965
Hurlikop	19	14.9233	75.3460
Husainpura	19	14.1707	77.4803
Hulumapalle	02	14.1260	77.6931
Hulaginakoppa	19	14.4151	75.3090
Hullatti	19	14.4840	75.4844
Husainpuram	02	14.4389	77.9330
Hulaginakoppa	19	14.2591	75.4498
Hunsakoppa	19	14.1729	75.3430
Hubbanhalli	19	14.0472	75.4237
Hulial	19	14.9010	75.6853
Hullatti	19	14.6578	75.6279
Hunsikatti	19	14.5980	75.6846
Huliganhole	19	14.4782	75.6841
Hurulihalli	19	14.1189	75.6936
Hulikatte	19	14.8142	75.8823
Hunisekunta	02	13.8858	77.0552
Hugaluru	19	14.9701	75.9708
Huvvinahalli	02	13.7725	77.0999
Hullikeradevarahalli	02	13.7885	77.0160
Hunasehalli	19	13.2010	77.0857
Hulikal	19	13.1390	77.1491
Hujigallu	19	13.0015	77.1987
Huvinahalli	19	13.7708	77.2944
Hudumanapalya	19	13.6595	77.3117
Hunasavadi	19	13.6384	77.3566
Hunasekunte	19	13.5600	77.4133
Hulikunte	19	13.5329	77.2601
Hullugonahalli	19	13.5125	77.2601
Huchirayanapalya	19	13.5091	77.3063
Hulisoppanhalli	19	13.4525	77.2528
Huralagere	19	13.4321	77.3337
Huliharvi	19	13.3046	77.3059
Hunasepalya	19	13.2880	77.3611
Hulikunti	19	13.2769	77.3517
Huskur	19	13.2824	77.4753
Huralichikkanhalli	19	13.1153	77.4848
Huskur	19	13.1236	77.4305
Huralihalli	19	13.1188	77.3531
Huchanpalya	19	13.1090	77.4304
Huligandanhalli	19	13.0600	77.4061
Hunavigeri	19	13.0325	77.3968
Hunasenahalli	02	13.7485	77.5299
Hulikunta	02	13.8247	77.5294
Husainpuram	02	13.7740	77.6843
Hulikunte	19	13.6801	77.6220
Huduvati Nagasandra	19	13.6429	77.5045
Husainpur	19	13.5374	77.5299
Huralgurki	19	13.3565	77.7066
Huttanhalli	19	13.1651	77.6512
Hunsur	19	13.1802	77.7114
Huvinaikanhalli	19	13.1478	77.6895
Hulavanhalli	19	13.1648	77.9221
Hunasihalli	19	13.0088	77.8256
Huskur	19	13.0613	77.7624
Hullur	19	13.2049	77.8902
Hullur	19	13.0979	77.8224
Hullikatti	19	14.5559	75.7783
Huvinamadu	19	14.2933	75.9072
Hunasagatte	19	14.1171	75.7559
Hulisara	19	13.8320	75.1569
Hugadi	19	13.9012	75.2117
Huligadde	19	13.9841	75.2418
Hulkod	19	13.7999	75.2270
Hulkod	19	13.5810	75.2489
Hukkalbailu	19	13.6465	75.2137
Hurlumavinsara	19	13.6695	75.1541
Hunasebailo	19	13.7374	75.2361
Hunasavalli	19	13.6628	75.2220
Hurli	19	13.6162	75.1099
Hulikal	19	13.7244	75.0119
Hulgod	19	13.4474	75.2416
Humma	19	13.2218	75.0835
Hurkkya	19	13.2388	75.0634
Huligadde	19	13.9190	75.2515
Huttahalli	19	13.8813	75.2802
Hullatti	19	13.8107	75.2654
Hulimane	19	13.7654	75.2806
Hugalavalli	19	13.7242	75.2852
Hungebail	19	13.6282	75.3568
Hunsekere	19	13.6195	75.4209
Hulugula	19	13.5714	75.4814
Hunasavalli	19	13.4662	75.3121
Hukodu	19	13.4494	75.2981
Hulagaru	19	13.4801	75.3582
Hulgaru	19	13.4127	75.3009
Hulkodu	19	13.3812	75.2699
Hulvalli	19	13.3755	75.2724
Hulasi	19	13.3532	75.3895
Hunasekoppa	19	13.4426	75.4454
Humsakere	19	13.3368	75.4944
Hunasod	19	13.9920	75.5777
Huliyur Ramenkoppa	19	13.8161	75.6305
Hutta	19	13.8448	75.6932
Hunasvalli	19	13.3254	75.5564
Huyigere	19	13.2792	75.5053
Hukunda	19	13.2884	75.6402
Hulavale	19	13.2597	75.7084
Hunsemakki	19	13.2829	75.6666
Hukunda	19	13.3190	75.7287
Huisolal	19	13.0917	75.6678
Huradi	19	13.0344	75.6936
Hurusti	16	19.8818	79.2912
Huralihalli	19	13.7410	75.7685
Huvinahalli	19	13.6049	75.9049
Hunsagatta	19	13.7384	75.9186
Hunsekere	19	13.2030	75.8090
Husgur	19	13.0713	75.8536
Hulhalli	19	13.0004	75.8865
Hunsekere	19	13.1885	75.9082
Hunase	19	13.0298	75.9107
Hullugundi	19	13.0987	75.9680
Hullenahalli	19	13.2485	75.9251
Hunisekatti	19	14.7783	76.2351
Hurrahia	34	25.2463	85.5579
Hunasihalli	19	14.7269	76.1036
Hunasikatti	19	14.6216	76.0748
Hulikatte	19	14.4633	76.1017
Hunasekatte	19	14.3750	76.1288
Huchchavvanahalli	19	14.2540	76.0992
Hulemalali	19	14.0840	76.1106
Huchchayyanahalli	19	14.9344	76.4578
Hulayyanahalli	19	14.7653	76.4488
Hulikeri	19	14.6244	76.4519
Huchchavvanahalli	19	14.5495	76.4430
Husainpur	34	24.6449	85.1534
Hurhia	38	24.2926	85.1915
Husia	38	24.2797	85.2305
Hurnali	38	24.2513	85.0746
Husain Chak	34	24.7665	85.2871
Husenganj	34	24.7768	85.3330
Hulasganj	34	24.6854	85.3429
Hutpa	38	24.0069	85.4922
Hunasekatte	19	14.2371	76.2767
Hullehal	19	14.3967	76.2984
Hunasekatte	19	14.3382	76.4263
Hulluru	19	14.1751	76.3128
Hulikunta	19	14.7631	76.5312
Hudem	19	14.6288	76.5791
Hulitotlu	19	14.0224	76.5352
Hulikunte	19	14.1397	76.7177
Hulikallu	02	14.8059	76.8749
Hulikalludoddi	02	14.8004	76.8616
Hulikere	02	14.7633	76.9948
Hulle Halu	19	12.3933	76.3569
Hunnavalli	19	12.4074	76.4716
Hullukanahalli	19	12.3691	76.4739
Hulenhalli	19	12.3293	76.4654
Hurrahi	34	24.7812	85.5350
Hundrahi	34	24.9574	85.6931
Huvvenahalli	19	13.2311	76.0019
Hullehalli	19	13.7534	76.1225
Huralihalli	19	13.7521	76.1757
Hudra	34	26.4613	86.4470
Hullehalli	19	13.6266	76.0097
Hulaspatti	34	26.3180	86.4546
Hurakanahalli	19	13.6799	76.1140
Hullegundi	19	13.5145	76.1154
Huligere	19	13.5587	76.1982
Huvinahallihatti	19	13.4102	76.0888
Hulikere	19	13.9434	76.2774
Hulikere	19	13.1989	76.0022
Hudanahalli	19	13.1484	76.0165
Huvinahalli	19	13.0332	76.0460
Hulikalluhalli	19	13.2076	76.0541
Hungarahalli	19	13.1666	76.1513
Hullenahalli	19	13.1349	76.1998
Hundinakere	19	13.7310	76.2998
Hunavinadu	19	13.8198	76.3223
Hunasekatte	19	13.8227	76.3482
Hullukatte	19	13.8775	76.3474
Hullinagondi	19	13.7172	76.3038
Hulekere	19	13.5098	76.4544
Hullenhalli	19	13.6574	76.4365
Hunasekatte	19	13.2865	76.3295
Hulihallipalya	19	13.3545	76.4069
Hulihalli	19	13.3627	76.4155
Huralihalli	19	13.3309	76.4691
Huchanahalli	19	13.4843	76.4632
Hulagalakunte	19	13.8983	76.5965
Huchchavvanahalli	19	13.9670	76.5879
Hunasekuppe	19	12.0170	76.2717
Hulipura	19	12.0408	76.3981
Huchaganne	19	12.0924	76.4679
Huvinahalli	19	12.0243	76.4415
Hunasehalli	19	12.0389	76.4414
Hulasi	34	25.7234	86.0780
Humbethaje	19	12.8790	75.5035
Huhmajal	19	12.7539	75.5568
Hunasavalli	19	12.9973	76.0066
Hulangala	19	12.7815	76.1171
Hulihalli	19	12.9031	76.0933
Huvanahalli	19	12.9547	76.2027
Huluvere	19	12.9071	76.1732
Hulikallu	19	12.6994	76.0435
Hunasekoppal	19	12.5255	76.0701
Huligere	19	12.9079	76.5242
Hubbanahalli	19	12.8205	76.5699
Hullenahalli	19	12.9888	76.6770
Hulikere	19	12.9000	76.7163
Huvinahalli	19	12.7525	76.6725
Huvinahalli	19	12.8656	76.7043
Hunasvadi	19	12.3722	76.0348
Hunsekuppe	19	12.3100	76.1136
Hunsagal	19	12.3011	76.2206
Hunaseguddakoppal	19	12.5562	76.5679
Hulukere	19	12.5062	76.6224
Hunasanahalli	19	12.5832	76.5946
Hulegere	19	12.6415	76.6358
Huyilalu	19	12.3306	76.5524
Hullakere	19	12.3954	76.5813
Huchanapura	19	12.2741	76.5752
Husakuru	19	12.0753	76.5787
Hulimavu	19	12.1588	76.7324
Hunasanalu	19	12.0146	76.6933
Hullahalli	19	12.7627	76.2666
Hujekoppal	19	12.7663	76.2513
Huvinahalli	19	12.8334	76.2645
Hullekere	19	12.8055	76.7725
Hullenahalli	19	12.7689	76.8165
Husaina	34	25.4392	86.2981
Hurali Borasandra	19	12.9698	76.9757
Husaina Diara	34	25.3463	86.2725
Hullahalli	19	12.7185	76.7714
Hunaganahalli	19	12.6668	76.7724
Hunaganahalli	19	12.6762	76.8261
Hullenahallikoppal	19	12.5885	76.7867
Hulikere	19	12.5705	76.7736
Hullenahalli	19	12.5790	76.8038
Hulivana	19	12.5892	76.9016
Husenakhanakoppal	19	12.7483	76.9700
Huragalavadi	19	12.6994	76.9673
Huchipanohegaudanadoddi	19	12.6502	76.9240
Hullenahalli	19	12.6508	76.9988
Hullenahalli	19	12.5834	76.9875
Hullenahallidoddi	19	12.5790	76.9752
Huchalagere	19	12.5350	76.9896
Hunjanakere	19	12.4449	76.8038
Hunaganahalli	19	12.3059	76.7979
Hunasahalli	19	12.3963	76.8605
Hunasagahalli	19	12.4726	76.8365
Hullukere	19	12.4783	76.8457
Huvina Koppal	19	12.3550	76.9690
Hullamballi	19	12.2599	76.9974
Hunsur	19	12.2259	76.8913
Hulakanahundi	19	12.2251	76.9415
Hundi	19	12.2105	76.8486
Hullepura	19	12.0192	76.9807
Hulikanave	02	15.7967	77.2815
Husainpur	02	15.5028	77.6165
Husain Chak	34	25.7730	86.5935
Hulhalli	19	12.9055	75.7551
Huvinhalli	19	12.8191	75.8266
Huligalale	19	12.7747	75.8662
Husgur	19	12.8277	75.9246
Hulukodu	19	12.7512	75.9134
Hulkund	19	12.8255	75.9692
Huluse	19	12.7279	75.9026
Hunsekayihosahalli	19	12.6941	75.9045
Hudgur	19	12.5084	75.9144
Hulse	19	12.5161	75.9690
Hulgattur	19	12.7081	75.7935
Hulgattur	19	12.7292	75.7919
Hulikallu	02	14.6181	77.0744
Hulas	34	25.9483	86.7718
Hulapuram	40	18.2334	79.1185
Husainpur Kaimhra	36	27.4745	80.7399
Huland	19	15.7274	74.1703
Hundalivadi	16	15.9728	74.3802
Hunchanhatti	19	15.7960	74.4642
Hushepur	36	26.9934	79.4621
Husainpur	36	26.9578	79.3462
Husainpur	36	26.5436	79.3893
Hunkunti	19	15.1548	76.0467
Huvinahalu	19	15.3196	76.1721
Hulgi	19	15.3118	76.3385
Hunisevuti	19	15.1542	76.4695
Hudikeri	19	12.0848	75.9423
Hudikeri	19	12.0915	75.9351
Huda	19	15.6294	76.8026
Hulevanur	19	15.9217	74.5754
Hulikatti	19	15.7897	74.6450
Hudli	19	15.9887	74.6656
Hulikatti	19	15.6589	74.7536
Hungeri	19	14.8393	74.1798
Hulchimakki	19	14.7701	74.2274
Hubbankeri	19	14.4866	74.3721
Hunmandal	19	14.4154	74.4051
Hunchikeri	19	14.3409	74.4771
Hulikeri	19	14.8876	74.5324
Hulgan	19	14.8879	74.6767
Hutakmane	19	14.9617	74.6543
Hulikund	19	14.9363	74.7222
Hudgod	19	14.6762	74.5653
Hulsigadde	19	14.4230	74.5967
Hukli	19	14.2795	74.6093
Hudgibail	19	14.2946	74.6943
Hukligadde	19	14.3332	74.6802
Hukli	19	14.4232	74.6833
Hutgar	19	14.4965	74.6908
Hulunda	19	14.4723	74.7485
Huggigadde	19	14.4393	74.7427
Hurlumakki	19	13.7847	74.7098
Hunthinahole	19	13.8304	74.7158
Hullukodage	19	13.8797	74.6966
Hurrahi	34	24.9220	84.8032
Hurrahi	34	26.5855	85.9441
Hundra	38	25.0136	87.2267
Hukma	34	25.1343	87.2520
Hulukpur	38	25.2071	87.3615
Husainabagh	34	25.8133	87.5236
Husena	34	25.4855	87.4089
Husainpur	34	25.9567	85.0939
Husaina Ragho	34	25.9145	85.1597
Hulumanganj	34	25.6170	85.0007
Hulakpur	34	25.5717	85.1105
Hular Chak	34	25.5396	85.0283
Hunrari	34	25.3900	85.0050
Hulas Chak	34	25.4082	85.1374
Hunrari	34	25.3567	85.1850
Hunrari Bigha	34	25.3550	85.1873
Hulas Chak	34	25.3950	85.1723
Hundaili	34	25.5025	87.6671
Husain	28	25.9322	87.8827
Hura Hajra	34	25.6030	87.8972
Husainpur	28	25.5198	87.9212
Hulaspur	28	25.4694	87.9041
Hurgurpara	38	24.4683	87.6679
Huchukdanga	28	24.0957	87.6539
Hussainganj	28	24.0361	87.7146
Husseinpur	28	24.5373	87.9418
Huliapathar	38	24.3509	87.7563
Husaina Khurd	34	25.8728	85.3186
Husaipur	34	25.9837	85.4557
Husainipur	34	25.8087	85.4770
Hudhudpur	34	25.7050	85.4059
Hunrari	34	25.3922	85.2821
Hubla Chak	34	25.3506	85.4503
Husepur	34	25.9087	85.6036
Husain Chak	34	25.3837	85.5313
Husianpur	34	25.2562	85.6128
Husain Chak	34	25.3563	85.6106
Hudi	16	20.6878	75.7323
Hushiarpalli	40	17.6109	78.6928
Hurabai	40	17.2928	78.5343
Huzurgudem	40	17.4174	78.6477
Hughes Town	40	17.4111	78.5049
Hulaspur	36	27.8055	80.1054
Husainpur	36	27.8409	80.1519
Husainapur Purwa	36	27.6419	80.0803
Husainapur Dewani	36	27.6367	80.0803
Husainapur Dhaunkal	36	27.5899	80.0147
Hulasi Purwa	36	27.6302	80.1502
Husainpur	36	27.6735	80.1812
Husainpur Sehora	36	27.4230	80.0330
Hunsiapur	36	27.2872	80.0687
Humapur	36	27.3785	80.0693
Husain Purwa	36	27.2346	80.0628
Hulipur	36	27.1454	80.1025
Hulas Purwa	36	27.1691	80.1424
Hulasipur	36	27.9396	80.3615
Husainpur	36	27.7918	80.4291
Husainpur	36	27.7771	80.4694
Hukpang	20	26.4689	94.8037
Hunegal	19	13.4913	77.7525
Hushenpar	19	13.4398	77.9814
Hulgummanhalli	19	13.3566	77.9774
Huchalakiahnapalya	19	12.9974	77.0450
Hutri	19	12.9819	77.1096
Huchayanpalya	19	12.9791	77.1278
Hutridurga	19	12.9561	77.1211
Hutridurga	19	12.9520	77.1151
Huchahanumegowdanpalya	19	12.9902	77.1598
Hulavenahalli	19	12.8889	77.1840
Hulikatte	19	12.8895	77.1456
Huchegowdanpalya	19	12.9257	77.1183
Hunashikuppa	19	12.9209	77.1083
Hulikatti	19	12.8539	77.0956
Hunaganhalli	19	12.7610	77.0522
Hulikere	19	12.7300	77.0298
Hulaganhalli	19	12.6258	77.0483
Hunasemaradoddi	19	12.6062	77.0762
Huluvadi	19	12.6735	77.1317
Huchainadoddi	19	12.6502	77.2438
Huchaindoddi	19	12.5383	77.2092
Hunasanhalli	19	12.5475	77.2090
Hulikere	19	12.5204	77.0868
Husgur	19	12.4540	77.1421
Hulagala	19	12.4241	77.1615
Hulhalli	19	12.4304	77.1487
Hundi	19	12.2047	77.1078
Hullalu	19	12.9558	77.4801
Hulvenhalli	19	12.9197	77.3649
Huchammandoddi	19	12.7131	77.3893
Hunasanhalli	19	12.6927	77.3088
Hulikere	19	12.6493	77.3557
Hunalgandoddi	19	12.6931	77.4246
Hulagowdanhalli	19	12.6894	77.4321
Hulisiddegowdandoddi	19	12.6719	77.4351
Hulibele	19	12.4824	77.4191
Hukkunda	19	12.4079	77.4642
Hulya	19	12.3594	77.3554
Hullepuram	19	12.0984	77.2929
Huryandoddi	19	12.7168	77.5943
Huliyappanhalli	19	12.6138	77.5353
Husainpuram	02	15.4453	78.0451
Husainpuram	02	15.6292	78.1840
Husainpuram	02	15.3832	78.2034
Husainpuram	02	14.8964	78.0447
Huhalli	19	13.2649	78.1829
Huhalli	19	13.1707	78.1105
Hunasekote	19	13.0021	78.0739
Hudukula	19	13.0722	78.1545
Hunakunde	19	13.0472	78.2439
Hullinakallu	19	13.2196	78.0158
Huthur	19	13.1319	78.2557
Hulukur	19	13.0325	78.3497
Hulakur	19	13.0055	78.4294
Husainipur	34	25.6709	85.5947
Huralgere	19	12.9884	77.9002
Hulimangal Hoskote	19	12.9624	77.8987
Hunasemaradaur	25	12.3557	77.8889
Hulkur	19	12.9695	78.0121
Huladenhalli	19	12.9519	78.0369
Hunakaldoddi	19	12.9120	78.1403
Hulabele	19	12.9695	78.1428
Hunashalli	19	12.9846	78.1709
Huvanasanhalli	19	12.9664	78.1652
Huralihalli	19	12.9224	78.1737
Hunsalnatta	19	12.3759	77.5182
Hunsanhalli	19	12.3768	77.5953
Hunsankodihalli	19	12.3710	77.6034
Husainpuram	02	15.5716	79.0404
Husainpuram	02	15.3412	79.4084
Hussainnagaram	25	13.0289	79.8987
Huvina Kadu	19	11.9629	76.0554
Husgur	19	11.9347	76.4387
Hunsur	19	11.8735	76.4213
Hullemal	19	11.9335	76.4003
Hulikalu	25	11.6158	76.4840
Hullumadam	25	11.5248	76.3466
Hulasgundi	19	11.8043	76.6297
Hunasinpur	19	11.9090	76.7024
Hullepur	19	11.7285	76.6990
Hundipur	19	11.7104	76.6930
Hullatti	25	11.4771	76.6960
Huradhalli	19	11.8706	76.7647
Hullana	19	11.7572	76.7595
Huliatatti	25	11.4858	76.8738
Hunasepalya	25	11.7650	77.2270
Hudua	38	23.9594	85.2283
Hutri	38	23.5028	85.0213
Hutpai	38	23.6098	85.1332
Hutar	38	23.4736	85.0278
Hurhuri	38	23.4419	85.2198
Hutar	38	23.2525	85.0341
Hulsi	38	23.2563	85.0599
Hudumatoli	38	23.0496	85.0351
Hutub	38	23.0130	85.0638
Husir	38	23.7205	85.4025
Hundur	38	23.4781	85.4015
Hujir	38	23.4676	85.4105
Hutup	38	23.4490	85.4426
Husir	38	23.4597	85.3396
Husir	38	23.4626	85.3284
Hundru	38	23.3320	85.3224
Hulhundu	38	23.2556	85.2925
Hurdatoli	38	23.2764	85.4685
Hurdatoli	38	23.2695	85.4696
Huringdag	38	23.2297	85.2642
Hurua	38	23.2303	85.3573
Husirhatu	38	23.1823	85.4789
Huanghatu	38	23.2118	85.4591
Hurlung	38	23.1430	85.3387
Hutar	38	23.1337	85.2681
Hutubda	38	23.0785	85.2888
Hundurdih	38	23.0585	85.4976
Hunt	38	23.0117	85.4746
Hurlung	38	23.9562	85.6817
Huhua	38	23.6201	85.5554
Hutugdag	38	23.5911	85.6786
Hupu	38	23.5544	85.7143
Hundrutoli	38	23.3661	85.5943
Huserberatoli	38	23.3305	85.6878
Humta	38	23.2101	85.6048
Husirhatu	38	23.1797	85.5019
Huanghatu	38	23.1233	85.5403
Hurda	38	22.4993	85.0380
Hulu	38	23.5285	85.7812
Huthkadih	38	23.5235	85.8712
Hurlung	28	23.3004	85.9521
Hurumda	28	23.1631	85.9723
Hupudih	38	23.0614	85.8067
Hurundih	38	23.0027	85.8078
Hutup	38	23.0071	85.9000
Hurlung	38	23.0301	85.9734
Husir	38	22.9310	85.1657
Hututua	38	22.7578	85.0966
Hututua	38	22.5928	85.2145
Hulsetoli	38	22.6034	85.0632
Hurpi	38	22.5791	85.0679
Huangdih	38	22.8466	85.2741
Hunt	38	22.9972	85.4757
Hurdag	38	24.0999	84.7607
Hutupsud	38	22.1371	85.5287
Hundura	21	22.0542	85.7393
Hukapara	38	24.0586	86.8710
Huchukpara	38	24.0201	86.8389
Hutar	38	23.9863	84.1783
Hudugara	38	23.5666	84.1038
Hutar	38	23.1008	84.1929
Hutai	38	23.9972	84.3479
Hurmur	38	23.9100	84.2546
Hutar	38	23.7985	84.4975
Husair	38	23.7674	84.3182
Humamara	38	23.7838	84.3465
Hurdag	38	23.6432	84.2863
Huhurkarcha	38	23.5030	84.3079
Hundih	38	23.4584	84.4929
Husir	38	23.2761	84.3568
Hutar	38	23.2264	84.4913
Hurhuria	38	23.1027	84.4875
Hundi	38	23.8534	84.6516
Hundra	38	23.8857	84.6592
Hur	38	23.9167	84.6530
Hutpatoli	38	23.9936	84.6088
Hurtanrtola	38	23.9282	84.6639
Hunjar	38	23.9157	84.6777
Humbu	38	23.8814	84.7027
Hundru	38	23.7014	84.5146
Husru	38	23.5214	84.5164
Huahar	38	23.5077	84.6399
Hutap	38	23.5527	84.6657
Huradtoli	38	23.5708	84.5900
Huchlu	38	23.7361	84.6427
Hurmur	38	23.3972	84.5206
Hurkutoli	38	23.1092	84.5733
Hundaratoli	38	23.1033	84.6634
Humbitoli	38	23.9224	84.9353
Hurutoli	38	23.6651	84.8113
Hutap	38	23.6429	84.9916
Hutap	38	23.6403	84.7529
Hutartoli	38	23.5755	84.8091
Huttutoli	38	23.4348	84.7629
Huddu	38	23.4831	84.8794
Hurhad	38	23.4996	84.8571
Hurhuri	38	23.4355	84.9484
Hutri	38	23.2452	84.9353
Hulsu	38	23.0457	84.9706
Hutkumunda	38	22.6452	84.2220
Hundartoli	38	22.8805	84.4141
Hututua	38	22.5312	84.8079
Hutubda	38	22.5143	84.8769
Hurangda	38	22.7193	85.5202
Hurhuru	38	23.9786	85.3689
Hupad	38	23.9269	85.3676
Huang	38	23.7565	85.4440
Hurangda	38	22.7727	85.5869
Hurangda	38	22.8458	85.8577
Huringdih	38	22.7610	85.8796
Hundi	38	22.9879	85.8908
Hurangda	38	22.6416	85.8784
Hurdupsai	38	22.2248	85.7600
Hurlajori	21	21.9409	85.5234
Hunjiposi	21	21.9903	85.5938
Hurdurampur	21	21.9692	85.7330
Hunda	21	21.4273	85.5994
Hulaspatti	34	26.0705	86.6491
Hundro	38	24.0465	86.0928
Hundartanr	38	24.0960	86.4449
Hutma	21	21.4903	84.0207
Hudkadihi	21	21.9831	84.2568
Hula	21	20.9050	84.7459
Husainganj	34	26.1409	84.3215
Hunli	30	28.3224	95.9636
Hunta	20	26.9967	95.1932
Hulagbal	19	16.3363	76.2648
Hutgar	19	14.4199	74.6974