Ichalkaranji	16	16.6912	74.4605
Icchannur	13	11.3615	75.7782
Ichchapuram	02	19.1139	84.6872
Ichhawar	35	23.0282	77.0173
Ichora	40	19.4297	78.4528
Ichchhapor	09	21.1931	72.7365
Ichhapur	35	21.1551	76.1556
Ichchiputtur	25	13.1257	79.6307
Ichauli	36	25.5296	80.1688
Ichapur	28	22.8050	88.3709
Ichak	38	24.0898	85.4267
Ichchhaipur	36	27.1594	79.2706
Ichhapur	21	21.5521	83.4403
Ichhapur	28	22.7823	88.6206
Ichhapali	21	21.2895	83.4030
Ichhni	11	31.7045	77.1053
Ichhla	39	30.6221	77.9126
Ichora	16	20.3602	78.0469
Ichchhna Kherli	35	25.8059	76.5348
Ichhapura	35	25.6809	76.6612
Ichha	28	27.0768	88.5322
Ichhewal	23	30.3560	76.2253
Ichora	16	20.4764	78.2888
Ichora	16	20.5046	78.5170
Ichora	16	19.9454	78.0308
Ichhapur	16	21.0104	76.2163
Ichanwara	35	24.1564	77.8012
Ichhaura	36	25.8722	79.5432
Ichchhapur	35	21.8012	76.0391
Ichawan	34	25.0714	83.4199
Icha	16	20.3718	77.2674
Ichora	16	20.2022	77.2553
Ichhawar	36	25.8778	80.5052
Ichaukli Qazipur	36	25.5541	81.4064
Ichha	36	27.7238	81.1932
Ichha Khera	36	26.6066	81.1321
Ichaulia	36	26.7242	81.1031
Ichhaulia	36	26.8946	81.3266
Ichol	35	24.3352	80.7765
Ichol	35	24.3218	80.7759
Ichauli	36	26.4647	81.0190
Icha Khera	36	26.4895	81.1287
Ichhia Khera	36	26.4993	81.1646
Ichhagoz	12	33.8019	74.7700
Ichhauri	36	26.6349	82.1760
Ichhuri	36	26.4465	82.1290
Ichna	36	26.9695	82.3915
Ichhupur	36	26.4700	82.4035
Ichhnapar	36	26.7827	83.1732
Ichanguda	16	19.3815	80.4937
Ichauli	36	25.6539	83.7362
Ichhna	36	25.3927	81.5096
Ichaura	36	25.2965	81.6537
Ichkheda	16	21.2543	75.5766
Ichhapur	37	20.2252	81.4663
Ichos	11	33.0860	76.4648
Ichluni	11	32.8274	76.1410
Ichha Ser	11	31.1351	77.0976
Icholi	36	29.0449	77.8109
Ichchha	37	21.7058	83.1726
Ichchhapur	37	21.2913	83.0421
Ichhapali	21	21.0805	83.1785
Ichhapur	21	21.0397	83.4638
Ichhapadar	21	21.1602	83.6981
Ichhapur	21	21.0303	83.8239
Ichhapur	21	21.2026	83.8760
Ichraura	36	27.7834	81.2562
Ichhwapur	36	26.0135	81.5272
Ichchankaranai	25	12.7185	80.0247
Ichchankaranai	25	12.5754	80.0689
Ichhapur	21	19.9357	83.2189
Ichhapur	21	19.8552	83.4544
Ichhapai	21	19.4010	83.5975
Ichchapur	21	18.8203	83.0551
Ichchapuram	02	18.8994	83.7131
Ichiwara	35	23.4494	76.5825
Ichholi	39	30.0613	79.6240
Ichari	34	25.4562	84.5320
Ichagavhan	16	21.6197	74.0668
Ichipur	34	25.3501	84.9211
Ichatu	38	24.2311	84.6756
Ichak Khurd	38	24.0950	85.0033
Ichak	38	24.1941	85.1359
Ichlangodu	13	12.6414	74.9488
Ichlampadi	13	12.6134	74.9708
Ichalakoppa	19	14.0642	75.1111
Ichal Yellapur	19	14.9342	75.4559
Ichangi	19	14.9629	75.5428
Ichalakoppa	19	13.9287	75.0979
Ichalakoppa	19	13.8511	75.2109
Ichalakoppa	19	13.7661	75.2992
Ichekere	19	13.5836	75.4729
Ichaladal	19	13.5763	75.5082
Ichlampadi	19	12.8038	75.4538
Ichiladka	19	12.8147	75.4838
Ichagatta	19	14.3533	76.0182
Ichoi	34	24.7160	85.1222
Ichak	38	24.3565	85.1838
Ichua	34	24.8073	85.2613
Ichua Karna	34	24.9122	85.3863
Ichagatta	19	14.0808	76.2810
Ichulli Kunnu	22	12.0485	75.2597
Ichalahalli	19	12.9884	76.0421
Ichalagatta	19	12.7556	76.7218
Ichur	19	12.4337	76.1008
Ichigere	19	12.6200	76.9545
Ichalpur	19	12.8537	75.8151
Ichalapura	19	12.7876	75.8830
Ichalbid	19	12.6966	75.8734
Ichur	19	12.1453	75.9065
Ichamari	34	26.3804	87.9151
Ichalo	34	25.8491	87.6105
Ichahos	34	25.1292	85.1872
Ichha Nagar	38	24.3781	87.7881
Ichnapur	36	27.2733	80.1696
Ichchangur	25	12.8263	77.8485
Ichchappadi Kotai	25	12.0111	77.8074
Ichchappadi	25	12.0139	77.8108
Ichchampadi	25	12.2151	78.3597
Ichchampadi	25	12.1134	78.4934
Ichchampattu	25	12.7305	78.6362
Ichchambadi	02	13.3275	79.4518
Ichinur	25	13.1249	79.4356
Ichampundi	25	12.4278	79.0219
Icchur	25	12.3195	79.4558
Ichankuppam	25	12.1085	79.4745
Ichcheri	25	12.2621	79.7144
Icchur	25	12.2043	79.5187
Icchur	25	12.1817	79.5010
Ichangadu	25	12.0845	79.7679
Icchakunnu	13	11.7204	76.2814
Ichchippatti	25	11.0499	77.2062
Ichchanari	25	10.9220	76.9790
Ichorabudoddi	25	11.7760	77.3746
Ichchippalaiyam	25	11.3256	77.3492
Ichchampalaiyam	25	11.2715	77.3488
Ichchippalaiyam	25	11.1554	77.4748
Ichchankadu	25	11.6774	77.7178
Ichchikattuvalasu	25	11.4306	77.7263
Ichchivalasu	25	11.3250	77.5979
Ichchippatti	25	11.1809	77.5764
Ichikkattuvalasu	25	11.0525	77.6922
Ichchangadu	25	11.5236	77.9829
Ichchippalaiyam	25	11.0773	77.8484
Ichchikkattur	25	11.0018	77.8476
Ichchippatti	25	10.6647	77.3397
Ichchampundi	25	11.1992	79.4984
Ichchangudi	25	10.9019	79.1502
Ichchankottai	25	10.6632	79.1686
Ichak	38	23.9875	85.1578
Ichapiri	38	23.6008	85.1501
Ichapiri	38	23.6360	85.2220
Ichadag Pandra	38	23.5435	85.4828
Ichapiri	38	23.5113	85.2810
Ichadag	38	23.5379	85.4758
Ichapiri	38	23.4991	85.2764
Ichakdih	38	23.8054	85.6054
Ichatu	38	23.5362	85.5879
Ichahatu	38	23.2797	85.7468
Ichadih	38	23.0372	85.7187
Ichatu	28	23.4661	85.8914
Ichag	28	23.3375	85.9301
Ichadih	38	23.0921	85.9807
Ichagarh	38	23.0409	85.9355
Icha	38	22.9737	85.0368
Ichapiri	38	22.4511	85.1935
Ichagutu	38	22.8537	85.3608
Ichadih	38	22.9702	85.4073
Ichadih	38	22.9739	85.4938
Ichahatu	38	22.8331	85.4931
Ichak	38	24.2460	84.7502
Ichahar	38	24.0633	84.8338
Ichagutu	38	22.7484	85.2832
Ichaburu	38	22.1459	85.6238
Ichakuti	38	22.1509	85.5103
Ichabar	38	23.6734	84.4747
Ichak	38	23.9412	84.5848
Ichak	38	23.7767	84.5000
Ichak	38	23.8651	84.7323
Ichak	38	23.6981	84.5713
Ichwatanrtoli	38	23.5550	84.5173
Icha	38	23.3354	84.5548
Ichri	38	23.3280	84.6494
Ichkela	37	22.8389	84.1831
Ichagutu	38	22.8053	84.8972
Ichandavodai	25	8.7402	77.8667
Ichchikkinattuppatti	25	10.6972	78.0849
Ichchimarattuppatti	25	10.3272	78.0297
Ichchampatti	25	10.7985	78.3634
Ichchampatti	25	10.8592	78.4220
Ichchampatti	25	10.5336	78.3677
Ichchadiyappatti	25	10.5020	78.4628
Ichchiyadippatti	25	10.4900	78.4558
Ichchippatti	25	10.8260	77.5243
Ichchampatti	25	10.9274	78.7283
Ichchangudi	25	10.5205	78.5663
Ichchikkamalappatti	25	10.7296	78.6888
Ichchampatti	25	10.3797	78.5296
Ichchikkottai	25	10.0157	78.9449
Ichchaneri	25	9.9203	78.2103
Ichchavayal	25	9.9049	78.7743
Ichchippatti	25	10.7058	77.8578
Ichchangadu	25	11.3667	79.2144
Ichchangadu	25	11.9547	79.4757
Ichchamkattukuppam	25	11.4704	79.6365
Ichchanda	25	9.0593	77.4977
Ichaladi	25	11.3391	79.7707
Ichchavari	25	11.1880	78.2156
Ichchankovilpatti	25	11.1135	78.2050
Ichchampatti	25	11.4130	78.2705
Ichchavari	25	11.1172	78.2631
Ichchankadu	25	11.8149	78.5751
Ichchangadu	25	11.8835	78.6682
Ichchampatti	25	11.5791	78.5154
Ichchampattinattam	25	11.1345	78.7173
Ichchampatti	25	11.0809	78.5888
Ichangudi	25	11.3069	78.7957
Ichchampatti	25	11.2265	78.7721
Ichahatu	38	22.7287	85.5290
Ichapiri	38	22.9813	85.7139
Ichadih	38	22.8784	85.7157
Ichakuti	38	22.6021	85.5962
Ichahatu	38	22.5465	85.5574
Ichahatu	38	22.6356	85.6921
Ichinda	38	22.6741	85.6410
Ichakuti	38	22.5169	85.7456
Ichakoti	38	22.3693	85.6516
Ichapi	38	22.2522	85.7408
Ichadih	38	22.8803	85.8280
Ichahatu	38	22.8504	85.7606
Icha	38	22.5516	85.9105
Ichakuti	38	22.6044	85.8948
Ichakuti	38	22.4676	85.8512
Ichapur	38	22.4499	85.8053
Ichakuti	38	22.3675	85.8321
Ichapi	38	22.4468	85.9017
Ichakuti	38	22.4184	85.9765
Ichakuti	38	22.0593	85.8497
Ichapi	38	22.0156	85.7678
Ichapi	38	22.0406	85.9368
Ichinda	21	21.9596	85.6390
Ichinda	21	21.6485	85.5200
Ichchampatti	25	11.2916	78.5057
Ichhapur	21	20.2797	85.1848
Ichhapali	21	21.2875	84.0260
Ichhapur	21	20.8245	84.2760
Ichhapur	21	20.9575	84.7419
Ichhapur	21	20.8823	84.9630
Ichak Khurd	38	24.0939	84.9671