Ilkal	19	15.9592	76.1135
Ilaiyankudi	25	9.6251	78.6243
Iluppur	25	10.5135	78.6236
Ilampillai	25	11.6066	78.0068
Ilanji	25	8.9604	77.2800
Ilur	40	19.2667	79.7833
Ilupu	30	28.7768	95.8682
Ilol	09	23.6483	72.8921
Iligara	38	22.3319	85.7494
Ilichar	01	13.2167	92.8667
Ilav	09	21.4500	72.8000
Ilattur	25	9.0138	77.2886
Ilangakkurichchi	25	10.5405	78.3320
Ilampalli	25	11.2173	77.8767
Ilam Bazar	28	23.6260	87.5386
Ilaiyarasanendal	25	9.2155	77.7862
Ilahibagh	12	34.1522	74.8107
Ilmora	39	29.8054	78.7076
Iluppur	25	13.0476	79.9388
Ilavandippatti	25	10.1630	78.4466
Ilangadu	25	10.4467	79.4371
Ilimpur	28	24.4271	88.1657
Ilias	11	31.3811	77.0148
Iliad	11	31.2961	77.1360
Ilias	11	31.2782	77.1314
Ilabas	36	29.4761	77.9746
Ilaichipur	36	28.7623	77.2648
Ilwal	23	30.2054	75.8954
Ilahabad Mandaiya	36	28.8282	77.8303
Ilakhar	24	28.0020	75.9578
Ilad	16	18.9983	76.8326
Ilahabad	10	27.9856	77.4403
Ildarwadi	19	17.7812	76.7762
Illal	19	17.7814	76.8935
Ilegaon	16	18.9473	77.7325
Illias Udla	36	27.9320	78.0310
Ilgondaguda	40	17.1369	78.1210
Ilia	34	25.0747	83.3370
Ilim Kabirpur	36	25.9290	83.6540
Ilkhi	16	20.0572	77.3509
Ilahi Purwa	36	25.5866	80.0088
Ilarhalli	19	17.0441	76.2922
Ilahabas	36	27.1515	79.2362
Ilewa	36	27.1842	79.1442
Ilampur	36	25.6914	82.6890
Ilahi Purwa	36	27.6753	81.5327
Ilmasganj	36	26.9992	81.2572
Ilahi Khera	36	26.7021	81.1240
Iliaspur	36	26.6863	81.2313
Ilichpur	36	26.7582	81.3764
Ilichpur	36	26.7053	81.2857
Ilar	36	29.0611	78.8693
Ilmanpur	36	27.2205	80.8446
Ilmasganj	36	26.5519	81.6873
Ilachinagar	36	27.5716	82.1649
Ilahi Purwa	36	27.1001	82.4240
Ilahi Purwa	36	27.0597	82.4493
Ilahipalli	40	18.7614	78.8261
Ilahi	36	26.2414	82.1989
Iltifatganj	36	26.6054	82.5550
Ilahabas	36	27.2315	83.2765
Ilanganj Bazar	36	26.9842	83.2356
Ilmewala	23	31.0408	74.7764
Ilahi Khera	36	27.1264	80.6110
Ilindu Kothi	11	32.5127	76.3324
Ilahibakbali Purwa	36	27.1585	81.0516
Ilda	37	21.3540	81.9604
Ilehalli	19	14.7890	74.7713
Illapalle	02	17.4142	81.8007
Ilaskheri	35	23.1297	76.0159
Ilar	36	28.8023	78.8737
Ilaskheri	35	23.1734	76.3956
Ilahiganj	36	26.1560	81.4529
Ilana	36	26.2133	81.5479
Ilahi Gujar	36	26.1418	81.6111
Illalur	25	12.7363	80.1598
Ilaparru	02	16.5618	81.0607
Illapalle Kottapalem	02	17.0081	82.0605
Ilamdipur	34	26.1907	84.4567
Illuru	40	16.8668	80.3716
Ilaprolu	02	16.6023	80.5588
Illukurupadu	02	14.0709	80.0878
Iluppakkam	25	13.4179	80.2089
Ilam Chak	34	25.0410	84.5321
Ilahi	35	22.8786	76.6464
Ilibilal	19	13.9422	74.8343
Ilhal	19	15.9603	75.9655
Illuru	02	14.9265	77.6210
Ilatore	19	13.2203	77.6432
Ilimale	19	13.0044	75.4990
Ilihole	19	13.3329	75.6821
Illikan	19	13.2250	75.6166
Ilantila	19	12.8442	75.2442
Ilantila	19	12.8540	75.2768
Ilaram	40	19.1075	79.5736
Ilmasnagar	34	25.8721	85.8840
Illur	16	19.6581	79.7977
Ilkapalli	40	19.2690	79.7653
Illenahalli	19	12.5696	76.6028
Ilahi Purwa	36	27.4454	80.7005
Illanthakunta	40	18.2930	79.5062
Ilimane	19	14.3704	74.7397
Ilora	34	24.7030	84.9177
Ilkru	38	25.0444	87.6927
Ilam	28	25.3925	87.9529
Ilami	38	24.6776	87.8804
Ilaspur	36	27.2510	80.2077
Ilgatta	19	12.7924	78.1777
Ilaiyampatti	25	12.1529	78.5168
Ilapavaluru	02	15.6809	79.9166
Ilagalur	02	13.9107	79.5862
Illatturu	02	13.2489	79.6920
Iluppuru	25	13.1965	79.7206
Iluppattandalam	25	13.0157	79.6646
Iluppurkhandriga	25	13.2038	79.7259
Illupuru	02	13.7191	79.9758
Iluppakunam	25	12.6251	79.1986
Iluppatangal	25	12.1446	79.1893
Illodu	25	12.3175	79.4255
Iluppai	25	12.8427	79.5608
Ilanirkunnam	25	12.6474	79.6196
Iluppai	25	12.5835	79.6026
Iluppappattu	25	12.8793	79.7608
Ilayanarvelur	25	12.7346	79.8045
Illudu	25	12.2719	79.8887
Illudu	25	12.2666	79.8972
Illiyambetta	13	11.7997	76.0979
Ilitorai	25	11.3869	76.8103
Ilitorai Aremanehatti	25	11.3871	76.8063
Iliyada	25	11.4801	76.9081
Ilangachakkai	25	11.4305	76.9777
Ilanni	13	10.1693	76.2644
Ilama	13	10.0175	76.2890
Ilakollur	13	9.2419	76.8257
Ilangamangalam	13	9.0757	76.7704
Ilampal	13	9.0213	76.8883
Ilavannur	13	9.1333	76.8177
Ilamad	13	8.8974	76.8398
Ilamkulamthazham	13	8.8141	76.7701
Ilamkulamthazhatuseri	13	8.8303	76.7634
Ilangippara	13	8.8313	76.8120
Ilampazhannur	13	8.8489	76.9083
Ilamba	13	8.7091	76.8492
Ilampra	13	10.0591	76.6096
Iluppakkulam	13	9.1529	76.5519
Iluppakulangara	13	9.1412	76.5539
Ilampalli	13	9.1445	76.6672
Ilavarkad	13	9.0313	76.5709
Ilavukad	13	9.1798	76.6515
Ilakaman	13	8.7800	76.7277
Ilavamalai	25	11.4588	77.6597
Ilavanattam	25	11.1246	77.7384
Illeri Nallikkavundanvalasu	25	11.0945	77.5881
Illiyampudur	25	11.0042	77.5291
Illiyam	25	11.0014	77.5350
Ilavampatti	25	11.6836	77.9285
Ilayampalaiyam	25	11.3647	77.9458
Ilayampalaiyam	25	11.2957	77.8881
Iluppanagaram	25	10.7204	77.2044
Iluppaikkurichchi	25	11.5433	79.3866
Iluppaiyur	25	11.6714	79.3473
Ilavarasambattu	25	11.5867	79.4736
Ilamangalam	25	11.4877	79.3015
Ilamangalam	25	11.4262	79.4260
Ilaiyur Melveli	25	11.2294	79.3029
Ilaiyur	25	11.2259	79.3087
Ilaiyur Kilveli	25	11.2284	79.3156
Ilamangalam	25	11.2136	79.3109
Ilaiyaperumalnallur	25	11.2236	79.4555
Ilaiyur	25	10.8341	79.4677
Ilavanur	25	10.5076	79.4843
Ilavanur	25	10.4924	79.4613
Iluppur	25	10.7377	79.7314
Ilandaikkudam	25	10.9285	79.0316
Iluppaikkorai	25	10.9080	79.1754
Ilavangarkudi	25	10.7923	79.6174
Ilaiyur	25	10.8938	79.6728
Ilu	28	23.3018	85.8856
Ilandaikkulam	25	9.6626	77.7077
Ilandirakondan	25	9.3820	77.5286
Illuppaikurichi	25	8.7433	77.4855
Ilantayaditattu	25	8.1241	77.4138
Ilantayadi Paracheri	25	8.2185	77.4583
Ilantayadicheri	25	8.2440	77.4908
Ilandaikkulam	25	8.8034	77.5121
Ilandaikkulam	25	8.7718	77.5519
Ilantoppu	25	8.5015	77.6445
Ilayamputtur	25	8.6090	77.6605
Ilaiyankulam	25	8.5078	77.7015
Ilayaneri	25	8.4753	77.6476
Ilaiyanainarkulam	25	8.4111	77.6342
Ilaiyanainarkulam	25	8.2608	77.7245
Ilavelangal	25	8.9476	77.8640
Iluppaikkulam	25	8.5741	77.8212
Iluttiyappatti	25	10.9402	78.2482
Ilaiyaperumalpatti	25	10.7743	78.2438
Iluppaippatti	25	10.6813	78.1249
Iluppaippatti	25	10.3160	78.2737
Illiyampatti	25	10.7963	77.6495
Iluppappatti	25	10.1099	78.4353
Ilandapuram	25	10.8735	78.7259
Ilandapallinattam	25	10.6555	78.5295
Iluppakkudippatti	25	10.5412	78.7392
Ilayattakudi	25	10.1950	78.6440
Ilayattakudi	25	10.2023	78.6558
Ilangudippatti	25	10.2308	78.7334
Ilakkudipatti	25	10.1757	78.6876
Ilangudi	25	10.0717	78.6962
Ilanjavur	25	10.2456	78.7736
Ilandaippatti	25	10.7037	78.8005
Iluppaikkudi	25	10.0552	78.8096
Ilumbulivayal	25	10.0461	78.8279
Iluppaikkudi	25	9.9994	78.1731
Ilangiyendal	25	9.9517	78.2324
Ilamanu	25	9.9003	78.2101
Ilandaikkulam Vadakkuppatti	25	9.8362	78.2087
Ilandaikkulam Terkuppatti	25	9.8336	78.2045
Iluppaikkulam	25	9.6713	78.0771
Iluppaikkulam	25	9.6725	78.1873
Iluppaikkulam	25	9.5762	78.2446
Ilangippatti	25	9.5348	78.1460
Iluppaikkudi	25	9.8974	78.3581
Iluppaikkudi	25	9.8772	78.4982
Ilandangudi	25	9.8752	78.4885
Ilandangudi	25	9.8334	78.3851
Iluppaikkulam	25	9.6120	78.2936
Ilandaikkulam	25	9.6030	78.3157
Iluppaiyur	25	9.4755	78.2613
Iluppaikkulam	25	9.4033	78.4094
Ilandaikkulam	25	9.3212	78.4418
Ilandaikkulam	25	9.2010	78.4127
Ilandaikkulam	25	9.1479	78.4505
Iluppamuchchi	25	9.8144	78.6407
Illuppaikkudi	25	9.8264	78.5621
Ilandaikkarai	25	9.7181	78.6786
Ilandaikkulam	25	9.5750	78.5166
Ilandaikkulam	25	9.4448	78.6452
Ilangakkur	25	9.3442	78.6299
Ilakkanivayal	25	9.9606	78.8403
Iluppakkudi	25	9.9738	78.8572
Iluppakkudi	25	9.9345	78.9921
Ilaiyankudi	25	9.8803	78.8071
Ilanjiyamangalam	25	9.9062	78.9928
Iluppakkudi	25	9.8558	78.8804
Ilangundam	25	9.8424	78.9000
Ilankurani	25	9.8436	78.9068
Ilamani	25	9.7781	78.8993
Ilaiyankudi	25	9.7628	78.9400
Ilaiyattanvayal	25	9.8119	78.9890
Ilandaikkarai	25	9.7608	78.7721
Ilangulam	25	9.7581	78.8670
Ilanganathapura	25	8.4681	77.9899
Ilamakulam	25	8.4913	77.8761
Iluppakkinar	25	10.9282	77.7506
Iluppakkinattuppatti	25	10.9183	77.9675
Ilangiyanur	25	11.5765	79.1990
Ilamangalam	25	11.4082	79.1062
Ilandanguli	25	11.1702	79.0339
Iluppaiyur	25	11.2396	79.1257
Ilandambattu	25	11.7598	79.4926
Ilangadu	25	11.9373	79.5869
Ilangambur	25	11.2818	79.6245
Ilanangur	25	11.3597	79.6756
Ilaiyalur	25	11.0795	79.7164
Ilaviyathadam	13	9.7062	77.0106
Ilandadimedu	25	11.3972	79.7864
Iluppur	25	11.0182	79.7565
Ilakadividudi	25	10.4281	79.0965
Ilavidudi	25	10.4377	79.1030
Ilaiyampalaiyam	25	11.3690	78.0072
Illuppili	25	11.3621	78.0154
Ilaiyampalaiyam	25	11.3616	78.0476
Ilaneri	25	11.3064	78.0459
Ilaiyapuram	25	11.3085	78.1009
Ilachchipalaiyam	25	11.3868	78.0122
Iluppur	25	11.1798	78.4163
Ilandalaippatti	25	11.1384	78.6924
Iluppaiyur	25	11.0639	78.6346
Ilavadi	25	11.6401	78.8254
Iluppainattam	25	11.5158	78.7567
Iluppakkudi	25	11.1504	78.9887
Ilidih	38	22.6690	85.6531
Iligara	38	22.5055	85.9043
Ilisuan	21	21.4379	85.2195