Imphal	17	24.8081	93.9442
Imlota	10	28.6202	76.4483
Imlia	35	26.0162	77.2253
Imlani	35	24.0094	77.7280
Imla Khas	36	26.1833	83.5039
Imamganj	34	24.4545	84.5869
Imbarzalwari	12	34.4039	74.4151
Imompur	36	29.7131	77.3891
Imlia	36	24.7857	78.4752
Imaliyakishor	35	24.2005	78.4713
Imaliya	35	24.1286	78.4831
Imamuddinnagar	36	27.7712	79.0219
Imadpur	36	27.9357	79.2525
Imalia Purwa	36	27.0013	79.9434
Imratpur	36	26.8234	79.0733
Imlia	36	25.7076	79.0183
Imlauta	36	25.4108	79.3085
Imlia	36	25.2793	79.4309
Imlana	35	24.7178	79.1827
Imlakhera	35	24.1936	79.0367
Imaliya	35	24.1033	79.2397
Imlia	36	25.6580	79.9089
Imaliya	35	23.7049	79.7540
Imaliya Hasan	35	23.3909	77.1397
Imarti Ka Bas	24	27.3523	76.9456
Imlari	24	27.4768	76.9064
Imalia	35	23.4198	78.5578
Imjhiri	35	23.1024	78.5277
Imalia	35	23.2360	78.8076
Imalia	35	23.2325	78.8133
Imaliya Kalan	35	23.1039	78.8847
Imliya Khurd	35	23.1095	78.9430
Imjhira	35	23.1419	78.8941
Imratpur Khurd	10	29.6034	77.0684
Imratpur Kalar	10	29.5941	77.0505
Imlia	36	29.6484	77.6458
Imaliya	35	22.9695	78.0510
Imlikhera	35	22.2368	78.1832
Imaliya	35	22.8172	78.7445
Imarti	35	22.1537	78.5571
Imalia	35	22.9785	78.8222
Imjhiri	35	22.9679	78.9505
Imalia	35	22.8486	78.9344
Imlikhera	35	21.9569	78.6714
Imlikhera	35	21.9979	78.9434
Imlikhera	39	29.9310	77.8939
Imamuddinpur	10	28.3236	77.4634
Imliaka	36	28.4108	77.5702
Imratpur	36	29.3467	78.7152
Imratpur	36	28.9830	79.0708
Imarta	36	28.9272	79.0375
Imadpur	36	28.5975	77.8932
Imliya	24	26.9236	77.2503
Imlia	35	26.4034	77.8855
Imamgarh	23	30.1521	76.1884
Imratpur	10	27.8504	77.2519
Imlari	24	27.5389	77.1021
Imalia	36	28.4242	77.8918
Imlehra	36	28.0620	77.9029
Imlaoda	36	27.1546	77.6429
Imlidih	37	20.7361	81.1460
Imlipara	37	20.3858	81.7522
Imilia	36	27.3632	78.2120
Imdapur	40	17.0150	77.6246
Imlia	36	27.3669	78.3690
Imlia	36	27.2855	78.2962
Imaliya Dhona	35	23.8384	79.1971
Imaliya	35	23.6675	79.0738
Imamnagar	36	27.7347	78.6017
Imaliya	35	23.7582	79.3140
Imalai	35	23.8528	79.4278
Imlijov	35	23.9845	79.4294
Imaliyaghat	35	23.5850	79.4099
Imliyanayak	35	23.7053	79.4927
Imaliya	35	23.9654	79.5750
Imaliya	35	23.9074	79.6958
Imlidol	35	23.2849	79.5265
Imaliya	35	23.3463	79.7042
Imaliya	35	23.1663	79.5604
Imjhar	35	23.0487	79.7416
Imligarh	35	23.6151	79.9845
Imalia	35	23.3694	79.8138
Imalia	35	23.3619	79.8931
Imalia	35	23.2061	79.7701
Imalia	35	23.1111	79.8152
Imalia	35	23.2474	79.9784
Imlauth	36	27.9718	78.0829
Imlani	36	27.8993	78.1903
Imaliya	35	22.9394	79.0544
Imaliya	35	22.8285	79.0168
Imala	36	27.4881	77.9025
Imaliya	35	22.9966	79.4279
Imligarhi	36	27.0381	77.9744
Imli Garhi	36	27.0396	77.9357
Imadpur	36	27.5398	79.1895
Imampur	40	17.4525	78.2291
Imadpur Kesar	36	27.3551	79.2793
Imadpur Hiraman	36	27.3528	79.3438
Imadpur Samachipur	36	27.4520	79.3890
Imilia Buzurg	36	27.7876	79.6186
Imilia Khurd	36	27.7841	79.6134
Imadpur Sombansi	36	27.4693	79.6418
Imamnagar	10	27.9249	77.0323
Imliya	35	25.3461	77.4038
Imlia	35	25.8313	77.7219
Imlia	35	25.6668	77.6170
Imlia Hamidpur	36	27.9934	79.9076
Imlawada	35	25.2643	77.6572
Imlaudi	35	25.0664	77.6749
Imlaudi	35	25.0599	77.6731
Imlipura	35	24.3135	77.1989
Imratpura	35	24.0801	77.1089
Imlia	35	24.0040	77.2098
Imjhera	35	24.6775	77.4656
Imlia	35	24.3627	77.3974
Imliya	35	24.1288	77.2596
Imlia Panj	35	24.0206	77.2681
Imloda	35	24.8791	77.7463
Imamnagar	35	24.0209	77.6419
Imliya Chak	35	24.4873	77.9725
Imliya	35	24.1789	77.9414
Imliya Nagla	36	27.5321	78.2815
Imamsahibgudem	40	17.0013	79.3826
Imlia Khurd	36	26.1246	79.6743
Imlia	36	27.3062	78.6663
Imilia	36	26.1954	79.8825
Imlauri	36	25.9549	79.0953
Imlia	36	25.9133	79.0430
Imlia	36	25.9759	79.3613
Imisa	36	25.9663	79.6543
Imlia Buzurg	36	25.9746	79.6470
Imlidhana	35	22.0416	76.9986
Imlia	36	25.3954	79.0321
Imiliya	36	25.1498	79.7297
Imlia	35	25.0790	79.6273
Imli Khera	36	25.4371	79.7723
Imiliya	36	25.4063	79.8470
Imlia	35	24.7158	79.2628
Imadpur	36	25.9959	82.7559
Imalia	35	26.5477	78.0118
Imaliya	35	23.5799	77.7795
Imaliya	35	23.6000	77.8512
Imaliya	35	23.3798	77.8451
Imliya	35	23.1467	77.9797
Imlia	36	25.6700	83.0075
Imlia	36	25.5758	83.0497
Imli ka Pura	36	26.8638	78.4958
Imiliya	35	24.5887	79.5060
Imlichauk	35	24.5266	79.6740
Imli Nagla	36	26.8547	78.7281
Imlaha	35	26.3110	78.9902
Imlia	35	25.6992	78.0014
Imlia	35	25.2834	78.1093
Imliya Pichhor	35	25.2037	78.1397
Imliya	35	25.6246	78.3651
Imlia	36	25.3189	83.4073
Imlia	36	25.3991	78.3760
Imaratipurwa	35	24.9494	79.8459
Imiliya	35	24.8714	79.7818
Imilia	36	25.1335	83.3293
Imlia	35	25.8538	78.7285
Imlia	35	25.6929	78.5813
Imlia Dih	36	25.8830	83.5686
Imamuddinpur	36	25.7665	83.6416
Imalaha	35	24.7161	79.8739
Imlidhana	35	21.9818	77.0358
Imlidhana	35	21.9205	77.5449
Imlidoh	35	21.8510	77.5402
Imlidhana	35	21.7553	77.5301
Imliadih	36	24.7513	83.1580
Imlibag	16	21.3529	77.3577
Imampur	16	21.2483	77.7803
Imampur	16	21.2358	77.9700
Imlia	36	24.6906	83.2123
Imamnagar	38	24.4672	83.9506
Imaliatikar	38	24.4502	83.9124
Imaliya	35	23.9824	78.0072
Imlawada	35	23.6595	78.0242
Imamnagar	40	17.6546	78.2836
Imamguda	40	17.4349	78.4407
Imlipani	35	23.2845	78.0856
Imliya	35	23.2949	78.0254
Imaliya	35	24.9738	78.2398
Imampet	40	17.0887	79.6497
Imlia	36	24.4680	78.4471
Imlakhera	36	24.4543	78.3950
Imalia	36	24.4665	78.5534
Imaliya	35	24.0519	78.6863
Imilia Khurd	35	24.3273	78.9457
Impalli	40	19.5301	78.8424
Imalia	35	22.9470	78.4910
Imlidhana	35	22.3332	78.4171
Imjhiri	35	22.3918	78.9488
Imlia	36	25.3921	80.8220
Imadpur Thamrai	36	27.5406	79.4169
Imadpur Pindaria	36	27.6322	79.4762
Imadpur	36	27.6449	79.4867
Imlonia	35	24.8970	80.4395
Imjhira	35	23.4233	79.0796
Imalua	35	24.0089	80.4697
Imjhiri	35	23.0891	79.0101
Imalia	35	23.0495	79.2051
Imampur Khas	36	25.9517	82.5997
Imamshahpur	36	25.6319	82.6688
Imalia	35	23.1957	79.4315
Imalia	35	24.3000	80.1006
Imalia	35	24.3898	80.1908
Imalia	35	24.4657	80.2024
Imlia	35	23.7020	79.7352
Imlia	35	24.1081	80.2172
Imalia	35	23.7842	79.9134
Imalia	35	23.8995	79.9202
Imamganj	36	25.3998	82.3087
Imaliya	36	25.0576	82.6976
Imarti	36	25.1402	82.7082
Imliaghat	36	25.3397	82.9654
Imliya Chatti	36	25.0719	82.9560
Imli Tola	35	22.6989	79.9370
Imlipokhar	36	24.8145	82.5805
Imliya Bandhwa	36	24.9875	82.7874
Imliya Chaurasi	36	24.8776	82.8221
Imliya	36	24.8011	82.8295
Imliya	36	25.5906	82.3667
Imlia Khera	36	26.6139	80.9205
Imlia Khera	36	26.4023	80.9993
Imambara	36	24.7494	82.2998
Imampur Tigri	36	29.3926	78.4777
Imtia	36	27.8077	81.0864
Imlia	36	27.9376	81.1851
Imlapur	36	27.4639	81.0372
Imamnagar	36	27.2504	81.0436
Imamnagar	36	27.7030	81.5792
Imlia	36	25.9719	83.7774
Imlia	36	27.4908	81.6814
Imlia	36	27.7213	81.7643
Imlia Narayan	36	27.6518	81.8183
Imlia	36	27.5814	81.9385
Imrat Bihari	36	27.0670	81.7754
Imliaganj	36	27.0179	81.8622
Imlia Gurdayal	36	27.1478	81.9645
Imrat Misr	36	27.1150	81.7776
Imlia	36	27.1153	81.9438
Imliyatoli	38	24.5034	83.5151
Imam Bakhsh Khera	36	26.5977	81.0420
Imalia Khera	36	26.5433	81.0399
Imrat Khera	36	26.5079	81.0625
Imlia	36	29.0651	78.3018
Imratpur	39	29.2830	78.8356
Imamganj	36	26.3596	81.2287
Imamganj	36	26.3531	81.3246
Imrath Purwa	36	26.4741	81.8641
Imadpur	36	25.8686	81.0973
Imadpur	36	25.8147	81.0225
Imliwali	36	28.8883	78.4596
Imlipur	36	26.3577	80.3222
Imrat Purwa	36	27.1562	81.6132
Imlia Chhitu	36	27.2924	81.8683
Imlia	36	27.3833	81.9821
Imritpur	36	28.4761	78.4088
Imamganj	36	26.7193	81.5563
Imamganj	36	26.5286	81.6939
Imamganj	36	26.5472	81.6846
Imritpur Udho	36	28.7442	78.7590
Imampur	36	26.2485	81.9101
Imritpur Fakhruddin	36	28.7128	78.7644
Imratpur Sirsi	36	28.6648	78.7825
Imlia	36	27.6788	82.1168
Imadpur	36	28.1072	78.7817
Imlia Ramnath	36	27.2862	82.0675
Imlia	36	27.3744	82.2060
Imlihwa	36	27.2555	82.2214
Imlia Misr	36	27.1042	82.0389
Imirta	36	27.0301	82.0100
Imlia Rupai	36	27.1298	82.0990
Imlia	36	27.0633	82.1334
Imamnagar	36	27.3169	82.2849
Imlia Razak	36	27.3312	82.3524
Imlia	36	27.2883	82.3829
Imlia	36	27.2931	82.4261
Imal Dihwa	36	27.1232	82.2531
Imaldihwa	36	27.0757	82.4298
Imlia	36	27.4095	82.5756
Imlia Khadar	36	27.4200	82.6920
Imliaghat	36	26.3190	82.0903
Imlia Khurd	36	26.3210	82.0851
Imlia Kalan	36	26.3198	82.0747
Imamgani	36	26.2729	82.0054
Imlia	36	26.2300	82.1902
Imambad	40	18.1385	78.8463
Imlia	36	26.8393	82.2867
Imambara	36	26.8380	82.4215
Imlia Ghis	36	26.8715	82.4412
Imlaha	36	26.5179	82.3655
Imlia	36	26.3134	82.2647
Imligaon	36	26.2805	82.4072
Imalia	36	26.4997	82.4677
Imampur	36	26.3926	82.4781
Imilia	36	25.8392	83.0194
Imanullahpur	36	26.3976	82.6418
Imlia Dait	36	26.3709	82.7317
Imlipur	36	26.2528	82.7381
Imampur	36	26.0273	82.7017
Imalia	36	26.9775	82.7573
Imambara	36	26.9448	82.8530
Imambara	36	26.8760	82.9616
Imri Purwa	36	26.7784	82.9228
Imildiha	36	26.7107	82.9785
Imlipur	36	26.3563	82.7727
Imambara	36	26.3100	82.7564
Immadpur	36	26.3522	82.8556
Imamuddinpur	36	26.4596	82.9499
Imli Mahua	36	26.1790	82.7811
Imamgarh	36	26.1441	82.8127
Imlia	36	26.2157	82.8768
Imlia	36	26.2171	82.8947
Imambara	36	26.1618	82.9323
Imlia	36	27.0932	83.5837
Imlidiha	36	26.9809	83.0039
Imlidiha	36	26.9908	83.0962
Imlahwa	36	26.9561	83.0952
Imlidiha	36	26.7878	83.1246
Imildiha	36	26.7302	83.0817
Imlidih Khurd	36	26.5101	83.2007
Imlidih	36	26.5243	83.2284
Imlia	36	26.9585	83.6351
Imamganj	36	25.6358	81.6291
Imamganj	36	25.5312	81.5789
Imilia	36	26.4391	83.6458
Imlia	36	26.9224	83.7982
Imlia	36	26.0601	83.8176
Imilia	36	26.1242	83.8507
Imalia	35	23.9823	80.1990
Imlaj	35	23.8362	80.2091
Imlai	35	23.2980	80.0200
Imalia	35	23.8795	80.2601
Imalia	35	23.7731	80.3769
Imalia	35	23.8542	80.4564
Imalia	35	23.6056	80.2646
Imlai	35	23.3635	80.3289
Imlai	35	23.2077	80.2516
Imalia	35	23.7744	80.7113
Imlai	35	23.1041	80.5546
Imti	12	32.6040	75.4017
Imligaon	36	25.3805	81.5757
Imamqulipur	36	25.6216	81.8082
Imlia	36	25.3603	81.8084
Imlia	36	25.3599	81.8244
Imlimal	24	23.2301	74.6641
Imlipura	35	22.2035	74.6803
Imlipura	35	22.2390	74.8186
Impipura	35	22.4916	75.8420
Imlipara	37	20.5493	81.3757
Imligaon	35	22.6350	80.3102
Imli Tola	35	22.1420	80.2791
Imli Tola	35	22.2224	80.3993
Imlitola	35	22.8458	80.5146
Imalia	35	22.5522	80.5252
Imlitola	35	22.5879	80.7477
Imliatola	35	22.4448	80.5313
Imlitola	35	22.9764	80.9023
Imlai	35	22.9128	80.9954
Iman	36	27.2186	80.5585
Imambara	36	27.6221	80.7742
Imliha	36	27.3567	80.8027
Imamipur	36	27.2934	80.8456
Imlipur	36	27.4621	80.9046
Imalia	35	22.9142	81.0064
Imratpur	36	27.1499	81.0953
Imlia	36	27.0008	81.0776
Imamganj	36	27.1170	81.1140
Imratpura	24	26.1576	74.3962
Imantia	24	25.7890	74.7666
Imlijharan	24	23.0761	74.3162
Imrol Dogri	11	31.1266	77.7827
Imaliya	35	24.0875	79.7571
Imadpur	36	30.2273	77.5696
Immidivaram	02	17.5066	81.8208
Imamabad	36	28.5511	78.0339
Imalya	36	28.5029	78.0364
Imratpur	36	28.3165	78.1528
Imlikhera	35	23.4058	76.3298
Imlikhera	35	23.4571	76.4846
Imlak	36	28.7846	78.8194
Imamganj	36	27.8289	81.4265
Imlia	36	27.9377	81.4761
Imam Bakhsh	36	27.4774	81.4101
Imlia	36	26.8698	81.6081
Imamnagar	36	26.7735	81.6713
Imam Ali	36	26.7878	81.7227
Imam Bagh	36	26.9036	81.6823
Imani	02	16.3302	80.6580
Immadisettipalem	02	15.8901	80.4711
Imrit Bigha	34	25.0419	84.4050
Imadpur	34	25.2176	84.4890
Imamganj	34	25.0166	84.4174
Imlikehra	35	23.1951	76.6022
Imlipura	35	22.5429	76.2027
Imarta	36	29.0873	79.0041
Imirta Rai	36	29.0066	79.0999
Imlipara	35	22.9121	74.5758
Imlipara	35	22.7202	74.5811
Imamganj	34	25.1218	84.5570
Imamganj	34	25.2152	84.7482
Imratpur	24	26.4800	74.3869
Imilia	34	27.0700	84.3868
Imlia	36	26.5994	84.0212
Imlia	36	26.6540	84.1905
Imilia	36	26.7123	84.1921
Imilia	34	26.4672	84.1250
Imrauli	34	26.2690	84.1864
Imupura	35	22.7511	76.4698
Imratpur	36	28.1848	79.2332
Imlia	36	28.1395	79.1530
Imilia	34	26.3993	84.5223
Imlia	34	26.4811	84.6949
Imadpur	34	26.2326	84.7229
Imam Nagar	39	28.8940	79.5851
Imilwa	34	26.8719	84.8852
Imamnagar	36	28.6920	79.6968
Imdadnagar	36	28.3759	79.5631
Imritpali	36	25.7593	84.1686
Imodpur	34	25.1586	84.9194
Imanpur	34	25.0529	84.8293
Imliabandh	38	24.5520	83.9986
Imirta	34	25.2659	84.2463
Imli Khas	38	24.1667	84.2122
Imadpur	34	25.9225	84.4847
Imadpur	34	25.9136	84.4881
Imamganj	34	24.8969	84.4436
Imanpur	34	24.7545	84.4579
Imnabad	34	24.3621	84.4893
Imuniatanr	34	24.3512	84.4260
Imambara	38	24.2135	84.2737
Imliya Thok	36	25.8186	80.1583
Imamnagar	34	25.0913	85.9829
Imliha	35	25.0754	80.5658
Imlia	36	25.2425	80.6960
Imbali	19	13.6144	74.7642
Imachenahalli	19	13.2661	77.2498
Immadagondanahalli	19	13.6984	77.3243
Imchenhalli	19	13.2633	77.2531
Imasgod	19	13.6465	75.1205
Imasgod	19	13.6394	75.1204
Imlani	35	22.0756	76.6990
Imlani	35	22.0495	76.6917
Immanmane	19	13.2224	75.7281
Imamganj	34	25.2261	85.5316
Imadpur	34	25.2168	85.5316
Imadapuram	19	14.6860	76.4710
Imadpur	34	24.6989	85.1620
Imamganj	34	24.9946	85.3213
Imamganj	34	26.0685	86.2567
Immavu	19	12.1537	76.7129
Imli	34	25.5927	86.3115
Imamnagar	34	25.2446	86.2597
Imli Purwa	36	27.3914	80.7240
Imliha	36	27.4094	80.7178
Imaliya	35	22.4554	79.4163
Imlipathar	35	22.4474	79.4629
Imlia Khara	36	26.5691	79.4773
Imlitanr	34	24.5462	84.8007
Imamnagar	34	25.3020	87.3942
Imalia	34	25.3891	85.1451
Imliya Chak	34	25.2551	85.0082
Imamganj	34	25.5240	87.7748
Imamnagar	34	25.4576	87.7747
Imamganj	28	25.3966	87.7892
Imlia	34	25.1635	85.0214
Imadpur	34	25.0963	85.1152
Imamnagar	28	24.7438	87.9271
Imadpur	34	25.8189	85.2942
Imadpur Sultan	34	25.6847	85.2507
Imamganj	34	25.2272	85.2561
Imli Bigha	34	25.3019	85.5306
Imampur	40	17.7941	78.4812
Imtlaz Purwa	36	27.6996	80.1691
Imamipur	36	27.4626	80.1885
Imlia	36	27.7685	80.2610
Imlikh	36	27.9218	80.4516
Immarakunte	19	13.3733	78.2810
Iman Saraiya	34	25.6155	85.5997
Immadicheruvu	02	15.3381	79.2871
Imapuram	25	12.5439	79.3542
Imbirahatti	25	11.4434	76.9356
Imlia	34	25.4513	87.6727
Immudipalaiyam	25	10.8185	77.0319
Imadpur	34	25.4198	86.6201
Immanampatti	25	10.3734	78.8845
Imanpuram	02	14.7952	77.3309
Imlia	35	25.2371	79.4327