Indore	35	22.7179	75.8333
Indi	19	17.1774	75.9526
Indapur	16	18.3000	73.2500
Indapur	16	18.1153	75.0289
Injambakkam	25	12.9162	80.2488
Indargarh	35	25.9109	78.5619
Inam Maniyachi	25	9.1706	77.8512
Indri	10	29.8800	77.0597
Indergarh	36	26.9352	79.6712
Indargarh	24	25.7282	76.1904
Inda Chhoi	10	29.6404	75.7904
Indipur	21	20.6607	85.5247
Indpur	11	32.1528	75.7269
Inyara	24	27.6825	74.0708
Inukurti	02	14.3402	79.7133
Intali	24	24.6816	74.1317
Int	16	18.6212	75.6033
Inshan	12	33.8126	75.5668
Inkollu	02	15.8278	80.1921
Inhauna	36	26.5246	81.4930
Ingoie	01	10.5167	92.4833
Ingleshwar	19	16.6537	76.0171
Indva	16	21.2247	74.4520
Indur	25	12.1324	78.0562
Indukurupeta	02	14.4726	80.1068
Indraprast	10	28.4833	77.3000
Indrani	28	24.1339	88.0171
Indranda	24	27.6318	76.3140
Indrana	24	25.6611	72.2789
Indrana	35	23.3947	79.9116
Indran	09	23.1278	73.3138
Indpur	28	23.1667	86.9333
Indipur	21	20.6116	86.4086
Indawar	24	26.5682	73.9290
Indas	28	23.1450	87.6269
Indaror	24	26.1145	70.7652
Indar	35	25.0171	77.7364
Indana	24	27.1315	73.8255
Indalvai	40	18.5398	78.2245
Indagaon	37	20.0797	82.3731
Inamanamelluru	02	15.6020	80.0736
Ina Khera	23	30.2572	74.4942
Inaka	01	8.0667	93.5333
Inayetpur	28	22.1739	88.3136
Inderhama	12	34.1702	74.8618
Indarkut	12	34.2255	74.6318
Indri	12	32.8086	74.5795
Inayatpur	39	30.0194	77.8909
Indargarh	10	29.8633	77.0634
Indragarh	36	29.6148	77.4925
Indoda	24	25.9065	75.7238
Indral	40	17.3888	78.8738
Indurti	40	17.0055	78.9054
Indarkan	40	17.5241	78.1495
Indurparial	40	17.9248	78.5634
Indrasham	40	17.5667	78.2611
Indira Nagar	25	12.9967	80.2531
IndiraNagar	19	12.9743	77.6404
InnerRing Road	19	12.9535	77.6406
Indasar	24	28.7535	75.4993
Indali	24	28.0840	75.5029
Inaitpur	35	24.1978	78.3859
Intzammuddinpur	36	27.9028	79.0611
Inda Jashanpur	36	27.7775	79.0784
Indarpur	36	27.2451	79.4164
Indarpur	36	27.0888	79.4224
Indarpokharia	36	27.1132	79.3549
Inayatpur	36	27.0527	79.8335
Indhara	36	26.7573	79.0976
Indokhia ki Dhani	24	26.9369	75.6046
Inguri	36	26.3697	79.3959
Intaun	36	26.3212	79.3284
Indi	36	25.6317	79.1257
Indpamau	36	26.7629	79.5461
Indalpur	36	26.7330	79.8269
Indayan	36	26.5057	79.9469
Indaraj ki Dhani	10	28.6016	75.6645
Indrapur	03	26.4709	89.8995
Indarpura	24	28.4508	74.9972
Inglinggaon	03	26.1915	93.3420
Ingohta	36	25.7589	80.1103
Inglish	34	26.6167	84.5917
Ingurti	40	17.6466	79.7380
Indapur	40	19.4547	79.1366
Indoka	24	27.1065	74.5041
Ingalgi	19	15.1211	75.2355
Indrawal Kalan	35	23.4557	74.8023
Indira Bazar	21	19.9292	86.1625
Inderbari	10	29.9629	76.7425
Indragarh	10	29.0234	76.5080
Indarpura	10	28.0481	76.5954
Indaraj ki Dhani	10	28.1051	76.6350
Indaur	24	28.0848	76.9395
Indok	24	27.4075	76.3938
Indok Chhota	24	27.3994	76.3784
Intarana	24	27.5182	76.6290
Intarana	24	27.5287	76.6429
Indpura	24	27.2695	76.5884
Indargarh	24	27.4603	76.6364
Indoli	11	30.6347	77.7215
Intka	24	27.5153	76.9377
Indpura	24	27.5882	76.9327
Intera	24	27.4110	76.9309
Indawa	24	26.5884	76.3642
Inampura	36	29.4652	78.1118
Indrapura	24	28.5298	75.4371
Indrapuri	24	26.6568	76.1176
Inaiti	24	26.3496	76.7320
Indalpur	35	23.4103	78.6957
Indalpur	35	23.4874	78.7280
Inguwa	35	23.1496	78.9299
Indrawali Kalyanpur	36	29.7754	77.3779
Indrapur	36	29.6944	77.6920
Indora	16	21.4694	78.4860
Indramari	16	21.1407	78.2509
Indarpura	24	29.7956	74.2655
Indargarh	23	30.9299	75.3086
Indora	24	25.0528	74.5225
Ina Bajwa	23	30.4152	75.6945
Inayatpur	10	28.5069	77.0568
Indranagar	07	28.7177	77.1768
Indrapuri	07	28.6291	77.1496
Indraprasiha	07	28.6092	77.2439
Indrapuri Colony	36	28.7315	77.2871
Indar Garhi	36	28.6806	77.4973
Indrapuri	07	28.4915	77.3060
Inayatpur	36	28.6445	77.5387
Inaitpur	36	28.4263	77.6207
Inayatpur	36	28.2562	77.6894
Indrapura	24	25.3855	74.6463
Indokia	24	25.6097	75.1149
Indira Colony	39	30.3323	78.0415
Indira Colony	39	30.3215	78.0042
Indarpuri	39	30.2525	78.0233
Inayatpur	36	29.4305	78.5658
Inchhi ki Mandaiyan	36	28.8284	79.1318
Indra	36	28.8000	79.0800
Indri	36	28.8040	79.0805
Intkheri	35	24.3142	76.9857
Indaram	40	18.8183	79.5327
Indarpura	24	26.1104	75.0073
Indarpura	36	28.9151	77.9346
Indra Colony	35	25.8312	78.2089
Indrasar	24	28.1730	75.9352
Indewadi	16	19.1123	76.6783
Indarpura	23	30.3591	76.3261
Indrauli	24	27.6182	77.2862
Indapwadi	16	18.8562	76.4895
Injegaon	16	18.9409	76.4862
Indana	10	27.8795	77.2928
Inundbas	10	27.9531	77.5096
Inaltgarh	36	27.8287	77.6254
Inaitpur	36	27.9434	77.7016
Indarnagar	36	27.4573	77.7448
Intal Kalan	10	29.3132	76.2450
Intal Khurd	10	29.3186	76.2255
Ingalgi	16	17.5006	76.0660
Inayatgarh	36	28.4215	77.7836
Ingalgi	19	17.2246	76.5227
Ingalgi	19	17.0652	76.9451
Ingalageri	19	16.4210	76.2006
Inachgal	19	16.3769	76.2249
Inchanal Tanda	19	16.1684	76.4689
Inchanal	19	16.1800	76.4445
Ingalgi	19	16.1612	76.2757
Indawani	37	21.1405	81.1608
Injegaon	16	19.1601	77.3650
Indankal	19	17.2808	77.0833
Inoli	19	17.4991	77.4405
Inayatpur	36	27.0302	78.0502
Indanur	40	17.0612	77.5092
Indpura	36	27.3264	78.4795
Injhala	16	20.6180	78.3305
Injhala	16	20.0743	78.3263
Injhapur	16	20.7118	78.6097
Injhal	16	20.5843	78.7420
Indur	40	17.8517	77.8437
Indmai	36	27.1257	78.5142
Indarnagar	36	27.8262	78.8338
Inayatpur Bajhera	36	27.8317	78.0247
Ind-ka-Nagla	36	27.2365	78.7649
Innikhera	35	26.7381	78.4020
Indra Garhi	36	27.0052	77.7652
Indabari	35	22.1552	79.6702
Indar	36	27.6902	79.1100
Injegaon	16	19.4543	78.2551
Inol	40	17.5831	78.2466
Indrapura	24	26.5249	77.3340
Indora Bazar	16	21.1770	79.1020
Indora	16	21.1825	79.0986
Indora	16	21.1728	79.0994
Indiranagar	16	21.1230	79.0875
Indian Air Lines Colony	16	21.0832	79.0585
Inayatkhanguda	40	17.0441	78.2143
Int Khera	24	26.8589	77.7464
Indon	24	26.7916	77.5013
Indepura	24	26.7562	77.5534
Indoli	24	26.8916	77.8279
Inchhapura	24	26.8830	77.9919
Intki	24	26.8535	77.7578
Intki	24	26.7748	77.8511
Indurkhi	24	25.3166	77.2054
Indar Bagh	36	27.4019	79.6064
Inayatpur	36	27.5095	79.7528
Inayatpur	36	27.6298	79.9334
Induiagang	36	27.1671	79.7358
Indepur	36	27.8595	79.7614
Inda Purwa	36	27.2810	79.8966
Into	35	25.8297	77.9895
Inderpur	35	24.3742	77.3920
Inayatpur	36	27.6797	78.2880
Indlur	40	17.0615	79.4246
Inpamla	40	17.1501	79.4505
Indrai	36	27.1351	78.4942
Indaun	36	27.1178	78.3554
Inole	40	17.8682	79.5545
Inayati	36	27.8763	78.5540
Inayatpur	36	27.8708	78.6799
Indrapuram	40	17.9193	79.7922
Intikanne	40	17.7207	79.8692
Ingwara	36	26.3367	79.7395
Indpura	36	26.3008	79.5946
Ingur	36	26.2545	79.5702
Inayatpur	36	26.9003	79.9188
Intkhari	36	26.9007	79.7908
Indauti	36	26.7706	79.7567
Indurukh	36	26.4051	79.8569
Ingui Khurd	36	25.8517	79.1314
Ingui Kalan	36	25.8588	79.1059
Indarpura	36	25.8631	79.6757
Inayatpur	36	25.1404	80.4396
Inayatpur	36	25.5318	81.1539
Indrahta	36	25.1447	79.4742
Indaura	36	25.2836	79.6617
Intwa	35	25.2228	79.9441
Indora	35	24.4199	79.1592
Inaobhar	36	25.9404	82.9224
Indrauli	24	26.7913	78.0367
Inarua	36	25.5678	83.0506
Inchwal	36	25.5372	83.1285
Intaha	36	25.6064	83.1334
Indraini	36	26.8852	78.4845
Inguri	35	26.6374	78.7073
Indra Purwa	36	25.1546	83.2039
Indra Purwa	36	25.1639	83.2020
Indarpura	36	25.0865	83.2185
Indurkhi	35	26.3430	78.8729
Indargarh	35	25.5983	78.0362
Inamipur	36	25.5416	83.2723
Inayatpur	36	25.5439	83.2538
Inglish Arazi	36	25.7128	83.3821
Indarpur Chhiri	36	25.6440	83.4654
Inayatpur	36	25.3839	83.3604
Intahara	36	25.4833	83.4476
Indpura	35	22.0897	77.2410
Ingui	35	25.9740	78.6941
Intarora	35	25.9294	78.6315
Inayatullahpur	36	25.9581	83.5312
Indara	36	25.9932	83.6187
Intaura	36	25.9043	83.6645
Indarpur	36	25.9198	83.5915
Indaur	36	25.7887	83.6234
Ingalkhed	16	20.6423	77.5679
Inderpur	36	25.6791	83.7866
Intawa	34	25.1691	83.8440
Injh	16	20.4986	77.5515
Injori	16	20.3941	77.5107
Indla	16	20.9357	77.8378
Indiranagar	16	21.1845	77.4063
Indla Jhanpari	16	20.9082	77.8380
Inayatpur	16	21.2670	77.6267
Ingalvadi	16	20.1335	77.4077
Indora	16	21.3059	79.5002
Indori	35	21.9130	79.8185
Inzewara	16	21.1900	79.7721
Indravatipur	37	24.0367	83.4172
Intarora	35	25.8839	78.7591
Ingui	35	25.8638	78.7871
Indora	16	20.6997	79.9456
Indala	16	20.1604	79.9442
Ingalgi	19	16.7776	76.8456
Indrathana	16	20.4288	77.8418
Indarwas	35	23.7020	78.0551
Inayatpur	35	23.7263	78.1312
Inderguda	40	17.2534	78.3798
Indrakallu	40	16.5585	78.3501
Inkalgi	19	17.4909	76.4469
Ingalgi	19	17.1303	76.3932
Ingalgi	19	16.8520	76.0694
Indalgi	19	16.1744	76.0521
Indvar	19	16.1665	76.2102
Indarweli	40	19.5007	78.6760
Injhasan	16	19.9370	78.8685
Intama	35	24.8932	81.3737
Ingua	35	24.7645	81.2740
Intora	35	24.5871	81.3461
Intaha	35	24.8484	81.6397
Indanpalli	40	19.1495	78.9437
Indro	36	25.7727	80.7510
Indaura	36	25.4646	80.9076
Inayatnagar	36	27.5287	79.3401
Injhapur	16	20.4123	78.5812
Inamipur	36	25.8288	82.4378
Inamipur	36	25.9547	82.4573
Inglis Chak	36	25.5328	82.6896
Intyabir	36	25.5809	82.6876
Indaria	36	25.7004	82.6425
Injri	36	25.6362	82.7482
Intowah	35	24.7282	80.8209
Intwa	35	24.5674	80.7557
Indargaon	36	25.2559	82.3448
Indarpur	36	25.1112	82.6083
Indiparbatpur	36	25.1596	82.6410
Indrapur	36	25.3909	82.8270
Indpur	36	25.3491	82.9597
Indwar	36	25.4001	82.9205
Indarwar	36	25.2871	82.1187
Inayatpatti	36	25.4289	82.1255
Intiha Birahimpur	36	25.3415	82.1656
Indarpur	36	25.0438	82.8388
Indarwar	36	24.8156	82.2292
Inam	36	24.7295	82.9676
Indiwali	10	28.6739	75.8290
Indraj Khati ki Dhani	24	28.3094	75.8678
Ingara	35	24.2295	82.5949
Intma	35	24.0938	82.6327
Inglish Chak	36	25.5403	82.4326
Inglis Pali Chak	36	25.5585	82.4865
Indaura	36	26.3984	80.9619
Intband	36	26.3476	80.9956
Inchhapuri	10	28.3116	76.7202
Inampur	36	29.4835	78.3031
Inampur	36	29.3087	78.2906
Intgaon	36	27.5228	81.2497
Inayatpur	36	27.4700	81.0873
Inayatpur	36	27.4386	81.1010
Inchauli	36	27.2838	81.1071
Indaura	36	27.3141	81.1144
Intia	36	27.3242	81.2484
Intaha	36	27.6980	81.5269
Injani	36	24.0051	82.9360
Indnapur	36	27.4915	81.5258
Indaur	36	27.4161	81.5631
Inchhapur	36	27.3629	81.5591
Inamipur	36	25.9940	83.9057
Indarpur Arazi	36	25.9241	83.9502
Indarpur	36	25.9161	83.9485
Inchha Purwa	36	27.5433	81.8200
Indrapur	36	27.0719	81.9505
Inchhapur	36	27.1436	81.8780
Indrapur	36	27.0697	81.9926
Indrapur	36	27.1723	81.9835
Inamipur	36	26.9063	81.2333
Incha Khera	36	26.5193	81.1956
Indajhusain Purwa	36	26.7118	81.2368
Indurkhan	16	21.2464	79.6872
Indarjit Khera	36	26.7069	81.0040
Indanpur	36	26.8296	81.4039
Indhaulia	36	26.8684	81.3518
Intawa	36	26.7962	81.4836
Inayatpur	36	29.0757	78.4479
Inayatpur	36	26.7033	81.3392
Intahia	36	26.7420	81.3881
Indora Buzurg	16	21.4841	79.9436
Indapur	16	20.7335	79.2319
Indargaon	39	29.7193	78.8909
Intkuti	36	26.3225	81.0839
Indaura	36	26.3804	81.2093
Injhasun	16	20.0991	79.0988
Inayatnagar	36	29.1223	78.8799
Intkarara	36	28.8058	78.3964
Indara	36	27.0978	80.9911
Inchha Murao	36	27.0974	81.6454
Inta	36	28.5727	78.3204
Inayatpur	36	28.6675	78.4923
Inayatapur	36	27.4184	81.7829
Indrapur	36	27.3770	81.8122
Inapur	16	19.7747	77.5120
Injani	16	19.8800	77.8547
Indarpur Zamima Sutha	36	28.1137	79.7734
Indar Kho	36	28.0487	79.9379
Inayatpur	36	28.1148	79.8919
Inta Rora	36	28.0512	79.9635
Indariya	36	25.8422	81.4974
Indaria	36	26.5913	81.6039
Incha Purwa	36	26.8965	81.9104
Indarbali Singh Purwa	36	26.9690	81.8991
Indarpur	36	26.8919	81.9241
Indpur	36	26.2368	81.7917
Intauri	36	26.0717	81.8081
Indhanpur	36	28.7444	78.7900
Intwa	36	27.6421	82.2215
Indwa	36	27.5106	82.2339
Indwa	36	27.5062	82.2386
Intahiya	36	27.5837	82.1090
Intaiya Nabi Jot	36	27.3724	82.0468
Inchhapur	36	27.3866	82.0958
Inchha Jot	36	27.3049	82.2376
Indrapur	36	27.2265	82.2126
Intraur Pande	36	27.0508	82.1712
Intraur Chhatri	36	27.0481	82.1725
Inteha Purwa	36	27.1925	82.2532
Inai	36	27.1987	82.4721
Intahia	36	27.1778	82.4211
Intai Abdullah	36	27.1637	82.3679
Intwa	36	27.1457	82.4870
Injrahwa	36	27.3177	82.5388
Intwa Khurd	36	27.0830	82.5070
Intahia	36	27.0710	82.5714
Intwa	36	27.2489	82.6890
Indarpur	36	26.8496	82.0571
Inayatpur	40	18.0874	78.5340
Inaitpur	36	26.3379	82.1295
Inti	36	26.4867	82.2304
Indurti	40	18.7787	78.9417
Inugallu	40	18.5247	78.7733
Indalguda	40	18.1600	78.7689
Intaha Devipur	36	25.2455	81.2647
Intaha Chitrapur	36	25.2442	81.2611
Intaha Bhaironpur	36	25.2340	81.2587
Indauli	36	26.8119	82.4005
Intwa	36	26.8893	82.3639
Inthi Khajuri	36	26.9178	82.4469
Intwa	36	26.4378	82.3330
Inwal	36	25.8915	83.1710
Indauli	36	26.0531	82.3075
Intbahra	36	26.9222	82.5636
Inar Ahir Purwa	36	26.9160	82.5130
Inaitpur	36	26.8115	82.9578
Indupur	36	25.9198	83.3997
Indaipur	36	26.4597	82.8398
Indar Patti	36	26.3466	82.9093
Indhna	36	26.2335	82.8436
Indaripur	36	26.1306	82.9980
Intauwa	36	27.1752	83.0539
Indarwar	36	27.0628	83.1781
Inayatnagar	36	27.1927	83.2468
Indarpur	36	27.0197	83.2666
Indarpur	36	27.0665	83.3216
Indarpur	36	27.0585	83.5537
Indarpur	36	27.1730	83.7441
Indarpur	36	26.8836	83.0287
Intauwa	36	26.9767	83.0651
Intar	36	26.8413	83.1257
Indarpur	36	26.9619	83.1933
Inchakath	36	26.7294	83.0623
Indadih	36	26.5366	83.2187
Indupur Buzurg	36	26.5102	83.2100
Indaurpur Ghinhanpur	36	26.3534	83.0843
Indar Jot	36	26.3488	83.2189
Indrapar Khurd	36	26.4758	83.2464
Indrapar Buzurg	36	26.4801	83.2416
Intwa	36	26.9071	83.2683
Indadih	36	26.5850	83.2776
Indarpur	36	26.9416	83.6842
Indar Tola	36	26.6718	83.6308
Indupur	36	26.5612	83.6592
Inda ka Purwa	36	25.6399	81.5265
Inamipur	36	26.1479	83.6213
Indra	36	26.0106	83.6175
Ind	12	33.2176	75.0318
Indial	12	33.1266	75.1067
Injantrag	12	33.4201	75.2573
Indarpur	36	26.8589	83.8081
Indra Sanwa	36	26.8993	83.8653
Indauli	36	26.1532	83.8277
Indaupur	36	26.0771	83.7520
Indaso	36	26.0050	83.8801
Indrauli	36	26.0265	83.9253
Inwa	36	25.7083	83.5004
Indarpur	36	25.5551	83.5835
Indarbats	12	33.5376	75.6203
Inayatpur	36	25.7115	83.6919
Inchapalli	40	18.6426	80.3115
Ingawan	12	33.2585	75.6518
Ingarnane	12	33.4123	75.6888
Indra	35	23.1534	80.1230
Indrala	12	33.1323	75.7217
Indori	35	23.1243	80.7301
Ingaro	12	33.2212	75.8319
Inilu	12	33.0972	75.8818
Indarwal	12	33.1382	75.8793
Ingarata	12	33.2014	75.9665
Indarni Bhagwan	12	32.6464	75.2556
Indalpur	36	25.4045	81.8510
Intar	36	25.1706	81.8875
Intar	36	25.1788	81.8889
Indri	35	22.4005	80.3446
Indra	35	22.7582	80.5892
Indri	35	22.2685	80.5245
Inayatpur	23	31.8974	74.7885
Inayatpura	23	31.7871	74.9301
Inayat	10	29.1221	76.7815
Indri	35	22.2885	80.9558
Indra	24	25.4958	73.3975
Intdara Charnan	24	25.3760	73.3015
Indora	16	21.3933	80.0089
Indraivadi	16	20.3611	74.2325
Indrawala	23	31.9958	75.2970
Inowal	23	31.6419	75.5427
Intawao	35	23.1447	75.3938
Inayatpura	35	22.6774	75.5991
Indrapimpri	16	20.9719	75.0057
Indva	16	20.9398	75.0021
Indamara	37	21.1060	80.9526
Ingamar	37	22.8288	82.7600
Indapur	16	20.1412	75.2816
Injhori	16	20.8948	80.0180
Intdaha	36	27.5281	80.9002
Inayatpur	36	27.5007	80.9242
Indalpur	36	27.4841	80.8234
Injhewari	16	20.3948	80.0072
Indana Kalaske	23	31.1710	75.8215
Indal	11	32.8318	76.0998
Indrawal	11	32.7138	76.0601
Ind	11	32.6360	76.0880
Intor	35	22.9537	81.2253
Intor	35	22.9384	81.2259
Inayatpur	36	27.1433	81.0804
Inayatpur	36	27.0549	81.0678
Inayatpur	36	27.0186	81.2120
Indalpur	37	22.1918	81.6774
Indarail	24	26.2047	74.2628
Indarpura	24	26.0294	74.4591
Indauri	37	21.9398	81.3539
Indarpura	23	31.0399	76.6009
Inaitpura	23	30.6180	76.4235
Indarpura	24	25.9086	74.8622
Intria	24	25.8588	74.8194
Indarpur	37	21.1946	82.7526
Indarpura	24	25.8137	75.3541
Inta	09	23.2085	74.1206
Indoria Bari	24	23.1644	74.4577
Indoria Chhoti	24	23.1453	74.4900
Inchhapur	21	20.5944	82.5834
Indrauli	39	30.7517	77.8936
Indhaoli	36	29.0825	77.7802
Inchi Buzurg	36	29.0193	77.9713
Inchi Khurg	36	29.0085	77.9835
Indukurupeta	02	17.2627	81.7830
Indukuru	02	17.2728	81.7911
Inayatpur	10	28.0204	77.4481
Indarpur	36	28.9498	78.2242
Inayatpur Nayagaon	36	28.8361	78.0935
Indor	36	28.2490	78.2136
Inchhauri	36	28.2285	78.2485
Inayatpur	36	28.0475	78.3034
Inayatnagar	36	28.9580	78.9884
Inayatpur	36	28.7950	78.7964
Ingsa	21	21.0210	83.3925
Indraura	36	27.7906	81.2523
Indraj Purwa	36	27.9307	81.4887
Ingoi	36	27.6431	81.4526
Inamipur	36	27.2298	81.2783
Indai Purwa	36	27.4377	81.4001
Inamipur	36	27.4654	81.4852
Inraura	36	27.2159	81.3266
Inchauli	36	26.9610	81.5738
Intaura	36	26.9173	81.5025
Indarpur	36	26.8564	81.5002
Inchaulia	36	26.8124	81.7001
Intraur	36	26.4219	81.6273
Indupur	36	26.3429	81.6463
Inchhan Gonda	36	26.0303	81.5385
Ingilipakalanka	02	16.5474	81.1264
Interu	02	16.3334	81.3452
Indapalle	02	17.1243	80.8896
Indugapalle	02	17.4619	82.5254
Intipalem	02	17.8825	82.9018
Inda	34	26.1427	84.4478
Ingal	40	16.9141	80.4703
Inagallu	02	16.0400	80.2900
Indraguda	21	18.5180	82.3293
Injeri	02	18.1789	82.3790
Indupalle	02	16.4683	80.8766
Indupalle Khandrika	02	16.4809	80.8896
Ingra	37	19.7627	81.9957
Indripal	37	18.7788	81.1797
Indupuram	02	18.7641	83.3579
Ingilapalle Agraharam	02	18.3768	83.3193
Indegarguda	21	18.8794	83.9236
Ingipenta	02	18.6738	83.8042
Indupuru	02	14.6568	80.0684
Inamadaguzammipalem	02	14.5123	80.0153
Injur	25	13.4728	80.1843
Indranattam	25	13.2836	80.1994
Inglistola	34	25.2048	84.4707
Inglistola	34	25.2325	84.4243
Innamuru	02	17.3023	81.3106
Inayatpur	34	25.9380	84.5909
Inamipur	34	25.9270	84.6753
Inai	34	25.7810	84.6836
Inchiwara	35	23.6853	76.5444
Inpun	35	22.1941	76.0823
Injalwara	35	22.0361	76.0238
Indhawari	35	22.2229	76.2471
Indora	24	23.8327	73.8205
Inlau	39	29.6288	79.2181
Inglistola	34	25.6164	84.5779
Inglistola	34	25.5215	84.5413
Indarpura	34	25.4901	84.5698
Intwa	39	29.2480	79.1357
Indria ki Dhani	24	25.9464	73.3567
Inglistola	34	25.3823	84.5288
Inglistola	34	25.3205	84.5158
Inurki	34	25.2974	84.6079
Inglis Bherhariya	34	25.3103	84.7226
Indarwada	24	25.5228	73.4876
Inda	39	29.7357	79.2695
Indargarh	35	22.9004	74.5365
Inglistola	34	25.1996	84.6011
Inglistola	34	25.1614	84.6657
Injor	34	25.1556	84.6184
Indwan	35	22.2855	74.6220
Inan	39	29.5825	79.5062
Inglishpur	34	25.6471	84.7831
Inglishtola	34	25.5525	84.8452
Inarbarwa	34	27.0678	84.3039
Inarbarwa Letiha	34	27.0637	84.3036
Inglishiya	34	27.0119	84.3207
Indrakot	24	26.4530	74.6235
Indarwa	34	27.1455	84.5211
Indarwa	34	27.1458	84.6758
Indoli	24	26.5202	74.9857
Indarsanwan	36	26.8078	84.0127
Indarpatti	36	26.7757	84.1070
Inarpatti	36	26.5418	84.0285
Indarpatti	34	26.5415	84.1631
Indar Bhagat	36	26.3357	84.0777
Inguri	36	26.2549	84.1044
Indarwa	36	26.2686	84.1542
Indar Bhan Chak	34	26.4659	84.2253
Indrak Chak	34	26.0726	84.1960
Inglish Kolhuwa Dargah	34	26.2052	84.1608
Indarwa	34	26.9761	84.7404
Indu Tola	34	26.5204	84.6329
Indarwabhar	34	26.6501	84.6092
Indar Bagachhi	34	26.5155	84.7233
Indargarh	24	27.0157	75.9652
Inayatganj	36	28.1243	79.1583
Indarpur	39	28.9459	79.3750
Inayatpur	36	28.6836	79.2509
Inchauria	36	28.2775	79.4212
Inti	36	28.0583	79.2781
Indauli	34	26.2600	84.6249
Indarpura	09	23.8219	73.2366
Inauli	34	26.0961	84.5060
Indar Ray	34	26.0626	84.6828
Indalpuri	39	28.9441	79.7179
Inarwa	34	26.8733	84.8272
Inarwa	34	26.9523	84.9496
Injalwara	35	22.0459	76.3982
Inaitpur	36	28.5798	79.6807
Inayetpur	36	28.4524	79.5992
Inayatpur	36	28.2385	79.5432
Indarpur	36	28.0021	79.6583
Inglis	36	25.8822	84.0192
Indarpur	36	25.7385	84.0689
Inglistola	34	25.5965	84.1509
Intarora	36	28.3943	79.8182
Indo	34	25.3126	84.9211
Inar Bigha	34	25.1779	84.8685
Inaiath Chak	34	25.1795	84.8483
Indarpur	34	25.0585	84.9476
Indarpura	34	24.8427	84.1174
Indarpura	34	24.9063	84.1294
Inguna	34	24.8204	84.2330
Insotbigha	38	24.5606	84.0220
Indaur	34	25.3980	84.0042
Indarpur	34	25.3849	84.0645
Indapur	34	25.3017	84.0250
Inarhiya	34	25.0116	84.1181
Inarpurwa	34	25.1046	84.1842
Inglistola	34	25.6505	84.3346
Inglistola	34	25.5690	84.4782
Inrath Kalan	34	25.2629	84.2968
Inrath Khurd	34	25.2584	84.3034
Indarpatpur	34	25.3079	84.3567
Inglis	34	24.9007	84.2506
Ingunahi	34	24.7726	84.2548
Inguna	34	24.7973	84.3769
Inglis	34	24.7715	84.4227
Indrarh	34	24.8699	84.5477
Indil	34	24.7512	84.7473
Inguni	34	24.7173	84.7142
Indar Bigha	34	24.6700	84.6733
Inumella	02	16.2887	79.8337
Inumetla	02	16.3783	79.9835
Indrahi	38	24.4167	84.7082
Inglis	34	25.4751	85.8308
Inglis	34	25.4288	85.8674
Intahara	34	25.0500	85.8762
Indratoli	38	24.1558	85.1498
Indarwa	34	26.6028	86.1139
Ingwari	36	25.6761	80.8105
Ingua	36	25.6102	80.8824
Innanje	19	13.2489	74.7639
Inna	19	13.1396	74.8420
Indottu	19	13.0706	74.9505
Invalli	19	12.8672	74.9504
Indur	19	15.0242	75.0191
Ingalhalli	19	15.4121	75.3050
Indavalli	19	14.2994	75.1977
Indihalli	19	14.2920	75.2477
Indavalli	19	14.0427	75.0558
Ingalgondi	19	14.6811	75.3706
Inturayanahalli	19	14.2922	77.4293
Ingalagondi	19	14.4342	75.4412
Ingalagondi	19	14.4898	75.6969
Inagaluru	02	13.8352	77.0433
Indrasanhalli	19	13.2257	77.6143
Injanhalli	19	13.0624	77.8840
Ingalagundi	19	14.6304	75.8797
Indrodi	19	13.8481	75.0408
Indavar	19	13.7068	75.2472
Indra Basti	19	13.1517	75.0192
Ingatadi	19	13.6310	75.2908
Indabettu	19	13.0659	75.3501
Indabettu	19	13.0696	75.3361
Indavara	19	13.3245	75.7476
Indravalli	19	13.1879	75.7041
Inglarhalli	19	13.6297	75.9739
Intekolalu	19	13.0562	75.8877
Indaje	19	12.8246	75.2320
Indarpur	34	25.1225	85.5257
Inam	40	19.2805	79.6879
Ingaladahalli	19	14.2431	76.0935
Inta Tikar	34	24.6336	85.0247
Intadih	34	24.6561	85.1292
Incha	34	24.5963	85.1734
Inguna	34	24.8055	85.4862
Indarwadih	34	24.6360	85.4249
Ingunia	38	24.4003	85.3072
Ingladahalu	19	14.1863	76.4447
Indaul	34	24.8347	85.5688
Inarwatoli	38	24.4513	85.5409
Indarwa	38	24.4708	85.6359
Inarwa	34	26.4673	86.1673
Indarwa	34	26.3433	86.2665
Inamat	34	26.4320	86.4768
Indarwa	34	26.3023	86.4534
Indartola	34	26.1628	86.3654
Inay	34	25.9618	86.0793
Innupur	34	25.5326	86.1771
Indupur	34	25.2737	86.0229
Indateru	19	12.9171	75.5024
Indargaon	40	19.3513	79.8801
Indaram	16	19.3526	79.9847
Inglis	34	25.2025	86.1887
Ingalakuppe	19	12.5531	76.6732
Iniar	34	25.4151	86.2520
Indrukh	34	25.3296	86.4739
Indavala	19	12.5145	76.8519
Induvalu	19	12.2471	76.8620
Ingaladahalu	02	15.5927	77.1444
Inagandla	02	15.8548	77.7070
Indirampalla	02	15.3590	77.6732
Inarwatanr	34	25.2048	86.3912
Indarwa	34	25.7716	86.6516
Inarwa	34	25.9732	86.6889
Indralbetta	19	14.2735	77.2244
Indarwa	34	25.8484	86.8697
Indpe	34	24.8947	86.2152
Indurti	40	18.2233	79.1355
Inayatpur	36	27.4292	80.7093
Intiarora Purwa	36	27.4149	80.6862
Inayatpur	36	27.3020	80.6523
Indal Purwa	36	27.3959	80.6711
Intad	13	11.3761	75.8067
Ingori	36	26.6935	79.1244
Indrosi	36	26.7077	79.2117
Ingui	36	26.1506	79.1424
Indarpur	36	26.6577	79.3052
Indraokhi	36	26.6448	79.2940
Injapur	16	19.7236	79.1238
Indhani	40	19.4641	79.2372
Indurti	40	18.4122	79.5027
Indiri	19	15.4399	76.3244
Ingaligi	19	15.2598	76.4419
Inakkanhalli	19	12.6632	75.7464
Inchal	19	15.8702	74.8409
Ingalgi	19	15.7914	74.9333
Inuberu	19	13.8887	74.6288
Indranamane	19	13.8042	74.7157
Inglis	34	24.8111	84.8259
Inguni	34	24.7861	84.8315
Inglis	34	24.8145	84.9575
Intara	34	24.6747	84.9150
Inguna	34	24.6217	84.9224
Indarpur	34	26.2685	87.0781
Indarpur	34	26.0581	87.2571
Indar Chak	38	25.1400	87.4866
Intia	36	27.4533	81.3311
Inglis	34	25.8505	85.0721
Inayatnagar	28	25.3251	87.9564
Inayat Chak	34	25.0209	85.1211
Injora Bigha	34	25.2374	85.2473
Inglis	28	24.5953	87.9995
Indrapahari	38	24.3496	87.7690
Indpur	28	24.2583	87.8874
Inayatnagar	34	25.9450	85.2953
Inayatpur Parbodhi	34	25.8063	85.2616
Indaut	34	25.3130	85.3064
Inayatpur	34	25.0803	85.3551
Inayatpur	34	25.1517	85.4009
Indwas	34	25.3009	85.5856
Indauli	34	25.3464	85.7307
Inamnagar	40	17.8432	78.5309
Inamguda	40	17.3023	78.7022
Intarora	36	27.9820	80.2441
Indlapur	36	27.0672	80.0586
Indar Bahadurganj	36	27.8807	80.4132
Indirapuram	36	28.6407	77.3692
Inamgaon	16	18.5902	74.5389
Injimedu	25	12.5456	79.4234
Inroak/Chinlak	01	7.9844	93.5558
Indore G.P.O.	35	22.7233	75.8700
Inuminchenahalli	19	13.5144	77.7714
Indlavadi	19	12.7293	77.6378
Indlavadipura	19	12.7157	77.6403
Inurdoddi	19	12.5496	77.5648
Indiganatham	19	12.0253	77.6323
Injedu	02	15.0874	78.4158
Intalayapalle	02	14.5151	78.1625
Indukuru	02	14.2780	78.2253
Ingaluru	02	14.0460	78.0391
Indukuruvaripalle	02	13.8332	78.2504
Inayatpur	34	25.6024	85.5462
Indarwara	34	25.6925	85.6558
Indumangala	19	12.8951	77.9749
Indlabele	19	12.7906	77.7778
Inakabiranapalli	25	12.7440	77.9301
Indanguri	25	12.3681	78.0431
Indamangalam	25	12.2208	78.2354
Injanur	25	12.1141	78.3202
Indiganhalli	25	12.2615	77.6070
Indukurivandlapalle	02	14.0423	78.4631
Indlacheruvu	02	15.8068	79.4553
Inimerla	02	15.0920	79.4579
Indluruvaripalli	02	14.2299	79.1871
Indluru	02	14.3001	79.2698
Inugunta	02	13.9981	79.7484
Indrakhandigai	25	13.0390	79.6691
Indrapalem	02	13.3453	79.8359
Indrapalem	25	13.2964	79.9503
Indravanam	25	12.5354	79.3304
Injambakkam	25	12.8959	79.6930
Indirasankuppam	25	12.2840	79.5322
Indalur	25	12.3641	79.8362
Inthiyannur	13	11.0014	76.0442
Innamudi	13	11.5877	76.2950
Ingalvadi	19	11.8427	76.7099
Inthiyannur	13	10.9823	76.0563
Ingur	13	10.8138	76.1481
Indatinkadavu	13	10.0662	76.2685
Injparai	25	10.3095	76.9271
Injiani	13	9.5271	76.8674
Inchakkadu	13	9.0323	76.7764
Inchur	13	10.0356	76.6325
Injakkadu	13	9.0701	76.6254
Inchavilseri	13	8.9505	76.6100
Indiyampalaiyam	25	11.4515	77.2692
Injaram	25	11.4014	77.5778
Indirapuram	25	11.3893	77.6918
Ingur	25	11.2246	77.5813
Injampalli	25	11.2051	77.8189
Inippiriyavattam	25	11.0298	79.3644
Innambur	25	10.9810	79.3380
Injikkollai	25	10.8714	79.4567
Injikkollai	25	10.8995	79.1451
Innalkonvidudi	25	10.5710	79.1891
Indipiritoli	38	23.0515	85.5474
Indipiri	38	22.8926	85.3168
Indura	38	22.7058	85.4700
Injoridohartola	38	23.8924	84.0045
Injnitoli	38	23.2388	84.4137
Inta	38	23.3913	84.7367
Indro	38	23.1351	84.5503
Indro Phatakpur	38	23.1349	84.5615
Indahat	37	22.7788	84.2028
Indrotoli	38	22.7281	84.4688
Injar Agraharam	25	9.4919	77.7398
Injar	25	9.4949	77.7442
Inuttimangalam	25	10.9400	78.3712
Inungur	25	10.8507	78.4889
Iniyanur	25	10.8025	78.6445
Injur	25	10.8960	78.7431
Injur Pallakkudi	25	10.9016	78.7455
Injavayal	25	10.0660	78.9373
Inakkaneri	25	9.6013	78.2601
Injini	25	9.7932	78.7315
Indangulam	25	9.7019	78.6543
Indangulam	25	9.6695	78.5944
Indiramadai	25	9.6424	78.8632
Inanganur	25	10.6934	77.8333
Injipadipara	13	9.7000	77.1369
Innad	25	11.8747	78.7181
Indali	25	11.6869	78.9317
Indravati	02	14.8884	77.2518
Indra	38	23.8293	85.4395
Indrabandtoli	38	23.7936	85.4409
Indratoli	38	23.7656	85.2986
Indkata	38	22.6920	85.5957
Indkuri	38	22.4642	85.7563
Injidi	21	21.1981	85.2941
Indipur	21	21.8677	85.8157
Inkarbandh	21	20.7441	85.1163
Indiapata	21	20.3925	85.0801
Indigaria	21	20.2309	85.1415
Indudih	34	24.4875	86.4937
Indarbasa	38	24.2474	86.4676
Indrapur	21	21.7492	84.8958
Indrapur	21	20.6402	84.4469
Intgaon	36	28.2675	79.8641
Industrial	21	20.8774	85.0100
Intkheri	35	24.2988	77.0448
Ingurti	02	17.6695	79.8003
Indi	35	22.2924	74.2591
India	35	23.0153	75.3626
Intaha	36	27.7384	81.4492