Iramallur	13	10.0619	76.5717
Irimbiliyam	13	10.8624	76.0922
Irinjalakuda	13	10.3424	76.2112
Iringal	13	11.5593	75.6166
Irugur	25	11.0178	77.0628
Iroopara	13	8.6075	76.9149
Iriveri	13	11.8559	75.4736
Irikkur	13	11.9867	75.5501
Iringappuram	13	10.6103	76.0525
Irongmara	03	24.6890	92.7422
Irba	38	23.4553	85.4404
Irwa	24	26.7971	74.2663
Irungattukottai	25	12.9950	79.9904
Irundai	25	11.7977	79.3836
Irumeni	25	9.3081	79.0317
Irpu	19	11.9739	75.9874
Iritty	13	11.9899	75.6714
Irimbranallur	13	10.5082	76.1007
Irakam	02	13.5717	80.1462
Iraiyur	25	11.7834	79.1970
Iradatnagar	36	26.9694	78.0437
Irshadpur	36	29.6332	77.4677
Iredupalli	40	17.7093	78.4387
Irranapet	40	17.8700	78.9911
Irumbedu	25	12.9506	80.0033
Iren	36	26.9394	79.1968
Irla	16	18.0704	75.7484
Irumbanadu	25	10.0532	78.9887
Iraigarh	37	21.7199	83.0442
Irio Khetar	12	33.4036	74.2590
Iranian	24	27.4030	76.9499
Irana	11	30.6655	77.7533
Irniya	24	26.7155	76.9600
Iradatnagar	07	28.7852	77.0940
Iradatpur	36	28.5984	77.5596
Iras	24	25.3830	74.5093
Irani	39	30.3752	79.5766
Irli	24	24.6002	76.4583
Irnio	24	26.2062	75.1678
Irapagutta	37	19.1333	80.4593
Irimkasa	37	21.7010	81.1182
Irla	16	19.1407	76.0044
Iriamazra	16	19.1384	76.0108
Irlad	16	19.3908	76.5463
Irauli Guzar	36	27.7038	77.7116
Iragaon	37	20.3804	81.1190
Ira	37	21.1107	81.1561
Irakpalli	40	18.1077	77.6244
Irakpalli	19	17.3420	77.4186
Irrauli Junnardar	36	27.7025	77.7895
Irlapalli	40	17.5163	77.8396
Irlapalli	40	16.9800	77.6080
Iraram	40	16.8469	77.7241
Irugachedu Tanda	40	16.2613	77.5347
Irugachedu	40	16.2621	77.5210
Irlabanda	40	16.2726	77.5932
Irladinne	40	16.3663	77.6804
Irannapalli	40	16.7562	77.8032
Irapuram	40	16.0993	77.9514
Irladinni	40	16.1064	77.9763
Irar ka Pura	24	26.3408	77.2478
Irannapet	40	17.3726	78.2292
Irrigutta Tanda	40	17.4294	78.2303
Iravennu	40	17.6890	79.3715
Irkhini	36	27.7629	78.2736
Irna Gokulpur	36	25.9258	82.8526
Irni	36	25.8984	82.9139
Irthal	16	20.3559	77.7195
Irkal	19	16.0522	76.7309
Iragaon	16	19.4353	78.0288
Irannaguderm	40	17.6614	78.3514
Irannapalli	40	16.9704	78.0961
Irnapalli	40	16.8702	78.2289
Irlapalli	40	16.8402	78.1935
Iravellikammagudem	40	17.5019	79.0101
Iran Muafi	36	25.3042	80.9258
Iranpur	36	27.7382	81.0238
Iranpur	36	27.7055	81.0599
Iranpur	36	27.6578	81.0035
Iranpur Satauli	36	27.5851	81.1315
Iradatpur Dhami	36	25.8915	81.1197
Iradatput Teju	36	25.8258	81.0512
Iradatpur	36	25.8187	81.1037
Iradatpur	36	25.8305	81.1411
Iradatpur	36	28.7032	78.3692
Iradatpur Pagar	36	28.2146	79.9776
Ira	39	29.9350	79.0393
Irlapalli	40	18.4764	78.6033
Irazi Bankat	36	27.0229	82.7964
Irul	36	26.3771	82.1730
Irul	36	26.4181	82.1503
Irkod	40	18.1068	78.7750
Irat Damajan	12	33.6533	75.1370
Irkedumme	16	19.3898	80.4588
Irapanar	16	19.3993	80.6716
Irakapolli	37	19.1731	80.6809
Irpanar	37	19.8035	80.4427
Irpanpalli	16	19.9944	80.4013
Iradatganj	36	25.3315	81.8142
Irragura	37	20.8898	81.2962
Iraichua	37	20.5145	81.3127
Iragaon	37	20.0241	81.3355
Iragaon	37	20.0111	81.3274
Iradah	37	20.1817	81.4447
Irra	37	20.8554	81.5394
Irri	16	21.4644	80.2902
Irda	16	20.6842	80.1937
Irapur	36	27.8220	80.9730
Irapur	36	27.5978	80.9342
Irapdhodhri	16	20.4152	80.3719
Iraptola	16	20.4419	80.3654
Iragaontola	37	20.3920	80.7831
Iragaon	37	20.3930	80.7823
Iragaon	37	20.3055	80.9263
Iriknara	37	23.7507	83.1124
Irmana Khera	39	30.7668	77.9407
Irlavada	02	17.7935	81.9048
Irage	19	14.1949	74.8109
Ira Malla	39	29.8160	78.4857
Ira Talla	39	29.8207	78.4768
Ira	39	29.9021	78.7887
Ira	39	29.9957	78.8640
Irku Jira	02	18.4067	82.7892
Iringapadu	21	18.4390	82.9755
Irukaiugudem	02	18.1953	82.7613
Irkuraya	02	18.1515	82.8026
Irumpili	25	12.6181	80.0655
Irumbilicheri	25	12.5143	80.0417
Irripaka	02	17.2461	82.0938
Irukupalem	02	16.3758	80.1337
Irlapadu	02	16.1822	80.1114
Irallapadu	02	16.8187	80.3979
Irkul	21	19.8615	83.4086
Irupuputti	21	19.0400	83.2228
Irukuputti	21	19.4519	83.2623
Irsamuttu	21	19.4454	83.4481
Irdapalle	02	18.0834	82.6088
Irsametta	37	18.6979	81.0342
Irli	37	18.7299	81.1269
Iridi	02	19.0366	83.6479
Irpiguda	21	19.9049	83.7558
Irjing	21	19.2358	83.9458
Iraduvalasa	02	18.6801	83.2005
Iragayi	02	18.3678	83.0563
Irpa	37	18.9659	81.5759
Irpa	37	18.9502	81.5722
Irpa	37	18.9330	81.5798
Irpa	37	18.5980	81.6511
Iralagondi	21	18.2800	81.6972
Irapaduguda	02	18.7038	83.8881
Irapadu	02	18.7140	83.8909
Iruvada	02	17.7797	83.1291
Iresapuram	02	17.0026	81.1060
Irulappattu	25	13.2670	80.1598
Irayagudem	40	17.6515	81.3598
Irumudigudem	02	17.2695	81.3686
Irannapalem	02	17.2123	81.2859
Ira	39	29.7328	79.3466
Irasera	39	29.7376	79.4917
Ira	39	29.5411	79.5118
Iria	39	29.9575	79.5921
Irdarwa	34	27.1212	84.5843
Ira	39	29.8543	79.8491
Ira	39	29.6459	79.8571
Irwa	24	24.1560	74.0522
Irkot	39	29.4378	79.9387
Iradatnagar	36	28.2618	79.7119
Irki	34	25.1918	84.9827
Irlapadu	02	16.1680	79.8269
Irige	19	13.7661	74.8868
Irmadi	19	13.3992	74.8092
Iruvail	19	12.9964	74.9935
Irapur	19	15.6933	75.9506
Iragurajupalle	02	14.0879	77.7091
Iruvendala	02	14.8736	77.7691
Irigenahalli	02	13.7871	77.0406
Irakasandra	19	13.4123	77.2470
Irampalle	02	13.9345	77.3336
Irigireddihalli	19	13.6676	77.7465
Irampalli	19	13.6178	77.5154
Iragenhalli	19	13.3391	77.7324
Irabanhalli	19	13.0268	77.9206
Iraganhalli	19	14.2323	75.9441
Iranthottu	19	13.0678	75.1952
Iruvati	19	13.7840	75.4416
Iregodu	19	13.7270	75.3652
Iribis	19	13.6468	75.4859
Irkepalli	40	19.1627	79.2509
Irakaravalli	19	13.0253	75.8544
Irvattur	19	12.9606	75.1357
Irde	19	12.6741	75.1809
Iriyel	13	12.4390	75.0787
Iriyanadka	13	12.4981	75.1305
Iriyal	13	12.3938	75.1611
Irturti	13	12.2965	75.2003
Irli	40	19.5637	79.6446
Iragir	34	24.4637	85.1443
Irki	38	24.3079	85.1638
Iruri	34	24.9124	85.7138
Irgobad	38	24.3547	85.6576
Irodott	13	12.1795	75.4182
Irvetadka	19	12.8514	75.5299
Irabanahalli	19	12.9782	76.7971
Irgall	19	12.9237	75.7745
Irladinne	02	15.8689	77.7758
Irappanahalli	02	14.6409	77.1332
Irinavu	13	11.9600	75.3233
Iruvapuzhanambram	13	11.9968	75.4691
Iringannur	13	11.7081	75.6032
Irintanattur	13	11.7963	75.8613
Iruvallur	13	11.3667	75.8278
Iringavur	13	10.9220	75.9600
Irakallagada	19	15.4681	76.2211
Iraja	19	12.6956	75.5057
Irpaga	19	14.8946	74.3055
Irapur	19	14.8928	74.5512
Iriap	34	24.5962	84.3482
Irki Kalan	34	24.7169	84.4930
Irpur	35	21.7015	75.9798
Iragudem	02	16.6684	79.6261
Irikepalle	02	16.6062	79.7159
Iranagaram	40	17.8729	78.6097
Iragappanahalli	19	13.5976	77.8727
Irandoddi	19	12.6362	77.0088
Irasvadi	19	12.0138	77.0407
Irasvadi	19	12.0148	77.0294
Irudalu	19	12.2107	77.2582
Iragampalli	19	13.5382	78.1306
Iragasandra	19	13.2557	78.0613
Iragasandra	19	13.1631	78.2101
Iragamuttanahalli	19	13.2352	78.4774
Irutalam	25	12.5854	77.9034
Irisiganipalli	02	12.7831	78.2756
Irumattur	25	12.2639	78.3005
Irunapattu	25	12.5263	78.6760
Irudaiyampattu	25	12.0224	78.9857
Iralpodu	19	12.3569	77.5338
Iregappagaripalle	02	14.0593	78.5812
Irugurallapalle	02	15.8804	79.3728
Irasalagundam	02	15.5350	79.5011
Iramareddipalle	02	15.3943	79.3594
Iregisettivaripalli	02	13.4966	79.2052
Iruvaram	02	13.1938	79.0755
Iragamareddikandigai	02	13.2467	79.2151
Irlanattam	02	13.3599	79.3785
Irudalavaripattadai	25	13.3161	79.4234
Iruguvazi	02	13.3452	79.6275
Irukalam	02	13.4989	79.9958
Irulanjeri	25	13.0267	79.8161
Irumbili	25	12.7463	79.1222
Iralachcheri	25	12.9041	79.4868
Irambaram	25	12.8218	79.4767
Irumbedu	25	12.6916	79.3055
Irungur	25	12.6943	79.4472
Irumbili	25	12.3804	79.4298
Irulapalaiyam	25	12.0458	79.2999
Irumbedu	25	12.5592	79.7061
Irungal	25	12.6206	79.5049
Irumantangal	25	12.7061	79.6079
Irumbili	25	12.3622	79.5715
Irumaram	25	12.7095	79.7797
Irusamanallur	25	12.5169	79.9369
Irunkunrapalli	25	12.6462	79.9521
Irumbili	25	12.4094	79.8500
Irumbedu	25	12.3564	79.9723
Irumbai	25	12.0076	79.7878
Irukanni	13	11.7264	76.1642
Irattiyambatt	13	11.6527	76.1831
Irivetti	13	11.2025	76.0847
Irimbuzhi	13	11.0861	76.0880
Irimbuzhi	13	11.0540	76.0907
Irukadu	25	11.4717	76.7742
Iruppukallu	25	11.4124	76.8410
Irumbagassheri	13	10.7703	76.1920
Iringuttur	13	10.7642	76.1850
Iringappuram	13	10.6079	76.0634
Irimbalassheri	13	10.8784	76.2869
Irungol	13	10.1060	76.4938
Iramam	13	10.0989	76.3142
Iramun	13	9.2217	76.8613
Irannur	13	8.9579	76.8139
Iruttarakonam	13	8.6278	76.8520
Irimba	13	8.5694	76.9963
Irukunnattudesam	13	8.5404	76.9729
Iramala	13	10.0837	76.5788
Irela Vadakku	13	9.2340	76.5294
Irela	13	9.2246	76.5247
Iravankara	13	9.2441	76.5713
Iravichira Naduvil	13	9.0762	76.6122
Iravichira Padinjara	13	9.0760	76.5927
Iravipuram	13	8.8575	76.6176
Irumbanankad	13	8.9970	76.7260
Irattipalaiyam	25	11.6488	77.3024
Irugalur	25	11.3697	77.2733
Irasakavundanur	25	11.6307	77.6886
Iruchakavundanur	25	11.7059	77.9320
Iruppali	25	11.6595	77.8447
Irugalur Mettuppalaiyam	25	11.5042	77.9610
Iruchakkavundanur	25	11.8288	77.9619
Irukkur	25	11.1403	77.9709
Irularkudi	25	11.5722	79.2995
Irulankuppam	25	11.5382	79.2735
Irusalakuppam	25	11.5748	79.3431
Iruiakkurichchi	25	11.6427	79.3855
Irulambattu	25	11.3953	79.2549
Iraiyur	25	11.3712	79.3770
Iravankudi	25	11.2845	79.4271
Irudayapuram	25	11.2652	79.4295
Irugaiyur	25	11.0805	79.3398
Irulankudisai	25	11.0986	79.3406
Irumbutalai	25	10.8269	79.2703
Irulnikki	25	10.6256	79.5817
Irunjur	25	10.7074	79.7406
Irukkai	25	10.7174	79.7439
Iraiyankudi	25	10.6687	79.7435
Irungulanvidudi	25	10.5411	79.1638
Iravancheri	25	10.7729	79.7129
Iravancheri	25	10.8461	79.7660
Irud	38	23.1870	85.3959
Irbadih	38	23.4167	85.6522
Irku	38	23.2489	85.7638
Irgetoli	38	22.6720	85.1339
Irrai	37	23.1827	84.0032
Irgu	38	23.9442	84.3974
Irgaon	38	23.4210	84.7839
Irri	38	23.3585	84.9950
Iradamudayarkulam	25	8.9902	77.5006
Irappuvari	25	8.4660	77.6797
Iravipudur	25	8.1707	77.5015
Iraniyam	25	10.0007	78.1750
Irumbuduppatti	25	10.8592	78.3846
Iruchchalur	25	10.7296	78.3426
Irundirappatti	25	10.5367	78.6403
Irumbali	25	10.4624	78.7460
Iraniyur	25	10.1771	78.6256
Irungalur	25	10.9399	78.7619
Iraiyur	25	10.4667	78.8110
Iruvanivayal	25	10.0031	78.8322
Iraichinnampatti	25	9.4495	78.2036
Irunjirai	25	9.6347	78.3369
Iruvarkulam	25	9.6153	78.2815
Iraichchikulam	25	9.3318	78.4668
Iruveli	25	9.1724	78.4369
Irumbuvayal	25	9.8312	78.7413
Irumbur	25	9.7117	78.5771
Irudayakovil	25	9.4271	78.6162
Iravaseri	25	9.9504	78.8395
Irakkatti	25	9.9953	78.8526
Iraviyamangalam	25	9.8240	78.7811
Irumati	25	9.8583	78.8269
Irumati Kil Kudi	25	9.8639	78.8349
Iruvani	25	9.8153	78.7618
Irunangudi	25	9.7216	78.7834
Irudayapuram	25	9.5990	78.8484
Iruvappapuram	25	8.6858	78.0551
Irumbalakkurichchi	25	11.9321	79.0894
Iraiyurpalaiyam	25	11.7936	79.1945
Iraiyur	25	11.3942	79.2118
Irungalakkurichchi	25	11.3304	79.2234
Irappavur	25	11.4577	79.2229
Irulakkudumbanpatti	25	10.4940	77.7535
Irumbilikkurichchi	25	11.1943	79.2259
Iruvelippattu	25	11.8413	79.4344
Irulanguppam	25	11.7530	79.5761
Irulansandi	25	11.8024	79.7299
Irandayiravilagam	25	11.8019	79.7118
Irumulai	25	11.1490	79.5130
Irisampalaiyam	22	11.8941	79.7922
Iruvutopu	13	9.7341	77.0013
Irumankulamnattar	25	9.1783	77.4942
Iravancheri	25	11.0276	79.7549
Irulappatti	25	11.3333	78.2116
Iruttanaipudur	25	11.2252	78.0273
Iruttanai	25	11.2321	78.0285
Irulappatti	25	11.9454	78.4099
Iranguli	25	11.2744	78.3990
Iriyur	25	11.5995	78.9990
Iraiyur	25	11.3618	78.9813
Irur	25	11.1295	78.8324
Iraiyur	25	11.2102	78.9287
Irampalya	19	14.0104	77.1919
Iraitola	21	21.9711	85.0866
Irga	38	24.0085	85.5552
Irkia	38	24.2367	86.4463
Irchita	38	24.1384	86.4251
Irpisoru	21	20.5606	84.0964
Irpiguda	21	20.1311	84.1953
Irpiguda	21	20.4380	84.4194
Irumpanam	13	9.9730	76.3432
Irala	02	13.3865	78.9678
Iragavaram	02	16.6904	81.7070