Islampur	28	26.2654	88.1898
Islampur	34	25.1408	85.2059
Islamnagar	36	28.3290	78.7252
Ismailabad	10	30.1172	76.6690
Isagarh	35	24.8391	77.8827
Islampur	24	28.1501	75.5399
Isri	38	23.9873	86.0293
Isapur	16	19.8836	79.3260
Isnapuram	40	17.5424	78.1995
Isasani	16	21.0979	79.0041
Ishanpur	23	30.6393	76.1176
Iswerpur	21	21.3503	86.7303
Isur	19	14.2112	75.3422
Islur	19	14.6802	74.8816
Islampur	28	24.1547	88.4674
Islampur	16	17.0479	74.2702
Islamnagar	36	29.8412	77.4005
Islamnagar	35	23.3576	77.4170
Islahpur	16	19.4135	78.0106
Iskapalli	02	14.7363	80.0981
Iskagundam	02	15.5975	78.8126
Ishwarpur	21	21.3667	86.7000
Ishwaria	09	21.9776	71.0147
Isgaon	16	19.9469	74.4871
Isauli	36	26.4110	81.8508
Isarwara	35	23.9589	78.5465
Isarda	24	26.1562	76.0277
Isanattam	25	10.7057	78.0032
Isanagar	36	27.9017	81.2036
Isanagar	35	24.8643	79.3896
Isru Kalan	23	30.6710	76.1103
Iswaripur	28	22.7331	88.4089
Islampur	28	22.5742	88.0581
Iswaripur	28	22.3042	88.1284
Iswaripur	28	22.2008	88.4020
Islampur	28	22.9892	88.7061
Ishrantar	12	34.4266	74.8078
Isherbari	12	34.1329	74.8804
Isgandarpur	12	34.0258	74.5676
Isawali	12	33.8023	74.3753
Ismailpur	12	32.7597	74.7514
Isaru Khurd	23	30.6753	76.1247
Islam Chak	12	32.5881	74.7820
Ismailpur	12	32.6427	74.8590
Ismailpur	12	32.6297	74.9637
Ishman	41	34.6457	76.0197
Isa Baihk	12	34.0428	73.9723
Isham	12	34.0968	73.9555
Ismala	12	34.4836	73.9343
Ismailpur	36	30.1086	77.8118
Islamnagor	36	30.1002	77.7517
Islamnagar	10	29.8725	77.1187
Ismailpur	36	29.6185	77.4848
Isharheri	07	28.6311	76.9339
Islampur	40	17.8728	78.4819
Ismail Khanpet	40	17.6272	78.1578
Istraopet	40	17.8755	78.3229
ISRO Layout	19	12.8956	77.5576
Ishar ki Dhani	24	28.0868	75.3386
Isharwal	10	28.7607	75.7059
Ismailpur	24	28.2762	75.5760
Isarheri	23	30.1962	76.5993
Ismailpur	10	30.1325	76.6474
Isapur	23	30.5501	76.7977
Isapur	23	30.5923	76.8326
Isharheri	10	30.1166	76.9571
Ishargarh	10	30.0187	76.9048
Ison	35	25.0371	78.8859
Isarwara	35	24.0781	78.2214
Ismailpur	36	27.9614	79.0847
Ishwari Nagla	36	27.8485	79.1882
Islamganj	36	27.9718	79.1945
Isepur	36	27.2364	79.4347
Ishapur Dikhatmai	36	27.1192	79.2726
Ismailpur	36	27.6550	79.5548
Islamganj	36	27.5499	79.6966
Isharpur	36	26.9360	79.1272
Ishri	35	26.4912	79.0221
Iskil	36	25.7446	79.1203
Isampur	36	26.9961	79.5295
Ismailpur	35	25.0317	83.4442
Isunuru	40	17.4813	81.3088
Isamundi	02	19.4836	80.4001
Isarapuram	02	14.1084	77.5945
Ishtapuri	16	19.1230	77.3382
Iswarigachha	28	22.8503	88.5674
Ishok	17	24.6818	93.8388
Isapur Kheri	10	29.2115	76.5883
Ismaila	10	28.7942	76.7383
Ishwar ki Dhani	24	28.8543	74.3144
Iserheri ki Dhani	10	29.4049	75.8553
Ishaqpur	10	29.9127	76.8288
Islamwala	23	30.3583	74.1803
Istiruwar	11	31.0928	77.3446
Ishta	11	31.1556	77.4269
Ishwa	11	31.5033	77.5338
Isailpur	10	30.4010	77.2465
Ismailpur	10	30.1247	77.1804
Ismailpur	24	27.7654	76.6959
Islamnagar	10	30.4200	77.2701
Ismailpur	36	30.0363	77.3584
Isharpur	10	30.0940	77.3360
Ismailpur	10	30.2240	77.4376
Ishroda	24	27.9930	76.8103
Isan Ka Bas	24	27.7427	76.8263
Islah	39	30.6167	77.9184
Islampur Sahu	36	29.4571	78.2113
Islampur Das	36	29.3968	78.1020
Islampur Dipa	36	29.3940	78.1196
Ishaqwala	36	29.3551	78.0175
Ismailpur	39	29.7310	78.0944
Isra ki Dhani	24	26.3229	76.0173
Ishwarpur	35	23.1262	78.8936
Isapur	36	29.7011	77.2083
Ismailpur	36	29.8591	77.4126
Ismailpur	36	29.9835	77.4859
Islamnagar	24	25.0412	76.1755
Isharpur	36	29.6684	77.6619
Isharpur	35	22.8106	78.1361
Isharpur	35	22.8155	78.5119
Isambari	16	21.4815	78.2181
Isapur	16	21.1081	78.1287
Isapur	35	21.6182	78.2636
Ismailpur	16	21.4087	78.3816
Isapur Khurd	16	21.3270	78.6468
Isapur Buzurg	16	21.3325	78.6407
Ismailpur	16	20.7885	78.0512
Ishakhpur	16	20.9868	78.2191
Islampura	16	20.3920	78.1370
Isri	24	24.7341	72.8116
Iswal	24	24.7338	73.6222
Isarmand	24	25.5848	74.0307
Ishar Singhwala	23	30.3927	75.3555
Isewal	23	30.8991	75.6986
Isapur	07	28.5383	77.0295
Ishwaenagar	07	28.5557	77.2755
Ismailpur	10	28.4955	77.3396
Isapur	36	28.7830	77.6522
Ishaqnagar	36	28.7633	77.6444
Islamabad	36	28.9704	77.7114
Islamabad Kalda	36	28.6279	77.5393
Isapur	36	28.3736	77.6221
Ishwaria ka Baria	24	25.8030	74.1493
Ishwarsinghpura	24	27.0481	75.7379
Isapur	23	30.4918	75.7867
Isri	23	30.4217	75.9356
Isra	23	30.4379	75.9424
Ismallpur	10	29.6059	76.0800
Israna	10	28.2832	76.2983
Ismailnagar	36	28.9242	79.1692
Isharpur	36	28.9108	79.0087
Ismailpur	36	28.3165	79.2341
Islamnagar	24	24.5249	76.9560
Isnai	40	18.9388	79.8210
Ismailpur	36	28.2123	77.6603
Islamabad Chhalehra	36	28.9963	77.7855
Isapur	36	28.8873	77.9479
Isapur	36	28.5152	77.7836
Islampur	35	26.4426	77.9077
Ishkpura	24	28.0893	75.8772
Isapur	23	30.9912	76.2015
Isinallpur	16	19.3720	76.6752
Islampur	16	19.1936	76.9280
Isthal	16	18.5752	76.2389
Ismailpur	36	27.9699	77.9253
Ishaq	10	30.0210	76.4912
Islampur	23	30.4848	76.5804
Ismailpur	10	30.2839	76.6618
Ismail	10	30.3033	76.9732
Isad	16	18.9093	76.7716
Isapur	36	27.5121	77.6903
Islampur	36	27.4612	77.7415
Ismailpur	36	28.4619	77.7579
Ismailpur	36	28.4748	77.9132
Ismaila	36	28.4559	77.9352
Ismailpur	36	28.2255	77.8028
Isanpur	36	28.1804	77.8915
Islamganj	36	27.0905	77.6688
Isampur	19	16.4947	76.4887
Isonda	36	27.4662	78.1731
Islampur	36	27.0907	78.1203
Isauli	36	27.0051	78.0733
Isepur	36	27.3754	78.2617
Isauli	36	27.3751	78.3819
Isapur	16	20.6286	78.4593
Isapur	16	20.7332	78.8706
Ismailpur	40	17.9065	77.8109
Isapur	36	27.7017	78.7347
Ishwarkhera	35	23.1859	79.7229
Islampur	40	17.7201	77.7849
Isanpur	36	27.8372	78.1094
Ismailpur	36	27.1245	78.8336
Isapuri	36	27.5615	78.8174
Ishwarpur	36	26.9385	78.8891
Isrampalli	40	16.5150	77.8759
Islamnagar	40	19.3845	78.4442
Isapur	16	21.3342	79.0685
Ismailpur	36	27.3802	79.4408
Isapur	16	21.2002	79.3956
Ismailpur	36	27.8563	79.6804
Isatori	24	25.0799	77.1159
Ismailpur	36	27.5872	79.7756
Israipalli	40	16.7989	78.3628
Islampur	35	21.6227	76.3031
Isapur	36	27.2084	79.5930
Isapur	36	27.3230	79.7972
Ismailpur	36	27.2695	79.7928
Isepur	36	27.4879	79.9547
Isara Panchhayanpatti	36	27.3792	78.8171
Isara Powanyapatti	36	27.3790	78.8190
Isai Hirapur	36	27.3667	78.8404
Isai Gopalpur	36	27.3634	78.8545
Isai Sarai	36	27.3563	78.8300
Isai Manjhpati	36	27.3617	78.8715
Isa Khas	36	27.3551	78.8654
Isai Mehloi	36	27.3343	78.8805
Isai Madhpuri	36	27.3369	78.8512
Isagarh	35	24.1338	77.3758
Isarwas	35	24.1373	77.3703
Isri	35	24.9306	77.5406
Ishwarkheri	35	24.4901	77.5824
Ishwarkhera	35	24.2669	77.5203
Islamnagar	35	24.0636	77.5184
Isuka Bhavi	40	16.6154	78.9329
Ismailpur	36	27.9605	78.3546
Ismailpur	36	27.8476	78.4693
Isapur	36	27.7948	78.4065
Isaipur	36	27.7166	78.4452
Ismailpalli	40	17.1719	79.2511
Isapur	36	27.8400	78.5524
Islampur Pili	36	27.7619	78.5722
Istalapuram	40	17.2800	79.6958
Ishwareni Madhavaram	40	17.1541	79.9101
Ishwapur	36	26.9514	79.9469
Islampur	36	25.9315	79.9477
Islampur	36	25.8121	79.5529
Isarmau	35	24.2718	79.1650
Isharpur	36	25.9890	82.9764
Ishaqpur	36	25.8745	82.8942
Ismailpur	36	25.7581	82.9962
Ismailpur	36	25.7234	83.0269
Ishwardaspur	36	25.6156	83.0006
Ismarar	36	25.5536	83.1465
Ismailpur	36	25.7164	83.1273
Isupur	36	25.6020	83.2353
Isopur	36	25.5271	83.1452
Isahaqpur	36	26.9989	78.6324
Isorgarh	35	26.2036	78.5452
Ismailpur	36	25.0977	83.1514
Isahul	36	25.0935	83.2293
Isharpur	35	22.9286	77.9252
Isarkher	16	20.9492	76.3388
Ishopur	36	25.5462	83.3982
Ishipur	34	25.2005	83.4792
Israulia	36	25.0863	83.2582
Ismailpur Arazi	34	25.0083	83.3852
Ishargorhwa	34	25.0431	83.3244
Isapur Kalan	34	25.0255	83.3171
Isapur Khurd	36	25.0261	83.3137
Ishakpur	36	25.9087	83.6840
Isari	34	25.3241	83.6659
Isari	34	25.1830	83.5064
Isia	34	25.1218	83.5209
Israbi	34	25.0264	83.5556
Isapur	34	25.0237	83.5051
Ismailpur	34	25.3492	83.9473
Ismailpur	34	25.2265	83.7549
Isapur	16	20.0883	77.6941
Isapur	16	21.1316	77.4203
Isegaon	16	21.1628	77.4952
Ismailpur	16	21.0962	77.6257
Isai	16	20.3421	77.2972
Isafpur Buzurg	16	20.7583	77.4567
Isapur	16	20.9762	79.3302
Isapur	16	20.7591	79.7263
Isapur	16	20.9764	79.8487
Isauli	36	25.8295	80.2887
Isapur	36	25.9638	80.6450
Islampur	19	18.0376	77.4539
Israwar	35	23.6305	78.1011
Islampur	24	27.8399	76.3278
Iskilla	40	17.2961	79.1666
Islampur	19	16.1583	76.2320
Isapur	40	19.5099	78.3983
Islampur	40	19.2459	78.9215
Ismailganj	35	24.9759	80.3646
Isarpur	35	23.3499	79.0989
Isarpur	36	25.9602	82.0173
Ishanpur	36	25.9348	82.0823
Ishawrpur	36	25.9169	82.6137
Isapur	36	25.7580	82.6877
Ismaila	36	25.6494	82.6135
Ismaila	36	25.7046	82.6764
Ismailpur	36	25.7065	81.3543
Ismaila	36	25.3387	82.5666
Islampura	36	25.0367	82.5083
Isharpur	36	25.4044	82.7542
Isipur	36	25.4124	82.8209
Isarwar	36	25.3754	82.7595
Islampur	36	25.2952	82.7996
Ishwarpur	36	25.4587	82.1689
Ishwarpatti	36	25.1297	82.8655
Isarpur	35	22.6366	79.9260
Issapur	36	29.3018	77.1736
Islampur Ghasauli	36	29.2926	77.2397
Isapur Khurgayan	36	29.4433	77.1575
Ismailpur	24	28.2631	75.9263
Isota	36	25.1942	82.0067
Ishmaila	36	25.7434	82.4476
Isri Khera	36	26.5213	80.7524
Ismailpur	36	26.5571	80.8480
Islamnagar	36	26.5914	80.8407
Islamnagar	36	26.3929	80.8767
Ishri Bakhsh Khera	36	26.4586	80.9213
Ismaila Durga Parshad	36	25.6244	82.7918
Ismaila Sital Parshad	36	25.6205	82.7953
Ismaila Bhairodayal	36	25.6123	82.7968
Isapur	07	28.5748	76.8660
Ismailpur	10	28.5083	76.8209
Isepur	36	29.6057	78.3946
Ismailpur	36	29.6077	78.2914
Islampur Sadat	36	29.5480	78.2866
Islamabad	36	29.4841	78.4912
Isapur	36	29.4666	78.2862
Islampur Bishnoi	36	29.4243	78.3147
Islampur Thambuchau	36	29.3909	78.2676
Ishakpur	36	29.3165	78.3589
Isapur	36	29.3142	78.2696
Ishurwara	36	27.8259	81.0781
Ishtaura	36	27.7682	81.0797
Isapur	36	27.7846	81.1547
Ismailpur	36	27.5557	81.1345
Ismailganj	36	27.7028	81.1717
Ismailpur	36	27.6617	81.2176
Isarwara	36	27.4031	81.0099
Ishar Purwa	36	27.5130	81.5430
Isanagar	36	27.6943	81.5796
Isari	36	25.9145	83.9377
Isri Purwa	36	27.5945	81.7876
Isri Purwa	36	27.5409	81.7880
Isri Purwa	36	27.1796	81.8705
Isri Singh	36	27.1744	81.9604
Isri Purwa	36	27.0182	81.9009
Isharpura	34	24.9398	83.9152
Ismailganj	36	26.8762	81.0087
Isri Khera	36	26.8062	81.0708
Isritola	36	26.7083	81.0337
Isri Khera	36	26.6765	81.0989
Ismailnagar	36	26.6230	81.1180
Ismailpur	36	29.1420	78.3158
Ismailpur	36	29.0303	78.3861
Islampur	36	29.2280	78.4030
Isriganj	36	26.5886	81.2600
Ismailpur	36	26.6176	81.4814
Isapur	16	21.3525	79.8864
Islamabad	12	34.1702	74.1312
Isapur	36	29.0340	78.5381
Isaia	36	26.4908	81.0660
Isri Bakhsh Khera	36	26.4270	81.0873
Isri Das Purwa	36	26.3561	81.1720
Isaganj	36	26.3692	81.2420
Isri Singh Purwa	36	26.2984	81.2173
Isapur	16	20.2058	79.1633
Isapur	36	29.1129	78.7538
Ismallganj	36	26.3218	81.3227
Isapur	36	26.3260	81.3463
Islamnagar	39	29.1944	78.9075
Isrilal Purwa	36	26.2864	81.3590
Islampur	36	29.0664	78.9266
Ishripur	36	26.2958	81.8850
Ismailpur	36	26.4143	81.9208
Ishaqpur	36	25.8602	81.0917
Iskuri	36	25.8022	81.0564
Isanpur Pada	16	21.2617	74.2048
Isarda	16	21.2219	74.2796
Issepur	36	28.9745	78.3926
Islamnagar	36	25.1099	81.0673
Isapur	16	19.7306	77.2253
Islamabad	36	27.1683	81.6088
Isapur Sharki	36	28.6885	78.3478
Isapur	36	28.5834	78.4445
Isapur Sunwari	36	28.5780	78.4508
Isapur	16	19.7237	77.4480
Ishakpur	36	28.3995	78.3320
Ishapur	36	28.4313	78.3950
Isapur	36	28.3939	78.3983
Isapur	16	19.7006	77.8727
Ismailpur	36	28.9750	78.6089
Ishra	36	28.0406	79.7556
Isapur	36	28.1579	79.8913
Isapur	36	28.2370	79.9789
Isapalli	40	18.8022	78.2381
Isapur	36	28.5906	78.6876
Ishardaspur	36	25.9627	81.2538
Isapur Sani	36	28.4293	78.5156
Ismailmau	36	26.0831	81.1840
Ismailpur	36	26.0846	81.1070
Islampur	36	26.6200	81.5537
Isharpur	36	26.6082	81.6389
Ishri	36	26.9581	81.7489
Isri Jagat	36	26.9932	81.8097
Ismailpur	36	26.9088	81.8135
Ismailnagar Sihora	36	26.8031	81.8874
Ismailpur	36	28.0031	78.6017
Ismailpur Kotra	36	28.1801	78.6096
Ismailpur Gauspur	36	28.0968	78.7283
Isripur	36	26.2408	81.8475
Isharpur	36	26.1099	81.8174
Ismatlpur	36	26.1229	81.9664
Ismailpur	36	26.1512	81.9537
Isapur	36	28.6463	78.7866
Issepet	40	18.0454	78.1365
Ishardin Purwa	36	27.6651	82.0095
Ishardin Purwa	36	27.6634	82.0186
Ismailpur	36	28.0292	78.7785
Ismallpur Memri	36	28.0259	78.8444
Ishardin Dih	36	27.2999	82.1924
Ismailpur	36	25.4514	81.4120
Ishaqpur Pathra	36	25.4559	81.3933
Isrenagar	36	27.4783	82.2727
Isapur	36	27.3576	82.3053
Isri Purwa	36	27.2534	82.2660
Isanapalli	40	18.4215	78.3736
Isalpet	40	18.3651	78.4496
Israjiwadi	40	18.3822	78.3391
Ishari Jot	36	27.1878	82.3683
Isri Purwa	36	27.0779	82.3791
Islampur	36	27.1142	82.4761
Isannapalli	40	18.1347	78.4836
Ismaila	36	27.0306	82.5241
Isri Dube Purwa	36	26.9852	82.0602
Ismailpur	36	26.8418	82.2249
Ismailpur	36	26.6263	82.1107
Islampur	36	26.6265	82.2159
Isepur	36	26.2624	82.0505
Isabakpur	36	26.3042	82.1542
Ismailpur	36	26.4572	82.1051
Isipur	36	26.3569	82.2021
Isthil	12	33.6299	74.9843
Islamganj	36	26.2406	82.1246
Islampuram	40	18.6000	78.9790
Ishar Patti	36	26.5509	82.3234
Isa Sarai	36	26.6862	82.3419
Isapur	36	26.6337	82.4650
Isur	36	26.3778	82.2838
Ismail Chak	36	26.4608	82.4742
Ismailpur	36	26.2952	82.4166
Isharpur	36	25.9963	83.0705
Islam Chak	36	25.8996	83.2318
Ismailpur	36	25.7793	83.1252
Ismailpur	36	25.7686	83.2277
Ismailpur	36	25.7718	83.1791
Isepur	36	26.0761	82.3187
Isharpur	36	26.5084	82.5373
Ismailpur Bildaha	36	26.5390	82.7184
Ismailpur	36	26.4790	82.6016
Isapur	36	26.4272	82.5004
Ismailpurganj	36	26.3322	82.5971
Ismailpur	36	26.3231	82.6188
Ismailpur Dubkhar	36	26.3851	82.6185
Isharpur	36	26.4283	82.6613
Isipur	36	26.4098	82.7170
Isapur	36	26.0627	82.5278
Islampur	36	26.8237	82.9710
Ismailpur	36	26.6041	82.8540
Ismailpur	36	26.2735	82.7587
Isauri	36	26.4933	82.9241
Ishakpur	36	26.2954	82.9726
Isapur	36	26.0437	82.8275
Ishakpur	36	26.1955	82.9414
Israuli	36	26.0093	82.9231
Isribar	36	27.1936	83.2234
Ismailpur	36	27.1191	83.5453
Ismailpur	36	27.1331	83.5571
Israuli	36	26.5733	83.1932
Ishakpur	36	26.3959	83.0202
Isharpurpauni	36	26.2625	83.0012
Isharpar	36	26.0954	83.0415
Ishtambarganj	36	26.0666	83.0380
Isapur	36	26.0452	83.0382
Isahakpur	36	26.1014	83.1854
Ismailpur	36	26.2083	83.2001
Islampur	36	26.8597	83.4710
Islampur	36	26.9230	83.3964
Ismailpur	36	26.5040	83.3388
Islampur	36	26.7684	83.5719
Islamabad	36	26.3859	83.6041
Isaru	36	26.1853	83.8800
Israuli	36	26.1595	83.9127
Isar Pitha Patti	36	26.0279	83.9681
Isthambhampalli	40	18.4316	80.1507
Islamabad	36	25.5956	83.5117
Ismailpur	36	25.6486	83.6606
Isairnag	12	33.3586	75.6953
Isanpur	35	23.1039	80.8428
Islampur	23	32.1269	75.3065
Isapur	23	32.1219	75.4201
Ismailpur	23	32.1195	75.4409
Isipur	36	25.9181	81.9107
Isipur Khas	36	25.9288	81.9289
Ismailpur	36	25.6631	81.8326
Ismailpur	36	25.6212	81.8791
Ismailpur	36	25.6216	81.8869
Islampur	23	32.2946	75.5991
Ishwarsharannagar	36	25.4843	81.8735
Isauta	36	25.1634	81.9591
Isapur	16	20.4849	74.6706
Isarpur	35	22.4080	80.2272
Isharpur	35	22.5787	80.7461
Islamabad	23	31.0706	74.9373
Isawala	23	30.9970	74.6763
Israna	10	29.2787	76.8519
Ismailpur	23	31.2566	75.4492
Isali	24	25.5678	73.6504
Islampura	35	21.6424	75.6371
Isapur	16	20.7639	80.0211
Ismailganj	36	27.2418	80.7342
Iskinda	21	21.0174	82.7418
Ishu Khera	36	27.0227	80.6841
Isapur	36	27.8870	80.8457
Ismailpur	36	27.7571	80.7545
Israpur	36	27.7479	80.9001
Isapur	36	27.7082	80.9228
Isauli	36	27.5438	80.7727
Isapur	36	27.5507	80.9175
Islampur	36	27.4194	80.8582
Ismailpur	36	27.3073	80.9733
Istari	16	20.8462	80.4653
Ispur	23	31.3025	75.9439
Ishwarpur	35	22.5878	81.1720
Ismailpur	36	27.0153	81.1728
Isapur	36	27.1427	81.2349
Isarhel	23	30.6307	76.5040
Islamnagar	10	30.7717	76.9234
Ishaqpur Chenchi	36	30.1765	77.5697
Ismailpur	36	30.2055	77.6087
Isukamatla	02	17.5198	81.8261
Ishardewa	36	28.9083	78.1849
Isanpur	36	28.5326	78.0201
Ismailpur	36	28.0265	78.2296
Isampur	36	28.1971	78.4298
Isampur	36	28.1944	78.4467
Isanpur	36	28.1461	78.3084
Islamnagar Rampura	36	28.9247	78.7603
Istapali	21	21.6771	83.9783
Isapur	36	27.8859	81.4536
Isri	36	27.5220	81.4269
Israuli	36	27.4426	81.2746
Israula	36	27.4664	81.2919
Isri Ahir Purwa	36	26.1194	81.4225
Ismailpur	36	26.0505	81.6582
Ismailpur	36	26.1433	81.6832
Iskalguda	02	18.2476	82.8202
Iskagaru	02	18.1175	82.8271
Isarbaru	21	19.8656	83.3962
Isariguda	21	18.7135	82.2125
Iskabanda	21	18.0841	82.2946
Iskagur	02	18.0744	82.5768
Iskali	02	18.1114	82.7205
Issadivalasa	02	18.5300	83.8357
Iswarayi	02	18.7493	83.8095
Isukalapeta	02	18.4023	83.8297
Israllapeta	02	18.4610	83.8817
Iskapalem	02	14.2836	80.0022
Ishwarkheri	35	22.7715	76.0821
Islampur	34	25.2562	84.5021
Isarpura	34	25.3808	84.6257
Islampur	34	25.2606	84.6814
Iswar Para	09	22.8201	74.3307
Isda	35	22.2114	74.4201
Isainagar Number Two	39	29.2170	79.4181
Isainagar Number One	39	29.2342	79.4266
Ismailpur	34	25.0817	84.6521
Israuli	34	25.9207	84.8105
Isur	35	22.6509	74.8263
Isur	35	22.6698	74.8024
Iskiapura	35	22.3514	74.9401
Isagavhan	16	21.6536	74.2262
Isar Rai	36	26.7033	84.0922
Isar Patti	34	26.5956	84.3402
Iswapur	34	26.5245	84.3716
Israwala	24	27.1403	75.8392
Ismailkheri	35	22.7728	76.3949
Ismailkheri	35	22.9526	76.4941
Ishaqganj	36	28.1804	79.2105
Isharpur	36	28.8553	79.4177
Isharpur Gopalpur	36	28.7537	79.3440
Islampur	36	28.6570	79.3654
Isapur	36	28.5788	79.4282
Islamabad	36	28.2412	79.2573
Ismailpur	36	28.0188	79.3374
Isa Chhapra	34	26.2521	84.9348
Isuwapur	34	26.0311	84.7950
Ismailpur	36	28.3938	79.5818
Ismailpur	36	28.0047	79.7097
Islam Nagar	39	28.9412	79.7840
Islampur	34	25.3603	84.9419
Islampur	34	25.3514	84.9857
Ismailpur	34	25.2768	84.9654
Isam Chak	34	25.0182	84.7692
Ishaq Chak	34	25.1319	84.8500
Ismailpur	34	25.0920	84.9347
Isarpura	34	25.3330	84.1066
Isritola	34	25.0356	84.1158
Isarpur	34	25.0439	84.1012
Isritola	34	25.0883	84.1054
Isarpura	34	25.2236	84.1815
Isra	34	25.0239	84.1693
Isharpura	34	25.6792	84.3671
Isharpuradera	34	25.6991	84.3840
Isartola	34	25.4997	84.4463
Islampur	34	24.8574	84.3621
Ishakh Bigha	34	24.9273	84.5346
Ismailpur	34	24.8140	84.7238
Isapur	34	24.7205	84.5118
Ismailpur	34	24.6439	84.7447
Isua	34	25.2520	85.8538
Isanagar	34	25.3029	85.8328
Ismailpur	34	25.1497	85.7618
Isapur	34	25.0302	85.7948
Isua	34	25.2330	85.8430
Isapuram	19	14.8730	75.8439
Istur	19	13.2264	77.4356
Isvanhalli	19	13.2030	77.3387
Istur	19	13.2247	77.8708
Isnathpur	19	13.1683	77.9567
Ishwara	19	13.0655	75.2099
Ishwara	19	13.0080	75.2402
Isua	34	25.0709	85.5501
Isamudra	19	14.3954	76.2252
Isapur	34	25.6205	85.7613
Isarwe	34	24.6141	85.1632
Ismailpur	34	24.7118	85.4342
Iswaragere	19	14.0243	76.7415
Isepur	34	24.8782	85.6886
Islampur	34	26.1710	86.1318
Isahpur	34	26.2476	86.1704
Isapur	34	25.5765	86.0366
Israjpalli	40	18.8248	79.0535
Isapur	16	15.8355	74.0605
Isripur Qasim Mahatotola	34	25.3611	86.4482
Isivi	02	15.6572	77.2426
Ishvaranhalli	19	12.9668	75.8942
Islampur	34	25.1811	86.6554
Isapur	34	25.4122	86.9893
Isampet	40	18.7862	79.3427
Isrol	09	23.4560	73.5354
Isrora	09	23.2315	73.5594
Israuli	36	27.3558	80.6821
Isaganj	36	27.2927	80.6707
Ishuri	36	26.1318	79.0562
Islampur	36	26.9917	79.4305
Isharpur	36	26.9402	79.3605
Ismalipur	36	26.6787	79.2965
Isapur	16	19.6885	79.1805
Issipet	40	18.2842	79.6511
Islampet	19	15.4387	76.5273
Israur	34	24.6489	84.3871
Ismailpur	34	24.9560	84.8306
Isarpur	34	24.8303	84.8731
Ismailpur	34	24.9865	84.8422
Israin Kalan	34	25.9844	87.0372
Israin Khurd	34	25.9594	87.0156
Ismailpurtola	34	25.5347	87.0850
Ismarah	34	25.7047	87.1018
Ismailpur	34	25.3114	87.1270
Ismailpur Kachahri	34	25.3294	87.1042
Islampur	34	25.0775	87.0270
Islampur	34	25.8313	87.3709
Isipur	34	25.2141	87.3695
Ismaila	34	25.7486	85.0585
Ismail Chak	34	25.7288	85.1323
Ismail Chak	34	25.7029	85.0989
Isopur	34	25.5690	85.0671
Ismailpur	34	25.5360	85.0782
Islampur	34	25.5046	87.5050
Islampur	28	25.3746	87.7779
Isanpur	38	24.3522	87.6189
Islam Chak	34	25.2337	85.0834
Ismailpur	34	25.1750	85.1399
Ishakpur	34	25.2352	85.2149
Ishakpur	38	24.6612	87.8551
Islampur	28	24.6276	87.9096
Isanpur	28	24.0790	87.9349
Isira	28	24.0759	87.8860
Islampur	34	25.9165	85.2857
Ismailpur	34	25.8865	85.3564
Ismailpur	34	25.6815	85.3050
Ishaqpur	34	25.6075	85.4976
Ismailpur	34	25.4385	85.3516
Isapur	34	25.2249	85.4000
Isak	34	25.0377	85.4427
Ishwar Chak	34	25.3117	85.6689
Isukatripuravaram	02	16.0845	79.5045
Ismailguda	40	17.4622	78.6412
Ismal ki Dhani	24	25.6744	70.6919
Islampur	34	26.0112	87.6569
Isarwa	34	26.0392	87.6169
Islamabad	36	27.9424	80.2156
Isai Purwa	36	27.6598	80.0784
Islampur	36	27.6445	80.0487
Ismailpur	36	27.6634	80.1370
Isauli	36	27.3447	80.0965
Isri Purwa	36	27.3893	80.1615
Israpur	36	27.0631	80.0126
Isharpur Sai	36	27.0642	80.1341
Islampur Jogai	36	27.0576	80.0959
Isnav	09	22.5320	72.7533
Isakapalle	02	15.3658	78.5782
Isukurki	19	13.2799	78.0168
Isakapallevandlapalle	02	13.9083	78.2548
Isukamitta	19	13.1920	78.2903
Ismailpur	34	25.6169	85.6295
Ispatpalli	25	12.5508	77.7719
Isakachintalapalle	02	14.2514	78.4918
Isakavandlapalle	02	14.1512	78.4248
Iskapalle	02	15.0016	79.3180
Iskadamerla	02	15.0215	79.5737
Isukapalli	02	14.2592	79.1954
Iskapalli	02	14.2469	79.1439
Iskapalem	02	14.5416	79.8925
Isakatageli	02	13.6697	79.5726
Isakagunta	02	13.7197	79.6490
Iswarapuram	02	13.4643	79.5448
Ishtakameswarapuram	02	13.3231	79.6964
Isalapuram	25	13.1175	79.6076
Isukapalaiyam	02	13.6849	79.9647
Isakuppam	25	12.3303	79.0384
Isukkalikatteri	25	12.1120	79.1733
Isakolattur	25	12.4453	79.4352
Isur	25	12.5407	79.9922
Isur	25	12.3084	79.8523
Iswaramangalam	13	10.9109	76.4204
Isakkannanpudur	25	11.2994	77.2505
Isaltittu	25	10.4265	77.1926
Iswarachettipalaiyam	25	10.8249	77.3717
Isanur	25	11.0729	79.4166
Isanur	25	10.6105	79.7455
Isanur	25	10.6045	79.7562
Iswarpur	21	20.4684	84.9543
Isaitola	38	22.8693	85.4144
Isanyamangalam	25	8.2510	77.4352
Isakkampatti	25	10.5905	77.6440
Isugapatti	25	10.2375	78.9192
Isalivayal	25	10.1042	78.8750
Iswaravadivalpuram	25	9.1788	78.1477
Isalani	25	9.9106	78.2815
Isanur	25	9.8967	78.4818
Isali	25	9.6164	78.2655
Iswarakandanallur	25	11.7528	79.4309
Isalahalli	25	11.9726	78.0276
Isankadu	25	11.7328	78.0676
Isvaramurtipalaiyam	25	11.5693	78.3953
Isandai	25	11.6211	78.9323
Iswarpur	21	20.7262	85.2213
Islamnagar	34	24.9404	85.9119
Ishwarpali	21	21.3950	84.6550
Isirisingha	21	20.7828	84.2208
Islamnagar Aliganj	34	24.9442	85.9258
Ismailpur	36	27.1186	79.7065
Ismailpur	34	25.0041	83.3795
Ismailpur	36	29.4191	78.4682
Isunuru	02	17.5032	81.3524
Ismailpur	34	24.5908	84.8101