Itarsi	35	22.6148	77.7622
Itanagar	30	27.0869	93.6099
Itamati	21	20.1378	85.1524
Itaunja	36	27.0835	80.8967
Itwari Bazar	16	21.1552	79.1180
Itwa	36	27.3305	82.6947
Itkur	16	18.5628	75.9107
Itkhori	38	24.2942	85.1607
Itinda	28	22.6773	88.9167
Itiki	19	14.9510	76.0944
Itiathok	36	27.2991	82.0306
Itchu	41	34.2099	76.2227
Itawali	35	26.3100	77.9082
Itawa	35	23.0203	74.4829
Itaria	09	21.9758	71.4163
Itamukkala	02	15.3731	80.1130
Itakhola	03	26.7887	92.9650
Itawa	24	25.5393	76.3782
Itoda	24	25.3801	75.6810
Itkapalli	40	17.7989	78.9950
Itkial	40	17.7651	78.7746
Ittigola	40	17.7808	78.0243
Itehar	35	26.5575	78.6737
ITC	19	13.1853	77.6419
Itaiya	35	24.0833	78.1381
Itgawan	36	26.8363	79.0316
Itaili	35	26.3070	79.0613
Itaha Kalpi	36	26.3792	79.4321
Itwan Kanar	36	26.2807	79.3258
Itahiya	36	26.1942	79.4363
Itwa Jalaun	36	26.0305	79.3558
Itaura	36	25.5253	79.1628
Itaill	36	26.6573	79.8953
Itnal	19	16.0666	75.0759
Itga	19	14.9559	75.7188
Itariya	35	21.5785	76.1209
Itakhola	03	25.9738	92.9101
Itwaheeralal	35	24.0334	79.5688
Itama Kothar	35	24.3928	80.8942
I.T.I Veng	31	23.7214	92.7347
Ittanwali	23	30.8996	74.8001
Itaula	24	27.3636	76.9919
Itawa Bara	36	29.4131	78.0960
Itawa Chhota	36	29.4096	78.0957
Itaoda	24	26.0330	76.5885
Itwa	35	23.1297	78.7904
Itawa	36	29.2260	77.4684
Itawa	35	22.2962	78.5945
Itamgaon	16	21.3472	78.1697
Itavadhana	35	21.6134	78.3961
Itava	35	21.6203	78.3763
Itlapur	16	20.9657	78.1706
Ithoria	24	25.6457	74.0249
Itahra	36	28.8868	77.6704
Itaua	36	28.3203	79.0591
Itapalli	16	19.5986	80.2299
Itapallitola	16	19.6051	80.2395
Itaula	36	28.8102	77.8284
Itoli Tanda	16	19.6450	76.8100
Itoli	16	19.6505	76.8110
Itaili	35	26.3751	78.4227
Itma	35	25.8862	78.0638
Itail	35	25.8886	78.2937
Itali	16	19.2257	76.5023
Ithalapur	16	19.1891	76.7742
Ithlapur Mali	16	19.1146	76.8370
Itti	16	18.5749	76.4796
Itakal	16	17.7675	76.1463
Itagi	19	17.1740	76.5460
Itwa	37	21.9433	82.2319
Itagi	19	16.3803	76.0021
Itga	19	17.3605	76.9919
Itga	19	17.2313	76.8256
Itgyal	16	18.5226	77.4341
Itgyal	16	18.4825	77.3993
Itgyal	19	18.2506	77.5084
Itgi	19	17.1205	77.1387
Itahri	36	27.3415	78.4842
Itholi	16	20.0585	78.0396
Itevahi	16	20.9587	78.8200
Itala	16	20.8159	78.7677
Itaura	36	27.5642	77.8333
Itauli	36	27.5098	77.8053
Itkial	40	17.9503	77.8939
Itwa	35	23.9023	79.2755
Itwa	35	23.8128	79.4073
Itwa Imaliya	35	23.3286	79.6951
Itakal	19	16.9142	77.3818
Itaura	36	27.0894	77.9803
Itkala	40	16.0864	77.8554
Itapur	40	19.1516	78.0727
Ittalwadi	40	19.4967	78.3205
Itkial	40	19.2319	78.6197
Itkial Tanda	40	19.2289	78.6269
Itangoti	16	21.3173	79.0039
Itgaon	16	21.3364	79.1211
Itawa	36	27.8409	79.5079
Itauro	35	26.2637	77.5738
Itaura	36	27.7079	79.8893
Itwa	35	21.6793	76.4030
Itaha	36	27.4363	79.9701
Itauria	36	27.3792	79.9690
Itma	35	25.4252	77.5739
Itarni	36	27.5879	78.2688
Itkulpahad	40	17.2724	79.4780
Itaura	36	27.0604	78.4806
Itaua	36	27.8505	78.5622
Itkalpalli	40	17.9916	79.9064
Itaha	36	26.6423	79.6964
Itha	36	26.5550	79.5432
Itkhuda	36	26.3297	79.6708
Itaura	36	26.0136	79.6926
Itauli	36	27.2615	78.5193
Itaura	36	26.0076	79.8821
Itelia Raja	36	25.7187	79.4427
Itaura Rath	36	25.5846	79.4972
Itailia	36	25.7531	79.5564
Itaura	36	25.6827	79.5711
Itail	36	25.6235	79.5801
Itaulipur	36	25.6751	81.0167
Itaahra	36	25.6909	82.1779
Itahra	36	25.6820	82.1710
Ital	36	25.3873	79.2044
Itaili	35	25.1021	79.1493
Itaura Buzurg	36	25.3660	79.5017
Itwa	35	24.0898	79.4533
Itora	35	26.5406	78.2131
Itawa Khurd	35	22.8041	77.0402
Itawa Kalan	35	22.6417	77.1373
Itarsi	35	22.6386	77.1351
Itahra	36	25.6863	83.0285
Itaili	36	25.6827	83.0968
Itwa	36	25.4088	83.0035
Itali	36	26.8322	78.6409
Itarsi	35	22.7198	77.4919
Itawe	35	22.7204	77.4201
Itwa	36	25.3993	83.2510
Itwa	36	25.3599	83.2552
Itwanhiralal	35	24.0355	79.5696
Itwa	35	24.0456	79.6655
Itahiya	36	25.1219	83.2954
Itaunjhia	36	25.0524	83.2806
Itahi	34	25.2402	83.5113
Itarhi	34	25.1051	83.6492
Itwa	34	25.0027	83.6568
Itahi	36	25.6836	83.9822
Itwa	34	25.3579	83.8546
Itahi	34	25.1044	83.8058
Itki	16	21.0067	77.3049
Itlapur	16	21.0680	77.8654
Itoli	16	20.0557	77.7500
Itpur	16	21.5157	79.6151
Itawan	34	24.9657	83.7224
Itgabiyan	34	24.9350	83.6015
Itgaon	16	20.8317	79.6352
Itgaon	16	20.9924	79.6452
Itaura	36	25.5080	78.8080
Itan	16	20.7383	79.7618
Itaura	35	25.2958	80.1823
Itra	36	25.9759	80.2782
Itra	36	25.9406	80.4761
Itra ka Purwa	36	25.3447	80.4756
Itwan	36	25.4266	80.2506
Itra Khurd	36	25.3511	80.4805
Itgi	19	16.8069	76.8605
Itwa	38	24.4755	83.9246
Itwan	36	25.4389	78.8336
Itikyala	40	16.5303	78.3087
Ittikyala	40	16.4524	78.3372
Itaiya	35	23.7904	78.2790
Itra Malauli	36	25.3988	80.5532
Itwa	35	24.2736	78.5756
Itaura	36	27.2175	79.0903
Itaur	35	24.6790	81.0353
Itaura	35	24.9934	81.4730
Itha	35	24.6077	81.2974
Itha	35	24.5967	81.3008
Itwan	35	24.5336	80.1484
Itaon	35	24.9576	81.5154
Itarantola	35	24.8786	81.7277
Itahai	35	24.7817	81.6222
Itaura	35	24.7938	81.7030
Itahai	35	24.7773	81.7196
Itaha	35	24.7034	81.6726
Itaha	35	24.6858	81.6716
Itar	35	24.5448	81.6074
Itarihan	36	24.8998	81.9325
Itua	35	22.8280	78.4448
Itma	35	24.4968	81.0491
Itma	35	24.3836	81.1299
Itma	35	24.3977	81.1156
Itma	35	24.2737	81.0067
Itma	35	24.0269	81.0126
Itma	35	24.4752	81.3406
Itma	35	24.2773	81.5561
Itauhi	35	24.3436	81.9448
Itwan	36	25.3892	80.8639
Itkhari Muzbita	36	25.2981	80.8264
Itaura	36	25.2957	80.9925
Itra Budhauli	36	25.4887	80.9934
Itraur Bhikampur	36	25.2570	80.9471
Itaua	36	27.7170	79.2894
Itma Mehngu	35	24.5444	80.4033
Itoura	35	24.5361	80.4553
Itwa Tilha	35	24.6072	80.4246
Itoura	35	24.8508	80.5266
Itahra	36	25.9734	82.1820
Itwa	36	25.9461	82.1227
Itoura	35	24.6762	80.6601
Itma	35	24.6759	80.6530
Itaha	36	25.7735	82.3855
Itauri	36	25.8731	82.7034
Itahwan	36	25.7285	82.5136
Itanwan Bazar	36	25.5674	82.6690
Itori	35	24.3812	80.0355
Itora	35	23.9351	79.9747
Itawa	35	24.4051	80.5229
Itwa	36	25.2371	82.6213
Itwa	36	25.1124	82.5402
Itha	36	25.4205	82.7938
Itha	36	25.4186	82.7980
Itwa	36	25.3795	82.9859
Itwan	35	24.4190	80.3200
Itawa	35	24.2954	80.2682
Itma	35	24.4858	80.4661
Itahara	35	24.1654	80.7025
Itma	35	24.1876	80.7211
Itawa	35	24.0305	82.1818
Itar	35	24.3203	82.3243
Itahra	36	25.2146	82.2279
Itaili	36	25.7116	82.7948
Itaua	36	27.7057	81.0481
Itauri	36	27.5703	81.1962
Itala	36	27.2574	81.0443
Itkauri	36	27.6780	81.6087
Itauri	36	27.6566	81.6881
Itaunjha	36	27.5820	81.6895
Itaiya	36	27.7412	81.7495
Ithauwan	36	27.3364	81.5828
Itaili Math Mahish	36	25.9231	83.7599
Itwaria	36	27.6667	81.8914
Itwaria	36	27.6902	81.9463
Itwaria	36	27.5573	81.9554
Itwa	36	26.8115	81.3339
Itwan Dundaila	36	24.9549	80.8374
Itwan Dundaila	36	24.9685	80.8350
Itma	35	24.4557	80.7857
Itma	35	24.4563	80.8843
Itma	35	24.3816	80.8916
Itma	35	24.3827	80.9667
Itma	35	24.3850	80.9535
Itma	35	24.4480	80.8881
Itoli	16	20.2143	79.6356
Itahara	35	24.1071	80.8317
Itaura	35	24.0110	80.8237
Itwan	35	24.0479	80.8568
Itma	35	24.1709	80.9720
Itaili	36	25.9091	81.1608
Itwan	36	25.1624	81.1899
Itwan	36	25.1813	81.2036
Itahia	36	27.2598	81.7986
Itahia	36	27.4272	81.9052
Itauwu	36	28.2546	78.4185
Itaua	36	28.0665	79.7611
Itaura	36	25.7622	81.4778
Itaili	36	25.9009	81.4065
Itaha	36	25.9537	81.4565
Itwara	36	26.5043	81.6910
Itaha	36	26.5932	81.6977
Itahna	36	26.1195	81.8891
Itha	36	26.0794	81.8082
Itwakab	36	27.2093	82.1531
Itaila	36	25.3733	81.3935
Itai Maida	36	27.3425	82.3157
Itai	36	27.3106	82.3585
Itwa	36	27.3659	82.4904
Itai	36	27.3700	82.4870
Itai Rampur	36	27.1965	82.4427
Itaria	36	27.4371	82.7095
Itaha	36	26.9815	82.1470
Itmadpur	36	26.8666	82.2201
Itaura	36	26.6986	82.1717
Itaura	36	26.3639	82.0696
Itkauli	36	26.2859	82.1282
Itwa Malnan	36	26.4386	82.0860
Itkial	40	18.9229	78.7760
Itlapuram	40	18.3490	78.9577
Itlapuram	40	18.2315	78.8641
Itwa	36	26.8838	82.4959
Itkohia	36	26.3777	82.3636
Itahia	36	26.4467	82.4593
Itahia	36	26.5009	82.4944
Itwa	36	26.8470	82.5177
Itaili	36	26.6797	82.7172
Itauri	36	26.2889	82.5853
Itraura	36	26.3414	82.5291
Itraura	36	26.4062	82.6111
Itaua	36	26.8551	82.7669
Itaili Nauadand	36	26.7940	82.7622
Itauwa	36	26.7787	82.9069
Itahar	36	26.7183	82.9658
Itwa	36	26.6421	82.9276
Itaura	36	25.8840	83.4603
Itahwa Sundarpur	36	26.4648	82.9487
Itauri	36	26.2991	82.9430
Itkohia	36	26.0910	82.8437
Itaura	36	26.1845	82.9281
Itauwa	36	27.0311	83.1129
Itaila	36	25.8952	81.7074
Itaura	36	25.9809	81.7446
Itaili	36	26.6789	83.2452
Itauri Buzurg	36	26.3624	83.0204
Itaura Dholipur	36	26.3883	83.0709
Itauri Khurd	36	26.3720	83.0241
Itaura Dayal	36	26.2176	83.1874
Itaura Satan	36	26.2462	83.2112
Itaura	36	26.5861	83.2939
Itkauli	36	26.5209	83.4105
Itaura Khurd	36	26.4763	83.3062
Itaura Buzurg	36	26.4825	83.2976
Itkaria	36	26.4408	83.4551
Itauli	36	26.3223	83.4527
Itaua	36	26.5515	83.5302
Itwa	36	26.5748	83.7205
Itwa	36	26.5146	83.7053
Itaura Doripur	36	26.0470	83.5426
Itaura	36	26.0392	83.5509
Itaura Khurd	36	26.1603	83.6149
Itaura Buzurg	36	26.1582	83.6174
Italwada	16	19.3219	80.6191
Itahura Misir	36	26.2184	83.9124
Itahura Hajjam	36	26.2172	83.9077
Itwa	36	26.1567	83.8451
Itwa	35	23.5432	80.2429
Itauli	35	23.3593	80.3269
Itauri	35	25.0142	81.5042
Itwa	36	25.0720	81.6808
Itaur	36	25.0615	81.6099
Itauri	36	25.9375	81.7547
Itti	23	32.2933	75.5810
Itwa Khurd	36	25.0572	81.8511
Itwa Kalan	36	25.0539	81.8653
Itara B	35	22.4594	74.4421
Itara C	35	22.4499	74.4412
Itka	35	22.4144	80.1245
Itahi	35	22.6397	80.7473
Itge	16	17.4938	76.2356
Itora	35	21.5223	80.4980
Itwaritola	35	21.9669	80.7187
Itian	23	31.9239	75.6999
Itanbadhi	23	31.5169	75.6915
Itar	37	21.4051	80.8472
Itkhera	16	20.7688	80.0173
Itaunjha	36	27.1058	80.6991
Itarora	36	27.5917	80.7684
Itari	36	27.5643	80.8815
Itamtola	16	20.3509	80.2730
Itahra	36	27.1695	81.0429
Itaunja	36	27.1710	81.1250
Itwanchauk	35	24.2689	79.8039
Itaura	35	24.3935	79.9806
Itguli	19	14.8248	74.7875
Itguli	19	14.6538	74.7960
Itaunda	24	25.6251	75.4015
Itgi	19	14.3396	74.7735
Itaha	35	24.2024	79.9575
Itawa	35	23.3983	76.0255
Italapadu	02	17.3640	81.8007
Italapadu	02	17.2997	81.7762
Itige	19	14.1448	74.8262
Itage	19	14.1501	74.9070
Itosi	39	30.0060	78.8745
Ithur	39	30.0657	78.8881
Itpal	37	18.8261	80.8950
Itpal	37	18.8140	80.7743
Itota	36	27.0767	81.4248
Italal Purwa	36	26.2281	81.2897
Itaura Ruzuro	36	26.0029	81.3013
Itauraipur	36	26.1925	81.4279
Ithawan	36	26.9735	81.5789
Ithawan Purab	36	26.9849	81.5829
Ithawan Pachchhim	36	26.9868	81.5758
Itraura	36	26.1841	81.5820
Itarobba	02	17.8206	82.1961
Ittibudadapadu	02	17.6973	82.3478
Ittikelakunta	02	16.8599	81.5603
Itahri	34	26.0265	84.4515
Itwa	34	26.2029	84.4150
Itasingi	21	19.0428	83.9729
Itikivalasa	02	18.5256	83.1341
Itavalasa	21	18.5462	83.0323
Itajorevalasa	02	18.4840	83.1364
Itlamamidipalle	02	18.5092	83.3108
Itimivalasa	02	18.7126	83.4900
Itike	02	18.7720	83.5665
Itikarlapalle	02	18.2489	83.6055
Ittamanguda	02	18.8137	83.7617
Ittamanguda	02	18.7274	83.7950
Ittamanuguda	02	18.6013	83.8407
Ittamanuguda	02	18.6446	83.8191
Itlapadu	40	17.3574	81.1266
Iteru	02	15.9907	80.5159
Itwa	34	25.1533	84.3020
Itamha	34	25.0803	84.3177
Itman	34	25.2379	84.3658
Itikalakunta	02	17.2342	81.4390
Itapalle	02	17.5032	81.6216
Itawa	35	23.5543	76.6388
Itawakhera	35	23.5565	76.6349
Itawa	35	22.9794	76.0355
Itwa	09	23.6114	73.5127
Itawa	24	23.4517	74.0469
Itala	24	23.2927	74.3131
Itawa	24	23.4117	74.3625
Itawah	09	24.1153	72.9802
Itahna	34	25.6606	84.6388
Itahna	34	25.6591	84.6493
Itawa	09	22.8319	74.3923
Itawan	34	25.0437	84.5476
Itawa	34	25.1969	84.6359
Itahia	34	25.8435	84.7590
Itwa	34	25.8339	84.9483
Itana	39	29.9952	79.5915
Itwa	34	27.2294	84.3920
Itawa	24	25.1011	74.8092
Ita	39	29.4357	79.8995
Itanga	36	28.8117	79.3447
Itaua	36	28.8403	79.4296
Itaua	36	28.7477	79.4631
Itaua	36	28.6830	79.4479
Itaua Kidar Nath	36	28.5126	79.4394
Itaura Sukdeopur	36	28.3323	79.3874
Itaua	36	28.3802	79.4954
Itahri	34	26.1373	84.5646
Itaura	36	28.2660	79.6992
Itauria Zamina Biharipur	36	28.4758	79.9590
Ithori	34	25.0427	84.8222
Itwan	38	24.5185	84.0832
Itwa	34	24.5856	84.1628
Itwa	34	24.6349	84.1315
Itwan	34	24.6812	84.1986
Itarhi	34	25.4832	84.0129
Itounha	34	25.4122	84.0870
Itounha	34	25.4079	84.0970
Itarhiya	34	25.3172	84.0406
Itahe	38	24.0886	84.1707
Itawa	34	25.0345	84.1476
Ithariya	34	25.1429	84.2385
Itwadera	34	25.5544	84.3367
Itwa	34	25.6035	84.3819
Itaunha	34	25.4485	84.3284
Itwa	34	25.3434	84.2620
Itaura	34	25.3196	84.4964
Itamba Ganesh	34	25.3134	84.4124
Itahri	34	25.2551	84.4464
Itahat	34	24.7712	84.2723
Itawan	34	24.9631	84.5202
Itarh	34	24.9013	84.5428
Itawan	34	24.8392	84.7430
Itkohiya	34	24.7105	84.6041
Itkohiyatola	34	24.7358	84.6270
Itawan	34	24.6469	84.6971
Itara	36	25.7787	80.1518
Itraura	36	25.7190	80.9806
Itigatti	19	15.3791	75.0272
Itgi	19	15.7384	75.8260
Itgi	19	15.4437	75.9684
Itikalapalle	02	14.6013	77.6582
Itikenahalli	02	13.9370	77.0446
Itakadibbanahalli	19	13.8172	77.3148
Ittappanahalli	19	13.5242	77.7332
Itgolpur	19	13.1705	77.5423
Ittasandra	19	13.2202	77.8821
Ittigudi	19	14.7298	75.8527
Itgehalli	19	13.9768	75.4382
Ittige	19	13.3421	75.4529
Ittadibail	19	13.0021	75.4442
Itoli	16	19.8715	79.4754
Ittige	19	13.7372	75.8005
Ittalpur	16	19.8696	79.7358
Ittakad	13	12.4744	75.1943
Ittur	19	12.8715	75.3242
Itasan	34	25.2466	85.5468
Itaura	34	25.1594	85.6269
Itiala	40	19.2992	79.5745
Itahri	34	24.6031	85.0404
Itra	34	24.5500	85.0044
Itawa	34	24.7414	85.1771
Itwan	34	24.6217	85.2243
Itwa	34	24.6208	85.0626
Itwani	38	24.3230	85.0465
Itwa	34	24.8805	85.2872
Ittigahalli	19	13.8187	76.4600
Itna	19	12.0098	76.4080
Itwa	34	25.4091	86.1191
Itkala	40	18.8864	79.2243
Itaun	34	25.0825	86.1656
Itahari	34	25.1476	86.1502
Ittagalli	19	12.2822	76.1479
Itwa	34	25.2620	86.4618
Ittanahalli	19	12.4062	76.9716
Itsalahalu	02	15.7848	77.1662
Itikahalu	19	15.6391	77.1131
Ithara	34	25.9092	86.6408
Ithari	34	25.9815	86.7183
Itahri	34	25.6735	86.6558
Itikelapadu	40	15.9776	77.9991
Itwa	34	25.0157	86.7084
Itlampalle	02	14.6005	77.0706
Itahari	34	25.9670	86.8382
Itahari	34	25.5385	86.8949
Itmadi	34	25.4878	86.7843
Itasagar	34	24.9104	86.0901
Itwa	36	27.4192	80.6880
Ittilatil	13	11.7573	75.8451
Itaura Madhogarh	36	26.2031	79.1108
Itkial	40	19.3471	79.2286
Ittinahalu	19	15.3308	76.3118
Ittigi	19	15.4512	76.6791
Itluni	19	14.4961	74.7168
Itahri	34	24.7549	84.8255
Itawa	34	24.6949	84.7528
Itahri	34	24.6320	84.8246
Itwan	34	24.7223	84.8572
Itahari	34	26.4131	87.1952
Itahi	34	26.2986	87.3987
Itahra	34	26.1152	87.4466
Itahri	34	25.8803	87.0849
Itahari	34	25.6377	87.2346
Itwa	34	25.1187	87.1267
Ithari	38	25.0693	87.4330
Itwa	34	25.2245	87.4153
Itahari	34	25.2260	87.3960
Itwa	34	25.2287	87.4490
Itwa Milik	38	25.1535	87.4727
Itwa	34	25.8477	85.0734
Italbari	28	25.8128	87.9282
Itahri	34	24.9545	87.0425
Itha Rasulnagar	34	25.9787	85.6012
Itawa	34	25.4165	85.6680
Itara	36	27.6411	80.1714
Itauli	36	27.4047	80.2147
Itauli	36	27.1868	80.0027
Itkhoria	36	27.2053	80.1295
Ittamozhi	25	8.3945	77.8487
Itoi	01	7.9928	93.5323
Itmakalhalli	19	13.4485	77.7633
Itlapura	19	12.7326	77.0439
Itmadavu	19	12.7568	77.4042
Itnahalli	19	12.5730	77.2795
Itikyala	02	15.0489	78.0968
Itigullapadu	02	14.9435	78.8930
Itodu	02	13.9073	78.1552
Itumakalapalli	19	13.5511	78.1344
Itamballi	19	13.1001	78.1594
Itnenivandlapalle	02	13.8192	78.4592
Ituripalle	02	13.3750	78.4561
Itukanellur	02	13.3649	78.6844
Ittangur	19	12.8814	77.7891
Ittigenhalli	25	12.2695	78.0967
Ittalapatti	25	12.1773	78.5463
Ittiyampatti	25	12.0546	78.5417
Itimarupuram	02	14.2694	79.2620
Itchangadu	25	12.5585	79.6668
Ittekal	25	11.4428	76.9229
Ittonam	13	10.7301	76.1808
Itakkod	13	8.8657	76.8560
Ittiva	13	8.8617	76.9178
Ittikara	13	8.8634	76.6927
Itivirempalaiyam	25	11.2101	77.3396
Ittappanur	25	11.8252	77.9600
Itij	38	23.9248	85.1849
Ithe	38	23.4948	85.1863
Itki Thakurgaon	38	23.3456	85.1114
Ithetoli	38	23.1533	85.1919
Ithe	38	23.0051	85.0127
Ithe	38	23.2812	85.3574
Itihasa	38	23.3534	85.8018
Itam	38	22.8423	85.0781
Itidih	38	22.9236	85.3555
Itihassa	38	22.8032	85.2934
Iti	38	22.8627	85.2968
Iti	38	22.9256	85.3498
Itar Baljori	38	22.1837	85.5455
Itahri	34	25.3130	86.5459
Itahri	34	25.3858	86.6870
Itkiri	38	23.2953	84.4930
Itke	38	23.8946	84.8358
Itke	38	23.7915	84.8791
Ita	38	23.3780	84.9902
Ita	38	23.2864	84.9679
Itam	38	22.7532	84.8395
Ittaveli	25	8.3573	77.2775
Ittavila	25	8.2757	77.3140
Ittambalikudiyiruppu	25	8.1228	77.3897
Ittikulam	25	8.9031	77.7354
Itteri	25	8.6341	77.7468
Itandaikkulam	25	9.0913	78.1970
Ittikulam	25	9.3064	78.3250
Ittikudi	25	9.7766	78.7288
Ittacheri	25	9.6731	78.5875
Ittadikkottai	25	9.9041	78.8715
Ittamoli	25	8.3939	77.8498
Ittutturai	25	11.2781	78.3983
Itihassa	38	22.7540	85.6076
Itar	38	22.7016	85.6499
Itakudar	38	22.7411	85.9410
Itar	38	22.1410	85.8636
Iti	21	21.5071	85.2022
Itapukuri	21	21.7246	85.4093
Itaghar	21	21.9877	85.9536
Itpakwa	34	24.8678	85.8544
Itain	38	24.7493	85.8122
Itasani	38	24.3563	85.9444
Itahri	34	26.0345	86.5121
Itahari	34	26.0720	86.6739
Itahar	34	25.8285	86.3493
Itwa	34	24.6486	86.3425
Itahar	28	25.4525	88.1733
Itwa	36	27.3032	82.6676