Jhansi	36	25.4589	78.5799
Jhunjhunun	24	28.1256	75.3980
Jharsuguda	21	21.8553	84.0070
Jhumri Telaiya	38	24.4349	85.5295
Jharia	38	23.7408	86.4146
Jhalawar	24	24.5963	76.1650
Jhargram	28	22.4538	86.9950
Jhajjar	10	28.6063	76.6565
Jhajha	34	24.7711	86.3789
Jhalrapatan	24	24.5420	76.1724
Jhabua	35	22.7677	74.5909
Jhanjharpur	34	26.2647	86.2799
Jhalod	09	23.1010	74.1554
Jhadeshwar	09	21.7136	73.0323
Jhinjhak	36	26.5609	79.7342
Jharoda Mazra Burari	07	28.7301	77.2091
Jhalu	36	29.3361	78.2261
Jhinjhana	36	29.5212	77.2247
Jharoda Kalan	07	28.6526	76.9521
Jhalida	28	23.3654	85.9764
Jhusi	36	25.4374	81.9055
Jhinkpani	38	22.4218	85.7462
Jhundpura	35	26.3473	77.5010
Jhagra Pt.III	03	26.0399	89.9592
Jhulasan	09	23.3286	72.4731
Jhakal Mandi	10	29.8076	75.8248
Jhagrakhand	37	23.1942	82.1976
Jhompra	21	21.8255	85.5684
Jhagarwas	24	26.9148	74.3141
Jhinghipahari	38	23.8147	86.3027
Jhab	24	25.0236	71.8339
Jharoli	24	24.8190	73.0284
Jhuran	09	23.3681	70.0005
Jhura	09	23.4346	69.6162
Jhumpa Khurd	10	28.7736	75.5272
Jhumpa Kalan	10	28.7712	75.5312
Jhumpa	10	28.7727	75.5294
Jhunir	23	29.8041	75.3498
Jhungi	11	31.4193	77.0890
Jhumri	38	24.4524	85.5573
Jhulaghat	39	29.5882	80.3817
Jhokho	35	24.4265	82.2182
Jhonpra	24	26.1580	76.1736
Jhodge	16	20.6606	74.6762
Jhirpa	35	21.8040	77.0289
Jhirna	36	29.4482	78.8896
Jhiri	24	26.3971	77.4137
Jhiri	35	25.5548	77.4862
Jhirana	24	26.2752	75.6439
Jhira	16	21.2940	77.1337
Jhinjhuvada	09	23.3511	71.6542
Jhilwara	24	25.2259	73.6702
Jhilmili	37	23.3973	82.8500
Jhilmili	35	22.0456	79.1543
Jhilla	35	23.8525	78.3340
Jhilimunda	37	20.6333	82.3833
Jhilimili	28	22.8139	86.6458
Jhila	35	24.5598	77.4992
Jhikra	28	22.6209	87.9139
Jhikipali	37	21.4218	83.3309
Jherda	09	24.3784	72.1250
Jhatingri	11	31.9470	76.8844
Jharwasa	24	26.2028	74.7200
Jharpokharia	21	22.1730	86.6457
Jharol	24	24.3677	73.5322
Jharol	24	24.2252	73.8879
Jharli	10	28.4972	76.3850
Jharlama	21	20.6350	82.3821
Jharki	38	24.5211	85.5096
Jharkhera	35	23.3694	77.1822
Jharkatta	37	20.0722	80.7587
Jharigan	37	19.7170	82.3687
Jharia	38	22.3016	86.6908
Jhargaon	21	22.0531	85.3790
Jharer	35	25.7784	76.8489
Jhareli	24	27.3986	74.0205
Jharda	35	23.6056	75.7251
Jharbera	21	22.0646	85.0249
Jharbandh	21	21.0591	82.7930
Jhara Sangam	40	17.7645	77.7133
Jharapapra	16	20.0749	80.5034
Jharan	35	22.4956	74.4310
Jhanzi	03	26.8667	94.5000
Jhanwar	24	26.1957	72.8623
Jhankhar	09	22.3611	69.7706
Jhanjwa	09	24.1294	73.0586
Jhanjhmer	09	21.1823	72.0610
Jhangar Dharmsal	12	33.2705	74.0508
Jhanphali	24	26.1983	71.1154
Jhamtoli	35	24.7112	79.7863
Jhamar Kotra	24	24.4818	73.8574
Jhalwara	35	23.7757	80.4609
Jhalra	24	25.9990	75.8846
Jhalpo	38	24.4291	85.5474
Jhallar	35	21.7282	77.7399
Jhalki	19	17.2572	75.8028
Jhalap	37	21.2169	82.3826
Jhalania	10	29.5133	75.5596
Jhalambi	16	21.1833	73.9167
Jhalamand	24	26.2074	73.0658
Jhalai	24	26.3568	76.0063
Jhako Lahri	23	32.2068	75.5418
Jhaknawad	35	22.8142	74.9134
Jhakar	09	22.3667	69.8167
Jhak	24	26.9582	74.8897
Jhag	24	26.7244	75.4528
Jhajra	39	30.3448	77.9180
Jhajju	24	27.7706	72.9959
Jhajhara	38	22.7820	85.5682
Jhajhar	36	28.2692	77.6645
Jhajham	09	23.9430	71.3342
Jhagar	35	24.6786	77.1334
Jhagadia	09	21.7143	73.1510
Jhadupudi	02	19.0160	84.6100
Jhadabhumi	21	19.9164	84.7201
Jhabugam	09	22.2870	73.7659
Jharol	24	25.2653	74.0868
Jharmahu	35	23.9265	76.3774
Jhandwa	35	24.2898	77.6109
Jhabrera	39	29.8098	77.7768
Jharia	24	28.4103	74.9365
Jhanjhni	24	28.7587	74.9619
Jhenkari	28	22.7525	88.2994
Jhinga	28	22.6986	88.1076
Jhaudanga	28	22.9492	88.8514
Jhitkagachara	28	22.6325	88.8439
Jhagal Thana	12	33.7831	74.0721
Jhiblan Khori	12	33.8264	74.2451
Jhalas	12	33.7258	74.0391
Jhattiali	12	33.3413	74.2065
Jhalas	12	33.3156	74.2071
Jhandl Dhara	12	33.3032	74.2172
Jhangar Dharms	12	33.2384	74.0534
Jhil Pail	12	32.9652	74.4082
Jhajjar Kotli	12	32.8972	74.9667
Jhinwarheri	10	29.9170	76.9502
Jhinwar Heri	10	29.5915	76.9643
Jharauti	10	28.9330	76.9385
Jharaut	10	28.9169	76.9398
Jhang	12	32.5425	74.9175
Jhanjheu	24	28.0917	73.7806
Jhkhri	12	34.6244	73.9964
Jhugian	12	34.3554	73.7759
Jhinwarheri	39	30.3016	77.9472
Jhinwarher	36	30.1500	77.7718
Jhinwarheri	39	30.0377	77.8338
Jharwan	36	29.7157	77.2815
Jhar	24	25.4845	75.7354
Jharbalapura	24	25.4730	75.7521
Jhamun	11	31.2418	77.0371
Jharog	11	31.2147	77.0851
Jhatkandi	39	29.9953	78.7245
Jhatri	39	29.8627	78.5942
Jhampa	39	29.8036	78.6960
Jhawanu Sari	39	29.7732	78.5961
Jhawanu	39	29.7792	78.5976
Jhilali Dhani	24	28.2293	75.4569
Jherli	24	28.3698	75.5631
Jhanjhot	24	28.1646	75.6367
Jhansa	10	30.1160	76.7414
Jhansa Colony	10	30.1145	76.7376
Jhugian	23	30.1222	76.5920
Jhinwarheri	10	30.0524	76.7490
Jhungian Chhat	23	30.6284	76.7978
Jhanaurheri	23	30.6673	76.7840
Jhowansa	23	30.5043	76.9009
Jharauli Khurd	10	30.1477	76.7851
Jharpura	36	24.9206	78.4429
Jholsi	35	24.1923	78.4362
Jharkon	36	24.6761	78.5379
Jhajrau	36	27.8632	79.1774
Jhundpur	36	27.9746	79.1812
Jhatauli	36	27.8892	79.4697
Jhuri Nagla	36	27.8028	79.3628
Jhandahar	36	27.2120	79.3167
Jhabar	36	27.0704	79.4843
Jhapula	36	27.7000	79.5523
Jhindi Madaiyan	36	27.5972	79.6225
Jhindi	36	27.6035	79.5701
Jhara Purwa	36	27.2106	79.7841
Jhau ka Nagla	36	26.8666	79.0238
Jhammanpur	36	26.8402	79.1253
Jharela	36	26.3314	79.1337
Jhaniriya ki Dhani	24	26.9771	75.5364
Jhai	24	26.8223	75.6502
Jhala	36	25.5253	79.0449
Jhuinapur	36	26.9608	79.7000
Jhau Purwa	36	26.9053	79.5448
Jhara	36	26.6597	79.9324
Jhakangarha	36	26.6332	79.8407
Jhinguwan	35	24.7585	79.0302
Jhiri	35	24.7266	79.0990
Jhiriyakhera	35	24.5279	79.0949
Jhingri	35	24.5180	79.1824
Jhokwala Tibba	24	27.6813	71.2685
Jhaokuti	28	26.3191	89.7498
Jhaliapur	37	22.0728	81.5953
Jhalam	37	21.8117	81.5788
Jhapeli	37	22.1177	82.4875
Jhandadevi	39	29.7438	78.5139
Jhingrai	35	23.4414	80.0451
Jhinpuri	37	22.8889	82.4807
Jhar	21	21.2291	83.2767
Jhirna	35	23.2944	80.5716
Jhajhariya	35	22.0098	79.0703
Jhitiya	35	24.4040	77.6336
Jhalri	35	24.4702	75.0117
Jhargaon	03	26.6794	92.0200
Jhalam	03	27.1293	94.8611
Jhinkiria	21	21.8191	86.9887
Jharbahali	21	19.5342	82.8997
Jhikra	28	22.6653	88.7037
Jhinwarheri	10	29.9903	76.5469
Jhinjarpur	10	29.8922	76.7172
Jhabwa	10	28.0162	76.6211
Jhiwarpura	07	28.7635	76.9835
Jherawali Dhani	10	28.3134	76.8362
Jhonjraula	10	28.4878	76.8618
Jhundsarai	10	28.3974	76.8762
Jhundpuri	24	28.0914	76.8391
Jhiwania	24	28.1473	76.8561
Jhamwas	10	28.2365	76.9299
Jhaot	11	31.6327	77.1170
Jhambar	11	31.5291	77.0671
Jhawar	11	31.5087	77.0476
Jhales	11	31.5018	77.0662
Jharoti	11	31.5213	77.2201
Jhakri	11	31.5334	77.1655
Jharaunti	11	31.5298	77.2290
Jhar	11	31.5809	77.2115
Jhamach	11	31.6177	77.2341
Jhuli	11	31.6872	77.2060
Jheranwali	23	29.8702	75.2584
Jhandoke	23	29.7508	75.3435
Jhorarpura	24	29.1126	75.1661
Jhansal	24	29.1911	75.3881
Jharsar Kanran	24	28.8259	75.0188
Jharsar Bara	24	28.5327	75.2356
Jharsar Chhota	24	28.5397	75.2110
Jhalauda	24	28.9561	75.3835
Jhanjari	10	29.7529	76.9728
Jhagawan	10	28.2263	76.2541
Jharwai	10	28.6875	76.1147
Jhojhu Kalan	10	28.5215	76.1525
Jhojhu Khurd	10	28.5171	76.1415
Jhimani	10	28.9835	76.1487
Jhabra	12	33.3272	74.2794
Jhandi Khetar	12	33.3349	74.2987
Jhurian	12	33.3216	74.4076
Jhor	12	33.2786	74.4302
Jhambra	12	33.3415	74.4804
Jhalkir	11	31.4462	77.0319
Jhamrora	11	31.3141	77.1548
Jhaog	11	31.3638	77.1683
Jhagran	11	31.4762	77.2179
Jhangru	11	31.4770	77.2293
Jhakrigal	12	34.6008	74.1763
Jhangri Baihk	12	34.5645	74.2656
Jheog	11	31.2785	77.2775
Jhakru	11	31.3660	77.3115
Jhunjan	11	31.2908	77.3203
Jhatingri	11	31.4405	77.3029
Jharehr	11	31.4570	77.2865
Jhal	11	31.3200	77.3507
Jhunjan	11	31.2916	77.3255
Jhamoi	11	31.3407	77.3924
Jharwahn	11	31.4227	77.4401
Jhameli	11	31.4824	77.4479
Jhunjru	11	31.3220	77.3235
Jhalaran	23	30.2933	74.2082
Jhumianwali	23	30.2615	74.1944
Jhorar	23	30.2801	74.4852
Jhotiwala	23	30.7272	74.6448
Jhandoke	23	30.5911	74.6135
Jhabelwali	23	30.5125	74.6007
Jhinjian	23	30.8585	74.8802
Jhithe	23	30.9958	74.8685
Jhandiana	23	30.7991	74.9478
Jharoka	11	31.1287	77.3354
Jharot	11	31.1296	77.3438
Jhalru	11	31.2011	77.3860
Jhakhari	11	31.1281	77.3900
Jhola	11	31.0469	77.4477
Jhamhauli	11	31.2241	77.4469
Jhangroli	11	31.1516	77.4781
Jhalair	11	31.5364	77.5356
Jhiara	11	31.4546	77.5727
Jhako	11	31.4762	77.5988
Jhinjhnun	11	31.3328	77.5962
Jhalri	11	31.1192	77.6628
Jherag	11	31.1572	77.7103
Jhaltu	11	31.2268	77.7072
Jhag	11	30.8652	77.0892
Jhankla	11	30.8138	77.2259
Jhajha	11	30.9619	77.1717
Jhaknol	11	30.7484	77.0806
Jhakron	10	30.6952	77.0875
Jhiriwala	11	30.5210	77.1959
Jhajar	11	30.6751	77.1842
Jharu Majra	10	30.2980	77.0681
Jharsaila	10	30.3652	77.1401
Jheor Majra	10	30.4014	77.2044
Jhanda	10	30.4618	77.2151
Jhinwarheri	10	30.1237	77.0817
Jhar Chandna	10	30.1683	77.1484
Jhaguri	10	30.1077	77.1699
Jhijron	10	30.1199	77.2056
Jhandi	11	30.9865	77.3110
Jhimmidhar	11	30.9267	77.3601
Jhangan	11	30.8289	77.3872
Jhanaga	11	30.8987	77.4042
Jhina	11	30.9841	77.4961
Jhalyari	11	30.8166	77.4592
Jharinwa	11	30.7287	77.2563
Jhimroti	11	30.6505	77.2654
Jhawali Dhani	24	27.5825	76.0373
Jhind ki Dhani	24	27.5116	76.1778
Jharka	24	27.8888	76.6117
Jharandia	24	27.8052	76.7053
Jhariana	24	27.8694	76.6611
Jharjhila	24	27.9127	76.6820
Jhamuwas	24	27.9190	76.7160
Jharjhila Dhani	24	27.9140	76.6672
Jharoli	24	27.7118	76.6263
Jharera	24	27.4990	76.6894
Jhinwarheri	10	30.2006	77.2827
Jharauli	36	30.0518	77.3607
Jhunreri	10	30.1202	77.3670
Jhali	11	30.6083	77.5422
Jhankar	11	30.5691	77.6139
Jhaloti	11	30.6162	77.6379
Jhan Kuphata	11	30.6941	77.6184
Jhonpari Rambas	24	27.9745	76.8364
Jhiroli	24	27.8286	76.8705
Jhiroli Ka Bas	24	27.8302	76.8902
Jhonpari Jaimal	10	27.8657	76.9954
Jhandu Oad	36	30.3037	77.5642
Jhalwala	39	30.5966	77.8797
Jhoseo	39	30.6177	77.9102
Jhusau	39	30.6369	77.9756
Jhonpariyan	24	26.7258	76.3530
Jhonpariyan	24	26.7211	76.3511
Jhakri	36	29.3961	78.0937
Jhandapur	36	29.3457	78.1317
Jhalri	36	29.4162	78.1873
Jhalra	36	29.4283	78.1825
Jhal	36	29.2554	78.2023
Jhagar ka Bas	24	28.3412	75.4004
Jhinwarheri	39	29.7360	78.1113
Jhabarpur	39	29.9649	78.0101
Jhabri	39	29.8604	78.0968
Jhabiran	39	29.7952	78.1196
Jhiriya	35	23.7135	78.3644
Jhiriya	35	23.6620	78.4547
Jharponiya	35	23.6575	78.2633
Jhiriyarani	35	23.5038	78.3892
Jhirpani	35	23.5709	78.4933
Jhinga	24	26.7322	76.0420
Jhanpda Chhota	24	26.5740	76.1748
Jhanpda Bara	24	26.5799	76.1556
Jhanun	24	26.3831	76.2472
Jhamra	35	23.5675	78.7086
Jhamra	35	23.6194	78.6664
Jhinpatan	35	23.7216	78.7432
Jhunun ki Jhonpari	24	26.3762	76.2574
Jhunun	24	26.3742	76.2573
Jhinpini	35	23.7075	78.9556
Jhakundia	24	26.7458	76.5360
Jharoli	24	26.5929	76.6207
Jhonpri Sittor	24	26.4959	76.5691
Jhonpri Sittor	24	26.4879	76.5777
Jhonpri Jiwat	24	26.3657	76.5402
Jharoda	24	26.3376	76.5287
Jharoda	24	26.2737	76.6951
Jhamar	35	23.2860	78.5382
Jhabuapura	35	23.3176	78.6878
Jhirlakhera	35	23.3660	78.6910
Jhiria	35	23.4614	78.7484
Jhiria	35	23.3596	78.8241
Jhiria	35	23.3568	78.8543
Jhiria	35	23.2686	78.9670
Jhamra	35	23.3797	78.9118
Jhamar	35	23.1818	78.5299
Jhikoli	35	23.0073	78.5202
Jhiri	35	23.0567	78.8924
Jhil Ka Mali	24	26.9952	76.7628
Jhalda	24	26.9357	76.8937
Jharesa	24	26.9553	76.8867
Jhabiran	36	29.9565	77.3979
Jharera	24	26.7482	76.9771
Jhanabad	24	26.7259	76.9799
Jhilpura	24	26.2014	76.8944
Jhonpri	24	26.0720	76.8097
Jhalepura	24	26.1248	76.7789
Jhonpariyan	24	25.0511	76.0501
Jhal	36	29.4040	77.3393
Jhundpur	36	29.1858	77.4588
Jhabiran	36	29.7099	77.5039
Jhakwala	36	29.6380	77.5945
Jhabiran	36	29.6817	77.6427
Jhalsargond	35	22.7977	78.0707
Jhil Borna	35	22.7308	78.1172
Jhalon	35	22.6859	78.0926
Jhiriya	35	22.6455	78.3933
Jhamar	35	22.7626	78.7245
Jhanjhankhera	35	22.8826	78.7240
Jhiriya	35	22.9589	78.6432
Jhiriyajhora	35	22.7108	78.5330
Jhirpa	35	22.5956	78.5152
Jheis	35	22.5159	78.5053
Jhamar	35	22.5982	78.7318
Jhiriya	35	22.7373	78.6498
Jhaunt Khurd	35	22.3282	78.5142
Jhaunt Kalan	35	22.3293	78.5221
Jhilpipariya	35	22.2974	78.6299
Jhirno	35	22.9780	78.7923
Jhiriya	35	22.9693	78.7805
Jhurretola	35	22.2456	78.9273
Jhirlinga	35	22.1277	78.9717
Jhirlinga	35	22.1309	78.9573
Jhanda	35	22.1043	78.9429
Jhanki	35	22.0692	78.7622
Jhirikhapa	35	21.8657	78.1258
Jhitapati	35	21.8584	78.0269
Jhunkari	16	21.4369	78.0571
Jholamba	16	21.3933	78.1219
Jhilpa	16	21.3412	78.6849
Jhilpi	16	21.3520	78.7319
Jhalakui	35	21.9307	78.7567
Jhiriya	35	21.8794	78.9574
Jhilpi	16	21.0673	78.8729
Jhola	16	20.4650	78.1670
Jhapatkheda	16	20.4964	78.1798
Jhanjokhar	36	29.0383	77.6128
Jhumba	23	30.1590	74.7765
Jhandawala	24	29.8363	74.3475
Jhanjar	24	24.4959	73.0987
Jhanjrat	09	24.4442	73.0754
Jhoti Khera	10	29.8026	74.7652
Jhala ka Gurha	24	24.7880	73.6444
Jhanda Bagga	23	30.9745	75.0809
Jhatra	23	30.9358	75.0401
Jhala ka Gurha	24	24.7276	73.7400
Jholawas	24	24.6761	73.5252
Jhandaiwala	23	30.7405	75.1666
Jhonthri	24	24.0353	73.5551
Jhar	24	24.3191	73.9393
Jhariana	24	24.2916	73.8426
Jhar	24	24.2960	73.9224
Jharol	24	26.3539	74.9390
Jhanduke	23	30.1615	75.1444
Jhandiana	23	30.7877	75.3033
Jhungian	23	30.9937	75.4747
Jharamli	24	24.9806	76.0817
Jhairi	24	24.9317	76.1572
Jhaira	24	24.9460	76.1488
Jhiri	24	24.7100	76.0681
Jhalara	24	24.7011	76.0791
Jhirnya	24	24.6161	76.1053
Jhorran	23	30.6395	75.4865
Jhankra	24	25.5431	74.0660
Jharla	24	25.6406	74.2390
Jhupriyan	24	25.2346	74.6630
Jhammat	23	30.9053	75.7463
Jhalur	23	30.3945	75.6583
Jharon	23	30.1321	75.6484
Jhabreri Khurd	39	29.8252	77.8029
Jhabreri Kalan	39	29.8166	77.7953
Jhabiran	39	29.7824	77.8437
Jhabarpur	36	29.6391	77.9084
Jhal Chitaura	36	29.3608	77.7989
Jhanjauli	10	28.8474	77.0061
Jhundpur	10	28.9536	77.1692
Jhundpur	10	28.9336	77.1937
Jhangola	07	28.8297	77.2019
Jhanda	23	30.8602	75.7693
Jharera	07	28.5817	77.1416
Jhandapur	36	28.6669	77.3547
Jhumil Colony	07	28.6696	77.3129
Jhilanwa	36	28.8836	77.4622
Jhar Sentli	10	28.3088	77.3043
Jhatta	36	28.4642	77.4521
Jhumanpara	36	28.5434	77.6197
Jhalra	36	28.3715	77.6087
Jhakkarwala	23	30.4834	74.9612
Jhalra	24	25.6021	75.0893
Jhil	10	29.5365	76.1183
Jhinjar	10	28.6655	76.3349
Jhamri	10	28.5031	76.3459
Jharli	10	28.3770	76.2582
Jharoda	10	28.3667	76.4052
Jholri	10	28.4505	76.3497
Jhanswah	10	28.4836	76.4167
Jhal	10	28.4063	76.4363
Jharipani	39	30.4239	78.0880
Jhoti	39	30.3178	78.1617
Jhamtiyalgaon	39	30.3940	78.2039
Jhalki	39	30.4029	78.2460
Jhalki	39	30.4417	78.1696
Jharkula Chatti	39	30.5394	79.5309
Jhinji	39	30.3589	79.5777
Jhali Kharak	39	30.3430	79.5056
Jhaua Nagla	36	28.4480	79.1380
Jhaua Nagla	36	28.4432	79.1609
Jhagar	24	24.6919	76.4488
Jhumki	24	24.4038	76.3168
Jhikria	24	24.3744	76.3553
Jharni	35	24.1905	76.3112
Jharniyan	35	24.1819	76.3094
Jharkhand	24	24.8059	76.6046
Jhinkariya	24	24.2812	76.5260
Jhamariya	24	24.4466	76.6358
Jhiri	24	24.2697	76.7266
Jhiri	35	24.7984	76.9425
Jhonpariyan	24	24.5824	76.7557
Jhanjhani	24	24.5215	76.7756
Jhikani	35	24.5170	76.9052
Jharkheri	24	24.6306	76.9008
Jhiri	35	24.3783	76.8904
Jharera	35	24.3919	76.9830
Jharli	24	26.2016	75.1893
Jhuppa	36	28.2317	77.5248
Jhuppa	36	28.1002	77.5175
Jhum	28	27.1544	88.0802
Jhepi	28	27.0798	88.1587
Jhum	28	27.0758	88.0596
Jhidiyon	36	28.8531	77.9437
Jhum	29	27.1464	88.2700
Jhulangi	29	27.1836	88.4862
Jhuranadi	37	21.5570	81.0076
Jharutola	37	21.7454	81.2138
Jhaiharpura	24	26.7529	77.3392
Jhirka	24	26.8116	77.4220
Jhor Ka Nagla	24	26.9357	77.4348
Jhaund ka Pura	35	26.2921	77.8695
Jhaund	35	26.2769	77.8692
Jhaundpura	35	26.4266	77.9365
Jhawalpura	35	26.3972	78.3568
Jhore ka Pura	35	26.4030	78.4991
Jhankri	35	25.9992	78.1045
Jhil Badera	35	25.9648	78.1219
Jhau	35	25.7715	78.2009
Jhau	35	25.7716	78.2118
Jharauli	35	25.8287	78.2174
Jhujharpur ki Dhani	24	28.0630	75.8751
Jhujharpur	24	28.0709	75.8734
Jhanja	24	28.2069	75.9181
Jharaudi	23	30.9495	76.1730
Jhal	23	30.4830	76.0069
Jhondian	23	30.4690	76.0189
Jhari	16	19.3155	76.4471
Jhadgaon	16	19.1526	76.8253
Jhola	16	19.0476	76.9654
Jhangri Baihk	12	34.6175	74.4587
Jhar Sahib	23	30.8838	76.3001
Jhalian	23	30.8052	76.4084
Jhalian Kolan	23	30.9085	76.4889
Jhil	23	30.3748	76.3965
Jhinjaran	23	30.4663	76.4356
Jhalu Ki Marhi	36	27.7833	77.9061
Jhandi	23	30.2456	76.3796
Jhalian Sambal	23	30.9356	76.5542
Jhingran	23	30.8150	76.6052
Jhandpur	23	30.7676	76.6655
Jhungian	23	30.7589	76.6593
Jhampur	05	30.7665	76.7071
Jhande Majra	23	30.8540	76.6517
Jhiran	11	30.9995	76.6639
Jharu Majra	10	30.3059	76.6735
Jharmari	23	30.4242	76.7889
Jhungian	10	30.3364	76.7616
Jharokhari	10	27.8448	77.2788
Jhanjhar ka Bas	24	27.5756	77.0378
Jhanjhar	24	27.5759	77.0438
Jhanipuri	24	27.5710	77.1959
Jhantli	24	27.6012	77.0679
Jharana	36	27.9692	77.6996
Jhapra	24	27.3254	77.5852
Jhinga Nagla	36	27.3630	77.5978
Jhundawai	36	27.2576	77.6888
Jhamola	10	29.1394	76.3400
Jhera	36	28.4114	77.9104
Jhandipur	36	27.3582	77.7479
Jhaparwadi	19	17.7739	76.8779
Jharoli	24	27.2489	77.5582
Jhabbalpur	24	27.1617	77.5929
Jharauthi	36	27.1775	77.6815
Jhalkachhar	37	22.4124	82.4817
Jhika	37	22.0770	82.8199
Jharna	37	22.0626	82.7989
Jhalpha	37	21.9813	82.0695
Jhal	37	21.9092	82.1591
Jhoka	37	21.6922	82.1811
Jhagrendih	37	21.3734	82.7488
Jhika	37	20.9137	81.2289
Jhitia	37	20.9409	81.1059
Jharantola	37	20.6870	81.0553
Jhikatola	37	20.5951	81.0267
Jharandalli	37	20.5743	81.0668
Jhalmala	37	20.7180	81.2387
Jhitkapara	37	20.4150	81.0146
Jhitkapara	37	20.4023	81.0211
Jhurhatola	37	20.4472	81.1118
Jhiria	37	20.7484	81.6754
Jhiria	37	20.7432	81.6857
Jhajharkera	37	20.6695	81.7248
Jholapara	37	20.4770	81.5002
Jhunianpara	37	20.2643	81.5053
Jhaliamari	37	20.3515	81.6287
Jhujrakasa	37	20.3936	81.7743
Jhurnapara	37	20.2572	81.8590
Jharidihi	37	20.2761	81.8813
Jhulgudda	19	16.1198	76.3497
Jhandi	37	21.9635	81.1259
Jhalka	37	21.9734	81.2292
Jhuradabri	37	21.2044	81.1430
Jhola	37	21.1000	81.1648
Jhenjhri	37	21.3053	81.3081
Jhanki	37	21.9284	81.5449
Jhanjhadih	37	21.8584	81.5540
Jhilangakapa	37	21.8521	81.5787
Jhal	37	21.7945	81.5512
Jhal	37	21.9484	81.6141
Jhiria	37	21.7687	81.6876
Jhit	37	21.1490	81.5552
Jhanki	37	21.0851	81.7496
Jhanjh	37	21.1527	81.7812
Jhari	16	19.0793	77.2888
Jhari	40	19.0761	77.8173
Jhari Tanda	40	19.0681	77.8037
Jhari	16	18.4429	77.5175
Jhanki Garhi	36	27.3958	78.2364
Jhil Gadaria	36	27.1507	78.1637
Jharpura	36	27.0328	78.1763
Jhuli Chauki	16	20.1734	78.2359
Jhuli	16	20.1583	78.2118
Jhada	16	20.7951	78.2689
Jhadgaon	16	20.7484	78.2731
Jhadkinhi	16	20.2834	78.4730
Jhuli	16	20.0068	78.4422
Jhotingdharapod	16	20.2377	78.4760
Jhadgaon	16	20.8004	78.5211
Jhadsi	16	20.8635	78.6376
Jharpat	16	20.0766	78.8909
Jhandipur	36	27.5542	77.7627
Jhura	35	23.7544	79.0919
Jhagar	35	23.8161	79.2421
Jhagari	35	23.7451	79.1853
Jhagari	35	23.7362	79.1845
Jhinwar	36	27.5281	78.5118
Jhagri	35	23.9153	79.2732
Jhagri	35	23.9094	79.4814
Jhira	35	23.9705	79.4262
Jhapan	35	23.5023	79.3632
Jharauli	35	23.7675	79.6676
Jharauli	35	23.3870	79.5641
Jhamar	35	23.3164	79.7253
Jhurai	35	23.1498	79.5682
Jhansighat	35	23.1085	79.5791
Jhansi	35	23.1014	79.5700
Jhojhi	35	23.1211	79.6449
Jhansi	35	23.0726	79.6970
Jhamar	35	23.2409	79.7459
Jhada	35	23.6486	79.9194
Jharauli	35	23.6802	79.9961
Jhagri	35	23.3854	79.7708
Jhagara	35	23.2944	79.8512
Jhagara	35	23.2992	79.8564
Jhilmili	35	23.3678	79.9275
Jhirna	35	23.1624	79.8053
Jhiri	35	23.0624	79.8267
Jhapani	35	23.0080	79.9344
Jhabbunagar	36	27.9480	78.9945
Jhamar	35	22.9278	79.0214
Jhamri	35	22.9191	79.0123
Jhagarhai	35	22.9142	79.2450
Jhirpi	35	22.5972	79.1281
Jhirpani	35	22.2942	79.0500
Jhagraboh	35	22.2732	79.1730
Jhiri Khurd	35	22.9878	79.2774
Jhiri Kalan	35	22.9842	79.2584
Jharautha	36	27.4098	77.8781
Jhagrar	36	27.4602	77.9741
Jharkhurpa	35	22.8713	79.2526
Jhiri Kalan	35	22.9182	79.4736
Jhiri Khurd	35	22.9164	79.4645
Jhargada	35	26.7149	78.4908
Jhingurisigh ka Pura	35	26.6251	78.3650
Jhonteshwar	35	22.9468	79.5536
Jhalon	35	22.9084	79.6293
Jhamar	35	22.7509	79.6084
Jhapni	35	22.8640	79.6900
Jhilmili	35	22.3261	79.5370
Jhilmili	35	22.2968	79.5714
Jhalra	36	27.0083	77.9774
Jharipura	36	27.0033	77.9741
Jhingupur	36	26.9595	78.9212
Jhabrapur	36	26.9304	78.8507
Jhabarpur	36	26.8231	78.8723
Jhaparwadi	16	19.9112	78.1291
Jhaujor	36	27.5795	79.1298
Jhijaunta Khurd	36	27.5938	79.2055
Jhijaunta Buzurg	36	27.6021	79.2024
Jhagarpur	36	27.4143	79.0463
Jhaman Nagra	36	27.3795	79.1873
Jhauha	36	27.4124	79.2327
Jhakrai	36	27.4608	79.1527
Jhunjharpur	16	19.9792	78.5406
Jhari	16	19.8621	78.7259
Jhapu i Gwari	24	26.3125	77.0721
Jharila	24	26.3252	77.2057
Jhala	24	26.5911	77.4144
Jhinna	24	26.6268	77.4650
Jhamta	35	21.8081	79.0406
Jhiriya	35	21.9971	79.1642
Jhingabaitakli	16	21.1910	79.0729
Jhinjhariya	16	21.5888	79.3416
Jhular	16	21.1630	79.3362
Jharap	16	21.0652	79.3186
Jhajjewari	24	26.4944	77.6107
Jhalagondi	35	21.9021	79.6749
Jhiriyatola	35	21.9053	79.5208
Jharpura	36	26.9485	77.6442
Jhitpura	24	26.8522	77.6524
Jharhar Haripur	36	27.8097	79.6525
Jharhar Dhondu	36	27.8189	79.6453
Jhupka Dilawarpur	36	27.8318	79.6966
Jhawe ka Pura	35	26.4248	77.6933
Jhare ka Pura	35	26.3111	77.7327
Jharela	35	26.2055	77.5029
Jhiniya	35	26.0587	77.5359
Jhil ka Pura	24	26.8946	77.9025
Jhare ka Pura	24	26.8658	77.9837
Jharpura	24	26.7897	77.8564
Jhanpur	24	26.7916	77.9817
Jhala	35	26.1624	77.8924
Jhankiyapur	35	25.8946	77.1921
Jhar Baroda	35	25.9995	77.3079
Jhauha	36	27.4866	79.5355
Jhuni	36	27.3886	79.5525
Jhujki	36	27.3026	79.5352
Jhasi	36	27.2798	79.5240
Jhabra Balhora	36	27.7145	79.8314
Jhamrawat	10	27.8850	77.0757
Jhamrawat Ka Bas	10	27.8874	77.0901
Jhandipur	24	27.7676	77.0944
Jhawar	36	27.0420	79.5068
Jhusinagar	36	27.2025	79.7152
Jhalwasa	35	25.6072	77.4931
Jhalmanda	35	25.4916	77.2987
Jhingura	35	25.4389	77.6733
Jhur	35	25.3894	77.5434
Jhalwasa	35	25.3818	77.5260
Jharel	35	25.0952	77.5052
Jhumka	35	24.7970	77.0916
Jhumar	35	24.2337	77.2431
Jhiri	35	24.0402	77.0904
Jhora	35	24.6949	77.4965
Jhanjon	35	24.3808	77.3248
Jhitri	35	24.2716	77.3313
Jhukar	35	24.2348	77.2506
Jhukar	35	24.2071	77.3434
Jhirnia	35	24.0069	77.2976
Jharpai	35	24.1780	77.2733
Jharpal	35	24.1719	77.2710
Jhukar	35	24.0158	77.4412
Jhujrakhera	35	24.1015	77.4203
Jhandi	35	24.9848	77.7163
Jhagar	35	24.6578	77.5736
Jhagar	35	24.4286	77.6482
Jhagart	35	24.1573	77.6538
Jhokar Hauz	35	24.1188	77.6114
Jhansakheri	35	24.4255	77.7626
Jhagar	35	24.1585	77.9280
Jhagriya	35	24.1253	77.9883
Jhagar	35	24.2150	77.8781
Jhingra	36	27.5132	78.0763
Jhujharka	36	27.9823	78.2522
Jharpur	36	27.1070	78.4260
Jhabar	36	27.8802	78.6117
Jhalli	40	17.8436	79.8606
Jhabara	36	26.6575	79.7044
Jhinga Purwa	36	26.6797	79.7220
Jhabar Purwa	36	26.6224	79.5440
Jhapnipur	36	26.5802	79.5331
Jhua	36	26.8378	79.8495
Jhajhani	36	26.8898	79.7607
Jhabra	36	26.9647	79.8236
Jhapara	36	27.2636	78.6469
Jhagrahi	36	26.1072	79.8691
Jhabra	36	25.7647	79.1189
Jhinna Bira	36	25.5137	79.4169
Jharauli	36	25.5111	79.7022
Jhala	35	25.2380	80.3440
Jharihai	35	25.2006	80.3601
Jhale Har	35	25.0269	80.3941
Jhauni Khera	35	25.0336	80.4490
Jhabu Khera	36	25.1223	80.4566
Jhirnya	35	22.7203	76.9072
Jhajrighat	35	22.4957	76.9381
Jhalwan	35	22.3671	76.9425
Jhanjhri	35	22.2904	76.9073
Jhingadhar	35	22.1638	76.7659
Jhagrua	36	25.7286	82.0482
Jhankri	36	25.2793	79.1363
Jhonkarnagar	35	25.0900	79.2944
Jhirniya	35	21.8002	76.1327
Jhagari	35	24.1228	79.4918
Jhinjhan	35	25.1248	79.5652
Jhir	36	25.3782	79.9588
Jhinna	35	25.1873	79.8728
Jhikmau	35	25.0735	79.7837
Jharola	35	24.2921	79.0088
Jhadwan	35	24.6924	79.3529
Jhansepur	36	25.7893	82.7596
Jhilra	36	26.9983	78.2172
Jharpura	24	26.9101	78.0655
Jhirpanjariya	35	21.5223	76.0764
Jhirpajariya	35	21.4899	76.0748
Jhirpajariya	35	21.4974	76.0806
Jhirniyan	35	23.4567	77.8091
Jhanjai	35	23.0577	77.7802
Jhanjhar	35	21.4090	76.2796
Jhiri	35	21.3999	76.2665
Jhali	35	22.8308	77.2237
Jhalpipli	35	22.9347	77.3614
Jholiapur	35	22.8451	77.3984
Jhari	35	24.6791	82.1752
Jhanjhapar	36	25.6578	83.0441
Jhinjhepur	36	25.7202	83.1220
Jhargawan	36	25.6228	83.1743
Jhanjhupur	36	25.4168	83.1188
Jhuri	36	25.4862	83.1837
Jhansi	36	25.2543	83.2080
Jhakhraun Kalan	35	24.7119	79.5809
Jhakhraun Khurd	35	24.7067	79.5767
Jhagar	35	22.6321	77.3267
Jhalsarbhond	35	22.7422	77.8310
Jhigarpura	35	22.5835	77.8658
Jhirmau	35	22.5912	77.8599
Jhilpi	16	21.4657	76.8084
Jhilingpati	16	21.4420	76.9692
Jhanda	35	25.5430	78.1615
Jhodgaon	16	20.9215	76.2403
Jhotna	36	25.7477	83.3154
Jharegaon	16	20.9408	76.4749
Jhariya	35	25.7110	78.4929
Jhabarra	35	24.3903	79.6599
Jhamar	35	24.1866	79.6066
Jhamar	35	24.1266	79.6655
Jhugariya	35	22.4760	77.0491
Jharpa	35	22.3471	77.0267
Jhundgaon	35	22.2836	77.1120
Jhartalai	35	22.3941	77.2430
Jhirpi	35	22.0030	77.1326
Jhapnadeh	35	22.0287	77.1701
Jhiri	35	22.1589	77.1879
Jhallar	35	22.1643	77.2068
Jharpa	35	22.1915	77.1936
Jhundgaon	35	22.1838	77.1653
Jharar	36	25.1203	78.4625
Jhodga	16	20.4651	77.1944
Jhirikheri	35	22.2940	77.2943
Jharbera	35	22.2628	77.2840
Jhinganpur	35	22.3692	77.4046
Jhaklay	35	22.4899	77.4147
Jhirnapura	35	22.3113	77.4655
Jhiriyadoh	35	22.2650	77.4867
Jhiriyadoh	35	22.2623	77.4937
Jhajhani	34	25.1132	83.4078
Jharbira	35	22.4293	77.5369
Jhapal	35	22.0159	77.5069
Jhapal	35	22.0088	77.5204
Jhujru	35	22.1037	77.6627
Jhirna	35	22.3616	77.8230
Jhapri	35	22.3171	77.7520
Jhiriyadol	35	22.2720	77.8103
Jhunkar	35	22.4373	77.8992
Jhalai	35	22.3906	77.9501
Jhilpa	35	22.1656	77.8298
Jharkund	35	22.0358	77.7978
Jhirna	35	22.0093	77.8147
Jhanji	16	20.9773	77.5743
Jhalar	35	24.5485	79.8895
Jhalariya Mahadev	35	24.6193	79.8884
Jhodag	16	20.5576	77.5543
Jhinjri	35	21.8380	77.1524
Jhakas	35	21.7376	77.0907
Jhirna	35	21.7483	77.1862
Jhapandri	35	21.5172	77.4584
Jhirna Dhana	35	21.6815	77.7401
Jhagariya	35	21.9299	77.8338
Jharegaon	35	21.9060	77.8277
Jhalkhoria	34	25.1334	83.7230
Jhigri Dihra	34	25.0690	83.6522
Jhalkhora	34	25.1157	83.8621
Jhumaria	36	24.8405	83.2071
Jhingapur	16	21.1456	77.0859
Jhingapur	16	21.2216	77.1127
Jhiri	35	21.4708	77.6684
Jhonbadi Jahangir	16	20.5410	77.8307
Jhibla	16	20.6285	77.9849
Jhanditola	16	21.4872	79.6818
Jhakalwadi	16	20.1300	77.1015
Jhadegaon	16	20.3356	77.3851
Jhingal	16	20.8603	77.4523
Jhajhangi	35	21.7080	79.8331
Jhiriya	35	21.6582	79.9467
Jhiriyatola	35	21.6456	79.9422
Jhingurpur	36	24.7215	83.1474
Jhirgadandi	36	24.4549	83.1746
Jhagatkhali	36	24.3455	83.0699
Jhariya	36	24.2651	83.0474
Jharo Kalan	36	24.1844	83.1688
Jharo Khurd	36	24.1817	83.1490
Jharailtola	36	24.0782	83.1274
Jhilimahwa	36	24.0214	83.0096
Jhalarsarai	36	24.0160	83.1954
Jharia	34	24.8432	83.3991
Jharpi	36	24.7678	83.3341
Jharpa	36	24.7656	83.3344
Jharna	36	24.7227	83.3555
Jharia	36	24.5030	83.2533
Jhariya	36	24.4284	83.3290
Jhuribandh	38	24.4190	83.4144
Jhariya	38	24.2605	83.4443
Jhunka	38	24.2036	83.4014
Jhara	37	24.0843	83.3286
Jhariya Mahal	34	24.9629	83.5452
Jhanwar	36	25.1493	78.5670
Jhonk	38	24.4018	83.6639
Jhagrakhar	38	24.3838	83.5175
Jhumaritola	38	24.3851	83.5924
Jhurhi	38	24.3836	83.6388
Jhumri	38	24.3695	83.5989
Jhumri	38	24.3157	83.5534
Jhapahi	38	24.3090	83.7471
Jhoratola	38	24.2161	83.6005
Jhumri	38	24.1796	83.6668
Jhotar	38	24.1101	83.6869
Jhelangi	38	24.0864	83.5818
Jhilbodi	16	20.6897	79.4633
Jhari	16	20.8526	79.9225
Jharap	16	20.9536	79.9079
Jharpara	16	20.8001	79.9875
Jhilbori	16	20.6074	79.8815
Jhari	16	20.4870	79.2893
Jhinga Khor	36	25.4102	80.1838
Jharbori	16	20.4016	79.6025
Jhaliya	36	25.9929	80.2877
Jhanjhari	36	25.8803	80.2703
Jhanjhari	36	25.8215	80.3999
Jhanjhari	36	25.8479	80.4095
Jhanjhara Purwa	36	25.4325	80.3346
Jhau Mednipur	36	25.9776	80.7043
Jhari	38	24.4741	83.9115
Jhariwa	38	24.4305	83.8789
Jhuruajarhi	38	24.4295	83.7542
Jhinatola	38	24.3955	83.8178
Jharna Khurd	38	24.3353	83.9253
Jharna Kalan	38	24.3319	83.9251
Jhagarua	38	24.2529	83.8954
Jharna	38	24.3951	83.8644
Jhilipur	35	23.9270	78.0645
Jhaluwa	38	24.1517	83.7758
Jhura	38	24.1445	83.8581
Jhajhwa	38	24.0374	83.8501
Jhajhnwa	38	24.0290	83.8484
Jhariba	38	24.1747	83.9544
Jhani	38	24.1976	83.9861
Jharapdih	38	24.1987	83.9859
Jhendiguda	16	19.6991	78.1542
Jhalakwad	16	19.3425	78.0872
Jhirniya	35	23.4746	78.0413
Jhirniyan	35	23.3702	78.2043
Jhirniya	35	23.3562	78.0107
Jhangoral	35	25.2887	78.8100
Jhutri	35	24.9883	78.1258
Jhalkui	35	24.9174	78.0309
Jhaloni	35	24.9410	78.1311
Jhagar	35	24.4422	78.1649
Jhagar	35	24.4305	78.1594
Jharota	24	24.8081	76.4937
Jharal	35	23.9692	78.3564
Jharia	35	24.2696	78.4102
Jhanjaheri	35	23.8163	76.4254
Jhari	35	23.8323	76.4938
Jhalki Buzurg	19	17.4466	76.4304
Jhalki Khurd	19	17.4476	76.4782
Jharauta	36	24.4490	78.5883
Jhikni	35	24.0844	78.6154
Jharai	35	24.2198	78.7447
Jhatala	16	19.9747	78.2872
Jhatala Khurd	16	19.9835	78.2741
Jhuli	16	19.9987	78.4376
Jhankar	36	24.4290	78.9820
Jhamkul	16	19.9407	78.7643
Jhandaguda	40	19.4404	78.8959
Jhijhai	36	27.1862	79.0200
Jhulai	36	27.0245	79.0652
Jhagri	35	23.9838	78.9651
Jhinna	35	24.8021	80.1279
Jhagraha	35	24.8996	80.1964
Jhanjhar	35	24.5886	81.0356
Jhand	35	24.5305	81.1069
Jhalwar	35	24.7474	81.2164
Jhursi	35	23.8714	78.5405
Jhiriya	35	24.6632	81.3269
Jhiriya	35	24.6783	81.3776
Jharkuwa	35	24.5163	80.0932
Jhalai	35	24.6317	80.1759
Jhalawa	35	24.9641	81.5063
Jhariya	35	24.9489	81.6868
Jhalawar	35	24.6011	81.6718
Jhalawar	35	24.5853	81.6714
Jhaura	35	24.6190	81.6593
Jhanjhar	35	24.5559	81.5399
Jhurhawa	35	24.9376	81.8056
Jhurhawa	35	24.9339	81.8117
Jholi	35	22.2512	78.0701
Jhalone	35	22.8724	78.3792
Jhiramta	35	22.7577	78.2918
Jhilpiparia	35	22.7905	78.3528
Jhunsi	35	24.4933	81.0309
Jhalwar	35	24.4380	81.0223
Jhopa	35	24.2950	81.2359
Jhiria Kothar	35	24.4504	81.1754
Jhiria	35	24.4516	81.1966
Jhinna	35	24.4403	81.2193
Jhiriya	35	24.2373	81.0657
Jhagaraha	35	24.2036	81.0692
Jhagarhai	35	24.2684	81.2901
Jhajh	35	24.3588	81.4641
Jhiriya	35	24.2399	81.4108
Jhiriya	35	24.1574	81.3065
Jhiriyatola	35	24.0879	81.2865
Jhagarha	35	24.3818	81.7201
Jhokharwar	35	24.3705	81.7346
Jhalwar	35	24.4098	81.5721
Jhala	35	24.3469	81.5377
Jhagari	35	24.3205	81.5403
Jhil	35	24.0683	81.6146
Jhapari	35	24.0802	81.8306
Jhandipathar	35	22.3480	78.4342
Jhanpia	35	22.3450	78.4872
Jhortidhana	35	22.3619	78.4733
Jhirna	35	22.4133	78.9872
Jhirpani	35	22.4019	78.9089
Jhurre	35	22.2527	78.9338
Jhalha	36	25.9866	80.8110
Jhaupur	36	25.9056	80.7998
Jhabba	36	25.7813	80.8242
Jhunki	16	21.2673	78.9291
Jhijkapur	36	27.6211	79.3095
Jhijpura	36	27.5767	79.3190
Jhabbupur	36	27.5279	79.3308
Jhakreli	36	27.6526	79.4052
Jhadgaon	16	20.3644	78.5496
Jhargad	16	20.3360	78.5498
Jhular	16	20.2877	78.7246
Jhunk	35	23.3978	79.0215
Jhiri	35	23.4199	79.0743
Jhamaro	35	23.2819	79.1979
Jhanjir	35	24.2167	80.2840
Jheria	35	24.1902	80.4888
Jhandu	35	24.8817	80.5746
Jhanda	35	24.7983	80.6986
Jhari	35	24.9924	80.7323
Jhamar Kalan	35	23.0631	79.1176
Jhamar Khurd	35	23.0557	79.1097
Jhamra	35	23.2189	79.1515
Jhamanpur	36	25.9974	82.1022
Jhali	35	24.7291	80.6851
Jhunsiya	36	25.8420	82.2858
Jhakaria	36	25.8658	82.6535
Jhansapur	36	25.9376	82.7064
Jhamra	35	23.2933	79.2957
Jhalon	35	23.4787	79.3887
Jhinguria	36	25.5639	82.5079
Jhinguria	36	25.5524	82.5011
Jhunapur	36	25.5416	82.5852
Jhilpani	35	23.1502	79.2532
Jhamar	35	23.0753	79.3290
Jhojha	35	23.0913	79.4178
Jhalon	35	23.1235	79.4774
Jharkua	35	24.3525	80.0457
Jhilmila	35	24.3318	80.0947
Jhumta	35	24.4347	80.2088
Jhinna	35	23.6975	79.5572
Jhela	35	23.5766	79.7088
Jhirmila	35	24.0515	80.1098
Jhiuna	35	24.0105	80.2388
Jhirmila	35	24.1197	80.2240
Jhiri	35	22.1430	79.0313
Jhanjharia Khutia	35	22.0216	79.0800
Jhurkhuti	35	24.3115	80.7418
Jhiria	35	24.4409	80.7030
Jhari	35	24.7343	80.8919
Jhandapur	36	25.6153	81.3998
Jharia	35	22.6485	79.7293
Jhingtepur	36	25.4564	82.4118
Jhilwar	36	25.2062	82.3575
Jhingurpur	36	25.3444	82.5559
Jhingurpur	36	25.3418	82.5513
Jhauwa	36	25.2925	82.6810
Jhori Sanbarsa	36	25.3690	82.6874
Jhinu Dandi	36	25.1871	82.5415
Jhingura	36	25.1140	82.6707
Jhuriya	36	25.4609	82.8673
Jhanjhaur	36	25.4987	82.8802
Jhabra	36	25.3285	82.8221
Jhundlepur	36	25.3966	82.0615
Jhirehri	36	25.3816	82.1684
Jhiria	35	24.4973	80.3368
Jhalon	35	22.5527	79.7868
Jhalwani	35	22.5070	79.7943
Jhiria	35	23.9995	80.5786
Jhalmal	36	24.8530	82.0036
Jharwania	36	24.9651	82.2047
Jhilli	36	24.9848	82.2017
Jhulni	36	24.9892	82.1963
Jhagraha	36	24.8926	82.2641
Jhilampur	36	24.9267	82.4027
Jhirigaha	36	24.9504	82.4241
Jhamba	10	29.3886	77.1076
Jharkheri	36	29.3727	77.1976
Jhagarwan	36	24.8014	82.5270
Jhakhahi	36	24.7691	82.9147
Jhumrihwa	36	24.6700	82.7908
Jharpiya	36	24.5203	82.8866
Jharpiya	36	24.5096	82.8891
Jhanjra Nayawas	10	28.5027	75.7710
Jhanjra Soran	10	28.5048	75.7546
Jhanjra Toda	10	28.4996	75.7561
Jhumpa Kalan	10	28.4952	75.8226
Jhumpa Khurd	10	28.4878	75.8298
Jharoda	24	28.2647	75.9325
Jhingajhar	35	24.4658	82.0104
Jhumariya	35	24.4494	82.0344
Jholu	35	24.3790	82.0879
Jhariya	35	24.4910	82.2230
Jhara	35	24.0301	82.1135
Jhundihawa	35	24.0879	82.1739
Jhurhanar	35	24.1130	82.2301
Jhurhanar	35	24.1324	82.2295
Jhakrawal	35	24.3257	82.3417
Jhakrawal	35	24.3197	82.3400
Jhingurdah	35	24.2047	82.7041
Jhingurdah Colony	35	24.1953	82.7061
Jhingurdah	35	24.2203	82.6912
Jharail	36	24.4755	82.8379
Jhiri Lachhipur	36	25.2169	82.0374
Jhansapur	36	25.6790	82.3739
Jhari	36	25.5175	82.3266
Jhakwasa	36	26.5164	80.8148
Jhamal Khera	36	26.3708	80.9974
Jhampura	36	25.6856	82.8503
Jhiljhili	07	28.5366	76.9026
Jhatikra	10	28.5201	76.9637
Jhotharha Khera	36	26.1822	80.7536
Jhampur	36	26.1291	80.8462
Jhabarhardopatti	36	26.1338	80.8942
Jharaka	36	29.1837	78.0293
Jhundpura	36	29.0080	78.1437
Jhabbapuri	36	29.0052	78.0308
Jhilmila	36	29.4925	78.3784
Jharpura	36	29.4996	78.4738
Jhalri	36	29.4109	78.3502
Jharkhandi	36	29.3154	78.3994
Jharna	36	24.6399	82.3527
Jhagarha	36	24.6175	82.3866
Jhaprawah	36	24.6095	82.3595
Jhondawal	35	24.6458	82.6377
Jhugmar	35	24.6196	82.5344
Jhurkatta	35	24.6248	82.7406
Jhawa Kalan	36	27.6510	81.0016
Jhauwa Khurd	36	27.5474	81.0689
Jhuranpur	36	27.3536	81.0071
Jharia	36	27.2926	81.0691
Jhabar	36	27.4885	81.2031
Jhajihar	36	27.4887	81.0018
Jhala Kalan	36	27.7214	81.5078
Jhingha	36	27.5792	81.5517
Jhansa	36	27.6107	81.5813
Jhapar	36	24.0278	82.9896
Jhalpa	36	24.0319	82.9638
Jhojhe Purwa	36	27.6751	81.6962
Jhala	36	27.6606	81.6749
Jhilaura	36	27.5504	81.6979
Jhaparwa	36	27.3384	81.5759
Jhalla	36	27.2775	81.5982
Jhapatpur	36	27.2903	81.6216
Jhala	36	27.3910	81.7081
Jhunjhunian	36	27.6820	81.8290
Jhulaiya	36	27.5886	81.9232
Jhali Purwa	36	27.1301	81.8485
Jharkhand Bawa	36	27.0776	81.7704
Jhingar Purwa	36	27.0564	81.8288
Jhau Lal Pande	36	27.0580	81.7553
Jhalian Purwa	36	27.0513	81.9053
Jhajhari	36	27.1066	81.9667
Jhaunhan	36	27.2031	81.8899
Jhajhari	36	27.1102	81.9795
Jhuman Purwa	36	27.2187	81.7970
Jharpa	34	24.7093	83.5943
Jhagra	35	22.2690	79.8499
Jhola	35	22.3359	79.9606
Jhalkhora	34	24.9500	83.7714
Jhali	34	24.9338	83.7526
Jhabri Khurd	36	26.9882	81.0288
Jhijhimau	36	26.8173	81.1499
Jhajhra	36	26.9556	81.1385
Jhabiapur	36	26.7829	81.2486
Jhamai Khera	36	26.5237	81.2053
Jhawara	16	21.0954	79.6402
Jhiran	36	29.1173	78.4096
Jhalamari Baihk	12	34.2072	74.0888
Jhandi Chaur	36	29.5264	78.6692
Jhamkoliheti	16	20.6310	79.1954
Jhamkoli	16	20.6211	79.1946
Jhunka	16	20.5537	79.0465
Jhart	39	29.6717	78.8591
Jhundai ka Sar	39	29.7049	78.8517
Jhundai	39	29.7073	78.8634
Jhal	35	24.2688	80.9012
Jhulan Khatta	39	29.3889	78.8978
Jham Khera	36	26.4986	81.0657
Jhau Khera	36	26.3934	81.0152
Jham Khera	36	26.4011	81.1772
Jhanjira	36	29.0775	78.7517
Jhari	16	20.6476	79.5752
Jhakar Kuta	36	26.2994	81.7831
Jhalalpur	36	26.3643	81.8007
Jhari	16	20.0994	79.5087
Jhandahatola	35	24.2169	80.7797
Jhirraha	35	24.1341	80.7815
Jhanjhbari	35	24.1367	80.8848
Jharha	36	25.8554	81.0226
Jhamtia Pada	16	21.3171	74.0778
Jhari Pada	16	21.3319	74.0911
Jharala Pada	16	21.3077	74.2027
Jhunakpuri	36	28.8361	78.3327
Jhilang	36	25.1300	81.0187
Jhari	36	25.0551	81.0803
Jhaimal	36	25.0478	81.1822
Jhabar Khera	36	27.0028	80.8047
Jhabra	36	27.1784	80.9792
Jhakra	36	27.2224	80.8346
Jhunkia	36	27.1104	81.5185
Jhunagarh	36	27.1253	81.6709
Jhalaria	36	27.0894	81.6401
Jhau Purwa	36	27.1755	81.7267
Jhamia Purwa	36	27.1495	81.6795
Jhundi Muafi	36	28.6779	78.3118
Jhundi	36	28.6744	78.2942
Jhujharpur	36	28.6178	78.3272
Jhingur Purwa	36	27.4459	81.7623
Jhau Purwa	36	27.4207	81.8029
Jhuri Kuian	36	27.3342	81.8098
Jhala	36	27.3050	81.7645
Jhulwa	36	27.2984	81.8333
Jhala Tarhar	36	27.4236	81.7629
Jhargaon	16	19.6720	77.5221
Jhunganpur	36	28.8653	78.7458
Jhotupur	36	28.1084	79.8975
Jhukwara	36	25.8581	81.3629
Jhajulal ka Purwa	36	25.8071	81.4580
Jharha	36	26.0502	81.1922
Jhaugarh	36	26.5694	81.5970
Jhakwa	36	26.6553	81.7445
Jhabra Basoria	36	26.9376	81.7802
Jhabal Purwa	36	26.9622	81.9407
Jhalia Chausela	36	26.9164	81.9874
Jhukera	36	28.2297	78.5293
Jhauni	36	26.1319	81.7529
Jhakra	36	28.5564	78.9072
Jhotianwali	12	33.7002	74.4001
Jhikka Khet	12	33.5009	74.4181
Jhaganwali	12	33.6427	74.4487
Jhauhanan	36	27.5193	82.1234
Jhauhni	36	27.5327	82.1252
Jhariag Dih	36	27.6112	82.1394
Jhanjhar	36	27.4943	82.0530
Jhabar Jot	36	27.3877	82.0068
Jhuri Kuian	36	27.3900	82.0353
Jhalia	36	27.3760	82.0137
Jhalia	36	27.3679	82.1805
Jhariag Dih	36	27.3295	82.2498
Jhaude	36	27.0661	82.0017
Jhagarwapar	36	25.3853	81.3674
Jhagru	36	27.1161	82.1553
Jhalia	36	27.0224	82.1395
Jhandahwa	36	27.0254	82.1436
Jhata	36	27.0332	82.1408
Jhilahi	36	27.0732	82.1891
Jhagru Jot	36	27.0734	82.2346
Jhalan	39	29.8190	79.1008
Jhag	39	29.8030	79.1450
Jhimar	39	29.7532	79.1479
Jhijhakot	39	29.7569	79.2172
Jhilgad	39	29.8947	79.2333
Jhunjhunia	36	27.3947	82.2661
Jhalia	36	27.3206	82.3392
Jhilmil	36	27.0166	82.2556
Jhagrai Dih	36	27.1859	82.3866
Jheghar Jaula	36	27.0202	82.4043
Jhagrun Bari	36	27.0421	82.4075
Jhaua	36	27.4414	82.5383
Jhundia	36	27.3331	82.6290
Jhangwa Gadori	36	27.1127	82.8004
Jhahraon	36	27.0922	82.9458
Jhetasi Purwa	36	26.9905	82.0343
Jhingar Pandit Purwa	36	26.9981	82.0566
Jhingar Purwa	36	26.9938	82.0575
Jhengarganj	36	26.2250	82.0218
Jhalapur	36	26.2232	82.0639
Jhiwa	36	26.2430	82.0955
Jhauara	36	26.2071	82.1598
Jhalpi	36	26.1370	82.2079
Jhengar	36	26.0070	82.1854
Jhingar	36	26.1448	82.2338
Jhagru	36	26.1954	82.2388
Jhir Danda	12	33.4419	74.9763
Jhagarhat	36	25.2322	81.3267
Jhagrai	36	25.2415	81.4172
Jhalana	36	26.9993	82.3191
Jhalari	36	26.4934	82.4903
Jhamai Purwa	36	26.1442	82.3098
Jhirua Kamalpur	36	25.9057	83.0025
Jhangai Purwa	36	26.1582	82.3816
Jhanianpur	36	26.0780	82.3531
Jhagaria	36	26.1763	82.4695
Jhaliawa	36	26.0037	82.4678
Jhalaha	36	26.9237	82.5195
Jhakhiria	36	26.8767	82.5485
Jhagupur	36	26.9011	82.6540
Jhungwa	36	26.8228	82.6764
Jhungia	36	26.7151	82.5393
Jhamai Jot	36	26.7393	82.6562
Jhewapur	36	26.0439	82.7349
Jharkatia	36	26.8139	82.8564
Jharkatia	36	26.8094	82.7860
Jhingurapar	36	26.6128	82.9864
Jhauwan	36	25.8526	83.2728
Jhotna	36	25.7570	83.3237
Jhanjhwa	36	26.4881	82.8678
Jhakharwara	36	26.3955	82.8382
Jhakaha	36	26.1072	82.8511
Jhagra Pakar	36	26.2143	82.9092
Jhungwa	36	27.2441	83.5075
Jhanjwapar	36	27.1173	83.0073
Jhunria Buzurg	36	27.1298	83.0183
Jhunria Khurd	36	27.1259	83.0395
Jhanjhapar	36	27.1122	83.0470
Jhauwa Komar	36	27.0974	83.1129
Jhangpar	36	27.1460	83.1495
Jhungwa	36	27.0688	83.2088
Jhungri Jot	36	27.1503	83.2219
Jhamat	36	27.2046	83.3455
Jhunwa	36	27.1121	83.3386
Jhawakot	36	27.0903	83.4132
Jhungwa	36	27.0352	83.5943
Jhau ka Purwa	36	25.8422	81.6132
Jhau ka Purwa	36	25.8182	81.6308
Jhingur	36	25.8013	81.5923
Jhunria	36	26.9823	83.0453
Jhalwa	36	26.9951	83.1051
Jhagaria	36	26.7889	83.1343
Jhagrahwa	36	26.9000	83.2395
Jhagru	36	26.9657	83.2239
Jholwa	36	26.5926	83.0089
Jhakai	36	26.6316	83.1191
Jhunria	36	26.6080	83.1145
Jhakahi	36	26.6238	83.1557
Jhunria	36	26.6241	83.2132
Jharkata	36	26.6281	83.2447
Jheongar	36	26.4393	83.1136
Jhanjhwa	36	26.4628	83.1205
Jhain	36	26.4106	83.1344
Jhalia Bazar	36	26.4007	83.1474
Jhangai Pura	36	26.4841	83.1884
Jhauwa Khurd	36	26.4920	83.1972
Jhauwa Kalan	36	26.4988	83.1973
Jhara Pipri	36	26.1812	83.1090
Jhonsi	36	26.1295	83.2006
Jhagarwa	36	26.0417	83.2317
Jhontipur	36	26.2453	83.1171
Jhajaura	36	26.1071	83.1900
Jhanjhwa	36	26.9384	83.3586
Jhagraha	36	26.9067	83.3197
Jhungia	36	26.8181	83.4025
Jhulni	36	26.9965	83.4567
Jhajhwa	36	26.8258	83.4608
Jhungia	36	26.7405	83.2637
Jharwa	36	26.7103	83.3628
Jhar Khandhi	36	26.6463	83.4492
Jhangha	36	26.6431	83.4924
Jharkata	36	26.3661	83.3152
Jhagrauha	36	26.3209	83.3161
Jhanjwa	36	26.4515	83.3848
Jhadhar	36	26.2770	83.3748
Jharna	36	26.4211	83.4563
Jhumila	36	26.3050	83.4439
Jhungia	36	26.8235	83.6318
Jhanjhanpur	36	26.7850	83.7182
Jhanga	36	26.7796	83.7325
Jhaliyan ka Pura	36	25.7149	81.5314
Jhakrahi	36	25.7119	81.5480
Jhinga	36	25.5420	81.6899
Jhuratia	36	25.6224	81.6688
Jhanjha	36	26.2865	83.5774
Jhanjha Sheo	36	26.2905	83.5808
Jharoguda	16	19.3986	80.5984
Jhareguda	37	19.3485	80.5206
Jharedarba	16	19.3694	80.6061
Jharwa Chhapra	36	26.7870	83.9821
Jhamar	12	33.4688	75.6985
Jharikhera	35	23.9341	80.1785
Jhanja	35	23.4080	80.0844
Jhansi	35	23.3636	80.0817
Jhurjhuri	35	23.2449	80.0077
Jhiria	35	23.2043	80.0399
Jhurjhuri	35	23.2323	80.0106
Jhoj	35	23.2475	80.2096
Jhurki	35	23.1231	80.2222
Jhinjri	35	23.7927	80.3550
Jhula	35	23.8452	80.4430
Jhirri	35	23.5629	80.4538
Jhiria	35	23.6111	80.3708
Jhirna	35	23.2906	80.4319
Jhilmila	35	23.3200	80.3963
Jharapani	35	23.3991	80.3907
Jhirna	35	23.4801	80.4340
Jhanjh	35	23.3357	80.4806
Jhinjhri	35	23.7438	80.5412
Jhota	12	33.1075	75.6029
Jhandani	12	33.1115	75.6591
Jhagota	12	33.1219	75.7476
Jhatan	12	33.0309	75.7391
Jhalpani	35	23.0039	80.3358
Jhinjhra	35	23.0462	80.4851
Jhanpi	35	23.6802	80.6093
Jharela	35	23.6731	80.6556
Jhilmili	35	23.4527	80.5692
Jhirni Tola	35	23.3062	80.5691
Jhapi	35	23.4479	80.5910
Jhiria	35	23.1389	80.5157
Jhiria	35	23.1311	80.5167
Jhiria	35	23.8753	80.7520
Jhala	35	23.7135	80.7506
Jhikatal	35	23.3727	80.9292
Jhagrehta	35	23.2175	80.7976
Jhamara	12	33.1327	75.7643
Jhand	12	32.7194	75.2357
Jhar	12	32.6327	75.2746
Jhumbar Tarf Narot	23	32.2989	75.4751
Jhalari	35	25.1111	81.5110
Jhotia	35	25.0253	81.6441
Jhanjhara Chaube	36	25.0720	81.7238
Jhanijhara Dube	36	25.0795	81.7210
Jhanjhara	36	25.0838	81.7231
Jhawar	23	32.0020	75.3818
Jhabkara	23	32.1612	75.3679
Jhela Amda Shakargarh	23	32.2238	75.4707
Jhela Amda Gurdaspur	23	32.2146	75.4640
Jhakarpindi	23	32.1473	75.4688
Jhuta	12	32.6608	75.7405
Jhau ka Purwa	36	25.6234	81.7590
Jhariyahi	36	25.6616	81.9881
Jhandpur	23	32.3030	75.5455
Jhakhian Lahri	23	32.2940	75.6048
Jhajeli	23	32.3229	75.6257
Jharoli	23	32.2963	75.7165
Jhuri	16	19.8526	80.2969
Jhalwa	36	25.4355	81.7708
Jhandiahi	36	25.1440	81.9175
Jhariya	35	24.8855	81.0309
Jhakaura	35	24.8915	81.0000
Jhonta	35	24.8099	81.0121
Jhakhaura	35	24.7794	81.0960
Jhaloia	23	32.1927	75.5919
Jharauli	23	32.1097	75.5550
Jharerian	23	32.0517	75.6722
Jhiring	23	32.0684	75.6696
Jhangrara	11	32.1695	75.7020
Jhang	23	32.0290	75.7308
Jhiri	35	22.3977	74.4338
Jhutiali	23	32.4295	75.7753
Jhikli Khanni	11	32.2955	75.8039
Jhikkawal	11	32.2982	75.8739
Jharoli	11	32.2859	75.9394
Jhanjhrali	11	32.2928	75.9852
Jhotvada	16	21.3733	74.5873
Jhirniya	35	22.2723	75.7280
Jhalariya	35	22.7588	75.9548
Jhirniya	35	22.2578	75.8756
Jhanjhnagar	35	22.7824	80.1490
Jhurki	35	22.7832	80.2258
Jhinjhrai	35	22.7740	80.2327
Jholegaon	16	20.0514	75.0126
Jhulpul	35	22.5930	80.0935
Jhiria	35	22.5160	80.2480
Jhagral	11	32.1887	75.7913
Jharoli	11	32.1467	75.8957
Jhikla Chhatar	11	32.1675	75.8867
Jhajjuan	11	32.2050	75.9112
Jhuranga	11	32.2168	75.9590
Jhangpur	11	32.2084	75.9591
Jhalun	11	32.1998	75.9605
Jhumb	11	32.1444	75.9308
Jhalar	11	32.1327	75.9491
Jhumb	11	32.1340	75.9459
Jhaunka	11	32.0291	75.9766
Jhanguni	11	32.2323	75.9874
Jhat	09	24.4876	72.3547
Jhanjhoti	23	31.7191	74.7494
Jhitarra	35	22.3018	80.0458
Jhilwani	35	22.4622	80.1307
Jhuggian Kalu	23	31.1625	74.7227
Jhuggian Nur Muhammad	23	31.1274	74.6948
Jhuggian Naththa Singh	23	31.1199	74.6984
Jhuggian Kashmira Singh	23	31.1393	74.5389
Jhuggian Ganda Singh	23	31.1366	74.5354
Jhuggian Tara Singh	23	31.1401	74.5257
Jhopra	37	20.9363	81.3598
Jharinga	35	22.6331	80.2536
Jhalpani	35	22.7200	80.4682
Jhipatola	37	20.4186	81.4028
Jharmokhli	37	20.9648	81.5165
Jhangul	35	22.2750	80.4441
Jhigraghat	35	22.4972	80.4828
Jhali Tola	35	22.2280	80.2809
Jhiria	35	22.1593	80.3690
Jhangul	35	22.1501	80.4794
Jhura Khera	35	22.1251	80.4947
Jhara	35	22.1251	80.4993
Jhurki	35	22.7977	80.6707
Jhandatola	35	22.8150	80.7126
Jhuluf	35	22.5010	80.6462
Jhigarhata	35	22.7042	80.6715
Jhingratola	35	22.6227	80.7411
Jhulap	35	22.2518	80.5142
Jhapul Kisli	35	22.3200	80.7495
Jhander	23	31.4260	74.9761
Jhamke	23	31.4079	74.8109
Jharna	35	22.7806	80.9101
Jhuggian Pir Bakhsh	23	31.1357	74.7518
Jhamke	23	31.0911	74.9336
Jhugge Jag Singhwale	23	31.0801	74.7952
Jhuggian Butewalian	23	31.0230	74.9845
Jhuggian Gamowalian	23	31.0090	74.9963
Jhuggian Telu Mal	23	31.0106	74.8577
Jhunjhartola	35	22.6214	80.8470
Jhunjhar	35	22.6185	80.8585
Jhigratola	35	22.5340	80.8743
Jhigratola	35	22.5197	80.8842
Jhapul	35	22.3039	80.7508
Jhok Harihar	23	30.8676	74.6134
Jhariwala	23	30.8262	74.6657
Jhok Sarkari	23	30.7669	74.5442
Jholar	35	22.1267	80.8188
Jhande	23	31.7453	75.0594
Jher Nangal	23	31.5225	75.1608
Jhodanagri	23	31.6076	75.1483
Jhanbke	23	31.7247	75.1935
Jharu Nangal	23	31.5861	75.1895
Jhanj Kalan	10	29.3753	76.2750
Jhanj Khurd	10	29.3703	76.2777
Jhinwar Khera	10	29.4442	76.4971
Jhalewara Tola	35	21.7354	80.0091
Jhander	23	31.3606	75.1173
Jhal Ahlupur	23	31.2617	75.1519
Jhanduwala	23	31.2564	75.1391
Jhugian Araiyan	23	31.3563	75.1792
Jhuggian Gamun	23	31.1579	75.1026
Jhuggian	23	31.0344	75.2167
Jhungian Bandu	23	31.2424	75.1344
Jhal Laiwala	23	31.2430	75.2287
Jhalewara	35	21.7456	80.0064
Jhalewara	35	21.7336	80.0193
Jhargaon	35	21.6950	80.0887
Jhunta	24	26.0362	73.9857
Jhalutola	16	21.4878	80.0645
Jhanjia	16	21.3585	80.2333
Jhambli	16	21.1909	80.0490
Jhirkutola	16	21.2164	80.2100
Jhiratola	16	21.1004	80.2278
Jhankargondi	16	21.0052	80.1814
Jhilmili	16	21.5315	80.3081
Jhilmilitola	16	21.5212	80.3078
Jhiriatola	35	21.5974	80.4680
Jhingutola	35	21.4872	80.4761
Jhanda Gujaran	23	31.9007	75.4980
Jhuratola	35	21.8570	80.6543
Jhal Bibri	23	31.3340	75.3188
Jhakurdatola	35	21.7127	80.5696
Jhakurda	35	21.7052	80.5815
Jhanda Labuna	23	31.8924	75.5158
Jhangi Moheshah	23	31.9103	75.5900
Jhiklapind	23	31.8862	75.6689
Jhangilabana	23	31.9723	75.7096
Jhangi	23	31.8410	75.6928
Jhingar Khurd	23	31.7704	75.6552
Jhingar	23	31.7780	75.6464
Jhiriatola	16	21.3407	80.5573
Jhans	23	31.6512	75.6371
Jhojar	23	31.5789	75.7120
Jhaj	23	31.6084	75.7219
Jhanwan	23	31.6664	75.6845
Jhajipind	23	31.7205	75.6768
Jhambowal	23	31.6989	75.7467
Jhabartola	37	22.7814	82.0312
Jhabar	37	22.7780	82.0233
Jhalro	24	25.7150	73.8894
Jhuntra	24	25.6049	73.9123
Jhinjhari	37	21.1262	80.6504
Jhandatalaotola	37	21.0908	80.7180
Jhandatalao	37	21.0937	80.7431
Jhitratola	37	21.0328	80.7051
Jhorbala	11	31.9619	75.9044
Jharera	23	31.8289	75.9385
Jhamra	11	31.8033	75.9516
Jhambar	11	31.9836	75.8935
Jhirrigobar	37	22.8862	82.3365
Jharwatola	35	21.9496	80.7952
Jhamul	35	21.8195	80.7960
Jhangnagartola	37	21.7915	80.8494
Jhaunkapara	37	22.3173	82.0206
Jhalmala	37	22.1722	82.2637
Jhampra	35	23.0225	75.3771
Jheria	37	22.0856	82.3673
Jhanjh	37	22.2233	82.4662
Jhalara	35	22.6846	75.5711
Jhari Baroda	35	22.5245	75.5727
Jhora	37	22.5159	82.6261
Jhiria	37	21.6053	80.9203
Jhurkheda	16	21.0604	75.3939
Jhinkadah	37	21.3683	80.9430
Jhalatola	37	21.2657	80.9389
Jhitia	37	21.1271	80.9005
Jhinka	37	21.0256	80.8856
Jhinka	37	22.1893	82.6694
Jhopka	37	22.9745	82.7914
Jhirmiti	37	22.9183	82.9543
Jhagarha	37	22.3583	82.7710
Jhithripali	37	21.7482	82.2641
Jhari	16	20.1708	75.2759
Jhilmili	37	21.9144	82.4046
Jhilmila	37	21.9230	82.4070
Jhulan	37	21.8989	82.4303
Jhargaon	16	20.9839	80.0087
Jhalpan	37	21.5176	82.4366
Jhabri	37	21.7095	82.5359
Jharra	37	21.9482	82.7509
Jhalronda	37	21.9347	82.8976
Jhumarpali	37	21.6488	82.8280
Jharap	37	21.7314	82.8707
Jhumka	37	21.6460	82.9216
Jhalkhamaria	37	21.0802	82.1424
Jhilmili	37	21.1882	82.2333
Jhara	37	21.1439	82.2939
Jhankharpali	37	21.1181	82.5687
Jhajhauli	36	27.1799	80.6791
Jhabba Khera	36	27.0631	80.6682
Jhudbaria	36	27.0349	80.5917
Jhari	16	20.5760	80.0127
Jhundtala	36	27.6997	80.8423
Jhakranwan	36	27.3011	80.8209
Jharsawan	36	27.3497	80.8591
Jhari	16	20.0737	80.2045
Jhaj	23	31.2862	75.9791
Jhander Kalan	23	31.2120	75.9292
Jhander Khurd	23	31.2111	75.9206
Jhingran	23	31.1147	75.9797
Jhungian	23	31.0209	75.8421
Jhalwas	11	33.0990	76.3862
Jhaj Kothi	11	32.8344	76.0794
Jhajja	11	32.7743	76.0939
Jhandera	11	32.7607	76.1914
Jhoga Barolu	11	32.6749	76.0623
Jhaira	11	32.6531	76.1424
Jhakru	11	32.6007	76.2233
Jhal	11	32.5957	76.1534
Jhakrar	11	32.5300	76.1452
Jhullu	11	32.5283	76.1482
Jhuraru	11	32.5365	76.0583
Jhatar	11	32.5015	76.0351
Jhatka	11	32.5181	76.2441
Jhankargondi	16	20.6684	80.4439
Jhanihatta	11	32.4875	76.1638
Jhao Gali	11	32.4275	76.1380
Jhanjru	11	32.3954	76.0893
Jhola	11	32.3572	76.0217
Jhuled	11	32.3150	76.0383
Jhangri	11	32.2650	76.1340
Jhandepar	16	20.7716	80.5008
Jhitia	37	20.7822	80.6439
Jhalatola	37	20.9604	80.6787
Jhalia	16	20.4438	80.5322
Jhalahr	11	32.2127	76.1748
Jhanjron	11	32.1888	76.0205
Jhura	11	32.0883	76.0352
Jhuraru	11	32.0771	76.2183
Jhakrial	11	32.0385	76.0264
Jhagarwahi	16	20.7079	80.5479
Jhakla	11	32.7208	76.2768
Jhikraut	11	32.5707	76.2624
Jholatola	37	20.6913	80.8301
Jharan	37	20.5486	80.8936
Jholin	37	20.3405	80.9930
Jhilmila	35	22.8660	81.0121
Jhamul	35	22.5265	81.1749
Jhanki	35	22.7228	81.1124
Jhola	37	22.4814	81.1750
Jhalmala	37	22.0492	81.0037
Jhilmila	35	22.9133	81.2879
Jhinjhri	35	22.7815	81.3004
Jhanjhartola	35	22.9011	81.3857
Jhiria Kalan	37	22.2555	81.4626
Jhiria	37	22.4187	81.4968
Jhumar	37	22.4449	81.4340
Jhanjar	11	32.4525	76.4536
Jhanjri Ser	11	32.4487	76.4134
Jhargota	11	32.4111	76.4066
Jhirna	37	22.0083	81.3291
Jhiria Khurd	37	22.2411	81.4622
Jhankitola	35	22.9305	81.5092
Jhigri	35	22.7230	81.5197
Jhigritola	35	22.7403	81.6180
Jhikli Barol	11	32.1996	76.3356
Jhikka	11	32.1970	76.2869
Jhonkrehr	11	32.1689	76.3393
Jhalgi	36	27.2056	81.0817
Jharsawan	36	27.1952	81.1096
Jhansa	36	27.2102	81.1812
Jhingradongri	37	22.3427	81.5123
Jhajhpuri	37	22.2890	81.6683
Jhalri	37	22.3436	81.5934
Jhitkania	37	22.0733	81.5549
Jhaliapur	37	22.0071	81.5156
Jhagarhata	37	22.0867	81.6554
Jhirwan	37	22.2494	81.6564
Jhonka	37	22.1691	81.6752
Jhulna	37	22.1014	81.7103
Jhapal	37	22.2415	81.6780
Jhangori	11	32.3714	76.5146
Jhund	11	32.3106	76.5396
Jhagrakhand	37	22.7667	81.8612
Jhadutola	37	22.9343	81.9248
Jhirnapondi	37	22.9071	81.9359
Jhak	24	26.0326	74.3783
Jherun	11	32.0945	76.6540
Jharkua	35	24.4499	79.7644
Jhirata	35	24.3154	79.8578
Jhagra	35	24.3929	79.9922
Jhor Thach	11	32.0703	76.9469
Jhajrar Badhi	11	32.0473	76.8204
Jhajrar Mathi	11	32.0557	76.8102
Jhakwan	11	32.0128	76.8956
Jhamerha	11	32.0013	76.8635
Jhingatpur	37	22.3616	81.9941
Jhajpuri	37	22.1554	81.7934
Jhirauni	37	21.9115	81.2964
Jhalmala	37	21.9725	81.3860
Jhalmala	37	21.6209	81.6376
Jhilga	37	21.9063	81.8079
Jhulna	37	21.8528	81.8951
Jhulna	37	21.9749	81.9126
Jhiria	37	21.6408	81.7888
Jhipan	37	21.5864	81.9823
Jhandewal	23	31.0738	76.0920
Jhang	11	31.9876	76.2730
Jharal	11	31.9568	76.2721
Jhola	11	31.8400	76.4270
Jhor	11	31.8090	76.3524
Jhagrol	11	31.8239	76.3498
Jhagrial	11	31.7847	76.3951
Jhinjri	23	31.2342	76.5356
Jharni	11	31.1783	76.6958
Jhinjri	23	31.1780	76.5024
Jhajra	11	31.1222	76.6293
Jhandian	11	31.0653	76.7329
Jharmura	37	21.4232	82.7642
Jhapimahua	37	21.3952	82.7876
Jharband	37	21.3799	82.8933
Jharurela	37	21.4413	82.8396
Jhalpali	37	21.4848	82.9465
Jhalwan	11	31.9773	76.7907
Jhagarkot	11	31.9436	76.9340
Jhaunpra	11	31.7650	76.8337
Jhand	11	31.8332	76.8721
Jhalog	11	31.7379	76.8996
Jhal	11	31.6712	76.9193
Jhir	11	31.6363	76.7804
Jharwahni	11	31.5572	76.9873
Jhandohr	11	31.4463	76.7993
Jhandowi	11	31.3129	76.9681
Jhabali Khas	23	30.5400	76.2801
Jhabali Sani	23	30.5249	76.2559
Jhanjeri	23	30.6852	76.6175
Jhampur	23	30.6126	76.5650
Jhar Majri	11	30.9254	76.8337
Jhotwara	24	26.9454	75.7589
Jhalana	24	26.8566	75.8202
Jhunjhan	11	31.1359	77.2363
Jheka	11	31.1341	77.2452
Jhithridumar	37	20.6375	82.1022
Jhonpria	24	25.9319	75.4896
Jhilmila	37	20.8967	82.4762
Jhitki	37	20.8885	82.4621
Jhanjarwa Mota	24	23.2143	74.1766
Jhanjarwa Nana	24	23.2221	74.1730
Jher Moti	24	23.2025	74.2234
Jher Nani	24	23.2006	74.2302
Jhab	09	23.1229	74.0767
Jharola	09	23.0840	74.0256
Jhapamauri	24	23.1277	74.3984
Jholi	35	23.0857	74.3879
Jharni	35	23.0538	74.3357
Jhapadhra	35	23.0097	74.4952
Jhilmila	21	20.7830	82.5201
Jhajhimura	21	20.7752	82.6479
Jhalbahal	21	20.8523	82.5825
Jhitki	21	20.9925	82.6082
Jhitaki	21	20.9116	82.7373
Jhipabahal	21	20.6745	82.5421
Jhagrahi	21	20.5210	82.5932
Jharband	21	20.7377	82.7209
Jharkot	11	31.2206	77.9306
Jhatwari	11	31.2023	77.8077
Jhalta	11	31.0939	77.8259
Jhalri	11	31.0800	77.7686
Jharnamal	21	20.4307	82.5840
Jhalkusum	21	20.4268	82.6638
Jholpathar	21	20.3775	82.7193
Jharsaram	21	20.2752	82.7146
Jhirnikhol	21	20.1998	82.5733
Jhargaon	37	20.0026	82.5210
Jharband	21	20.0239	82.5939
Jholanbar	21	20.0186	82.6165
Jhapratola	36	23.8920	83.0020
Jhojwa	36	23.9745	83.1340
Jhanakpur	37	23.9391	83.2121
Jhalanu	11	30.9778	77.5198
Jhagrah	11	30.9544	77.5937
Jhan	11	30.9248	77.5635
Jhandua	11	30.9202	77.7270
Jhakar	11	30.9095	77.5301
Jhuari	11	30.9116	77.5237
Jhalri	11	30.8754	77.6428
Jhagaria	37	23.5446	83.5085
Jhaladongri	35	24.0569	79.9338
Jhalpi	37	23.5751	83.7431
Jhanda Nagla	36	30.1483	77.6398
Jhanjhauli Mahmudpur	36	30.1071	77.6641
Jhikriya	35	23.7175	76.0921
Jhikriya ka Khera	35	23.7134	76.0857
Jhitratalai	35	23.6259	76.0698
Jhandewaripathot	35	23.6427	76.1265
Jhabrar	39	30.7928	77.8835
Jhurnia	35	23.4550	76.0950
Jhanpatoli	37	23.5637	83.9624
Jhanderi Jatan	36	29.2382	77.7904
Jhinjharpur	36	29.1426	77.8535
Jharnaoda	35	23.3708	76.0726
Jhirnia	35	23.3427	76.1217
Jharra	37	21.9490	83.0725
Jhanakpur	37	21.7689	83.0258
Jharidih	37	21.9899	83.0475
Jhayangpu Thach	11	31.7062	78.4180
Jhanneshwar Madadev	35	23.0558	76.2117
Jharkheri	35	23.1534	76.2164
Jhonkar	35	23.2361	76.1814
Jhalmala	37	21.5109	83.1474
Jharpali	37	21.5938	83.1124
Jharapdih	37	21.5980	83.1017
Jhabar	37	21.5836	83.2453
Jhilgitar	37	21.5441	83.1854
Jhabrawala	39	30.1412	78.0994
Jhikriya	35	23.7447	76.2720
Jhilmila	37	21.3140	83.0236
Jhunangapali	21	21.0757	83.2389
Jhaliamura	21	21.0405	83.2348
Jhalan	39	30.1861	78.8623
Jhangarbau	39	30.0543	78.9041
Jharpali	39	29.9544	78.9530
Jhalu	39	29.9368	78.8739
Jhalu	39	29.8438	78.8728
Jhangaria	39	29.8421	78.7673
Jharmunda	37	21.8069	83.3711
Jhalmala	37	21.8106	83.4373
Jhulanpali	37	21.7854	83.4186
Jhanakpur	37	21.5656	83.2833
Jhilgitar	37	21.7276	83.4708
Jharpali	21	21.5731	83.4450
Jharina	36	28.8590	78.0626
Jhotha	36	28.7492	78.2400
Jharera	36	28.1779	78.0985
Jhal	37	21.3821	83.2870
Jharmunda	21	21.4544	83.3598
Jhikjhiki	21	21.4593	83.4008
Jharmunda	21	21.4230	83.4716
Jhankerpali	21	21.4164	83.4646
Jhankerpali	21	21.3358	83.4190
Jharmunda	21	21.2214	83.3305
Jharai	21	21.2315	83.2534
Jhagarjhal	21	21.2144	83.2889
Jhankarpali	21	21.1918	83.3098
Jhimbahal	21	21.0686	83.2740
Jhankarpali	21	21.0612	83.3290
Jharbandhli	21	21.0156	83.3712
Jhankarpali	21	21.0284	83.3525
Jhankersirgira	21	21.1608	83.3806
Jhirlipali	21	21.1539	83.3988
Jhalpali	21	21.1827	83.3338
Jhargura	37	21.9480	83.5230
Jhargaon	21	21.8035	83.5016
Jharupara	21	21.7742	83.5850
Jhulenbar	21	21.9829	83.6864
Jhulenbar	21	21.9668	83.6892
Jhonpripara	21	21.8750	83.7437
Jhargaon	21	21.7863	83.6810
Jhadupada	21	21.5149	83.5539
Jhankarpali	21	21.3053	83.5013
Jhankwani	39	30.5617	79.2007
Jhulopali	21	21.1866	83.5432
Jhulpiapali	21	21.0741	83.5086
Jharakani	21	21.9834	83.9389
Jharberna	21	21.6975	83.7712
Jharmunda	21	21.7329	83.8052
Jharni	21	21.7314	83.9530
Jharmunda	21	21.6792	83.9302
Jharapali	21	21.2672	83.8089
Jhuapali	21	21.2704	83.7913
Jhilminda	21	21.3037	83.8164
Jhankarpali	21	21.4303	83.7912
Jhankarpali	21	21.3742	83.8363
Jhankarpali	21	21.4475	83.8527
Jharmunda	21	21.4315	83.8956
Jhitipali	21	21.3159	83.9687
Jhunkabahal	21	21.3234	83.8306
Jharapali	21	21.4271	83.9703
Jhankarpali	21	21.4393	83.9483
Jhankerpali	21	20.9704	83.0688
Jhala	36	27.9917	81.2922
Jhatku	36	27.8092	81.3383
Jhanju	36	27.5454	81.3767
Jhui	36	27.6879	81.4828
Jhabrapur	36	27.3155	81.2558
Jhabrapur	36	27.1404	81.3195
Jhanjri	36	27.2383	81.3181
Jhanjra	36	27.2370	81.3204
Jhanjra	36	26.2028	81.3216
Jhakrasi	36	26.1665	81.2603
Jhakrasi	36	26.0926	81.4044
Jhaman Purwa	36	26.0071	81.4102
Jhaina	36	26.0942	81.4320
Jham Singh Purwa	36	26.0621	81.4686
Jhitauli Kurmian	36	26.8570	81.5519
Jhitauli Rajputan	36	26.8631	81.5399
Jhala Purwa	36	26.9178	81.6847
Jhalhi	36	26.2520	81.7129
Jhalaria	36	26.1691	81.7110
Jhunapur	34	26.2431	84.3815
Jhaua	34	26.0921	84.3402
Jhikimiki	21	19.9933	83.2320
Jhulkaguda	21	19.5299	83.0413
Jhujakapeta	21	19.7566	83.2514
Jharmunda	21	19.8895	83.4187
Jhorinigam	21	19.9051	83.4925
Jhikimiki	21	19.7561	83.4686
Jhuliguda	21	19.7086	83.4805
Jhiripani	21	19.9791	83.5434
Jhalyaguda	21	19.4627	82.1355
Jhar Umargam	37	19.1730	82.0251
Jhitkaguda	37	19.2311	82.1512
Jhariguda	21	18.8128	82.4113
Jhirigam	21	19.3161	83.0315
Jhirigumma	21	19.3988	83.0969
Jhollakhunti	21	19.3302	83.2435
Jhilimiliaguda	21	18.9058	82.5256
Jhollaguda	21	18.8923	82.7713
Jhollaguda	21	18.8222	82.9798
Jhiliaguda	21	18.6674	82.8668
Jhakarpara	37	19.7880	81.9149
Jhori	21	19.2225	83.6192
Jhara	21	19.1841	83.7408
Jharlingi	21	19.1387	83.6980
Jhogadipadar	21	19.2753	83.9866
Jhirka	37	18.8350	81.2623
Jholabudi	21	18.9491	83.9091
Jhagarahwa	35	24.4317	82.5349
Jharkatiya	36	24.4301	82.7322
Jharkatiya	35	24.4530	82.7192
Jhumak	34	25.2449	84.3216
Jhakar Bigha	34	25.1189	84.3748
Jhakra	34	25.9074	84.5202
Jhundakhera	35	23.3582	76.5367
Jhirniakhera	35	23.4116	76.6910
Jhumka	35	23.8441	76.7942
Jharkariakheri	35	23.8143	76.8769
Jharapapilya	35	23.6333	76.8456
Jharlo	35	23.6066	76.9769
Jhumka	35	23.6142	76.9405
Jhagariya	35	23.6508	76.8916
Jhanjarwari	35	22.8691	76.0466
Jhikrakhera	35	22.7619	76.2132
Jhanda Muwara	09	23.1341	73.1030
Jhankhria Muwara	09	23.0853	73.2768
Jhajanikua Muwara	09	23.1621	73.4033
Jharda	09	23.5644	73.5154
Jharnia	09	23.6001	73.6140
Jhejhwa	09	23.2097	73.7691
Jhunsa	09	23.0421	73.9203
Jhab	09	23.1781	73.8613
Jher	24	23.3363	74.0721
Jhumki	24	23.3316	74.2776
Jhikli	24	23.2535	74.4032
Jher	24	23.4161	74.3848
Jhupel	24	23.4526	74.4383
Jharivav	09	24.2105	72.8242
Jhadina	39	30.0275	79.7439
Jhaliya	39	30.0700	79.8442
Jhurangu	39	29.6184	79.0077
Jharigaon	39	29.6155	79.1108
Jhalri	39	29.6493	79.1156
Jhipa	39	29.6987	79.1950
Jhumaklaltola	36	25.7261	84.5214
Jhaua	34	25.6250	84.5161
Jhokhipur	34	25.6446	84.6279
Jhilangapuri	39	29.2355	79.0660
Jhojhapuri	39	29.2406	79.0702
Jhagarpuri	39	29.0631	79.2253
Jhuranga	39	29.8363	79.2946
Jhankar Mahadeo	39	29.9571	79.3803
Jhumakhet	39	29.9602	79.4368
Jharkut	39	29.7787	79.2901
Jhar	39	29.6404	79.2522
Jhalori	39	29.6782	79.4029
Jhabu	09	22.6649	74.1756
Jholia	35	22.5662	74.1923
Jhalawat	09	22.0953	73.9976
Jharkali	35	22.1851	74.1799
Jhakali	35	22.1735	74.1735
Jher Para	09	22.9181	74.2947
Jhari	09	22.8999	74.4554
Jharradabar	35	22.9257	74.5020
Jharla	35	22.8725	74.5234
Jhaulia	35	22.9227	74.7460
Jharnia	35	22.7693	74.7263
Jhiraodia	35	22.6986	74.6726
Jhakela	35	22.7174	74.6560
Jhumka	35	22.6318	74.6936
Jhaulua Jali	39	29.2585	79.3304
Jhalua Jala	39	29.2616	79.3329
Jhar Sadri	24	24.8509	73.7930
Jhana ka Sarai	24	24.5912	73.7983
Jhonga	39	29.0155	79.2699
Jhotial Khatta	39	29.1059	79.4117
Jham Bigha	34	25.0309	84.5344
Jhari	34	25.0231	84.6786
Jharli	24	26.0759	74.2092
Jhalamad	24	26.2712	74.2534
Jhiri Chota	35	22.4809	74.5236
Jhiri Bara	35	22.4782	74.5351
Jhameri	35	22.4258	74.6498
Jhalamli	35	22.4962	74.7209
Jhari	35	22.4912	74.7348
Jhirpinia	35	22.4134	74.7101
Jhaba	35	22.3467	74.7468
Jhasani	39	29.6261	79.5235
Jhosar	35	22.9988	74.7663
Jhimarpara	35	22.8218	74.9399
Jholana	35	22.7820	74.9888
Jhipalta	39	29.5392	79.6947
Jhijar	39	29.7058	79.6801
Jhakhari	34	25.9465	84.9038
Jhakhra	34	25.9514	84.9020
Jhauapatti	34	25.8651	84.9262
Jhali	35	22.5415	74.8240
Jhardi	35	22.2728	74.8793
Jharda	35	22.2787	74.8669
Jhorikhodra	35	22.4139	74.9220
Jhda	35	22.2956	74.9384
Jhutia	39	29.4888	79.5938
Jhutia	39	29.4427	79.5433
Jhaua	34	25.7487	84.9240
Jhubuwagad	39	29.3782	79.7335
Jhutpur	39	29.1478	79.5954
Jhabel Khera	39	29.0314	79.6738
Jhalmali	39	29.9203	79.6144
Jholani	39	29.7752	79.5017
Jhiroli	39	29.7697	79.7492
Jharmahui	34	27.0915	84.2948
Jharatwa	34	27.2481	84.3440
Jhanjhri	34	27.1471	84.6377
Jhumka	34	27.1697	84.6287
Jhiri	16	21.5718	74.0966
Jhor	24	25.1851	74.0792
Jharru ka Khera	24	25.8029	74.3028
Jhutha ka Baria	24	25.9529	74.4627
Jhumpura	24	25.2792	74.3055
Jhalriya	24	25.4914	74.3685
Jhankaul	36	26.7562	84.0327
Jhilwania	34	26.6087	84.1234
Jham Mahton	36	26.6301	84.1983
Jhapas	36	26.6448	84.1949
Jhil	34	26.4844	84.1050
Jhajhaur	34	26.1987	84.1091
Jhekri Kharak	39	29.9671	79.8426
Jhatkwali	39	29.8891	79.7910
Jhutoli	39	29.8204	79.9709
Jhankra	39	29.8501	79.9450
Jharkot	39	29.8760	79.8806
Jhaunpra	39	29.9601	79.9834
Jhadwa	34	26.7708	84.3867
Jhirkot	39	29.6890	79.8524
Jharwa	36	26.6860	84.2652
Jhaldungra	39	29.5161	79.8526
Jharol	24	25.0785	74.9922
Jhakhra	34	26.9685	84.5954
Jhumka	34	26.9911	84.6458
Jhilbalia	34	26.8455	84.6394
Jhirva	16	21.3488	74.4922
Jhagru Mahato	34	26.6504	84.5670
Jhakhra	34	26.5363	84.6516
Jharwa	34	26.5439	84.7356
Jharoli	24	24.0477	74.3540
Jhira	24	27.1865	75.8294
Jhargaon	39	29.2724	79.7783
Jhundeli	39	29.3866	79.9387
Jhikola	39	29.4445	79.9110
Jhikri	35	22.9485	76.4759
Jhakjor	39	28.9533	79.4559
Jhingari	36	28.2714	79.4268
Jhorpipli	35	22.4454	76.2564
Jhuksa	36	28.1057	79.3989
Jhanjri	36	28.1808	79.4040
Jhajhwa	34	26.4191	84.5345
Jhajhwa	34	26.3636	84.6886
Jhumsar	09	23.7880	73.1734
Jher	09	23.9534	73.2257
Jhajhawa	34	26.1201	84.5293
Jhukha	39	28.9059	79.7414
Jhari	39	28.9688	79.6870
Jhitkahiya	34	26.7860	84.8858
Jhitkahia	34	26.8816	84.9858
Jhakhia	34	26.6940	84.8464
Jhitkahia	34	26.7480	84.9878
Jhakra	34	26.5683	84.9617
Jhirniya	35	22.1044	76.3344
Jhamar	35	21.8569	74.7504
Jhagar	35	21.6962	74.9320
Jharimata	35	21.6255	74.9686
Jhadi	16	21.0755	74.9870
Jhora Makrandpur	36	28.5293	79.6659
Jhada	36	28.1010	79.6381
Jhankat	39	28.9484	79.7869
Jhankat	39	28.9432	79.9011
Jhengahi	36	25.8476	84.0398
Jhiura Kalianpur	36	28.4938	79.8117
Jhabbu Chak	34	25.3604	84.9209
Jhunathi	34	25.2496	84.7817
Jhiktia	34	25.1878	84.7900
Jhari Bigha	34	25.1115	84.7630
Jharka	34	25.1604	84.8593
Jhunathi	34	25.2125	84.8855
Jhiktoria	34	25.0120	84.9775
Jhumai	34	24.8407	84.2032
Jhikatia	34	24.6911	84.0471
Jhari Khurd	38	24.5519	84.0521
Jharhi Dhanawan	34	24.6553	84.1079
Jhumanbigha	34	24.6873	84.2220
Jharha	34	24.6706	84.2206
Jhikatia	34	24.6069	84.2428
Jhari	34	24.5717	84.1929
Jharha Khurd	38	24.2027	84.0037
Jharha Kalan	38	24.1983	84.0033
Jharnatola	38	24.0252	84.0840
Jhariwa	38	24.0316	84.0321
Jharnatola	38	24.0600	84.1626
Jhari Nima	38	24.1055	84.0952
Jhari	38	24.1994	84.1069
Jhagarpur	38	24.0537	84.1786
Jharkatia	38	24.0627	84.1892
Jhalkhoriya	34	25.0145	84.0573
Jharkatha	36	25.8517	84.4696
Jharkatha	36	25.8549	84.4177
Jharkhariya	34	25.3403	84.2717
Jhikatiya	34	24.8371	84.3929
Jhagru Bigha	34	24.8309	84.2987
Jhikatiya	34	24.7992	84.4981
Jhuklahi	34	24.9323	84.4255
Jhardag	38	24.4105	84.2947
Jharha	38	24.3429	84.2784
Jharwachharantola	38	24.3531	84.3867
Jhangat	34	24.4101	84.3695
Jhalala	35	22.9963	76.5800
Jharkheri	35	22.9158	76.7401
Jhanjerpura	35	22.8646	76.5624
Jhinkri	35	22.8562	76.7468
Jhabriya	35	22.5298	76.7391
Jhirniya	35	22.4451	76.7289
Jhalki	35	22.9917	76.9763
Jharkhera	35	22.9141	76.9109
Jharha	38	24.1073	84.3009
Jhinguri	34	24.9681	84.5286
Jhikatiya	34	24.8278	84.6490
Jhikatiya	34	24.9150	84.6345
Jharaha	34	24.9889	84.7259
Jhikatiya	34	24.6499	84.5402
Jhari	34	24.6161	84.6474
Jhikatiya Kalan	34	24.4400	84.5073
Jhikatiya	34	24.3690	84.5011
Jhikatiya Salis	34	24.3693	84.5114
Jharna	38	24.3609	84.5409
Jhagra	34	24.3595	84.5111
Jhara	38	24.3287	84.6933
Jhanti	38	24.2033	84.5303
Jhumri	38	24.1148	84.5179
Jhalokhar	36	25.9640	80.0251
Jhardag	38	24.1795	85.2114
Jhabbu Ahir ka Purwa	36	25.2327	80.6294
Jhatkahia	34	26.6005	86.0314
Jhatka	34	26.5127	86.2975
Jhalaun	34	26.5964	86.3492
Jhagariya	35	22.2205	76.7243
Jhandagura	40	19.3941	79.2772
Jhabrian	12	33.3781	74.2469
Jhingnagar	34	25.1804	85.5229
Jhamatia	34	25.5580	85.8804
Jhaurah	34	25.6678	85.9206
Jhauhara	34	25.6189	85.9865
Jhanakpur	34	24.6068	85.0290
Jhalar	34	24.5437	85.0261
Jhurang	34	24.5352	85.2368
Jhanpa	38	24.3497	85.1989
Jhikatia	34	24.7549	85.2744
Jhiktaura	34	24.9033	85.4910
Jhunathi	34	24.9111	85.4878
Jhikarua	34	24.8170	85.4215
Jhagan Bigha	34	24.6497	85.4049
Jharna	34	24.6430	85.4060
Jhumridih	38	24.3415	85.4091
Jhardag	38	24.3122	85.2855
Jhonjhitola	38	24.2085	85.2549
Jhonjhi	34	26.4497	86.0231
Jhakhor	34	24.8435	85.6398
Jharayan	34	24.9315	85.5955
Jharitanr	38	24.4647	85.6361
Jhalakdih	38	24.3188	85.7470
Jharka	34	26.3089	86.0401
Jhaua	34	26.3362	86.2148
Jhagarua	34	26.2274	86.0435
Jhanjpatti Doman	34	26.4767	86.4500
Jhanjpatti Asa	34	26.4690	86.4627
Jhanjhri	34	26.4975	86.4911
Jhakhrahi	34	26.4122	86.4815
Jhagarua	34	26.0059	86.3496
Jhitkahi	34	26.1220	86.8116
Jharkaha	34	26.0831	86.8779
Jharkaha	34	26.1766	86.9023
Jharahi	34	25.7700	86.1176
Jhalusingh	34	25.8008	86.1518
Jhagrawa	34	25.6862	86.2319
Jhinaura	34	25.1112	86.1338
Jhilmil	34	25.0245	86.1771
Jhamta	34	25.5471	86.4292
Jhima	34	25.6090	86.4916
Jhapani	34	25.2787	86.3026
Jhampapuram	02	15.9042	77.2497
Jhal Mandar	34	25.8051	86.5522
Jhitkia	34	25.9467	86.6709
Jharsan	34	25.9191	86.5926
Jhamta	34	25.6018	86.5759
Jhunjunia	34	25.0073	86.5967
Jhakhra	34	25.0625	86.7268
Jhalua Chak	34	25.0095	86.7159
Jhatatari	34	25.1269	86.5125
Jhatkia	34	25.9707	86.7932
Jhitkia	34	25.8186	86.9007
Jhanjheri	34	25.9669	86.8934
Jhakhran	34	25.8326	86.9619
Jhangatoli	34	25.8667	86.8603
Jhitkiabhela	34	25.7101	86.8135
Jhajhari	34	25.7370	86.8786
Jhandapurtola	34	25.6067	86.9833
Jhajhra	34	25.3879	86.7504
Jhandapur	34	25.3995	86.9479
Jhakua	34	24.9114	86.2067
Jhinti	34	24.7921	86.1903
Jhundo	34	24.7756	86.2472
Jhalai	09	23.2824	73.5444
Jhenjha	09	23.3058	73.6057
Jher	09	23.3490	73.6611
Jhalasag	09	23.3716	73.7153
Jhanjri Nani	09	23.1201	73.6690
Jharakhwara	09	23.2416	73.7153
Jhanjri Moti	09	23.1213	73.6796
Jhabra	36	27.3340	80.5676
Jharia	36	27.3222	80.7379
Jhilmili	35	22.2751	79.3277
Jhiri	35	22.4950	79.4559
Jhita Kalan	23	31.5753	74.9554
Jhita Khurd	23	31.5722	74.9488
Jhadsapur	19	15.7662	74.4899
Jhundahar	36	26.8721	79.3640
Jhal	36	26.8341	79.3484
Jhingriapur	36	26.7701	79.3626
Jheri	40	19.4453	79.0908
Jhadti	19	14.8648	74.1897
Jharaha	34	24.6171	84.2585
Jhakhri	34	24.5842	84.3185
Jharna	34	24.5306	84.3667
Jhilmil	34	24.9582	84.8027
Jhatu Chak	34	24.8184	84.8571
Jhikatiya	34	24.6341	84.7771
Jhar	34	24.5171	84.7563
Jhar	34	24.5076	84.7587
Jhikatiya	34	24.6702	84.8849
Jharaha	34	24.6859	84.8592
Jhitki	34	26.5443	85.9598
Jhakhargarh	34	26.2368	87.0240
Jhankaha	34	26.2973	87.1310
Jhowahi	34	26.2296	87.1151
Jhirwa Purwari	34	26.1827	87.2913
Jhirwa Pachhiari	34	26.1821	87.2610
Jhaua	34	26.2430	87.4517
Jhamta	34	26.2196	87.4463
Jhala	34	26.3553	87.6404
Jhariabita	34	26.3871	87.7315
Jhingakata Istamrar	34	26.2872	87.7813
Jhingakata Taufir	34	26.2801	87.7733
Jhika	34	26.2533	87.9948
Jhingakata	34	26.2753	87.7708
Jhiljhili	34	26.2420	87.7995
Jhiljhili	34	26.2281	87.8082
Jhantibari	34	26.1616	87.8132
Jhauamani	34	26.0498	87.7564
Jharbari	34	26.1363	87.9595
Jhangar	34	25.9101	87.0578
Jhungi	34	25.7985	87.1357
Jhalighat	34	25.8754	87.1183
Jhauwari	34	25.8619	87.2286
Jhangatoli	34	25.7123	87.0337
Jhauatola	34	25.5627	87.1191
Jhalari	34	25.5914	87.1202
Jhaludastola	34	25.3442	87.2236
Jharkhuria	34	25.2440	87.0320
Jhaura Chak	34	25.0157	87.0211
Jhikta	34	25.0125	87.0583
Jhagarwa	34	25.9038	87.3827
Jhuni Istamrari	34	25.8208	87.4482
Jhangtoli	34	25.5515	87.3360
Jhagru Chak	34	25.6110	87.3605
Jhiktia	34	25.5417	87.3759
Jhurkusia	34	25.2453	87.4493
Jhakhra Mal	38	25.1893	87.4486
Jhurkusia	38	25.1585	87.4855
Jharnatola	38	25.2374	87.4793
Jhauri	34	25.9585	87.6125
Jhamar	34	25.2918	87.4137
Jhunjhunia	34	25.4601	87.4873
Jhauatola	34	25.8496	85.1223
Jhiktahia	34	25.9459	85.2016
Jhaurtola	34	25.6486	85.0319
Jhain Chak	34	25.5409	85.1355
Jhirwa Mal	34	25.7254	85.2459
Jhunki	34	25.5519	87.7016
Jhauwa	34	25.7094	87.6762
Jhirikbhita	38	25.1113	87.5263
Jhapsi	38	25.1595	87.7025
Jhikra Harankol	38	25.1548	87.7269
Jhingani	38	25.2048	87.7131
Jhatkia	28	25.9590	87.8588
Jharbari	28	25.7919	87.9267
Jhangartoli	28	25.9668	87.9218
Jhaljhali	28	25.9654	87.9664
Jhaua	34	25.5972	87.7800
Jhillipara	34	25.5019	87.7998
Jhaljhali	34	25.7061	87.9679
Jhangurpara	28	25.4116	87.8699
Jhikadanga	28	25.4433	87.9493
Jhapania	34	24.8166	87.0293
Jhajha	34	24.8837	87.1372
Jhapania	38	24.9981	87.1721
Jhenagaria	38	24.6961	87.6716
Jhikra	38	24.3109	87.5354
Jhunki	38	24.2557	87.6235
Jharia	38	24.3303	87.7023
Jhaman Bigha	34	25.0482	85.0620
Jhilidabar	38	24.2333	87.5082
Jhinjarpur	28	24.0635	87.5153
Jhaopara	38	24.1597	87.6656
Jhikarhati	38	24.6010	87.8864
Jhikarhati	28	24.4785	87.8441
Jhaopara	28	24.2695	87.8083
Jharwa	28	24.4028	87.9755
Jhilli	28	24.1848	87.9505
Jhor	28	24.0065	87.8489
Jhanjra	28	24.1549	87.9182
Jhikti	34	25.9853	85.3945
Jhagarkheda	35	21.8018	75.0571
Jhopali	35	21.7899	75.1030
Jhulan Bigha	34	25.2865	85.3524
Jhanwandih	34	25.2566	85.4384
Jhanwan	34	25.2573	85.4481
Jhargawan	34	25.1542	85.2875
Jhandu Bigha	34	25.1432	85.3401
Jhalar	34	25.0653	85.4297
Jhahuri	34	25.9348	85.7457
Jhakhra	34	25.7528	85.7474
Jhaman Bigha	34	25.2558	85.5970
Jhirna	35	21.6485	75.9947
Jhauari	34	26.1007	87.5147
Jhilmilia	34	26.2392	87.6679
Jhalakuri	39	29.1816	80.0596
Jhinguri Purwa	36	27.8756	80.1738
Jhara Khempur	36	27.9069	80.2300
Jharkot	36	27.8821	80.2234
Jharsa	36	27.6080	80.0185
Jharsa Alampur	36	27.6016	80.0055
Jhapka Purwa	36	27.5118	80.0911
Jhauni Purwa	36	27.6615	80.1921
Jhabaria Purwa	36	27.5655	80.1771
Jhauni Purwa	36	27.5647	80.2152
Jhabra Purwa	36	27.4302	80.0907
Jhauni Purwa	36	27.4112	80.0619
Jhauni Purwa	36	27.4045	80.0617
Jhanwa Purwa	36	27.3071	80.1097
Jhabra Purwa	36	27.3199	80.1525
Jhiria Purwa	36	27.4595	80.1757
Jhassu	36	27.4469	80.0768
Jhagrua	36	27.2227	80.0918
Jhabalpur	36	27.2193	80.2121
Jhabal Purwa	36	27.2139	80.1453
Jhabra Purwa	36	27.1620	80.0546
Jhari Purwa	36	27.1679	80.1274
Jhala	36	27.8222	80.4155
Jhadihalli	19	13.5074	77.7662
Jhammanganj	34	25.7082	85.5224
Jhapar	34	25.4753	87.5212
Jhapar	34	25.4634	87.5357
Jharkaha	34	25.4401	87.5159
Jhauwa	34	25.4849	87.6780
Jhula	34	25.3845	87.7330
Jhankartala	21	20.7263	84.7982
Jhutamara	21	20.3902	84.8965
Jharasahi	21	20.0491	84.9017
Jhigjoretoli	38	23.7312	85.1855
Jhakratoli	38	23.4290	85.2181
Jhakratoli	38	23.4422	85.0717
Jhaguatoli	38	23.3597	85.1733
Jhinjhri	38	23.3771	85.1124
Jharitoli	38	23.2690	85.2106
Jhapra	38	23.1744	85.0474
Jhanjhitoli	38	23.5620	85.4072
Jhiktitoli	38	23.5297	85.3568
Jhiri	38	23.4855	85.4973
Jhiri	38	23.4023	85.2668
Jhumra Pahar	38	23.8564	85.6555
Jharnatoli	38	23.7813	85.5832
Jhargaon	38	23.0192	85.6732
Jhatgaon	38	23.0154	85.6851
Jhanditola	38	23.8529	85.8294
Jhirki	38	23.7619	85.8501
Jharutola	38	23.7371	85.8906
Jhujhko	38	23.7439	85.9574
Jhopdotanr	38	23.6972	85.9945
Jhirki	38	23.6588	85.8563
Jharmunga	38	23.5892	85.9417
Jhulatanr	38	23.5556	85.9727
Jhubri	38	23.2794	85.8078
Jhabri	28	23.1975	85.9715
Jharua	38	23.0858	85.8787
Jhatnitola	38	22.9647	85.0871
Jhoratoli	38	22.9143	85.0609
Jhoratoli	38	22.8755	85.0731
Jhariatoli	38	22.8520	85.0029
Jhoratoli	38	22.8385	85.1108
Jhikatiya	38	24.4340	84.7935
Jhajh	34	24.4774	84.9521
Jhabargarha	38	24.3134	84.9928
Jhumratola	38	24.1708	84.9103
Jharnasa	38	22.5080	85.4090
Jhakrasai	38	22.5132	85.4356
Jhargaon	38	22.5337	85.4349
Jhaliamara	38	22.5831	85.4203
Jhumpra	38	22.6087	85.4041
Jhilruan	38	22.5091	85.4600
Jhingamarcha	38	22.6062	85.4607
Jhiktiya	34	25.4628	86.6250
Jhajhaha	34	25.4950	86.7379
Jhagrahi	38	24.2109	86.8809
Jhaniitanr	38	24.0646	86.8915
Jhagrahi	38	24.0758	86.8018
Jhumri	38	23.7565	84.0024
Jhabar	38	23.9986	84.2014
Jhumritoli	38	23.5905	84.1299
Jhapaintoli	38	23.2392	84.1643
Jhargaon	38	23.1471	84.2115
Jhandutola	38	23.3265	84.4502
Jhalkapattoli	38	23.2066	84.3305
Jhirniatola	38	23.9907	84.5744
Jhargag	38	23.9973	84.5700
Jhilwahitoli	38	23.8940	84.5668
Jhabar	38	23.8586	84.7492
Jhabridomar	38	23.7101	84.7159
Jhakhra	38	23.3335	84.5817
Jharnitoli	38	23.3837	84.5721
Jhanjhritoli	38	23.3187	84.5208
Jhariatoli	38	23.2982	84.5931
Jhatnitoli	38	23.3488	84.6119
Jhatnitoli	38	23.4519	84.6143
Jhaljamira	38	23.3492	84.6982
Jhatnitoli	38	23.3165	84.7347
Jhargaon	38	23.1352	84.5395
Jhariatoli	38	23.1829	84.7112
Jhumelatoli	38	23.8531	84.9081
Jhirmatkuma	38	23.9366	84.9044
Jhanpgarha	38	23.7481	84.9027
Jhulundia	38	23.7195	84.9917
Jhabratoli	38	23.5277	84.8028
Jhatnitoli	38	23.3018	84.7729
Jhiko	38	23.3269	84.8875
Jharotoli	38	23.3393	84.8816
Jhikpur	38	23.4097	84.9822
Jhiki	38	23.1341	84.9890
Jhilmili	37	22.8539	84.2119
Jhimri	38	22.5898	84.0373
Jhilripatra	38	22.5544	84.0130
Jhirkamunda	38	22.5750	84.1284
Jhunkachhasar	38	22.6168	84.1537
Jhagribahal	37	22.6937	84.1178
Jhargaon	37	22.6991	84.2059
Jhaukudar	37	22.6874	84.2175
Jharaintoli	38	22.5832	84.2124
Jharitoli	38	22.5365	84.1886
Jhaliaban	38	22.7842	84.4111
Jhurkuntoli	37	22.9223	84.3833
Jhipatoli	38	22.6245	84.2792
Jhuratoli	38	22.6080	84.3021
Jhakratoli	38	22.6938	84.3864
Jhimotoli	38	22.6286	84.4215
Jhimatoli	38	22.6246	84.4536
Jhikirma	38	22.7844	84.6571
Jhoratoli	38	22.8263	84.8535
Jharo	38	22.8446	84.8772
Jhingurtoli	38	22.9409	84.8819
Jhagritoli	38	22.7707	84.9254
Jhapla	38	22.6174	84.7637
Jhirgatoli	38	22.7281	84.8963
Jhariagara	38	22.6986	84.9830
Jhagrutoli	38	22.4532	84.8380
Jharianar	21	21.8961	84.0004
Jhankerpara	21	21.7586	84.1015
Jhatapara	21	21.9422	84.1139
Jharmunda	21	21.9507	84.1773
Jharmal	21	21.9064	84.1440
Jhirlapali	21	21.8344	84.2438
Jharghati	21	21.5994	84.0577
Jharmunda	21	21.5142	84.1415
Jhankerpali	21	21.6883	84.1778
Jhankerpali	21	21.6464	84.1550
Jharmunda	21	21.5553	84.1986
Jharbahal	21	21.5401	84.1627
Jharbera	21	22.2420	85.0547
Jhirjhor	38	22.3264	85.4810
Jhunjki	38	22.8464	85.8868
Jhobri	38	22.9656	85.9244
Jhaliaposi	38	22.6554	85.9202
Jhalak	38	22.5397	85.9696
Jharbera	21	22.0356	85.9973
Jhirpani	21	21.9971	85.2201
Jhubka	21	21.8360	85.2169
Jharpani	21	21.7438	85.2230
Jharabahal	21	21.4827	85.0813
Jharbeda	21	21.2511	85.0703
Jharjakhaman	21	21.4084	85.0989
Jharabahal	21	21.4104	85.0859
Jhimiripali	21	21.4200	85.1629
Jhadabandh	21	21.1962	85.0424
Jharaberini	21	21.1299	85.0395
Jhulakhuntia	21	21.1532	85.1929
Jharabera	21	21.3781	85.3196
Jharalo	21	21.3613	85.3347
Jharalo	21	21.3665	85.3272
Jhumkeiposi	21	21.3821	85.3995
Jharanbahali	21	21.0105	85.2827
Jhadbeda	21	21.1874	85.4099
Jhili	21	21.0883	85.3930
Jharaposi	21	21.8162	85.5499
Jhiliposi	21	21.7531	85.6306
Jhalra	21	21.7452	85.6655
Jhalbera	21	21.5363	85.7238
Jhumkaposi	21	21.4428	85.5946
Jhirimiri	21	21.1441	85.5564
Jhanjariberana	21	21.1253	85.5167
Jhanjariberana	21	21.0146	85.6112
Jhaliabera	21	21.9093	85.7708
Jhalbera	21	21.7998	85.8008
Jhumkapal	21	21.9759	85.8931
Jharghosda	21	21.8938	85.8987
Jhulkiani	21	21.8330	85.9268
Jhatiari	21	21.8116	85.9138
Jhar Dumuria	21	21.7961	85.9597
Jhagara	21	21.7973	85.9760
Jhatialisai	21	21.8482	85.9826
Jhaliapara	21	21.6372	85.8209
Jhantkisai	21	21.7300	85.9723
Jhatibahali	21	20.8877	85.3221
Jharanbahalisahi	21	20.8168	85.3732
Jharasahi	21	20.7980	85.3790
Jharbandh	21	20.7724	85.3071
Jhurjhuri	38	24.1961	85.5753
Jhumra	38	24.0148	85.5130
Jharpo	38	24.0571	85.5813
Jharia	38	24.0269	85.6187
Jhingibarai	38	24.2490	85.5804
Jhargaon	38	24.7726	85.7577
Jhagrahi	34	24.8111	85.9165
Jhanjhri	34	24.9391	85.8923
Jhanjidih	38	24.7013	85.8222
Jharnawa	34	24.7385	85.9656
Jhaba	38	24.5838	85.8915
Jharadhab	38	24.6386	85.8525
Jhawatari	38	24.5454	85.8369
Jhanjh	38	24.4982	85.9437
Jhagrudih	38	24.4638	85.9375
Jhanjh	38	24.4177	85.9197
Jharha	38	24.3886	85.9447
Jhalbad	38	24.3350	85.8918
Jhumri	38	24.3422	85.8717
Jhalagdiha	38	24.3540	85.7704
Jhanjh	38	24.3040	85.9326
Jhanjh	38	24.3313	85.9514
Jhalakdiha	38	24.4577	85.9987
Jharha	38	24.2167	85.9339
Jharkhi	38	24.1771	85.9714
Jhingwa	34	26.1855	86.5108
Jhakrahi	34	26.2270	86.6419
Jharka	34	26.2024	86.7312
Jhakrahi	34	26.1140	86.6096
Jhanjarpur	34	26.0175	86.5276
Jhakrahi	34	26.0245	86.5266
Jhahura	34	26.0490	86.6688
Jhiloria	34	25.8084	86.2627
Jhajhra	34	25.7817	86.2737
Jhara	34	25.8368	86.3985
Jhamta	34	25.8741	86.3318
Jhitki	34	25.8850	86.4861
Jharna	38	24.1679	86.2154
Jharibad	38	24.1761	86.1441
Jharha	38	24.0942	86.1670
Jhatawa	34	24.9788	86.4462
Jharna	34	24.9202	86.4842
Jhonpa	34	24.8947	86.4822
Jhingoi	34	24.8607	86.2565
Jhagrudih	38	24.4977	86.2678
Jhumarbad	34	24.4418	86.4272
Jhalakdiha	38	24.4258	86.2910
Jhabdatanr	38	24.3801	86.3092
Jhalakdiha	38	24.2888	86.4459
Jhagrahatoli	38	24.1933	86.3534
Jhalakdiha	38	24.1374	86.3627
Jhalakdiha	38	24.1242	86.4438
Jhitri	38	24.0701	86.4543
Jhalwadih	38	24.0018	86.2651
Jhariatola	38	24.1692	86.3647
Jharghatha	38	24.1703	86.3744
Jhankarpali	21	21.4066	84.0546
Jhankerbahal	21	21.3414	84.0387
Jhankerpali	21	21.3976	84.1239
Jhar Gulunda	21	21.4152	84.1001
Jharjhari	21	21.4188	84.1586
Jhamkarai	21	21.0073	84.1526
Jharanpara	21	21.2299	84.1168
Jhariabahal	21	21.9784	84.3138
Jharibahaltola	21	21.8941	84.3161
Jhagrateria	21	21.8963	84.4202
Jharmunda	21	21.8576	84.4457
Jharmal	21	21.7899	84.4991
Jharmunda	21	21.6680	84.3865
Jhankadpada	21	21.1233	84.2573
Jharapada	21	21.1067	84.3525
Jhinkibahal	21	21.0136	84.4362
Jharamunda	21	21.0211	84.3388
Jhankadpada	21	21.0048	84.3107
Jharmunda	21	21.6624	84.7178
Jharpur	21	21.6134	84.5029
Jhara Gogwa	21	21.6279	84.6152
Jhaliamura	21	21.4940	84.6890
Jhimpabira	21	21.3048	84.5666
Jharjhari	21	21.4133	84.5920
Jharbeda	21	21.2483	84.5993
Jhakajharin	21	21.9820	84.7734
Jhirpani	21	21.9668	84.7876
Jhirpani	21	21.9711	84.8026
Jharbera	21	21.8063	84.8765
Jhilmili	21	21.7499	84.7985
Jhirdapali	21	21.7407	84.8871
Jharapos	21	21.6884	84.9454
Jharbhuin	21	21.7141	84.8773
Jhara Kondhal	21	21.6575	84.9653
Jharkumunda	21	20.8622	84.0557
Jharmunda	21	20.7666	84.1008
Jharkata	21	20.7807	84.1131
Jhimali	21	20.7367	84.0328
Jharmunda	21	20.6796	84.1365
Jhankarpara	21	20.6846	84.0324
Jhagurugaria	21	20.7131	84.0053
Jhankarpara	21	20.7117	84.1232
Jharsanga	21	20.4497	84.1193
Jhagakia	21	20.0063	84.2282
Jhinkidadar	21	20.9825	84.4018
Jharbandhali	21	20.9821	84.4773
Jhurikata	21	20.9221	84.2852
Jhinkidadar	21	20.9144	84.3354
Jhudungamal	21	20.9222	84.3483
Jhampuli	21	20.9248	84.4592
Jharmunda	21	20.9148	84.4727
Jharrajing	21	20.5798	84.4110
Jharkata	21	20.6696	84.4052
Jhagarpata	21	20.3908	84.3679
Jhar Dokeni	21	20.4702	84.3484
Jhar Balaskupa	21	20.4858	84.3454
Jharpadar	21	20.4908	84.3832
Jhampi	21	20.3911	84.4163
Jharaberni	21	20.9590	84.5147
Jharbandhali	21	20.9239	84.5580
Jharnoinda	21	20.8875	84.7057
Jhilimunda	21	20.8789	84.7119
Jharkhaman	21	20.5964	84.5897
Jharapara	21	20.6183	84.6927
Jharagaria	21	20.2840	84.5247
Jhaliagochha	21	20.0952	84.5475
Jhintipal	21	20.9671	84.8992
Jhonthri	24	23.6805	73.7678
Jhanduta	11	31.3708	76.6433
Jhabua	35	23.0556	74.7395
Jhanda Bagga	23	31.0554	75.0904
Jhungian	23	31.0395	75.4576
Jhinpuri	37	22.9008	82.4463
Jhikatola	37	20.6417	80.9579
Jhabra	36	27.2358	81.0129
Jharog	11	31.2487	77.0718
Jhanjharpur	34	26.2294	86.2710
Jhikta	34	24.9910	87.1112
Jharmunda	21	21.6653	84.0252