Jind	10	29.3158	76.3150
Jintur	16	19.6119	76.6874
Jiwanpur	36	28.7145	77.2849
Jiladiguda	40	17.3320	78.5255
Jirapur	35	24.0214	76.3764
Jining	30	28.2163	94.8539
Jigani	19	12.7861	77.6385
Jiran	35	24.3087	74.8909
Jiraun Kasba	35	25.1210	78.6560
Jiribam	17	24.8043	93.1215
Jiwdhara	34	26.5785	84.9091
Jiwangi	19	17.5273	77.0295
Jitpur Bisa	39	29.1353	79.5051
Jitpur	38	23.7333	86.4000
Jispa	11	32.6338	77.1797
Jirota	24	26.2991	76.6504
Jirighat	03	24.8072	93.1099
Jirigam	30	27.9593	96.2315
Jirena	35	26.2647	78.2547
Jirang	21	18.9572	84.2233
Jirampal	37	18.4672	81.5618
Jiram	30	28.0284	94.1633
Jinti	16	18.3146	74.8821
Jinjirpul	28	22.5167	88.3000
Jinjhiniali	24	26.2145	70.8134
Jinghanu	12	32.8806	75.1749
Jindrah	12	32.8138	75.0903
Jindoli	24	27.7337	76.5608
Jinakali	24	26.0895	70.8720
Jilugumilli	02	17.2114	81.1336
Jilluba	21	19.8193	84.6526
Jilang	11	32.3026	77.4427
Jigthan	16	19.7699	75.1521
Jigni	35	26.5373	78.0628
Jigni	36	25.7448	79.4029
Jigna	35	25.6389	78.3643
Jido	30	28.9836	94.9057
Jidkal	40	17.6065	79.1618
Jibdharer Khuti	28	26.3667	89.4167
Jiawan	35	24.3261	82.2836
Jialgara	38	23.7000	86.4167
Jiyagaon	35	22.6701	76.9865
Jiaganj	28	24.2387	88.2645
Jiundesar	24	28.4053	74.5381
Jingekhali	28	22.0292	88.5406
Jijot Bahraui	12	33.2913	74.1033
Jijot	12	33.2762	74.0911
Jindrekan	12	33.2442	74.1972
Jila Dhak	12	33.0929	74.2322
Jimiana	12	33.1167	74.3278
Jigini	12	33.2462	74.3700
Jibla	12	33.9500	74.3083
Jindiai	12	32.8744	74.8742
Jiuni Laihr	12	32.7933	74.9599
Jirbiri	10	29.9308	76.9023
Jindar Melu	12	32.5763	74.7979
Jindar	12	32.6313	74.8524
Jiwangarh Grant	39	30.4916	77.8071
Jitgarh	39	30.4485	77.7948
Jitgarh	10	29.4312	76.9059
Jindran	10	28.9974	76.5745
Jiaura	11	31.1454	77.0128
Jitugaon	39	29.9653	78.6053
Jiyalgaon	39	29.9275	78.5634
Jibalkhal	39	29.8156	78.7026
Jiyakeswaram	40	17.3127	78.9682
Jidpalli	40	17.7433	78.4710
Jialla	40	17.8570	78.9276
Jinapalli	40	17.5038	78.7965
Jinnawaram	40	17.6318	78.3330
Jitpur Kalan	36	26.8307	78.6933
Jindal	19	13.0552	77.4833
Jim Corbett National Park	36	29.5333	78.9353
Jigsanatal	24	28.6571	75.1249
Jigsana	24	28.6491	75.1242
Jigsanatibba	24	28.6429	75.0960
Jit ki Dhani	24	28.1759	75.3291
Jisukh ka Bas	24	28.1915	75.3895
Jivaram ki Dhani	24	28.1911	75.4655
Jini	24	28.3260	75.6749
Jiwanniwas	24	28.1536	75.7156
Jita ka Bas	24	28.1343	75.6890
Jignau	36	24.9579	78.4730
Jinsi Nagla	36	27.8882	79.0297
Jijaul	36	27.8138	79.1231
Jindi	36	27.9535	79.3747
Jira Rahimpur	36	27.5089	79.6697
Jiwan Purwa	36	27.2334	79.7499
Jigni	36	27.1909	79.8727
Jiwan Patel ki Dhani	24	26.9883	75.7233
Jipura	36	26.2340	79.3335
Jidepur	36	26.9659	79.7156
Jiraon	36	26.8734	79.6049
Jinagarh	35	24.7983	79.0617
Jiram ki Dhani	24	28.5838	75.5568
Jiram ki Dhani	24	28.5467	75.5095
Jiye ki Nadi	24	27.2649	71.3918
Jiadanga	28	26.3736	89.8479
Jinkata	03	26.2487	89.7600
Jinganur	16	18.8962	80.1865
Jilledubudakala	02	15.5573	77.6284
Jivapur Mahodia	35	23.0660	76.5090
Jiragambhira	21	21.1501	86.4276
Jitikar	21	19.8333	85.8224
Jirakpur P	28	22.6368	88.8815
Jirina	21	21.1648	86.3504
Jitgarh	10	29.8288	76.5560
Jitgarh	10	29.3665	76.7121
Jitpur Istamrar	10	28.2187	76.7237
Jinda Baba	10	28.2453	76.2899
Jingal	11	31.3235	77.1676
Jikhri	11	31.2991	77.2278
Jit Singhwala	23	30.8162	74.8401
Jikh	11	31.0128	77.4249
Jimun	11	31.2302	77.4493
Jihun	11	30.9451	77.0039
Jiun	11	30.9655	77.0682
Jia	10	30.6120	77.1150
Jija	11	30.8061	77.3143
Jingaur	24	27.6358	76.0081
Jidawali Dhani	24	27.5364	76.0485
Jiwa ki Dhani	24	27.5520	76.2202
Jijla	11	30.5739	77.7426
Jisheu	39	30.6154	77.8267
Jitpura	24	26.7040	76.2999
Jitpura	36	29.2895	78.1574
Jiwan ka Bas	24	28.0386	75.1883
Jitas	24	28.0453	75.2038
Jitniwala	36	29.5490	78.2316
Jinwarheri	39	29.8141	78.0059
Jiyapota	39	29.8793	78.1299
Jinnor	35	23.4164	78.3926
Jirawara	35	23.0662	78.3224
Jiyapur	24	26.5245	76.7023
Jirna	24	26.7049	76.6761
Jit	24	26.7279	76.6244
Jiwat Ki Jhonpri	24	26.3730	76.5323
Jiwat	24	26.3508	76.5617
Jirrsi Ka Pura	24	26.9215	76.8302
Jijaula	36	29.6469	77.1811
Jink Ki Dhani	24	26.7288	76.7640
Jiwali	24	26.5080	76.8121
Jiwana	36	29.1649	77.2901
Jiwana	36	29.0920	77.3705
Jiran	35	22.6892	78.1687
Jijwara	35	22.6876	78.2338
Jirola	35	22.2926	78.5263
Jiyadehi	35	22.0259	78.6681
Jiradhana	35	21.9320	78.0966
Jirola	35	21.6584	78.8553
Jitpur	36	29.1875	77.7297
Jiwanwala	23	30.6563	74.9407
Jindoli	24	24.7136	73.6565
Jita Singhwala	23	30.5778	75.0815
Jiwan Singhwala	23	30.0583	75.0316
Jindra	23	30.9768	75.3181
Jibiwala	23	30.8173	75.4591
Jiwanayak ka Khera	24	25.0848	74.6448
Jityas	24	25.1017	74.6870
Jiundan	23	30.2559	75.3277
Jiwanpura	23	30.9673	75.9716
Jia Sarai	07	28.5470	77.1881
Jindalmagar	36	28.6965	77.5831
Jida	23	30.3821	74.9744
Jilandari	23	31.6678	75.9749
Jiwanpura	24	26.1994	74.9922
Jipiya	24	25.4142	74.5979
Jitiyakhera	24	25.2790	74.7277
Jitiya	24	25.2749	74.7332
Jita Kheri	10	29.0124	75.9974
Jinsi	39	30.4790	78.0717
Jithania Jagir	36	28.9284	79.1437
Jithania Khurd	36	28.9184	79.1292
Jithania	36	28.8203	79.1382
Jiwai Jadid	36	28.7844	79.2003
Jinnikalagudem	40	19.2262	79.8058
Jilleda	16	19.2191	79.9213
Jitapura	24	24.4697	76.2957
Jitapura	24	24.3720	76.2600
Jirod	24	24.9383	76.5354
Jitpura	24	24.2595	76.7951
Jivangadda	16	19.6220	80.2297
Jitauli	36	28.9200	77.7858
Jiraothi	36	28.5582	77.7717
Jitlang	29	27.1861	88.5301
Jiratola	37	21.6287	81.0355
Jinnawaram	40	17.4016	77.7855
Jita ki Dhani	24	28.0864	75.7237
Jindpura	35	26.3168	77.8641
Jiraina	35	26.4305	77.9035
Jimledar ka Pura	35	26.3618	78.3471
Jiyajipur	35	26.3499	78.4028
Jiradgaon	16	19.5609	76.1082
Jivanapur	16	19.0427	76.3308
Jirauli Dor	36	27.9242	77.9995
Jiwanbas	24	27.5240	77.2412
Jirauli	36	27.3084	77.6778
Jiwant	36	28.4494	77.9130
Jidga	19	17.5266	76.4965
Jirhalli	19	17.5602	76.5151
Jindpura	24	27.0393	77.5137
Jilawahi	37	20.4345	81.1917
Jitatola	37	21.9516	81.1697
Jigla	16	18.7857	77.5941
Jivangi	19	17.1602	76.9999
Jiwangi	40	17.2521	77.4632
Jinauli	36	27.4288	78.4581
Jira	16	20.1715	78.5456
Jirsami	36	27.6084	78.7140
Jitauli	36	27.5649	78.5672
Jilaharighat	35	23.1055	79.6738
Jirlapalli	40	17.7392	77.7688
Jilaharighat	35	23.1126	79.9336
Jilingera	19	16.1103	77.4846
Jilupur Sehaur	36	27.8277	78.1921
Jinnaram	40	16.5464	77.7352
Jichauli	36	27.1677	78.9082
Jilheri	35	22.3846	79.1145
Jingan	36	27.6429	78.7734
Jiwaram ka Pura	35	26.6337	78.4497
Jiledarsingh ka Pura	35	26.6240	78.4540
Jiledar ka Pura	35	26.5714	78.3922
Jindapura	36	27.0881	77.7761
Jit Garhi	36	27.0362	77.9285
Jinnawaram	40	16.9861	77.7669
Jivnara	35	22.0400	79.7738
Jivnara	35	22.1549	79.9920
Jingaral	40	16.5826	77.8748
Jinkalapalli	40	16.1186	77.8841
Jiron	36	24.5944	78.3413
Jijiawan	36	24.6470	78.4917
Jinwa	36	27.6667	79.1469
Jinaul	36	27.6754	79.1504
Jit	36	27.5280	79.1670
Jidpalli	40	19.3755	78.3027
Jiwanabad	36	27.4651	79.0244
Jiuli	36	27.4111	79.0488
Jiwanpur	36	27.2793	79.2232
Jindapura	24	26.6168	77.4683
Jirewara	35	21.7538	79.4252
Jindpura	36	26.8499	77.4987
Jiginia	36	27.9726	79.5982
Jigni	35	25.4064	77.1829
Jiragaur	36	27.2790	79.6059
Jithauli	36	27.3927	79.6899
Jirahera	24	27.8062	77.2052
Jiuri Chandramapur	36	27.3645	79.8215
Jilgawan	36	27.3767	79.8452
Jitpur	35	24.4044	77.1917
Jingan	36	27.4004	78.8803
Jillapalli	40	16.7129	78.8066
Jittegudem	40	17.8863	79.2642
Jirauli	36	27.7338	78.0211
Jirauli	36	27.8305	78.2938
Jimspur	36	27.6488	78.4576
Jirauli Kalan	36	27.6441	78.4206
Jirauli Khurd	36	27.6252	78.4324
Jiria	36	27.2108	78.4404
Jijoli	36	27.1217	78.4821
Jirauli	36	27.9301	78.5481
Jidikal	40	17.9594	79.8210
Jinnayachinta	40	16.8314	79.0994
Jinukalavaniguda	40	16.8025	79.1606
Jiwasirsani	36	26.7285	79.6327
Jiwakhera	36	26.7330	79.6293
Jita Purwa	36	26.6432	79.7338
Jigna	36	26.4630	79.6661
Jirhaulia	36	26.4367	79.5187
Jitamau	36	26.3511	79.5434
Jignis	36	26.4552	79.8349
Jindaura	36	26.2989	79.9978
Jisukhpur Sani	36	27.4021	78.6857
Jisukhpur	36	27.3862	78.7258
Jitkiri	36	25.8865	79.6041
Jivichettu Tanda	40	16.6866	79.4242
Jityagani Tanda	40	16.7955	79.8000
Jiharwa	36	25.6824	81.0447
Jiarra	35	25.0324	79.7957
Jindopur	36	25.9112	82.9250
Jiuli	36	25.7914	82.8296
Jinsi	16	21.3341	76.0071
Jinsi	16	21.3219	76.0127
Jigni	36	25.7486	83.0558
Jiapur	36	25.6481	83.1358
Jigna	36	25.4158	83.0753
Jiwanpur	36	25.3059	83.1841
Jisakpura	35	26.5039	78.6367
Jiginiya	35	26.2370	78.5049
Jinhpura	35	26.1424	78.5751
Jiginiyan	35	26.0673	78.6318
Jigna	36	25.0523	83.0588
Jipanpura	36	25.0338	83.1079
Jihan Chak	36	25.5558	83.2488
Jigaon	16	20.9365	76.3863
Jianpur	36	25.3988	83.3346
Jigna	36	25.4121	83.4799
Jijgaon	35	22.4063	77.1543
Jijgaon Khurd	35	22.2217	77.1491
Jinwani	35	22.2617	77.3085
Jirahaber	35	22.4404	77.3594
Jigana	34	25.1439	83.3694
Jigna	36	25.1031	83.3156
Jigina	34	25.0082	83.4815
Jignia	35	25.8635	78.5231
Jivpur	36	25.4870	83.5736
Jitudhana	35	22.0139	77.5633
Jileri	35	22.1416	77.9580
Jianpur	36	25.7654	83.6638
Jirudhana	35	21.9128	77.2994
Jin	35	21.9485	77.6945
Jigina	34	25.2063	83.5832
Jitapur	34	25.1619	83.7138
Jigni	34	25.1495	83.5482
Jigni Purwa	34	25.1363	83.5562
Jiandaspur	36	25.6633	83.8977
Jiandaspur	36	25.6023	83.7555
Jivopur	34	25.3148	83.9796
Jinarayanpur	36	25.4941	83.8217
Jiwanpura	16	21.2527	77.5236
Jitapur	16	20.9316	77.4320
Jitapur	16	20.7607	77.4344
Jitapur	16	20.7704	77.3345
Jigina	36	24.7322	83.1205
Jigni	34	24.9590	83.4063
Jiyani	36	24.7105	83.2509
Jignaura	36	25.5201	80.2110
Jirauni Bhitara	35	25.1291	78.6775
Jirra	35	25.0633	78.7054
Jirhula	38	24.3773	83.5230
Jikabukcham	38	24.3721	83.7219
Jiwnapur	16	20.9122	79.6119
Jivnapur Chak	16	20.3776	79.6917
Jivnapur	16	20.3757	79.6869
Jibgaon	16	20.0396	79.8554
Jiwia Dera	36	25.8671	80.4863
Jigni	36	25.9900	80.5416
Jiukara	36	25.7602	80.6698
Jirlawadi	16	18.8496	76.4993
Jitamati	38	24.3912	83.9594
Jinjra	38	24.1778	83.9260
Jirga Khurd	19	18.1430	77.4651
Jirga Buzurg	19	18.1467	77.4476
Jidimetla	40	17.5095	78.4751
Jillella	40	16.7132	78.4554
Jidipalli	40	16.6649	78.4170
Jinkunta	40	16.4240	78.5140
Jiyajigarh	35	24.4187	78.1490
Jithani	24	24.8773	76.4702
Jiwanapani	35	23.9122	76.2897
Jiloni	36	24.4606	78.5442
Jinoli	40	19.7051	78.7852
Jitwarpur	36	27.1533	79.0888
Jinda	35	23.8767	78.7899
Jiula	35	24.5363	81.3826
Jiula	35	24.5393	81.3658
Jiyapur	36	24.8833	81.9393
Jilhari	35	24.7627	81.7979
Jigna	35	24.2937	81.2172
Jitaunhi	35	24.4333	81.3401
Jiwansingh ki Dhani	24	28.0233	73.1556
Jirkhapur	36	27.5306	79.3879
Jigdaha	35	24.5811	80.3850
Jithwara	35	24.6496	80.4975
Jiria	35	24.2218	80.3820
Jirwar Bari	35	24.6529	80.6958
Jirwar Chhoti	35	24.6406	80.6881
Jianpur	36	25.6119	82.6309
Jirtapur	36	25.5268	82.5170
Jiaramau	36	25.6106	82.6417
Jingwadar	35	24.4612	80.5234
Jignahat	35	24.5450	80.7986
Jiyapur Kaini	36	25.5528	81.3063
Jianpur	36	25.3769	82.3814
Jiapur	36	25.3836	82.3681
Jigna	36	25.1591	82.3439
Jitapur	36	25.4639	82.5863
Jiapur	36	25.3048	82.6594
Jiyanpur	36	25.3103	82.6470
Jignauri	36	25.1989	82.6152
Jiapur	36	25.1243	82.5984
Jiwati	36	25.1869	82.6394
Jitapur	36	25.2211	82.8538
Jiwar	36	24.7344	82.9919
Jinhora	36	24.6973	82.9200
Jitwana Bas	10	28.7056	75.9508
Jitpura	10	28.6007	75.9836
Jindaha	35	24.3421	82.0240
Jiganhawa	35	24.1190	82.3952
Jindran	10	28.8271	76.4240
Jia Khera	36	26.5239	80.7985
Jia Khera	36	26.3203	80.8124
Jiwara	10	28.3544	76.6400
Jirwapur	36	26.0311	80.8882
Jiwanandpur	36	29.7447	78.4727
Jitanpur	36	29.6369	78.2954
Jiwan Sarai	36	29.5584	78.2735
Jitpura Palari	36	29.4451	78.3896
Jitpur	36	27.7270	81.1466
Jiwanpur	36	27.4552	81.0760
Jiapur	36	27.2643	81.1811
Jiaripur	36	27.3473	81.1730
Jiari Purwa	36	27.3517	81.1677
Jignaha	36	27.6550	81.6995
Jia Chak	36	25.9656	83.9845
Jiginian Mahipal Singh	36	27.4166	81.6596
Jiganian Jaskaran Singh	36	27.4199	81.6697
Jiurakhan	36	27.3886	81.6393
Jiyapur	36	27.1643	81.8041
Jigalhitola	34	24.8584	83.8851
Jigna	34	24.9943	83.8794
Jiuri	36	26.9958	81.3008
Jinhauli	36	26.9118	81.1619
Jia Khera	36	26.5048	81.1621
Jia Lal Khera	36	26.5530	81.1168
Jiuli	36	26.9540	81.2599
Jitpur	39	29.7269	78.5247
Jingal	39	29.7000	78.9991
Jitnagar	35	24.2963	80.7688
Jinaha	35	24.4921	80.9976
Jia Singh	36	26.2502	81.0834
Jialal Purwa	36	26.4405	81.1862
Jigaon	36	26.4830	81.1558
Jihua	36	26.3930	81.2544
Jiapur	36	26.2998	81.8815
Jiapur	36	26.2637	81.8335
Jitaura	36	27.1277	81.5830
Jibpur	36	28.4578	78.3193
Jiya Nagla	36	28.3251	78.4389
Jiya Nagla	36	28.3289	78.4462
Jiwai	36	28.8077	78.5943
Jiwan	36	28.0958	79.8073
Jiginian Zamima Indar Kho	36	28.0583	79.9312
Jitani	36	25.8824	81.4785
Jiwadi	40	18.3915	78.1601
Jitan Purwa	36	26.9609	81.7558
Jit Singh Purwa	36	26.8810	81.9427
Jiwaram ka Nagla	36	28.0274	78.5069
Jiretha	36	28.1099	78.6680
Jita Bikharia	36	26.0983	81.9254
Jiu Narayanpur	36	27.5386	82.0271
Jijahat	36	28.0603	78.8969
Jinwa	36	27.4992	82.0960
Jigna	36	27.1209	82.1875
Jinruwa	39	29.8316	79.1838
Jiwai	39	29.9454	79.0237
Jignan	36	27.3392	82.2797
Jitnagar	36	27.3389	82.3430
Jignan Ghat	36	27.2724	82.4956
Jihod Ahir	36	27.1118	82.2561
Jigni	36	27.0890	82.3525
Jignan	36	27.3016	82.6248
Jigna	36	27.4790	82.6755
Jignan Mafi	36	27.3967	82.6909
Jignan Habibpur Mafi	36	27.3458	82.5964
Jiwarai	36	27.2497	82.5783
Jigaria	36	27.0362	82.5059
Jimiri	36	27.1681	82.7289
Jiopur	36	27.2106	82.8130
Jignan Buzurg	36	27.1226	82.8928
Jignan Khurd	36	27.0861	82.8986
Jiwa	36	27.1369	82.9426
Jingal	40	18.5572	78.5525
Jiyanpur Makhapur	36	26.7741	82.1916
Jiya Purwa	36	26.6078	82.0743
Jiupur	36	26.6408	82.1296
Jilaudipur	36	26.7171	82.1605
Jirua	36	26.6376	82.1665
Jitpur	36	26.5971	82.2351
Jiapur	36	26.4358	82.1355
Jilwa	36	26.4463	82.1502
Jillela	40	18.2756	78.8094
Jindlehr	12	32.6008	74.7826
Jirauhan	35	25.0669	81.3424
Jiunarayanpur	36	26.8928	82.3111
Jinapur	36	26.8746	82.3535
Jitipur	36	26.7808	82.3790
Jiyenapur Bandar	36	26.8844	82.3745
Jianpur Kunwar	36	26.9143	82.4120
Jitepur Kunwar	36	26.8928	82.4644
Jiudharpur	36	26.8192	82.4807
Jiudharpur	36	26.7906	82.4880
Jithaulia	36	26.9081	82.2640
Jirakpur	36	26.6177	82.3025
Jiudharpur	36	26.4850	82.3823
Jitpur	36	26.4923	82.4755
Jiasar	36	25.8816	83.1575
Jiwanpur	36	25.7959	83.1320
Jigni	36	25.8233	83.1126
Jinwan	36	26.9116	82.7248
Jibatpur	36	26.8348	82.7287
Jiupur	36	26.7080	82.5008
Jigna	36	26.5978	82.5571
Jiapur	36	26.5781	82.5559
Jitwapur	36	26.5998	82.6993
Jiginian	36	26.6839	82.6548
Jindaspur	36	26.2639	82.6798
Jit Purwa	36	26.8788	82.7787
Jigna	36	26.8012	82.7778
Jigni	36	26.7990	82.7851
Jiwadhara Purwa	36	26.7736	82.8609
Jiwadhara	36	26.7752	82.8667
Jigna	36	26.9574	82.9012
Jignan	36	26.8075	82.9239
Jitpur	36	26.8198	82.9271
Jibhiaon	36	26.6229	82.8000
Jigna	36	26.6855	82.8232
Jigna	36	26.7354	82.9628
Jigna	36	26.6316	82.9153
Jigarsandi	36	25.8682	83.2569
Jiapur	36	25.8183	83.3347
Jiwatpur	36	26.4090	82.7518
Jigna	36	27.0208	83.0236
Jitpur	36	27.0454	83.0785
Jinardi	36	27.1485	83.1862
Jitpur	36	27.0966	83.1954
Jitpur	36	27.1891	83.2248
Jitnagar	36	27.2412	83.3133
Jinwapur	36	27.2327	83.4772
Jigna	36	26.7500	83.1977
Jitwapur	36	26.9679	83.0034
Jiudhara	36	26.8780	83.0348
Jignan	36	26.6202	83.0938
Jigani Dand	36	26.5978	83.1561
Jigna	36	26.7107	83.1439
Jigna Tiwari	36	26.5923	83.2176
Jigna Babu	36	26.5942	83.2222
Jithans	36	26.4127	83.0434
Jignan	36	26.4992	83.0912
Jikhini	36	26.4578	83.1752
Jitwarpur Mustakil	36	26.4057	83.2067
Jitwarpur Ahtimali	36	26.3975	83.2174
Jigni Mustakil	36	26.3993	83.2311
Jigni Ahtimali	36	26.3961	83.2275
Jiulal	36	26.1708	83.0617
Jignan Karmanpur	36	26.1706	83.0961
Jitpur	36	26.8662	83.3635
Jinnu Tola	36	26.8799	83.2750
Jitpur	36	26.7031	83.3318
Jigna Bhaon	36	26.5652	83.3188
Jigni Buzurg	36	26.4001	83.2672
Jigni Khurd	36	26.3984	83.2602
Jiuchhini	36	26.3535	83.3927
Jiya ka Pura	36	25.6958	81.5459
Jiwanganj	36	25.5315	81.5470
Jit ka Purwa	36	25.5006	81.5326
Jiawan	36	26.4747	83.6900
Jitan	36	26.4692	83.7074
Jitnu	36	26.4759	83.7105
Jiwat Ahir	36	26.0389	83.5411
Jiupar	36	26.2059	83.6124
Jigna	36	26.1324	83.5970
Jidi	12	33.0371	75.1574
Jinweda Gut	12	33.1089	75.2417
Jinjgaon	16	19.3374	80.4366
Jiganaha	36	26.8846	83.7904
Jilapalli	40	18.5999	80.0541
Jigni	36	26.8127	83.9505
Jigna	36	26.8074	83.9514
Jitpur	36	26.0884	83.8454
Jirgon	36	25.6912	83.5705
Jinipa	37	18.6278	80.6418
Jijol	12	33.1542	75.6058
Jilehti	35	23.0826	80.4832
Jilahta	35	23.0639	80.4864
Jiwara	35	23.9365	80.5722
Jirhuli	35	23.3823	80.8130
Jinwas	12	33.2470	75.8108
Jiah	12	33.1006	75.8165
Jikyas	12	33.0632	75.9314
Jinsal	12	32.7461	75.1876
Jir	12	32.6194	75.2694
Jilcha	12	32.5459	75.2530
Jigna	36	25.1038	81.6646
Jiarampura	36	25.2472	81.7268
Jiwanwal	23	32.0133	75.3803
Jiwan Chak	23	32.1176	75.3424
Jib	12	32.7406	75.5146
Jinota	12	32.6465	75.5993
Jitpur Dayal	36	25.6635	81.7935
Jinsi	36	25.5314	81.9337
Jindrai	23	32.3541	75.6832
Jijawandi	16	19.7765	80.4190
Jimar	35	24.8167	81.1786
Jindri	23	32.1644	75.6522
Jindri	11	32.1998	75.6802
Jir	23	32.4934	75.8542
Jindra	11	32.4635	75.9101
Jiod	11	32.4273	75.9922
Jindakhera	35	22.8756	75.7229
Jirat	35	22.3318	75.7666
Jiwar	11	32.1973	75.9486
Jidasan	09	24.0014	72.4907
Jiwa Bhedi	23	31.0179	74.7054
Jithi	09	24.3236	72.5061
Jinjalipara	37	20.3182	81.2801
Jina	35	22.6548	80.5231
Jindanwala	23	31.2082	74.9049
Jiwan Bhander	23	31.6608	75.0832
Jitgarh	10	29.3963	76.3189
Jiwanpur	10	29.3997	76.3826
Jind Jn	10	29.3275	76.2893
Jiyuna	36	29.3207	77.6683
Jintria	24	26.0679	73.8547
Jiwand Kalan	24	25.4331	73.4926
Jiwand Khurd	24	25.3965	73.4957
Jidatola	16	21.3492	80.0402
Jirvade	16	20.4498	74.0134
Jinjaria	24	25.7867	73.8634
Jiwanwal	23	31.9929	75.6890
Jia Natta	23	31.7734	75.6334
Jia Natha	23	31.7449	75.6400
Jia Sahota Khurd	23	31.7282	75.7175
Jia Sahota Kalan	23	31.7405	75.7404
Jilda	37	22.7088	82.1338
Jinner	16	20.8274	74.7218
Jiri	16	20.1528	74.8952
Jirotola	37	21.6472	80.9848
Jirali	16	20.9389	75.0057
Jiuni Khera	36	27.1686	80.7166
Jindana	36	27.0791	80.7358
Jilauli	36	27.0790	80.7195
Jigani Khera	36	27.0045	80.7000
Jiginian	36	27.9694	80.9760
Jiaram Purwa	36	27.9165	80.8994
Jiapur	36	27.7554	80.7798
Jinsia	36	27.6561	80.8687
Jitamau	36	27.6288	80.9379
Jiehra	11	32.7585	76.2048
Jiud	11	32.6980	76.0275
Jiun	11	32.6499	76.1347
Jidera	11	32.6374	76.1836
Jiun	11	32.5313	76.0749
Jilanda	11	32.4852	76.2089
Jiar	11	32.3479	76.0457
Jirratola	37	20.7224	80.7657
Jitutola	37	20.8359	80.8203
Jirratola	37	20.6323	80.8286
Jindatola	35	22.8862	81.3672
Jiunr	11	32.4167	76.4887
Jirgauta	11	32.4657	76.4693
Jilang	35	22.8921	81.5843
Jia Khas	11	32.1559	76.4501
Jinsikhanwar	36	27.0226	81.1230
Jiwan	11	32.1487	76.5048
Jijgaon	35	24.4179	79.9787
Jidaman	11	31.8928	76.0882
Jinda	37	21.9464	81.3064
Jiunpur	23	31.2474	76.0869
Jindowal	23	31.1820	76.0101
Jiwadi Chhan	23	31.0077	76.1404
Jiara	11	31.9187	76.3552
Jin	11	31.8662	76.2800
Jihn	11	31.7796	76.4454
Jiod	11	31.8006	76.3950
Jiol	11	31.8029	76.3511
Jipankere	19	14.9643	74.7733
Jiradabri	37	21.3061	82.7851
Jimjima	11	31.9994	76.8023
Jilhan	11	31.9530	76.8912
Jindroli	11	31.4978	76.9671
Jinanun	11	31.3001	76.8066
Jiwanpura	23	30.5336	76.4945
Jindalpur	23	30.5274	76.2888
Jipia	24	26.0917	74.6091
Jitahala	24	26.8456	75.9729
Jitahala ki Dhani	24	26.8324	75.9611
Jirota	24	26.7885	75.8682
Jira	24	25.6692	75.2514
Jikli	24	25.5452	75.3356
Jirar	37	20.6646	82.3353
Jirar	37	20.2867	82.2853
Jitalta	11	31.2146	77.8660
Jila Dogri	11	30.9925	77.5717
Jiratitoli	38	23.8986	83.9683
Jibta	39	30.9123	77.8086
Jidipalem	02	17.4469	81.7997
Jiyyampalem	02	17.2936	81.8673
Jildi	37	21.6399	83.0930
Jiwanwala	39	30.1567	78.1585
Jitoli	39	30.1356	78.9623
Jiya Damrara	39	29.9706	78.4302
Jilari	37	21.7055	83.3203
Jiwanpura	36	28.4658	78.0597
Jirajpur	36	28.2107	78.1043
Jinawin	36	28.1074	78.0898
Jirapali	37	21.3721	83.3183
Jibpura	36	28.9817	78.9588
Jiajigarh	35	23.1109	76.3631
Jitapali	21	21.2294	83.2936
Jiratara	21	21.4693	83.5694
Jibandadar	21	21.0982	83.6390
Jihura Mafi	36	27.4503	81.4653
Jigna	36	26.0395	81.2673
Jijaulia	36	26.0527	81.4652
Jiwal	36	26.9167	81.6304
Jitpur	36	26.9250	81.6857
Jit	36	26.8718	81.6045
Jijauli	36	26.4954	81.5080
Jiapur	36	26.4782	81.5136
Jiawan	36	26.0377	81.5746
Jira	21	18.3938	82.7828
Jilada	02	18.3644	82.8799
Jilgul	21	18.4686	82.9646
Jilagalbanda	02	18.1520	82.7759
Jirakonda	02	18.0331	82.8477
Jirgametta	02	17.9457	82.4377
Jilladipadu	02	17.2653	82.4865
Jidigunta	02	16.8803	81.7223
Jillakunta	02	17.0338	80.6584
Jinnelagudem	40	17.8919	80.9717
Jingupalli	40	17.1834	80.8165
Jirayi	02	17.9847	82.6211
Jilledupudi	02	17.6710	82.5319
Jilledubudi	02	17.5456	82.5694
Jiaen	34	26.2406	84.3349
Jiradei	34	26.1961	84.2546
Jirayati Chintuva	02	17.4788	82.9533
Jilugumadu	40	16.9358	80.3533
Jilingdhar	21	19.7691	83.0267
Jiragam	21	19.5999	83.1941
Jitapanga	21	19.7718	83.3228
Jigidi	21	19.8017	83.4562
Jigriguda	21	18.6371	82.1059
Jingam	21	18.9011	82.3710
Jilgar	21	18.9048	82.3790
Jiraguda	21	18.9424	82.4006
Jigidiguda	21	18.4690	82.3616
Jilleru	21	19.4288	83.3138
Jimbiraguda	21	19.4885	83.4668
Jidipeta	21	19.0370	83.4317
Jigiribhata	21	19.3514	83.6900
Jilapilli	02	18.1260	82.6158
Jiddamamidi	02	18.0865	82.7165
Jillabode	02	18.0782	82.7413
Jireluputtu	21	18.6199	82.7612
Jirejira	21	18.5141	82.8849
Jirguda	21	19.1931	83.5817
Jimmakutti	21	19.0909	83.5673
Jimabadi	21	19.8913	83.9938
Jira	21	19.2688	83.7871
Jiggadi	21	19.2768	83.8843
Jimmepara	37	18.7477	81.3234
Jidimanavalasa	02	18.5145	83.0731
Jigiram	02	18.5297	83.1800
Jilleduvalasa	02	18.6159	83.2218
Jirikavalasa	02	18.3599	83.0949
Jilguvalasa	02	18.4465	83.1939
Jirikavalasa	02	18.3296	83.1807
Jirikavalasa	02	18.3530	83.1874
Jirikivalasa	02	18.4447	83.2443
Jilagulupadu	02	18.1930	83.1444
Jilleruguda	21	18.2676	81.5713
Jigidipalle	21	18.2763	81.5853
Jinnam Agraharam	02	18.3000	83.3884
Jilleruguda	21	18.4805	81.8997
Jigidipalle	21	18.2315	81.8798
Jilerupadu	02	18.7613	83.6545
Jiyyammavalasa	02	18.7901	83.6013
Jinnagutta	40	17.7725	81.0492
Jinnagutta	40	17.7812	81.0391
Jirupeta	02	18.1093	83.6537
Jigulupeta	02	18.1036	83.6902
Jivandasuguda	21	18.8661	83.8992
Jingeda	21	18.9469	83.9307
Jilakarapeta	02	18.6489	83.8903
Jinnatogu	40	17.7349	81.2444
Jilledipadu	02	18.6350	83.8522
Jillellaguden	02	17.2806	81.2038
Jilakaragudem	02	17.0085	81.1272
Jillellamudi	02	15.9840	80.4590
Jivajikhandrika	02	14.0241	80.0450
Jinnelagudem	40	17.6229	81.2658
Jidiguppa	40	17.5025	81.3479
Jina	34	25.0590	84.3123
Jidugumma	40	17.4697	81.4862
Jigna	34	25.7995	84.6438
Jitpura	09	23.2122	73.0720
Jiwanpura Muwara	09	23.0391	73.1546
Jiwa Kalal Muwara	09	23.2355	73.1498
Jitpura	09	23.2096	73.3464
Jitpura Muwara	09	23.2180	73.3660
Jitpur	09	23.1009	73.4760
Jiroth	35	22.0458	76.0930
Jiwanpur	09	23.5584	73.5936
Jitpur	09	24.0733	72.9104
Jinolia Bangar	39	29.3297	79.0561
Jitpur Daya Ram	39	29.3425	79.0960
Jitra	24	25.9709	73.3263
Jiran	24	25.4340	73.9126
Jiura	39	29.6949	79.3350
Jimiriajal	39	29.3516	79.4396
Jitpur Nigaltiya	39	29.2303	79.4503
Jitan Bigha	34	25.1945	84.6184
Jinpura	34	25.2362	84.6857
Jito Bigha	34	25.1824	84.6752
Jiwan Bigha	34	25.1441	84.6721
Jisnauli	39	29.5766	79.7014
Jilkabad	34	25.7811	84.8348
Jigna	34	25.7925	84.8448
Jitwarpur	34	25.8564	84.9993
Jira	35	22.4867	74.8900
Jinpura	34	25.5465	84.8864
Jilang Palla	39	29.3656	79.6155
Jitpur Rikwal	39	29.1590	79.6092
Jijoli	39	29.8914	79.5974
Jitab	39	29.8255	79.6140
Jinkhola	39	29.8950	79.6338
Jigni	34	27.0694	84.2879
Jigna	34	27.2475	84.6487
Jiwakhera	24	25.4980	74.0738
Jilola	24	25.2859	74.0235
Jitawas	24	25.0542	74.1395
Jingpura	24	25.8251	74.3167
Jiwar	24	25.8048	74.3928
Jiwana	24	25.9887	74.4150
Jindras	24	25.4985	74.3915
Jigna Pandit	34	26.4906	84.0811
Jigna Dube	34	26.4856	84.0794
Jigna Panre	34	26.4849	84.0853
Jiut Chhapar	34	26.4171	84.0918
Jiut Chhapra	34	26.4887	84.1796
Jindapur	36	26.0401	84.1220
Jinwalia	34	26.8683	84.4635
Jiachha Tola	34	26.9021	84.4970
Jiria	34	26.9915	84.4207
Jiwanpura	24	25.2252	74.7914
Jigal	39	29.6653	79.9593
Jit Bardaha	34	26.5205	84.3847
Jitya	24	25.2203	74.8435
Jiwakhera	24	25.2361	74.8983
Jina	34	26.9284	84.5893
Jinachap	34	26.8763	84.5356
Jiuli	39	29.2294	79.9557
Jinaura	36	28.1410	79.0544
Jia Nagla	36	28.5937	79.3428
Jia Nagla	36	28.7193	79.3387
Jitaur	36	28.3359	79.3407
Jit Nagla	36	28.0434	79.4921
Jitwarpur	34	26.4983	84.6288
Jigrawan	34	26.1385	84.5513
Jitpur	34	26.8149	84.9578
Jipura	34	26.1250	84.8810
Jimdaha	34	26.0905	84.9301
Jiginian Bhagwantpur	36	28.5436	79.7142
Jihi	36	28.2840	79.5721
Jiginian Patti Tisua	36	28.1270	79.5878
Jiwan Nagra	36	28.0385	79.6436
Jiginian	36	28.1659	79.6599
Jithanian	36	28.7944	79.7622
Jigni	36	25.9194	84.0432
Jignahra	36	25.9155	84.0631
Jignahra	36	25.9148	84.0406
Jigni	36	25.8081	84.0115
Jigni	36	25.9144	84.1314
Jigirsanr	36	25.9350	84.1106
Jitaura	36	25.8625	84.2449
Jirayantanr	34	25.4316	84.8407
Jiyaidih	34	25.3543	84.8946
Jiga Bigha	34	25.1433	84.9531
Jigina	34	24.9816	84.0744
Jiut Bigha	34	24.9265	84.1896
Jian Khar	38	24.5471	84.0745
Jitpur	34	24.6632	84.1816
Jigna	34	25.4019	84.0850
Jigna	34	25.2712	84.0774
Jitwa Dehri	34	25.3953	84.1960
Jilia Jirhitoli	38	24.0179	84.1187
Jirwatanr	38	24.1306	84.1616
Jiamaran Pathra	38	24.1314	84.1821
Jigni	34	25.1741	84.1784
Jinuriya	34	25.0914	84.2036
Jitaura Bazartola	34	25.3753	84.3874
Jiman Bigha	34	24.8515	84.3121
Jinoriya	34	24.9943	84.3998
Jinwani	35	22.6088	76.5179
Jinwani	35	22.4903	76.7368
Jiton Bigha	34	24.9046	84.7418
Jirabar	38	24.2627	84.5477
Jitwarpur	34	25.1917	85.9922
Jirwar	35	25.0210	80.7033
Jinsale	19	13.6688	74.9055
Jivapur	19	15.9274	75.0504
Jinnur	19	15.1576	75.0278
Jiglur	19	15.1316	75.1463
Jigeri	19	15.7927	75.9883
Jigalur	19	15.6897	75.7800
Jigeri	19	15.7039	75.9572
Jigalikop	19	14.7410	75.1669
Jirlekoppa	19	14.3447	75.2028
Jimanur	19	14.3348	75.1330
Jibetla	02	14.2850	77.5111
Jigali	19	14.3887	75.7370
Jinahalli	19	14.2098	75.5357
Jirigenahalli	02	13.9076	77.0638
Jivagondanahalli	19	13.7454	77.1332
Jilladikunta	02	13.8753	77.2901
Jinkalavarapalli	19	13.7255	77.6862
Jiganahalli	19	13.6156	77.7275
Jidimakalahalli	19	13.5987	77.7200
Jilakarapalli	19	13.7686	77.8033
Jivanhalli	19	13.0147	77.6116
Jillalpalli	19	13.9166	77.8752
Jikavandlapalli	02	13.8674	77.9437
Jiganivandlapalli	19	13.8494	77.9435
Jinnagara	19	13.0309	77.8517
Jinnagara	19	13.0330	77.8213
Jirlahalli	19	14.6897	75.8843
Jittinakatti	19	14.7064	75.9844
Jigalgod	19	13.7175	75.2083
Jittekoppa	19	13.7119	75.2059
Jirahalli	19	13.7840	75.3722
Jigalemane	19	13.5817	75.4064
Jitpur Khema	39	29.1369	79.5126
Jilbili	16	19.9272	79.4748
Jinagenahalli	19	13.0631	75.9523
Jindo	12	33.2991	74.2244
Jiar	34	25.1806	85.6385
Jilera	40	19.1341	79.7321
Jitwaria	34	25.9864	85.7570
Jitwarpur Nizamat	34	25.8489	85.8006
Jitwarpur Chauth	34	25.8499	85.8074
Jitwarpur	34	25.8366	85.8164
Jiapur	34	24.5892	85.2408
Jirwatari	34	24.6139	85.3420
Jindapur	38	24.3239	85.2735
Jia Chak	38	24.3953	85.3064
Jihu	38	24.1644	85.3684
Jitpur	38	24.2183	85.4801
Jiginihalli	19	14.9446	76.5456
Jinahalli	19	12.3199	76.4426
Jitwarpur	34	26.3834	86.0745
Jinakerehalli	19	13.1360	76.2251
Jiwachhpur	34	26.2231	86.7862
Jiwachhpur	34	26.0277	86.7651
Jitpur	34	26.0655	86.8825
Jirwa	34	26.0064	86.8604
Jiwan	34	25.7294	86.0502
Jir	34	25.7081	86.2323
Jinedpur	34	25.4707	86.1523
Jisagenahalli	19	12.8624	76.0803
Jittanahalli	19	12.6246	76.1649
Jinnenahalli	19	12.9843	76.5726
Jinnathapura	19	12.8656	76.4898
Jinnenahalli	19	12.8547	76.4703
Jigundipatna	19	12.5871	76.8839
Jimarhalli	19	12.1700	76.8163
Jiwachhpur	34	25.9834	86.7018
Jiwachhpur	34	25.8148	86.6781
Jinnapur	19	12.9708	75.7898
Jitwarpur	34	25.0816	86.5772
Jirrahalli	02	14.7018	77.2713
Jiwachpur	34	25.8964	86.8007
Jirwa	34	25.8224	86.8584
Jitapur	34	25.9086	86.8842
Jitpur	09	23.3508	73.5401
Jitapur	16	19.8825	79.2053
Jilugala	40	18.1370	79.4039
Jilalapalli	40	18.5773	79.7037
Jiriganuru	19	15.3179	76.6729
Jirigivad	19	15.6137	74.9435
Jiwabigha	34	24.6387	84.3760
Jindapur	34	24.6638	84.9572
Jiraul	34	26.5141	85.9232
Jiraul	34	26.5181	85.9250
Jiwachhpur	34	26.3120	87.0405
Jimrahi	34	26.3999	87.1794
Jitwarpur	34	26.2795	87.4441
Jiapokhar	34	26.3928	87.9484
Jianganj	34	25.8552	87.2457
Jitadih	34	25.1482	87.1187
Jianganj	34	25.8840	87.2702
Jianganj	34	25.8661	87.2612
Jianganj Milik	34	25.8483	87.2636
Jianganj	34	25.9102	87.4699
Jiajori	38	25.0582	87.3260
Jirli	38	25.0945	87.4068
Jiban Khutahari	38	25.1821	87.4664
Jindapur	34	25.9125	87.5744
Jittu Chak	34	25.4940	85.0177
Jitan Bigha	34	25.3142	85.1416
Jian Chak	34	25.3821	85.1917
Jiagachhi	34	25.7107	87.5813
Jirlikarharia	38	25.1506	87.5178
Jitpur	38	25.0047	87.5036
Jirbabari	38	25.2412	87.6635
Jiagachhi	28	25.9001	87.8885
Jitwarpur	34	25.6920	87.8342
Jian	34	25.6461	87.8867
Jingipur	34	25.5709	87.9119
Jitwarpur	34	25.6267	87.9153
Jiamari	34	25.3563	87.7693
Jiagachhi	28	25.2897	87.9237
Jitarpur	28	25.3153	87.9671
Jitko	38	24.5836	87.5780
Jirli	38	24.6519	87.6626
Jitanpur	38	24.6579	87.6334
Jitpur	38	24.6736	87.6379
Jiajuri	38	24.7136	87.7468
Jirli	38	24.7140	87.6482
Jitpur	38	24.4509	87.5171
Jiten Bigha	34	25.2344	85.1755
Jiapani	38	24.1389	87.5532
Jibanpur	38	24.7478	87.8278
Jigarhati	28	24.0315	87.8944
Jiban Chak	34	25.4250	85.2568
Jiwanpur	34	25.4008	85.4341
Jinda Bigha	34	25.0655	85.4539
Jitwarpur Kumhra	34	25.7852	85.7044
Jia Chak	34	25.2580	85.6038
Jidimatala	40	17.4270	78.6452
Jiwanpur	34	26.1912	87.7153
Jirabojhi	36	27.7882	80.2385
Jiaha	36	27.4960	80.0708
Jijwasi	36	27.3393	80.0148
Jit Purwa	36	27.3138	80.1506
Jinwaran Purwa	36	27.4901	80.1305
Jigna	36	27.9271	80.3457
Jinakanalli	19	12.1816	77.1429
Jivanamandoddi	19	12.5490	77.4414
Jigur	19	12.6539	77.6806
Jillella	02	15.3927	78.3227
Jinepalle	02	15.2831	78.4679
Jillella	02	15.3508	78.4700
Jillela	02	14.8850	78.6333
Jilimamidivandlapalle	02	13.7660	78.2324
Jillarapalli	19	13.5517	78.2092
Jinkapalli	19	13.6844	78.0121
Jinkaladinna	19	13.0547	78.0008
Jillavandlapalle	02	13.8613	78.4043
Jillavaripalle	02	13.7347	78.4641
Jillavandlapalle	02	13.6031	78.4570
Jinkalavaripalli	19	13.5021	78.3462
Jidimakalapalli	19	13.4352	78.3372
Jidimakalapalli	19	13.4958	78.3623
Jimmandahalli	19	13.1534	78.5234
Jidimakulapalle	02	13.2052	78.6970
Jigale	19	12.7995	77.7607
Jimangalam	25	12.8050	77.8608
Jibi	25	12.7406	77.8229
Jibi	25	12.6021	77.8575
Jinagatimmanhalli	19	12.9337	78.0503
Jitlakarampatti	25	12.1953	78.0533
Jiduru	02	12.6678	78.4082
Jinkalakadirampatti	25	12.2896	78.3414
Jittappanahalli	25	12.4698	78.3404
Jigairapalli	25	12.4964	78.3905
Jidikuppam	25	12.4316	78.4511
Jittapalli	25	12.9916	78.8096
Jimarathur	25	12.5344	78.9116
Jinmanatham	25	12.2817	77.6297
Jinulakunta	02	14.1188	78.2852
Jinuguripalle	02	15.1586	79.1699
Jillela	02	15.1242	79.0246
Jinuguvaripalle	02	15.2184	79.2531
Jillellapadu	02	15.3566	79.3645
Jirravaripalem	02	14.8348	79.6818
Jiltavaripalli	02	13.5756	79.0846
Jivipalli	02	13.2209	79.2806
Jingilipalaiyam	02	13.7606	79.6651
Jipalaiyam	02	13.6102	79.5436
Jilapaturu	02	13.8457	79.8385
Jirgahalli	25	11.6637	76.9232
Jimalrakha	34	25.4490	87.6072
Jiraganallur	19	11.8855	77.2750
Jillopanayakkanpalaiyam	25	10.5396	77.1385
Jilinda	21	20.5242	84.9450
Jiliberena	21	20.3539	84.7809
Jilinda	21	20.3391	84.9513
Jiwantaritoli	38	23.7392	85.0729
Jimratoli	38	23.3510	85.0951
Jiputoli	38	23.2659	85.1513
Jidu	38	23.5121	85.2628
Jidu	38	23.5201	85.4867
Jirabar	38	23.4943	85.3940
Jiarapa	38	23.1501	85.2590
Jiki	38	23.1534	85.3960
Jilinga	38	23.1065	85.3467
Jikilata	38	23.0323	85.3610
Jiuri	38	23.0048	85.3831
Jilingtanr	38	23.6264	85.6460
Jintutoli	38	23.3598	85.7121
Jidu	38	23.3636	85.6017
Jintu	38	23.2035	85.6732
Jilingtanrtoli	38	23.5074	85.9848
Jintudih	38	23.2288	85.8276
Jiling Sereng	38	23.1514	85.8541
Jiling	28	23.1604	85.9834
Jiling Sereng	38	23.1150	85.7589
Jiling Adar	38	23.0242	85.8254
Jimidartoli	38	22.8964	85.0006
Jibilong	38	22.9030	85.0156
Jilingburu	38	22.9088	85.1479
Jilingburu	38	22.8743	85.1962
Jilingsereng	38	22.8132	85.1492
Jilinggutu	38	22.6099	85.1854
Jikilota	38	22.8324	85.2862
Jijida	38	22.8939	85.4252
Jilingkel	38	22.9763	85.4250
Jiuri	38	22.9987	85.3907
Jilugara	38	22.8328	85.4805
Jirai	38	22.7882	85.3815
Jirhulia	38	24.4914	84.7957
Jiraun	38	24.0877	84.8648
Jilkula	38	22.5616	85.2706
Jinkabera	38	22.6298	85.3659
Jirpani	38	22.1408	85.5830
Jintugara	38	22.2144	85.6574
Jitpur	38	24.0744	86.9215
Jilingtoli	38	23.1597	84.1221
Jitiatoli	38	23.1643	84.1347
Jiro	38	23.9564	84.4014
Jilingsera	38	23.3212	84.4285
Jirmi	38	23.1522	84.3575
Jilinga	38	23.0972	84.4803
Jirmaniatanr	38	23.6794	84.5055
Jibhiatoli	38	23.5465	84.5491
Jirua Khurd	38	23.9945	84.7966
Jipua	38	23.7619	84.8864
Jilanga	38	23.7835	84.8748
Jirhulatoli	38	23.9519	84.8522
Jiling	38	23.6193	84.7513
Jima	38	23.5367	84.7732
Jido	38	23.5086	84.8386
Jilinga	38	23.5254	84.8436
Jingi	38	23.4894	84.8484
Jirhul	38	23.1452	84.8721
Jirgum	37	22.8972	84.1348
Jiluwaintoli	38	22.5362	84.2157
Jinjrakani	38	22.4875	84.1215
Jiatangar	38	22.8343	84.4561
Jitiatoli	38	22.6105	84.3760
Jilinga	38	22.4821	84.4229
Jitiatoli	38	22.7834	84.6449
Jiramtoli	38	22.8879	84.6129
Jitutoli	38	22.8497	84.7014
Jitiatoli	38	22.7681	84.8575
Jigatoli	38	22.9665	84.9158
Jitutoli	38	22.7712	84.9298
Jingatoli	38	22.8443	84.9843
Jitiatoli	38	22.6991	84.9203
Jivangulam	25	9.6767	78.5136
Jitali	38	22.9518	85.5612
Jilingbera	38	22.9311	85.7104
Jibanbadi	38	22.6864	85.6343
Jikilata	38	22.3098	85.6558
Jilingda	38	22.8820	85.7949
Jilingda	38	22.7941	85.7980
Jilingburu	38	22.6968	85.8776
Jibasai	38	22.3588	85.9125
Jirai	21	22.4689	85.9985
Jitipara	21	21.2525	85.1739
Jintakesra	21	21.5584	85.3965
Jirang	21	21.3362	85.6819
Jibnipara	21	20.2662	85.0031
Jiripara	21	20.0714	85.0456
Jinga	38	24.0051	85.5027
Jilwaria	34	24.9591	85.7601
Jiuri	34	24.8945	85.8156
Jitkundih	38	24.3434	85.9659
Jitkundi	38	24.2668	85.9221
Jimraha	34	25.8213	86.3469
Jinadih	38	24.5717	86.0509
Jirodih	38	24.6021	86.1430
Jitpur	38	24.2146	86.2168
Jitpur	38	24.2072	86.2272
Jilingtanr	38	24.1148	86.0818
Jitkundi	38	24.1079	86.1577
Jitpur	38	24.1279	86.0555
Jinhara	34	24.9499	86.4125
Jimatpur	34	24.6005	86.4975
Jilimtanr	34	24.6422	86.4332
Jirhulia	34	24.6531	86.3647
Jinath	34	24.6972	86.4673
Jiotol	38	24.4032	86.2495
Jitpur Chak	38	24.3242	86.4803
Jilingtanr	38	24.3045	86.3977
Jianpur	38	24.3891	86.3789
Jianpur	38	24.1938	86.4177
Jitjora	38	24.0609	86.4769
Jiajori	38	24.0171	86.4207
Jibka Baman	21	21.8431	84.8842
Jileju	21	20.6038	84.1649
Jimunpanga	21	20.3468	84.1861
Jirdigia	21	20.2020	84.1375
Jidubadi	21	20.0522	84.1069
Jirad	21	20.6502	84.4783
Jiakata	21	20.6183	84.4210
Jiginagam	21	20.2958	84.2754
Jiringia	21	20.2589	84.3769
Jitaghati	21	20.1928	84.4958
Jiantanali	21	20.9187	84.5471
Jirad	21	20.7461	84.5290
Jiripoda	21	20.1831	84.6894
Jirsong Asong	03	25.8598	93.4380
Jiwati	16	19.6066	79.0636
Jirang	18	25.9105	91.5758
Jirania	26	23.8139	91.4366
Jia	37	21.6701	81.6294
Jitpur	39	29.1791	79.5012
Jiuli	39	29.2329	80.0438
Jiwachhpur	34	26.0826	86.7086