Jodhpur	24	26.2684	73.0059
Jorhat	03	26.7575	94.2031
Jodhpur	09	21.9017	70.0327
Joda	21	22.0170	85.4220
Jora	35	26.3421	77.8092
Jogbani	34	26.3990	87.2652
Jora Khurd	35	26.4893	77.9758
Jowai	18	25.4360	92.1913
Jogipet	40	17.8356	78.0681
Jodiya Bandar	09	22.7167	70.2833
Joshimath	39	30.5554	79.5644
Jobat	35	22.4160	74.5683
Jobner	24	26.9726	75.3875
Jona Pur	07	28.4661	77.1538
Joka	28	22.4531	88.3023
Jorethang	29	27.1070	88.3233
Jogindarnagar	11	31.9873	76.7891
Joshipur	21	21.9627	86.0751
Jonai Bazar	03	27.8290	95.2194
Jorada	21	20.9174	85.1227
Joka	28	22.4865	87.9688
Jodhan	23	30.7962	75.7558
Jonka	28	22.6897	87.9885
Jogighopa	03	26.2265	90.5725
Joka	21	22.0843	86.4720
Job	37	21.0034	80.5269
Joka	21	22.2463	86.5177
Jogail	36	24.5155	82.8508
Jowla	16	18.5453	75.2709
Jotsema	20	25.6760	94.0607
Joteswar Hat	28	26.6047	89.1408
Jotawad	35	23.6346	75.5773
Josiana	39	30.0763	78.7832
Joruri	21	21.9544	85.4232
Jormu	21	20.5237	84.9616
Jori Kalan	38	24.3212	84.7916
Joribar	21	21.9287	85.4146
Jordiha	38	24.7833	87.5500
Joranda	21	20.7860	85.7242
Jonnagiri	02	15.2303	77.5714
Jonkahra	36	26.2353	83.3960
Jonha	38	23.3764	85.6304
Jongohetpara	18	25.4501	90.0057
Jonapura	35	26.3034	78.2316
Jolpa	24	24.8417	76.3544
Joki Hat	34	26.1438	87.6195
Jokha	09	21.2365	73.0226
Jojohatu	38	22.5304	85.6734
Joida	19	15.1704	74.4847
Jograns	24	25.3823	74.2939
Jogiwala	24	29.1026	75.2741
Jogipalli	02	14.2195	79.7284
Jogiara	34	26.4092	85.7504
Jogeshwari	16	19.8274	75.2048
Jogapatti	34	26.8900	84.3444
Jogalsar	24	27.5391	73.9843
Joga Kalan	35	22.4236	76.7960
Jodhpur	35	24.0730	79.8643
Jodmoha	16	20.3167	78.2967
Jodkurh	19	16.4365	74.6720
Jodiya	09	22.6945	70.3059
Jodhka	10	29.4975	75.2217
Jodhe	23	31.5764	75.3312
Jodhatti	19	16.3411	74.7697
Jodasar	24	28.3045	72.6198
Jodasar	24	28.1015	73.8200
Jorawarpura	24	28.4761	74.7062
Jojasar	24	28.8436	74.6774
Jokhasar	24	28.9202	74.6455
Jori	24	28.5397	74.9306
Jojera	28	22.6433	88.4719
Joynagar	28	22.5719	88.1569
Jogiani	12	32.9034	74.5858
Joian	12	32.5226	74.8700
Jogpura	12	32.5832	74.9719
Jogipura	36	29.7489	77.4143
Jos	36	29.5797	77.4022
Joli	39	29.8858	78.6187
Jogarsain	39	29.8366	78.6286
Jogyana	39	29.7946	78.6525
Jogta	39	29.7995	78.6549
Jogiyana	39	29.7931	78.7374
Jolur	40	17.3870	78.7853
Joikal	40	17.5099	78.1074
Josranjan	16	18.3334	72.9880
Jogupalya	19	12.9713	77.6268
Johsana Chhota	24	28.4005	75.1932
Jogiyon ki Dhani	24	28.3210	75.6169
Jodhiji ki Dhani	24	28.0973	75.7384
Jorasi Khurd	10	30.0106	76.5816
Jodhpur	23	30.0953	76.6192
Jorasi Kalan	10	30.0272	76.5780
Joriwala	10	30.7484	76.9845
Jogi Majra	10	30.1593	76.9201
Jonakheri	35	24.0594	78.0341
Jori ka Nagla	36	27.8645	79.3229
Joga Khurd	36	27.1983	79.3290
Joga Kalan	36	27.1954	79.3303
Jot	36	27.1392	79.3847
Jodhanpura	36	27.5429	79.6277
Jokehia	36	27.0421	79.9456
Jogipur	36	26.4956	79.4416
Jogiapur	36	26.2769	79.4087
Jot	36	26.7308	79.7828
Jolgawan	35	24.6449	79.1868
Jogeshwari	16	19.1220	72.8514
Joshionwalagaon	24	27.0716	71.0221
Joerli Nadi	24	27.4269	71.5430
Jodheri Nadi	24	27.3198	71.5058
Joipur	03	26.3601	89.8875
Jongbandha	03	26.3664	89.8238
Jorawarpura	24	28.0616	74.3656
Joipi	17	25.2797	93.4374
Jojawar	24	25.5323	73.7413
Joalia	24	25.3393	73.8162
Jordiali	09	24.6344	71.3964
Jorma	35	24.3734	75.6816
Jopul	16	20.1932	73.9073
Jorebungalow	28	27.0106	88.2590
Joykrishnapur	28	23.1244	87.3140
Jortala	35	23.8753	79.3635
Joratarai	37	21.0540	82.3153
Jogibheta	03	26.7583	94.2814
Joynagar	28	22.6834	87.9959
Joyrampur	28	22.8598	87.8267
Jogipur	35	24.4031	81.9169
Joypur Town	03	27.2676	95.3920
Jorakani	21	20.0663	85.6753
Jokananda	21	21.4725	86.7470
Joypul	28	22.7773	88.5686
Jot Ghanashyam	28	22.5161	87.8402
Joykrishnapur	28	23.4660	88.2157
Jogalepal	19	14.8767	74.5872
Jokhawas	24	28.0971	76.7295
Jofarabad	10	28.2615	76.9732
Joriah	24	28.0279	76.7842
Joriah	24	28.1570	76.8690
Jotana Khurd	23	29.7991	75.2779
Joian	23	29.8608	75.4482
Jodhkawali Dhani	10	29.5086	75.2522
Jorian	10	29.3038	75.0560
Jogiwala	10	29.2463	75.2217
Jodhawas	24	28.7894	75.1865
Jothra	24	28.7844	75.1520
Jogna Khera	10	29.9837	76.7964
Josar	10	29.9623	76.7723
Jonaicha Kalan	24	28.0263	76.4279
Jonaicha Khurd	24	28.0233	76.4472
Johar	11	31.4721	77.0318
Johangarh	11	31.3989	77.0888
Johar	11	31.3901	77.1997
Joata	12	34.5309	74.3136
Jorkiyan	24	29.6101	73.8575
Jogi	11	31.2806	77.2801
Johar	11	31.3176	77.3115
Johro	11	31.4478	77.3769
Joi	11	31.3800	77.4789
Joh	11	31.4604	77.4738
Joa	11	31.3805	77.4654
Jogian	23	30.4306	74.1292
Jodhpur	23	30.1324	74.3752
Johiyanwala	23	30.9110	74.8512
Jobar	11	31.1135	77.2725
Jogar	11	31.0014	77.3109
Jogte ka Kharol	11	31.1942	77.3368
Jot	11	31.0636	77.4602
Johta	11	31.1472	77.4375
Joabag	11	31.2323	77.4980
Jorna	11	31.0427	77.4962
Joagl	11	31.5638	77.5851
Jojhar	11	31.4593	77.5201
Joban Thach	11	31.2907	77.6749
Jonli	11	31.2935	77.6952
Jotudhar	11	31.3421	77.6826
Jol	11	31.1475	77.5426
Joni	11	31.0991	77.6026
Jora	11	31.1361	77.7330
Jokhari	11	30.9978	77.1242
Jokhri	11	30.9506	77.1279
Joharji	11	30.8300	77.0764
Johron	11	30.5158	77.2069
Jogi Majra	10	30.0637	77.0739
Jobal	10	30.0549	77.1831
Jon	11	30.8318	77.3024
Jotla	11	30.9582	77.4432
Jorna	11	30.9205	77.4692
Jothal	11	30.9968	77.4657
Jok	11	30.6712	77.3255
Joganwala	11	30.5524	77.2943
Jogiban	11	30.5180	77.3763
Jogia	11	30.5735	77.4498
Jodhpura	24	27.5905	76.1222
Johrawali Dhani	24	27.5170	76.0412
Jogiyon ki Dhani	24	27.5286	76.1341
Jodhpura	24	27.6780	76.1307
Jodhawas	24	27.3589	76.3077
Jonal	24	27.9555	76.6557
Jogiwala	10	30.3407	77.3802
Jojaka	24	27.9916	76.8511
Jotri Pipal	24	27.6485	76.9958
Jotripahari	24	27.6579	76.9911
Johron	11	30.4678	77.5506
Jonakhera	24	27.3352	76.8202
Jonakherapahar	24	27.3126	76.8141
Jodhpur	24	27.2944	76.7503
Jodhpura	24	27.3850	76.9755
Joshi	39	30.5848	77.8890
Jogio	39	30.7101	77.9506
Joripura	24	26.5476	76.3389
Jokhapuri	36	29.4411	78.0215
Joshi ki Dhani	24	28.0581	75.0544
Johar Baraha	35	23.0169	78.3238
Jotpur	35	23.5986	78.5316
Jogipura	24	26.7344	76.5670
Jorli ka Pura	24	26.2981	76.6760
Jorli	24	26.2893	76.6795
Jori	24	26.3158	76.7329
Johar	35	23.2664	78.7449
Jolanpur	35	23.3792	78.6440
Jogdishpur	24	26.8249	76.9487
Jodhpur	24	26.9111	76.9053
Jon	24	26.9093	76.9250
Jogipur	10	29.5561	77.0735
Jokheri	36	29.8033	77.3073
Jogipura	24	26.2268	76.7905
Jogiyakhera	36	29.2950	77.3820
Johri	36	29.1035	77.3401
Jontala	35	22.8745	78.0006
Jogiwara	35	22.7605	78.5808
Jolwari	16	21.2542	78.1000
Jolwadi	16	21.3474	78.4496
Jorwada Khurd	16	21.2066	78.4793
Joga	16	21.4463	78.7438
Joga	16	21.1047	78.5702
Jovandhana	35	21.7866	78.7883
Jovni	35	21.7768	78.7849
Jodhpur Ramana	23	30.1509	74.9159
Jotasen	09	24.3483	73.1695
Jogiber	24	24.4327	73.2033
Jogewala	10	29.9578	74.7666
Jotana	24	24.4014	73.5000
Jogewala	23	30.8334	75.0167
Jodi ka Gurha	24	24.7195	73.5423
Jojawat ki Bagal	24	24.7235	73.6967
Jogitalao	24	24.5145	73.6951
Jori Semat	24	24.4086	73.5677
Jodhpur	24	24.4229	73.8355
Jodhpur Pakhar	23	30.0534	75.1498
Joganheri	24	24.6018	76.0094
Jodhsinghji ka Khera	24	25.0352	74.6519
Jojron ka Khera	24	25.0790	74.6210
Jodhpur	23	30.3799	75.4556
Jotigarh	39	29.9909	77.9243
Jorasi	39	29.8233	77.9483
Jogawala	39	29.5902	77.9671
Jondheri	36	29.3475	77.8003
Joshi Jat	10	28.9658	77.0764
Joshi Chauhan	10	28.9747	77.1019
Jogmaya Mandir	07	28.5256	77.1844
JOR BAGH	07	28.5869	77.2175
Joga Bai	07	28.5665	77.2834
Johra	36	28.8956	77.5345
Joya	36	28.7527	77.6436
Jogipura	36	28.7743	77.7357
Jonsamana	36	28.5799	77.5054
Jokabad	36	28.4736	77.6613
Joganand	23	30.2588	74.9749
Jodhpura	24	24.2190	73.8969
Jodhpura	24	24.0416	73.8798
Jolayan	24	26.0967	74.8883
Jorawarpura	24	26.0675	74.9358
Jogion ka Baria	24	25.7832	74.1581
Jodhras	24	25.3864	74.6116
Joera	24	24.7394	74.1212
Jodhpura	24	27.1834	75.6957
Jogiwala	23	29.8860	75.0657
Jolpura	24	24.6676	72.5640
Jogewala	23	29.8714	76.1025
Jowarhi	10	29.0278	77.0051
Joktarang	11	31.5354	78.0080
Johrigaon	39	30.3758	78.0643
Jogiwala	39	30.2856	78.0673
Joliyon	39	30.3072	78.1572
Jogipura	36	29.2710	78.5072
Jot Hema	36	29.2592	78.6153
Jogipur	36	29.4122	78.6807
Jokhwa Sitel	39	30.2825	79.5531
Jogither	36	28.3491	79.2064
Jodhpura	35	24.0689	76.2652
Joharipura	35	24.3086	76.9107
Jolapalli	40	18.6290	79.2457
Joganguda	16	19.0478	80.2607
Joshithang	29	27.1939	88.2653
Jorthang	29	27.1291	88.2868
Jorbangala	28	27.0080	88.2624
Jogitor	28	27.0245	88.7094
Jom	37	21.5925	81.1326
Jogigupha	37	21.3515	81.2017
Jog Tanda	16	19.6741	76.7495
Jotrauli	24	26.9742	77.4837
Joriya	24	28.1300	75.6670
Jori	35	26.4940	77.9758
Jora	35	25.8051	78.0645
Jog ki Dhani	24	28.1108	75.7518
Jodhwal	23	30.9659	76.2052
Jodgaon	16	19.3877	76.4807
Jora Majra	23	30.0796	76.1870
Jod Saundana	16	18.5713	76.2156
Joata	12	34.5927	74.4112
Jogatpur	23	30.9299	76.4255
Jora Rasulpur	23	30.3949	76.4411
Jongli Nagla	36	27.7736	77.9000
Jodhwa	10	30.1529	76.4203
Jodhpur	23	30.9439	76.6437
Jogipur	23	30.3361	76.5100
Jogi Majra	23	30.3140	76.5843
Jogaiwadi	16	18.6991	76.3757
Jodhpur	23	30.3875	76.9118
Jorwadi	16	18.8181	76.9061
Jogalgaon	16	18.8792	76.8543
Jogial	16	18.3704	76.8164
Jot Rohallahbas	24	27.6657	77.0119
Jot Rohallahbas	24	27.6622	77.0042
Jot Gomati	24	27.6606	77.0356
Jot Sadaruddin	24	27.6579	77.0312
Jot Dariya	24	27.6524	77.0220
Jot Gulab	24	27.6508	77.0153
Jodhpur	24	27.6671	77.1604
Jodhpur ka Bas	24	27.6773	77.1661
Jonai	36	27.6275	77.6366
Jogipura	36	27.3991	77.5012
Jogur	19	17.1232	76.6343
Jogwadi	19	17.7527	76.7742
Jogipura	24	27.0502	77.5468
Jobapara	37	22.1135	82.8553
Joba	37	22.1228	82.8728
Jogipali	37	22.2140	82.9968
Jongra	37	22.0801	82.9757
Joba	37	21.2547	82.0959
Jogidipa	37	21.4883	82.5300
Joradabri	37	21.4963	82.7225
Jogibhat	37	20.7821	81.0817
Jogankuhi	37	20.5442	81.1069
Jodhapur	37	20.7032	81.5355
Joradabri	37	20.4478	81.8346
Jolada Hedagi	19	16.4878	76.9391
Joratarai	37	21.1636	81.0665
Joratarai	37	21.1919	81.1846
Joba	37	21.5872	81.3468
Joratarai	37	21.1759	81.3878
Jogipur	37	21.9333	81.5791
Jomegaon	16	18.9693	77.3982
Jogpura	36	27.2905	78.2355
Jondhri	36	27.2544	78.3517
Joginagar	16	20.9966	78.3137
Joshinagar	16	20.8368	78.7164
Joginkauda	16	20.1827	78.5150
Jolha	16	20.1255	78.9852
Jogipura	36	27.6761	77.8268
Jogpura	36	27.5908	77.8765
Jodha Nagla	36	27.7162	77.8516
Jogamai	36	27.6111	78.5169
Jortala Khurd	35	23.7260	79.4685
Jogidabar	35	23.9214	79.7344
Jogiya	35	23.2854	79.7202
Jodhpur	35	23.1033	79.8747
Jodhpur	35	23.0949	79.8742
Jogi Dhana	35	23.0359	79.8920
Johariya	35	22.9395	79.0483
Joba	35	22.8993	79.0893
Jogiwari	35	22.6800	79.2460
Jobnala	35	22.2595	79.0008
Jodhpur	36	27.2475	77.7872
Jognitola	35	22.4796	79.5040
Jogigupha	35	22.4984	79.6130
Jogiwara	35	22.4242	79.5028
Jogiwara	35	22.2873	79.6552
Jogipura	36	27.1676	77.9740
Jonai	36	27.0261	77.9420
Jogigupha	35	22.0190	79.6366
Jorawari	35	22.1985	79.7091
Jonai	36	26.9399	78.8371
Jogaiahpet	40	19.3224	78.4944
Jogpur	36	27.2887	79.1908
Jorgarhi	24	26.5951	77.4635
Joginagar	16	21.1087	79.0862
Jogpur	36	27.4406	79.4211
Jogiwara	35	21.9401	79.3708
Jogitola	16	21.5481	79.4898
Jogammaguda	40	17.0119	78.1795
Jogat Piparthana	36	27.9892	79.5220
Jodhpur	36	27.9165	79.7291
Jothupur	36	27.6485	79.8874
Jogipur	36	27.6513	79.9297
Jolaipur	36	27.0470	79.5430
Jogipur	36	27.9912	79.7828
Jogibida	35	21.8956	76.6729
Jodhan Purwa	36	27.3123	79.8242
Jodh Purwa	36	27.3289	79.8562
Jogirada	35	24.4139	77.0178
Joganbawari	35	24.0183	77.2381
Jogigani Tanda	40	16.7321	78.9607
Jolalpur	36	27.7138	78.1307
Jogipura	36	27.6527	78.1426
Jogia	36	27.6116	78.0365
Jogiapalli	40	17.8899	79.5835
Jojipet	40	17.8662	79.8774
Jopidivanigudem	40	16.9450	79.0666
Joran Purwa	36	26.6627	79.5805
Jogian Ka Dera	36	26.5828	79.6949
Jogi Ki Marhaiyan	36	26.5465	79.5502
Jolhupur	36	26.0940	79.7080
Jodh Purwa	36	26.8483	79.7703
Jotish	36	26.4109	79.9237
Jodhpur	36	27.4319	78.5830
Jotpur	36	27.3884	78.5706
Joggu Tanda	40	16.8331	79.9545
Jorawarpur	36	25.7099	81.2246
Joga Khurd	35	22.4044	76.7946
Joran	35	25.2036	79.3939
Joraha-ka-Pura	35	25.2255	79.9987
Joraha	35	25.2089	79.9864
Jonawad	24	26.8857	78.2067
Jogaipura	24	26.7757	78.0568
Johan	35	26.6895	78.1395
Jonki	35	24.5820	82.1453
Jokaha	35	24.5164	82.1275
Jodhpura	36	26.8752	78.4045
Jodhpura	36	26.8783	78.3857
Jojlipura	36	26.8305	78.6280
Johri ka Pura	35	26.7109	78.7416
Jori	35	26.5871	78.7005
Jori Brahman	35	26.5453	78.6359
Jodhapura	35	26.5020	78.6506
Jogwa	36	25.1938	83.0504
Jogia Khurd	36	25.0081	83.0976
Jogia Kalan	36	25.0134	83.0993
Jorwa	36	25.1689	83.1075
Joglan	35	22.7247	77.2689
Joshipur	35	22.7694	77.7237
Jodhpur	35	25.2506	78.1374
Jowla	16	20.7597	76.3053
Jogwa	36	25.3472	83.3750
Johargaon	16	20.5257	76.4609
Jogaldari	16	20.3497	77.1467
Joniyan	35	25.9442	78.5880
Jodiyamau	35	22.3032	77.7965
Jounri Khurd	36	25.5316	78.7335
Jounri Buzurg	36	25.5338	78.7238
Jogapur	36	25.9165	83.7348
Jogiamar	36	25.4332	83.6013
Jojar	34	25.3304	83.6626
Jogli	35	21.7122	77.2135
Jogli	35	21.9774	77.7006
Jodkya	35	21.8209	77.9199
Joga Musahib	36	25.6660	83.8577
Jogdishpur	36	25.6132	83.9179
Jokahi	34	25.5319	83.9350
Jogipur	34	25.0745	83.8864
Jogwalia	34	25.0544	83.8692
Jogarda	16	21.0620	77.3760
Jogarvadi	16	20.9764	77.2225
Jogda Buzurg	16	20.1987	77.0450
Jogda Khurd	16	20.2016	77.0323
Jodgawhan	16	20.2239	77.1203
Jodgawhan Tanda	16	20.2197	77.1240
Jogaldari	16	20.2652	77.4115
Jogaldari	16	20.1189	77.8571
Jogitola	35	21.7446	79.6675
Jorkahwa	36	24.2824	83.2454
Jogi Dih	36	24.2783	83.0544
Jorukhar	36	24.2485	83.3279
Jogidah	37	24.0211	83.2991
Jogalpad	40	17.3882	79.9437
Jori	35	25.9993	78.7716
Jogiadih	38	24.4967	83.5199
Jogiral Kalan	38	24.2645	83.6015
Jogiral Khurd	38	24.2705	83.6049
Jogikhartola	38	24.1484	83.5503
Jogikhera	16	20.7696	79.5389
Joga	35	25.3140	80.1315
Jolwapur	36	25.9068	80.3172
Jogirtoli	38	24.4520	83.9335
Jogibir	38	24.3082	83.8036
Joga	38	24.2952	83.8216
Jonsi	35	23.7995	78.0106
Jogiyaha	38	24.0809	83.9386
Jojna	19	18.1638	77.4672
Jodhpur	35	23.5329	78.1780
Jogiguda	40	16.9738	78.9736
Jodh	35	24.3175	78.1543
Jogri	24	24.8838	76.3085
Jogra	24	24.8951	76.2941
Jogalpur	36	25.2761	80.6092
Jodki Khurd	19	17.3297	76.3183
Jodki Buzurg	19	17.3273	76.3103
Jorla	16	19.7567	78.2596
Jogatpur	36	27.1733	79.0131
Jogpur	36	27.0606	79.0752
Jonhi	35	24.5399	81.2031
Jokaha	35	24.7611	81.3841
Joharia	35	23.7838	78.5372
Jori	35	24.5108	81.3244
Jorauri	35	24.6571	81.4325
Jorauri	35	24.6450	81.4318
Jodhpur	35	24.9045	81.7098
Joraut	35	24.7216	81.5398
Joraut	35	24.7313	81.5463
Joraut	35	24.7128	81.5386
Jodhpur	35	24.7106	81.6568
Joriha	35	24.8788	81.8669
Jorauth	35	24.7246	81.7750
Jowa	35	24.2750	81.2002
Jodhpura	35	24.4304	81.1593
Jokiha	35	24.4889	81.3887
Joba	35	24.0924	81.7027
Joba	35	24.1858	81.9368
Jogimuar	35	22.3552	78.8045
Jogikhera	16	21.5009	78.1731
Jonewani	16	21.4571	78.7560
Jogpur	36	27.5974	79.2972
Jogipura	35	23.3778	79.1273
Jowaria	35	24.9691	80.5673
Jotkhera	35	23.0903	79.2465
Jogipur	36	25.7649	82.2358
Jolhapur	36	25.9079	82.1602
Jogipur	36	25.9538	82.1064
Jokhapur	36	25.9610	82.5014
Jogapur	36	25.6212	82.6045
Jogdishpur	36	25.6146	82.6065
Jogapur	36	25.5354	82.5801
Jogiapur	36	25.7443	82.6869
Jogikhera	35	23.5345	79.6966
Jogitola	35	22.6827	79.3771
Jobatola	35	22.6516	79.5104
Joba	35	22.6504	79.5046
Joara	35	22.5571	79.5097
Joaratola	35	22.5471	79.5058
Jogiwara	35	22.5348	79.5324
Joba	35	22.6618	79.6952
Joba	35	22.7608	79.9880
Jogapur	36	25.2865	82.3514
Jodhipatti	36	25.2731	82.3932
Joginka	36	25.2926	82.4271
Jorai	36	25.3565	82.4722
Jodhapur	36	25.4130	82.3893
Jodhipur	36	25.1834	82.3655
Jogi ka Bangala	36	25.0683	82.4857
Jot Pasian Kalan	36	25.3368	82.5416
Jot Pasian Khurd	36	25.3378	82.5299
Jogipur	36	25.3527	82.6054
Jodhi Chak	36	25.2552	82.5590
Jogibari	36	25.2825	82.6443
Jogiapur	36	25.2939	82.7244
Jogapur	36	25.3091	82.7344
Jolahapur	36	25.3606	82.6674
Jodipur	36	25.2934	82.9923
Jolha	36	25.2940	82.9864
Jogapur	36	25.3738	82.1595
Jogi Bhogi	36	25.1252	82.8383
Jogapur	36	25.2489	82.8257
Jodhipur	36	24.8983	82.7414
Jogini	36	24.8025	82.8636
Jorba	36	24.5217	82.8734
Jogiyon ki Dhani	24	28.3942	75.8128
Jogibahara	35	24.3531	82.0600
Jogini	35	24.2930	82.3310
Jobgarh	35	24.1949	82.4091
Jobha Khera	36	26.3995	80.9375
Johari Khera	36	26.3777	80.9650
Jokhuan	36	25.6266	82.9563
Jolahti	36	25.5975	82.8770
Jogia	36	25.5781	82.9772
Jogapur Bargaon	36	26.1993	80.8732
Jogi Aundha	36	29.2336	78.2329
Jogirampuri	36	29.5729	78.4191
Jogipura	36	29.5230	78.4670
Jodhipur	36	27.8622	81.2479
Joran Purwa	36	27.4733	81.0578
Jotpur	36	27.3498	81.1417
Jogapur	36	27.4871	81.2373
Jolahin Purwa	36	27.7166	81.5150
Jogi Purwa	36	27.6151	81.5175
Jolahin Purwa	36	27.5160	81.5775
Jogi	36	24.1114	82.7585
Jolahan Purwa	36	27.6367	81.6018
Jolahan Purwa	36	27.4615	81.5551
Jogin Purwa	36	27.4700	81.5283
Jogapur	36	25.8466	83.8050
Jogipur	36	25.7594	83.8079
Jolahan Purwa	36	27.4193	81.5361
Jodha Purwa	36	27.5432	81.9566
Jogarh	36	27.6357	81.9089
Jogni	36	27.6178	81.9008
Jori Purwa	36	27.2135	81.8155
Jogi Purwa	36	27.1800	81.7755
Jogi Purwa	36	27.1948	81.7970
Joga Purwa	36	27.1949	81.8013
Jorawan	36	27.0360	81.7543
Jorai Purwa	36	27.0272	81.8649
Jordag	34	24.5868	83.7183
Jogia	34	24.8638	83.8600
Jodhi Khera	36	26.5240	81.0902
Jokhandi	36	26.6992	81.1525
Joginia Dih	36	26.8590	81.3003
Jogipura	36	29.1829	78.4578
Jondhi	36	26.6154	81.4391
Jogoma	12	34.0815	74.0625
Jogingumpha	16	20.6007	79.1137
Jogidhar	39	29.7023	78.9876
Johwa Hisar	36	26.3953	81.0921
Johwa Sharki	36	26.3799	81.0951
Jorawar Khera	36	26.4977	81.1682
Jogipura Mazra	36	29.0986	78.8072
Jogpura	36	29.0346	78.7748
Joshiwala	39	29.1756	78.9715
Jogi Purwa	36	26.4382	81.8701
Jogai	36	26.3416	81.8781
Joba	35	24.1513	80.9262
Jogli Pada	16	21.4456	74.0791
Jolha Pada	16	21.2779	74.0888
Jobda	36	28.9379	78.3920
Joya	36	28.8370	78.4741
Joi	36	28.8470	78.4751
Joti	36	27.1084	80.9484
Jotpur	36	27.0413	80.9622
Joirakhan Khera	36	26.4371	80.4272
Jogi Singh	36	27.1050	81.6663
Jogi Purwa	36	27.1827	81.6833
Jogi	36	27.0969	81.6740
Jogni	36	27.3583	81.8926
Jorpuram	40	18.9751	78.0361
Jorpalli	40	18.8670	78.1690
Jogipur	36	28.5496	78.6403
Johai	36	26.1160	81.0506
Jodilmau	36	26.5650	81.6640
Johai	36	26.7403	81.6847
Jodh Purwa	36	26.9953	81.8885
Jogi Purwa	36	26.9626	81.9465
Jogapur	36	26.0620	81.7776
Jogipur	36	26.0495	81.8678
Jolatipur	36	26.0301	81.8485
Jorapur	36	26.0350	81.8711
Jogapur	36	26.0739	81.8988
Jolahapur	36	26.1704	81.8514
Johnan	36	26.2416	81.9821
Jolahti	36	26.0377	81.8345
Jolpur	36	28.6920	78.9832
Jokhanian	36	27.8094	82.0615
Jokhwa	36	27.7042	82.0947
Jogan Bharia	36	27.7010	82.0661
Jodhi Purwa	36	27.6948	82.0325
Jogia	36	27.5299	82.0604
Jogiapur	36	27.5487	82.0641
Jogia	36	27.5451	82.1118
Jogi Purwa	36	27.4251	82.1622
Jor Jot	36	27.4135	82.1258
Jogi Jot	36	27.2714	82.1308
Jotia	36	27.2051	82.1200
Jogapur	36	25.3467	81.4058
Jogipur	36	27.0716	82.0994
Jogapur	36	27.0645	82.1574
Jogimari	39	29.8963	79.0739
Jolhapurwa	36	27.3609	82.2575
Jokhu Dih	36	27.3370	82.2796
Jogibir	36	27.2645	82.3255
Jogi Bir	36	27.3129	82.3887
Jogia Karahia	36	27.2624	82.3757
Jola Purwa	36	27.2165	82.3795
Jogi Dih	36	27.1788	82.3944
Jogia Dih	36	27.2198	82.4592
Jogia Dih	36	27.2131	82.4400
Jogia	36	27.1917	82.4924
Jogia	36	27.1441	82.3810
Jorwa	36	27.2360	82.5184
Jogia	36	27.0768	82.6098
Jogia Khurd	36	27.1076	82.8395
Jogia Buzurg	36	27.1067	82.8332
Joban Purwa	36	27.2135	82.9347
Jolah Purwa	36	27.0358	82.9645
Jogibir	36	27.0386	82.9775
Joga Rai	36	26.8718	82.1028
Jogapur	36	26.9115	82.2098
Johoni	12	33.9122	74.8837
Johan	36	26.5003	82.0260
Jogibir	36	26.3307	82.0912
Jogibir	36	26.4297	82.1295
Joganpalli	40	18.8618	78.7853
Jogapuram	40	18.5500	78.7518
Joiwaram	40	18.4779	78.8392
Jogl Chak	12	32.6862	74.7771
Jorwara	36	25.2471	81.2709
Jori	35	25.0806	81.4647
Jot Bakhsh	36	26.9287	82.3426
Jogapur	36	26.8532	82.2508
Jot Asre	36	26.7831	82.3474
Joraipur	36	26.8479	82.4456
Jotkhipur	36	26.8532	82.4248
Jogapur	36	26.6884	82.2686
Jogapur	36	26.5870	82.4002
Jogapur	36	26.7342	82.4879
Jogibir	36	26.7012	82.4810
Jogi Diha	36	26.5347	82.4333
Jotia	36	26.6438	82.3492
Jogapur	36	26.3094	82.4326
Jokha Bania	36	26.9930	82.5534
Jokaha	36	26.8235	82.5406
Jogia Juri	36	26.9345	82.7408
Jogia	36	26.8999	82.6077
Jot Afzal	36	26.5178	82.6453
Jot Awasthi	36	26.5253	82.6896
Jot Dharamdas	36	26.6045	82.5183
Jorawanpur	36	26.4837	82.5852
Jogapur	36	26.4055	82.5093
Jotipur	36	26.3039	82.5966
Jodhi Jot	36	26.9683	82.8437
Jogia	36	26.7406	82.8265
Jot Puranpur	36	26.6727	82.8616
Jot Kalan	36	26.6564	82.9425
Jot Kalu	36	26.6539	82.9610
Joga Raja	36	26.6639	82.9680
Jogpur	36	25.9060	83.2932
Jotpahar	36	25.8825	83.3221
Joharpur	36	25.7802	83.3359
Johpatpur	36	26.3028	82.8897
Jogipur	36	26.3161	82.8907
Jotpur Julahpur	36	26.4156	82.9908
Joga	36	27.2355	83.5047
Jogia	36	27.2431	83.0103
Jogia	36	27.2487	83.0126
Jogia	36	27.1771	83.0361
Jogesharpur	36	27.1679	83.2205
Jokhan Jot	36	27.1121	83.2044
Jodhpur	36	27.1552	83.2321
Jogiabari Jangal	36	27.0973	83.3194
Jogia	36	27.2276	83.4653
Jogia	36	27.0500	83.7039
Jowain	36	25.9517	81.5679
Jorapur	36	25.8886	81.6006
Jot ka Purwa	36	25.8023	81.5871
Jogaipande ka Purwa	36	25.8584	81.7399
Jori	36	26.8303	83.0008
Jori Khurd	36	26.8316	83.0048
Jorwa	36	26.7820	83.0206
Jogidiha	36	26.8791	83.0925
Jogibir	36	26.9067	83.2195
Jora Karari Mafi	36	26.7893	83.1998
Jogiadih	36	26.6647	83.1062
Jogipur	36	26.5288	83.1430
Jogia Kol	36	26.7293	83.1710
Jogipur	36	26.4445	83.0084
Jokhan	36	26.4143	83.1264
Jolhati	36	26.2081	83.0146
Jolhapur	36	26.1266	83.1171
Jora Khurd	36	26.2385	83.1599
Jora Rampur	36	26.2408	83.1748
Jora Buzurg	36	26.2380	83.1788
Jogi Chak	36	26.9179	83.2850
Jorapur	36	26.6287	83.3624
Jogi Tola	36	26.3836	83.4054
Jolapurwa	36	26.7913	83.6298
Jodhpur	36	26.6912	83.5238
Jogia	36	26.5692	83.5013
Jogiabir	36	26.7262	83.6393
Jolahbari	36	26.6146	83.5893
Jogam	36	26.5458	83.6288
Jolahania	36	26.7367	83.6417
Jogia	36	26.5393	83.6851
Jonhara	36	26.7462	83.7049
Jogia	36	26.4135	83.5598
Jogia	36	26.4668	83.5743
Jot Khajuha	36	26.4481	83.6082
Jot Bankat Dudhnath	36	26.4620	83.6239
Jot Semrauna	36	26.4337	83.5905
Jogial	36	26.3540	83.7063
Jogipur	36	26.2308	83.7159
Jogari	36	26.1020	83.7395
Jonwari	12	33.2767	75.1174
Johri	12	33.0448	75.1237
Jonavahi	16	19.2642	80.3463
Jogi Chhapra	36	26.9540	83.9963
Jolabapur	36	26.0446	83.8122
Jogia	36	26.1677	83.9378
Jogapur	36	25.6972	83.7482
Joli	35	23.3914	80.2301
Jobi Kalan	35	23.9553	80.4497
Joba	35	23.9683	80.4840
Jobi Khurd	35	23.9492	80.4756
Jodhpur	12	33.1394	75.6395
Jogin	35	23.5534	80.6554
Jogia	35	23.7222	80.6896
Joalapur	12	33.1371	75.9328
Jokhein	12	32.6720	75.2793
Jofar	12	32.7413	75.4441
Jothana	12	32.5321	75.4717
Johr	12	32.5044	75.4839
Jogiyal	12	32.3993	75.3816
Jorai	12	32.3258	75.4935
Jondhi Manjhiari	36	25.2842	81.6448
Jondhi Manjhiari	36	25.2912	81.6493
Joian	23	32.0115	75.2994
Jogar	23	32.1493	75.3744
Jogar	23	32.1874	75.4163
Jokar	12	32.5647	75.7333
Jogapur	36	25.9021	81.8784
Jolahapur	36	25.8504	81.9899
Jogapur	36	25.9040	81.9908
Jogipur	36	25.7127	81.8169
Jokhaipur	36	25.5918	81.7831
Jogapar	36	25.6981	81.9074
Jonhwal	36	25.3478	81.7794
Jokhu ka Pura	36	25.1595	81.8514
Jor	36	25.1060	81.8111
Jorwat	36	25.0394	81.8043
Jokanai	36	25.1943	81.8854
Jodhidanri	35	24.8078	81.1405
Joku Ka Phata	35	22.4934	74.3631
Jowas	35	22.4963	74.4566
Jowari Moti	35	22.4885	74.4880
Joinian da Basa	11	32.3234	75.9987
Jogshelu	16	21.2979	74.6576
Joran	16	20.6539	74.0851
Jopul	16	20.2414	74.1641
Joshiguradya	35	22.5753	75.9349
Jogvada	35	21.7673	75.3070
Jomal	16	20.2309	75.7747
Jorapur	09	24.3770	72.2892
Jorapura	09	24.3310	72.2908
Jokheda	16	20.1588	75.8431
Joike	23	31.6857	74.6235
Jodh Singhwala	23	31.1708	74.6949
Joita	09	24.1207	72.6541
Joratarai	37	20.9287	81.3798
Joratarai	37	20.8566	81.4967
Joratarai	37	20.9250	81.6409
Jogi Ludhia	35	22.5696	80.7447
Jogisondha	35	22.3944	80.7139
Joditola	35	22.0964	80.5968
Jodhpur	23	31.4319	74.9312
Joti Shahwala	23	31.2260	74.8542
Jogitola	35	22.5995	80.9658
Joshi	10	29.4186	76.7569
Jondhan Khurd	10	29.2957	76.8683
Jondhan Kalan	10	29.3021	76.8523
Johan Nangal	23	31.8879	75.2096
Jonra	36	29.3627	77.7350
Jogewala	23	31.0939	75.0607
Jogewala	23	31.1053	75.0638
Jodhawas	24	26.1832	73.8951
Joganda	24	26.1826	73.9429
Jodhitola	35	21.5782	80.4891
Joshitola	16	21.2796	80.4865
Jogi Chima	23	31.8683	75.4014
Jograwas	24	25.7685	73.5685
Joratalaopara	37	22.6816	82.0297
Jogisar	37	22.6411	82.0026
Jobha	37	22.5432	82.0986
Joha	23	31.9134	75.8419
Joh	11	31.8280	75.9991
Jogipura	37	22.2872	82.0730
Jogiamrahi	37	22.3079	82.1668
Joki	37	22.1311	82.0796
Jorapara	37	22.1693	82.0945
Jogalkheda	16	21.1063	75.1296
Jogalkheda	16	20.8178	75.1008
Jorahadabri	37	22.2493	82.5307
Jogipali	37	22.2074	82.6622
Jogi Surang	37	22.4542	82.8369
Jogidipa	37	21.9246	82.4900
Jondhra	37	21.7279	82.3440
Jogidipa	37	21.5610	82.7401
Jogidipa	37	21.9641	82.7911
Jorwa	37	21.9651	82.9947
Jogidipa	37	21.8138	82.9442
Jora	37	21.6725	82.8347
Jogidipa	37	21.7425	82.9941
Jorapali	37	21.6827	82.9330
Jogesara	37	21.5923	82.9474
Jogidipa	37	21.6089	82.9582
Jogidipa	37	21.2238	82.2608
Joba	37	21.1437	82.4119
Joratarai	37	21.2321	82.3529
Jogidipa	37	21.1183	82.5878
Jodhpur	21	21.1549	82.7109
Jogipur	36	27.7689	80.7510
Jogipur	36	27.5423	80.9715
Jotpur	36	27.4246	80.9571
Jogipur	36	27.3801	80.9819
Jorawanpur	36	27.2929	80.9967
Joso Mazara	23	31.2059	75.8612
Johal	23	31.1329	75.8465
Joaparar Adwar	11	32.9156	76.1900
Jogan	11	32.6420	76.1906
Joshitola	16	20.6715	80.2875
Joratarai	16	20.6847	80.4757
Jondhiala	11	32.3919	76.0197
Jonth	11	32.2787	76.0028
Jolea	11	32.2719	76.0537
Joshi Lamti	37	20.8895	80.6836
Joshi Lamtitola	37	20.8932	80.6737
Joratarai	37	20.8463	80.7345
Jol	11	32.2094	76.1210
Jol	11	32.1020	76.1320
Jondhra	37	20.9175	80.8863
Jobtola	37	20.6664	80.8116
Jogi Tikaria	35	22.9748	81.0454
Jogpani	37	22.2951	81.2377
Joratal	37	22.0209	81.2477
Jogipur	37	22.0370	81.4017
Joheli	35	22.9036	81.6723
Jogigwara	35	22.6599	81.6284
Jol	11	32.1655	76.4413
Jogi Balla	11	32.1368	76.2652
Jogipur	11	32.1068	76.2879
Jokani	11	32.0588	76.3505
Jol	11	32.0541	76.4425
Johl	11	32.2289	76.3474
Jotpur	37	22.2214	81.6220
Jogipur	37	22.0993	81.7233
Jotipur	37	22.7524	81.9151
Jolkhera	24	26.1554	74.3110
Jodha ka Baria	24	26.0578	74.4398
Jogehr	11	32.0212	76.5300
Jol	11	32.0063	76.6879
Jogidongri	37	22.7464	81.9209
Jogipur	37	22.2779	81.9537
Jogipur	37	22.2775	81.7845
Jor	11	31.9634	76.2040
Jora	37	22.1104	81.9583
Jonk	37	21.6284	81.6125
Jogipur	37	21.7105	81.6693
Jota	37	21.9964	81.7692
Jota	37	21.5282	81.7708
Jokandi	11	31.9296	76.2538
Jol	11	31.9176	76.2576
Jol Kalan	11	31.8250	76.4968
Jodha	11	31.7838	76.4787
Jolwand	11	31.8212	76.3995
Jol	11	31.8289	76.2892
Jol	11	31.7889	76.3989
Jol	11	31.8976	76.4105
Jol	11	31.9595	76.2705
Jol	11	31.8264	76.4298
Jogbhattarker	19	14.8560	74.8268
Johri	11	31.2362	76.6447
Joghon	11	31.1733	76.6847
Jogidadar	37	21.4240	82.7831
Jogipali	37	21.3167	82.8796
Jognipali	37	21.2923	82.9944
Johl	11	31.9462	76.7702
Jorla	11	31.8742	76.9923
Johndar	11	31.8589	76.9236
Jong	11	31.8084	76.9968
Jola	11	31.6659	76.9086
Jogahan	11	31.5656	76.8984
Joli	11	31.5634	76.9751
Jol	11	31.4428	76.7531
Jodhpur	23	30.6634	76.4346
Johar	11	30.9971	76.8964
Jobarji	11	30.9871	76.8974
Joharanpur	11	30.9001	76.8560
Jodhpur	11	30.8162	76.9819
Jodhpur	10	30.7649	76.9522
Jora ka Khera	24	25.8449	74.9231
Jothranwala	24	26.7829	75.7967
Jotlu	11	31.1554	77.2015
Jogidipa	37	20.8781	82.0496
Joratarria	37	20.1074	82.0906
Jogimura	21	20.5088	82.4768
Jogbhata	21	20.1675	82.4936
Jogendranathpur	21	20.9794	82.7204
Jorhramura	21	20.5486	82.6154
Jogibahal	21	20.1182	82.7224
Jobedah	37	23.9151	83.1759
Jokhar	11	30.8884	77.5646
Joladagudde	19	14.4194	74.9751
Jogikhura	38	23.9326	83.7931
Jolanga	38	23.9023	83.7975
Jonhikhar	38	23.7691	83.8397
Jonhikhartoli	38	23.9097	83.8636
Jogpura	35	23.6625	76.0019
Jodar	37	23.5411	83.8324
Jodhpur	10	28.1121	77.3040
Jogin Math	19	14.2338	74.8238
Jogidipa	37	21.5989	83.1608
Jognipali	37	21.6561	83.1826
Jogiwala	39	30.0767	78.1872
Joli Grant	39	30.2021	78.1677
Jogidipa	37	21.3975	83.0258
Jogidadar	37	21.3390	83.1668
Jogdi	39	30.2005	78.8695
Jogiyana	39	29.9526	78.3528
Jogiyana	39	29.9951	78.3714
Jogiyana	39	29.8521	78.8208
Jogitarai	37	21.8478	83.3324
Jogidipa	37	21.8315	83.4409
Jorapali	37	21.8908	83.3416
Jogipura	36	28.8921	78.2406
Jorapura	35	23.2958	76.4389
Jognipali	37	21.4129	83.2982
Joraganjia	21	21.0524	83.3011
Jokhipali	21	21.1220	83.3726
Jogidhipa	21	21.8237	83.6275
Jora Dungri	21	21.6723	83.7322
Job	21	21.8340	83.9082
Job	21	21.8757	83.8498
Jogimal	21	21.9861	83.9788
Jogipali	21	21.6414	83.9944
Jogipali	21	21.5280	83.9828
Jogipali	21	21.4311	83.8743
Jogimath	21	20.9919	83.3072
Jogipali	21	21.1716	83.8271
Jogiapaka	37	18.5454	80.9397
Jot Chandpara	36	27.6249	81.4041
Jokaha	36	27.2749	81.4037
Joga Tiwarak Purwa	36	27.4597	81.3955
Jolam	36	27.4127	81.4881
Jotpur	36	27.0153	81.3411
Jogamau	36	27.1718	81.3849
Jogpur	36	26.0645	81.2662
Jogpatti Kesho	36	26.0691	81.2543
Jorawan Purwa	36	26.0076	81.4147
Joga Bhawani	36	26.7560	81.5144
Jodhanpur	36	26.2759	81.6266
Jot Bhadai Airedth	36	26.0002	81.5315
Jogapur	36	26.0991	81.5875
Jodhipur	36	26.0911	81.6482
Jodhipur Khurd	36	26.0949	81.6427
Jollipada	21	18.4006	82.7780
Jodiguda	02	18.3295	82.7655
Jonkarguda	21	18.4411	82.8870
Jonkarguda	21	18.4223	82.9329
Jogenpalem	02	16.8130	81.1688
Johnpet	02	16.5593	81.2248
Jonalavaripalem	02	16.2674	81.2480
Joduru	02	17.9794	82.7072
Joginayadupalem	02	17.6470	82.6293
Jonnalagadda	02	16.8748	80.3320
Jodamb	21	19.5072	83.0670
Jombaguda	21	19.6490	83.4863
Jobbuguda	21	19.8040	83.5217
Jogiguda	37	19.3051	82.1287
Jojol	37	18.9707	82.0815
Jodaputtu	21	18.8450	82.4382
Jolaguda	21	18.8255	82.4443
Joguluguda	21	18.7655	82.3914
Jonnalagadda	02	16.9868	80.7087
Jogipartunda	21	19.2977	82.9984
Jodiguda	21	18.7234	82.4532
Jollaguda	21	19.0703	83.0092
Joddaputtu	21	19.0241	83.2096
Jodiguda	21	18.4807	82.2498
Jollaguda	21	18.4240	82.3192
Joralputtu	02	18.4267	82.4269
Joralpodoro	02	18.4354	82.4440
Jodipodoro	02	18.4215	82.4577
Jodi	21	19.4602	83.2737
Jolingi	21	19.1666	83.3140
Joggaguda	21	19.1360	83.4311
Jogiputtu	21	18.8178	82.5395
Jogonnathopuro	21	18.9506	82.6039
Jodikibera	21	18.9604	82.7251
Jongomuguda	21	18.9338	82.7346
Jodiguda	21	18.8439	82.7027
Jongomuguda	21	18.8548	82.7420
Joyontogiri	21	18.9994	82.5618
Jogiputtu	21	18.5496	82.5315
Jogiputtu	21	18.5622	82.6055
Jontaputtu	21	18.5476	82.6422
Jodiputtu	21	18.5832	82.6704
Jodipai	21	18.9813	82.9521
Joknaguda	21	18.9367	82.9672
Jodikhenda	21	18.9188	82.9234
Jodiguda	21	18.7881	82.9372
Jodaputtu	21	18.7208	82.7673
Jogiputtu	21	18.6188	82.7513
Jodipodoro	21	18.5699	82.7806
Jongomuguda	21	18.6632	82.8334
Jodiputtu	21	18.7426	82.8430
Jorekanda	21	18.6276	82.9341
Jorekera	37	19.8928	81.7969
Jorudi	21	19.0917	83.5699
Joppangi	02	19.0126	83.6198
Jogibanda	21	19.5311	83.8270
Jorpanga	21	19.3058	83.8700
Jollaguda	21	18.8864	83.0303
Jodijambu	21	18.8577	83.1102
Jonjona	21	18.7523	83.0073
Jodimamidivalasa	02	18.6966	83.1762
Joppeng	02	18.9737	83.3724
Jogidoravalasa	02	18.5656	83.2791
Jogempeta	02	18.6859	83.3841
Jodiapara	37	18.8887	81.6767
Jongaras	37	18.6901	81.6405
Jonnada	02	18.0263	83.4074
Jonnavalasa	02	18.0931	83.3602
Jonnaguddi	02	18.1077	83.4138
Jondraguda	37	18.9263	81.9065
Jopar	37	18.9142	81.9486
Jogipuram	02	18.9603	83.5107
Jogirajupeta	02	18.8537	83.5213
Joguladumma	02	18.8117	83.5755
Jodubandala Agraharam	02	18.5784	83.6503
Jogiraspeta	02	18.1980	83.5680
Jodur	21	18.8994	83.9904
Jonaga	02	18.6992	83.7682
Jodumamaluguda	02	18.6361	83.8215
Jogipuram	02	18.7491	83.9180
Joguvalasa	02	18.6301	83.8874
Joguvalasaguda	02	18.6455	83.8647
Jogalipeta	02	18.4860	83.9626
Jogannapalem	02	17.8791	83.0563
Jogayyapalem	02	17.9659	83.2001
Jokibir	34	25.2351	84.2566
Jonhi	34	25.1877	84.2769
Jogipura	35	23.7540	76.8781
Jogriakheri	35	23.8585	76.8885
Jograkheri	35	23.0486	76.9858
Jogimakoria	35	22.8710	76.0011
Jodhpura	09	23.1917	73.0748
Jorapura	09	23.0176	73.3731
Jodhpur	09	23.1629	73.4071
Josawara	24	23.9786	73.5821
Jogiwara	24	23.8082	73.9246
Jogan	09	23.3762	73.7544
Jodhpura Muwara	09	23.1563	73.9261
Jogibara	24	23.2619	74.2130
Jodhsar	09	24.1913	72.9257
Jogera	39	29.6955	79.0260
Jogiura	39	29.7211	79.1233
Jogipura	39	29.3761	79.1247
Jolion	39	29.4820	79.2337
Jorawarpur	34	25.5973	84.5333
Jokahri	34	25.6773	84.5901
Jorwan Baori	24	25.3841	73.0492
Jodha-ka-Mazra	39	29.0625	79.1446
Jogipura	39	29.2283	79.1078
Jodhaji ki Dhani	24	25.9185	73.3268
Jogta	34	25.4884	84.7055
Joyon	39	29.7849	79.3417
Jogira	39	29.8603	79.3735
Joj	24	25.2624	73.8279
Jogila	24	25.4995	73.9213
Jogirail	39	29.7246	79.2573
Joshikhola	39	29.5738	79.3500
Jogiari	39	29.5972	79.4506
Jonkar	24	24.7979	73.0152
Jobda Para	09	22.8620	74.2734
Jogiari	39	29.4749	79.4533
Jokani	39	29.3119	79.4621
Jopara	24	24.5673	73.9229
Jowangarh	24	26.2842	74.1960
Jol Bigha	34	25.1902	84.7403
Jonha	34	25.1706	84.6985
Jogardi	35	22.3056	74.7163
Joshidhaura	39	29.5562	79.7151
Joshiyana	39	29.6452	79.6514
Jogini	34	25.8532	84.9133
Jodhauli	34	25.9783	84.9057
Jogia	35	22.4289	74.9032
Jogipur	34	25.5469	84.8281
Jogera	39	29.4712	79.6206
Jolahatola	34	25.7380	84.9868
Jomgitola	34	25.6818	84.9767
Jogna	39	29.4799	79.7176
Jogithair	39	29.0141	79.6418
Jogiakhali	39	29.7507	79.6647
Jogipatal	39	29.8535	79.6379
Jogiona	39	29.8616	79.7246
Jogia	34	27.0770	84.3282
Jorawarpura	24	25.4168	74.0420
Jodhpura	24	25.1582	74.0263
Jodhgarh	24	25.9156	74.4294
Jonka	36	26.6931	84.0137
Jonka Khurd	36	26.6948	84.0252
Jogia Hichha Rai	36	26.6667	84.0683
Jogia Shamalipatti	36	26.6635	84.0668
Jogia Bichlipatti	36	26.6603	84.0683
Jogia Janubipatti	36	26.6577	84.0686
Jodhi Rai	36	26.6508	84.1148
Jomanah	34	26.5275	84.1907
Jogipur	34	26.5238	84.2251
Jotsi Tola	34	26.4968	84.1196
Jodhi	36	26.3651	84.0251
Joshigaon	39	29.8546	79.7853
Jogiyarinrao	39	29.8496	79.7703
Joshigaon	39	29.7805	79.7769
Jogyora	39	29.7635	79.9890
Jogsara	39	29.8083	79.8922
Jogbari	39	29.8108	79.8890
Jogyura	39	29.6319	79.7645
Jodhi	36	26.6669	84.2699
Jolaha	34	26.6336	84.4109
Jodhpuriya	24	25.0744	74.8273
Jojwa	24	25.2231	74.9949
Jodpur	24	24.0223	74.1166
Jogiar	34	26.5423	84.6592
Jogiya	34	26.6817	84.7481
Jogipura ki Dhani	24	27.0935	75.8568
Joshiala ki Dhani	24	27.1329	75.9672
Jol	39	29.4877	79.9694
Jogither	36	28.3898	79.3396
Jojaphpura	35	22.3534	76.3800
Jogapur	34	26.2983	84.5221
Jolaha	34	26.3616	84.5998
Joigar	34	26.3610	84.6656
Jolahgawan	34	26.5667	84.8535
Jojaphpur	35	21.7743	74.8920
Jokhanpur	36	28.7330	79.5102
Jogither	36	28.5085	79.5034
Jotpur	36	28.6634	79.6174
Jogah	36	28.2973	79.7341
Jotpur	36	28.1882	79.6141
Jogapur Nibahi	36	25.8520	84.0264
Jogia	36	25.9261	84.1177
Jogither	36	28.3853	79.8015
Jogiya	34	25.6053	84.2479
Jolha Chak	34	25.2926	84.8732
Jogiyanala	34	25.1488	84.7988
Jogabandhtola	34	24.6654	84.0709
Jolhatola	38	24.5276	84.1380
Jobe	34	24.5936	84.1317
Jogiya	34	25.3252	84.0704
Jonr	38	24.0734	84.0943
Jora Khurd	38	24.2106	84.1677
Jora Kalan	38	24.1977	84.1647
Jogiya	34	25.1998	84.2242
Jogia	34	25.9909	84.4780
Jogibir Shibalaktola	34	25.5603	84.3632
Jogiya	34	24.7932	84.3201
Jokahri	34	24.8295	84.3350
Jolah Khap	38	24.3923	84.2734
Jogia Sohri	38	24.0148	84.2988
Jolahatoli	38	24.0189	84.4231
Jondhi	34	24.8532	84.5894
Jolha Bigha	34	24.9302	84.7476
Jogri	34	24.6754	84.6023
Jogiyatola	34	24.6788	84.6704
Jolah Bigha	34	24.6205	84.7292
Jondhi	34	24.5115	84.6687
Jolah Tetariya	38	24.3694	84.5526
Jolah Bigha	38	24.3470	84.5510
Jogidih	38	24.3843	84.6090
Jotdih	38	24.3823	84.6274
Jolah Bigha	38	24.4078	84.6673
Jogiara	38	24.3066	84.6725
Jordag	38	24.0415	84.6262
Jobhi	38	24.0546	84.6546
Jobeya	38	24.1221	84.6092
Jokha	38	24.1631	84.6875
Jorisemar	38	24.0060	84.6754
Jodhan Bigha	34	25.0622	85.8649
Jokahi	38	24.1261	85.1192
Jolhadiha	38	24.1017	85.2033
Jori	38	24.0796	85.1742
Jogiya Purwa	36	25.1980	80.6647
Jonki	34	26.6419	86.0684
Jogia	34	26.5862	86.2081
Jogiatol	34	26.5717	86.2084
Joisanadi	19	13.8267	74.8062
Jog Yellapur	19	15.3980	75.0101
Jondlagatti	19	15.0106	75.0840
Jodgere	19	14.3537	75.0720
Jogihalli	19	14.5522	75.2639
Joginagayyapalle	02	14.9850	77.9591
Jodidharmapuram	02	14.9634	77.9207
Jogihalli	19	14.4632	75.4474
Jonnalakottapalle	02	14.4026	77.9393
Joga	19	14.1403	75.4534
Joisarharlalli	19	14.5876	75.5454
Jokanhalli	19	14.3961	75.5355
Jonigarahalli	19	13.5391	77.1012
Jotomaranhalli	19	13.2184	77.1821
Jogihalli	19	13.6914	77.3667
Jotipur	19	13.3467	77.3957
Jogappanahalli	19	13.7622	77.6459
Joladarasi	19	13.5893	77.7001
Jodi Anaknur	19	13.4367	77.7485
Jogihalli	19	13.2209	77.6487
Jogireddipalli	19	13.8873	77.8624
Jotipur	19	13.1019	77.7506
Jodukatte	19	13.1986	75.0156
Jogikoppa	19	13.8168	75.3382
Jogaimakki	19	13.5055	75.4259
Joladahalu	19	13.3267	75.6991
Jogannankere	19	13.1020	75.6355
Joladahal	19	13.9684	75.8526
Jogihalli	19	13.2099	75.9166
Jonirnule	19	12.7399	75.1023
Joladakudligi	19	14.7594	76.2117
Jodhan Bigha	34	25.1283	85.7033
Jogapur	40	19.0262	79.6184
Joyisalingapuram	19	14.7055	76.0749
Jogikallu	19	14.9683	76.4518
Jogihalli	19	14.7085	76.4856
Jogihalli	19	14.6046	76.3919
Jogar	34	24.5717	85.0002
Jodhpur	34	24.7056	85.0413
Jogini	34	24.5826	85.1251
Joridih	38	24.3253	85.1826
Jota	34	24.9017	85.3697
Joghi Bigha	34	24.8570	85.4382
Jorwadih	34	24.6676	85.4062
Jogia Maran	34	24.6332	85.4878
Jogni	34	24.6267	85.4282
Jogiadih	34	24.6008	85.3304
Jokat	38	24.3701	85.2826
Jongi	38	24.4144	85.4699
Jogidih	38	24.3558	85.4721
Jogidih	38	24.1085	85.4700
Joglhatti	19	14.4924	76.4873
Joginia	34	24.8325	85.5534
Jognatola	34	24.9209	85.6295
Jolah Karma	38	24.3548	85.5092
Jogiatila	38	24.3365	85.6691
Joganahalli	19	13.1678	76.2459
Jogamanahalli	19	13.7707	76.3550
Jogia	34	26.0636	86.3895
Jorla	34	26.2094	86.3441
Jorat	34	26.2073	86.3501
Jogipalyadahundi	19	12.0982	76.4986
Jogdiha	34	25.6757	86.0685
Jokia	34	25.5437	86.0690
Jothanapura	19	12.7379	76.5396
Jogiosahalli	19	12.7123	76.0161
Joganhalli	19	12.4477	76.0714
Jodi Honnenahalli	19	12.7143	76.6871
Jogipura	19	12.9086	76.4386
Jolhania	34	25.7000	86.3839
Jogia	34	25.6481	86.3453
Joladarasi	19	15.1394	77.1105
Joharapuram	02	15.4064	77.4015
Joharapuram	02	15.9215	77.5146
Jogia	34	25.0212	86.4015
Jorari	34	25.1583	86.6409
Jorari Milik	34	25.1415	86.6546
Jolhatola	34	25.1875	86.5933
Jogi Bhaga	34	25.0185	86.6631
Jorgawan	34	25.9141	86.9646
Jolatoli	34	25.7890	86.9477
Jogiraj	34	25.6175	86.9943
Joshina Mota	09	23.0337	73.5313
Jotangia	09	23.0884	73.7111
Jotpur	36	27.4908	80.5633
Jotpur	36	27.4453	80.5897
Jotpur	36	27.4388	80.6014
Jogia Khera	36	27.3710	80.6022
Joshi Purwa	36	27.2729	80.6775
Johariamau	36	27.2964	80.6818
Jotpur	36	27.4387	80.6145
Jogayapalli	40	18.3005	79.7486
Jodnurpalli	40	18.2207	79.5695
Jogampalli	40	18.1629	79.7468
Joga	19	15.1835	76.5529
Jogmath	19	14.2830	74.4515
Jognikatte	19	14.3392	74.4299
Jogadmane	19	14.9191	74.6676
Jogur	19	13.9050	74.6220
Jora	34	24.5841	84.3349
Joribigha	34	24.6939	84.3928
Jodhpur	34	24.6157	84.4469
Jolaha Bigha	34	24.8262	84.8435
Jolah Bigha	34	24.9277	84.8566
Jogni	34	24.9803	84.8322
Jori Bigha	34	24.8363	84.9575
Jogapur	34	24.5908	84.8160
Jogipur	34	26.2564	87.1611
Jogipur	34	26.2567	87.1715
Joripipar	34	26.1510	87.0141
Johad	34	26.0352	87.1527
Jorbari	34	26.4451	87.8533
Jogi	34	26.4337	87.8966
Jorbari	34	26.3929	87.9719
Joshpur	34	25.8661	87.1559
Jogiganj	34	25.9661	87.0971
Jotaili	34	25.6278	87.0172
Jogia	34	25.1364	87.1499
Joka Jalmarai	34	25.8336	87.4891
Jogaili	34	25.9096	87.4061
Jotlakhai	34	25.7440	87.3956
Jotlakhai	34	25.7217	87.3824
Jolaha	34	25.5508	87.4361
Jojo Simra	38	25.0754	87.3707
Jorawanpur	34	25.2454	87.4090
Joborampur	38	25.0883	87.4654
Jokalmarai	34	25.8344	87.5061
Jotramrai	34	25.4967	87.4507
Jogodih	34	25.7939	85.2163
Jol Bigha	34	25.4575	85.0837
Jogipur	34	25.3020	85.2301
Jogipur Malawan	34	25.3008	85.2415
Jokani	38	25.1654	87.5891
Jokmari Gutibera	38	25.2335	87.5902
Joiya	38	25.1623	87.7063
Jogi Chak	38	25.0143	87.7417
Jonki	34	25.7814	87.8523
Jokar	34	25.4778	87.7749
Jogilal	28	25.4305	87.8383
Jogiapara	28	25.3156	87.9536
Joki	34	24.9830	87.0822
Jotha	34	24.9840	87.0646
Jogdiha	34	24.9148	87.0546
Jogeswar	38	24.7207	87.6054
Jorasimul	38	24.4744	87.5210
Joggaria	38	24.3287	87.6436
Jonka	38	24.3407	87.6704
Jolaha Bigha	34	25.1798	85.0419
Joridih	38	24.7130	87.7882
Joridiha	38	24.5601	87.7828
Jogigaria	38	24.6745	87.8344
Jogai	28	24.3546	87.8829
Joghar	28	24.2156	87.8795
Joghi Ganga	34	25.9506	85.4627
Jogni Jaga	34	25.9553	85.4674
Joba	24	25.2102	73.5049
Jogwada	35	21.7433	75.0415
Jol Bigha	34	25.3906	85.2760
Jogiatola	34	25.2524	85.3331
Jodhan Bigha	34	25.4175	85.3297
Jogiatola	34	25.3249	85.4192
Jogan Bigha	34	25.3744	85.2645
Jogibanpur	34	25.2425	85.3058
Jogi Bigha	34	25.1767	85.2895
Jolha Bigha	34	25.1624	85.3825
Joga Bigha	34	25.1962	85.4091
Jogia Math	34	25.8505	85.6885
Jorarpur	34	25.3754	85.5708
Jodhan Bigha	34	25.3422	85.6476
Jogalkheda	16	21.0693	75.7073
Jogalkheda	16	20.9472	75.7437
Jogalkheda	16	20.7434	75.6175
Jojar sing ji Dhani	24	25.1135	70.9180
Jogandar	34	26.0879	87.5541
Jognia	34	26.0731	87.7275
Jol	39	29.1620	80.1098
Jogiapur Purwa	36	27.6950	80.1718
Jot Purwa	36	27.6417	80.2297
Jogipur	36	27.3993	80.0871
Jook	10	28.3164	76.1796
Jonnada	02	16.7964	81.8624
Jorai	28	26.4556	89.8048
Jodgawhan	16	19.9456	77.2536
Jodi Pulthamanahalli	19	13.4857	77.7774
Jodi Puttnunanhalli	19	13.4563	77.7631
Jodi Inam Pura	19	13.3126	77.7967
Jodi Inam Gajaguppe	19	13.2615	77.7980
Jogipalya	19	12.9999	77.2315
Jogipura	19	12.4259	77.1242
Jogerhalli	19	12.9874	77.3883
Jogammanvashalli	19	12.5009	77.4355
Jokatpalaiyam	25	12.5613	77.7091
Joharapuram	02	15.8140	78.0609
Joladarasi	02	15.2518	78.3398
Jonnavaram	02	14.8575	78.6308
Jotivaripalle	02	15.0379	78.9939
Jogapuram	02	14.8229	78.1260
Jogannapeta	02	14.0507	78.1731
Jonnachenupalle	02	14.7839	78.7564
Joti	02	14.4868	78.9179
Joukulapalle	02	14.3765	78.9617
Jogyanahalli	19	13.4239	78.1656
Jonnachenipalle	02	13.7918	78.4219
Jonnavandlapalle	02	13.7185	78.3288
Jolapalem	02	13.5292	78.4196
Jogikuntapalle	02	13.4991	78.4571
Jogalakashti	19	13.0877	78.4068
Jogur	02	13.2229	78.6916
Jolarpalle	02	13.1056	78.6221
Jogur	02	13.2109	78.6512
Jorpura	34	25.6607	85.6059
Jogipalaiyam	25	12.7996	78.0391
Jotanpalli	19	12.9169	78.1408
Jogihalli	25	12.3432	78.0422
Jogipatti	25	12.3070	78.0556
Jothipatti	25	12.2739	78.1446
Joggianuru	02	12.7727	78.2613
Jodukottur	25	12.5598	78.2860
Jogippatti	25	12.3217	78.4776
Jolagoundanuru	25	12.5160	78.6767
Jonur	25	12.6748	78.9616
Jogireddigaripalle	02	14.2606	78.4588
Jonnavaram	02	14.5374	79.0783
Jorepalli	02	14.1550	79.5936
Jonnavulairagamreddikhandriga	02	13.4111	79.2879
Jogimottur	25	13.1133	79.5266
Josyulavarikhandrika	02	13.9235	79.8851
Jotigaudanapura	19	11.9508	77.0452
Jogikavundanur	25	11.7624	77.2233
Jonakapuram	13	8.8821	76.5815
Jothipalaiyam	25	11.1851	77.4922
Jottampatti	25	10.7061	77.1315
Jotiyampatti	25	10.8745	77.4345
Jogipalaiyam	25	10.5899	77.3038
Jottampatti	25	10.5989	77.3549
Jokaba	21	20.6653	84.9578
Jodasahi	21	20.1005	84.9436
Jordag	38	23.8866	85.0606
Joko	38	23.8460	85.0801
Jobratoli	38	23.6390	85.0555
Jolhatoli	38	23.5063	85.1844
Jolahatoli	38	23.3796	85.0246
Jogitoli	38	23.2515	85.2429
Jorko	38	23.0802	85.0851
Jone	38	23.1018	85.1451
Jojodag	38	23.0104	85.0235
Jobe	38	23.0220	85.2495
Jobla	38	23.7153	85.4505
Jojutoli	38	23.7124	85.2928
Jobo	38	23.5748	85.4281
Jorar	38	23.3551	85.3824
Jordag	38	23.1125	85.4358
Jonodih	38	23.0611	85.4476
Jojohatu	38	23.0527	85.4250
Jobhi	38	23.9539	85.5974
Jorakadtoli	38	23.6191	85.6869
Jobhia	38	23.5862	85.7378
Jogidas	38	23.4456	85.7179
Jolangtoli	38	23.4343	85.5066
Jojotoli	38	23.2612	85.5907
Jogitoli	38	23.2432	85.5144
Jojotoli	38	23.2457	85.5438
Jorimodkom	38	23.2257	85.5371
Jojoda	38	23.1775	85.5379
Jojohatu	38	23.1006	85.5772
Jojodih	38	23.0826	85.6170
Joroberatoli	38	23.0596	85.5688
Joroidih	38	23.0481	85.5095
Jobar	38	23.9427	85.8658
Jolahatoli	38	23.7652	85.8336
Jolahtoli	38	23.7579	85.8477
Jorponda	38	22.4834	85.0462
Jogidih	38	23.4975	85.9969
Jortanr	28	23.3965	85.9710
Joradih	28	23.2842	85.9267
Joridih	28	23.1645	85.9257
Jogidih	38	23.1271	85.9644
Jojodih	38	23.0469	85.8345
Jojodih	38	23.0559	85.8093
Jotratoli	38	22.9775	85.0142
Jogisoso	38	22.9903	85.0588
Jojotoli	38	22.8588	85.2306
Johantoli	38	22.7730	85.1295
Jojowalitoli	38	22.7447	85.1039
Jojobir	38	22.7213	85.1513
Jojoda	38	22.6043	85.1452
Jojodatoli	38	22.5752	85.0036
Jojotola	38	22.5388	85.0339
Jorobari	38	22.5073	85.0630
Jorobari	38	22.5127	85.2158
Jorobari	38	22.4985	85.0669
Jojogutu	38	22.4594	85.2450
Jorakaram	38	24.4023	84.7861
Jori Khurd	38	24.3042	84.7935
Jolhatola	34	24.4881	84.9637
Jori	38	24.2700	84.9832
Jojobari	38	24.0505	84.7918
Joro	38	22.6356	85.3215
Jojoda	38	22.6844	85.4968
Jojoda	38	22.6329	85.4408
Jorapokhari	38	22.5890	85.4568
Joyasai	38	22.1685	85.6064
Jojosai	38	22.1149	85.5258
Joginanda	38	22.1279	85.6104
Jogirdhar	21	22.0716	85.5099
Jorapokhri	21	22.0144	85.5715
Joripada	21	22.0539	85.6095
Joteasai	38	22.1032	85.7240
Jogidih	38	24.1303	86.9741
Jogidih	38	24.0853	86.8983
Jorsbhita	38	24.0020	86.7748
Jogiyahitola	38	23.8858	84.0792
Jorkat	38	23.9938	84.1247
Jokidohar	38	23.1663	84.1549
Jobla	38	23.9475	84.4769
Jogiyapokhri	38	23.9427	84.2504
Jorasemar	38	23.8353	84.4221
Jorisakhwatoli	38	23.8149	84.4609
Jobla	38	23.7639	84.3511
Jobe Amwatikar	38	23.7378	84.2981
Jobe	38	23.7220	84.2947
Jori	38	23.4978	84.3634
Jobhitoli	38	23.3883	84.2771
Jokari	38	23.2759	84.3833
Jobhitoli	38	23.1208	84.3192
Jorighat	38	23.1877	84.4408
Jotang	38	23.9606	84.5020
Jogiadih	38	23.7091	84.5213
Jori Karchatoli	38	23.5311	84.5523
Jobang	38	23.6490	84.5945
Jokhatoli	38	23.7091	84.6286
Jokaha	38	23.7417	84.6406
Jogna	38	23.3671	84.6588
Jolahatoli	38	23.3727	84.6249
Jogira	38	23.4449	84.5846
Jolahatoli	38	23.4528	84.6077
Jori	38	23.4915	84.6601
Joradanr	38	23.0789	84.5216
Jorgotola	38	23.1019	84.7395
Jogiadih	38	23.8107	84.7874
Jobiatoli	38	23.7176	84.7576
Jobhia	38	23.6745	84.9344
Jogitola	38	23.3462	84.7909
Jonjro	38	23.4854	84.8394
Jobhitoli	38	23.2736	84.9281
Jowli	38	23.0691	84.8281
Jorea	38	23.0478	84.8191
Joguatoli	38	23.1433	84.9037
Jokari	37	22.8043	84.0238
Jogitopar	37	22.7992	84.0345
Jotatoli	38	22.5151	84.1815
Jorag	38	22.9895	84.5479
Jolanga	37	22.9049	84.2738
Jokari	37	22.9067	84.3248
Jokaritoli	38	22.8408	84.3737
Jogimunda	38	22.5308	84.3474
Joretoli	38	22.7025	84.4259
Jototoli	38	22.6184	84.4366
Jogitoli	38	22.9415	84.5274
Jogimat	38	22.8798	84.5811
Joram	38	22.4837	84.5224
Jototoli	38	22.4988	84.6461
Jolo	38	22.9809	84.7531
Jordagtoli	38	22.8353	84.9706
Jokiatoli	38	22.9572	84.9784
Jogotoli	38	22.5762	84.8233
Jonhatoli	38	22.7180	84.8462
Jorkatoli	38	22.7272	84.8300
Jodivadam	25	10.9064	78.1619
Jonampatti	25	10.8221	78.2346
Jottampatti	25	10.2951	78.1453
Jokilpatti	25	9.6012	78.1073
Jogipatti	25	10.5618	77.8342
Jodukuli	25	11.9034	78.0524
Johnsonpet	25	11.6721	78.1637
Jordag	38	23.9032	85.4788
Jorakath	38	23.8398	85.3658
Jokitanr	38	23.8188	85.4592
Jojodih	38	22.9710	85.5585
Jojobera	38	22.9424	85.5263
Jopno	38	22.8775	85.5500
Jogodih	38	22.8874	85.6966
Jomro	38	22.6619	85.5355
Jogibera	38	22.6865	85.6090
Jogidaru	38	22.5125	85.6716
Joro	38	22.7309	85.6445
Jojokurma	38	22.7355	85.6934
Jordiha	38	22.7215	85.7455
Jojotola	38	22.8887	85.7798
Joro Sarjam	38	22.8279	85.7768
Jojodih	38	22.7771	85.7772
Jojo	38	22.7655	85.9432
Jordiha	38	22.7730	85.9824
Jonkosason	38	22.6897	85.8558
Joddiha	38	22.5761	85.9370
Joddiha	38	22.6687	85.9067
Jorapokhar	38	22.4114	85.7650
Jora Pokhria	38	22.3758	85.8822
Jondasai	38	22.2034	85.9261
Jojohatu	38	22.2034	85.9432
Joalibhanga	38	22.0503	85.9508
Jorakot	21	21.5128	85.0073
Joribar	21	21.7127	85.1321
Jola	21	21.6034	85.2309
Jogimunda	21	21.4611	85.1760
Jolohuri	21	21.9620	85.4211
Jora	21	21.8695	85.4799
Jomarpasi	21	21.7005	85.2872
Jolanda	21	21.5131	85.2853
Jordiha	21	21.6171	85.3304
Jokapani	21	21.4837	85.3123
Jorichatar	21	21.7447	85.5797
Jogimat	21	21.7165	85.5898
Jonapasi	21	21.6603	85.7280
Jothpur	21	21.8920	85.7875
Jorkani	21	21.7766	85.8607
Jogi Deoli	21	21.7770	85.9871
Jorichatar	21	21.6585	85.7604
Joharpur	21	20.7491	85.2047
Jogibahali	21	20.4797	85.0367
Jogiapalli	21	20.1986	85.1311
Jogisahi	21	20.1749	85.0396
Jonhea	38	24.0163	85.5054
Jolhatola	38	24.0061	85.7209
Jogi Chak	34	24.9614	85.7819
Jogidih	38	24.7527	85.8224
Joga Chak	34	24.8470	85.8842
Jogidih	38	24.6920	85.8015
Jorasemar	38	24.7082	85.8319
Jokiatila	38	24.4283	85.8688
Jolhawadih	38	24.4308	85.8781
Jolhabad	38	24.3301	85.8924
Jogidih	38	24.3831	85.8016
Jobaha	34	26.2304	86.5908
Jogiapahari	38	24.5556	86.0143
Jobhi	38	24.1957	86.2073
Joadih	38	24.1903	86.0878
Jobhi	38	24.0042	86.1261
Jobhi	38	24.0076	86.1293
Joktia	34	24.7518	86.3551
Jogidih	34	24.5690	86.4586
Jorha	34	24.5848	86.3115
Jogia	34	24.5792	86.3223
Jogiatilha	34	24.4994	86.4933
Jogiradih	38	24.4193	86.4659
Jondritanr	38	24.3070	86.4056
Jogidih	38	24.2752	86.4622
Jogitola	38	24.3081	86.2934
Joraiam	38	24.1967	86.4391
Jogidih	38	24.1546	86.4413
Jotpur	38	24.1283	86.4094
Jolhatanr	38	24.0473	86.3019
Jogitanr	38	24.1754	86.2825
Joyipali	21	21.3372	84.0037
Joledihi	21	21.7203	84.5174
Jorapali	21	21.2824	84.5354
Joniani	21	21.8935	84.9147
Jonadihi	21	21.7490	84.8242
Jori Chakundapal	21	21.4778	84.8994
Jogibhogra	21	20.8056	84.2398
Jonhapank	21	20.8568	84.2080
Jojeshtipur	21	20.9025	84.0997
Jotesingha	21	20.8725	84.1172
Jogimot	21	20.5884	84.1799
Jogarpadar	21	20.3128	84.1794
Jodigia	21	20.1814	84.1304
Jorginaju	21	20.1121	84.2035
Jogiberni	21	20.8199	84.3014
Jodupur	21	20.3016	84.4981
Jolangasai	21	20.3110	84.4962
Jobadi	21	20.1934	84.3983
Jogibandha	21	20.8092	84.6471
Jogipathar	21	20.9614	84.6922
Jorosai	21	20.2907	84.5224
Jogibandha	21	20.2927	84.6773
Jolahatani	21	20.0927	84.5879
Jonk	21	20.8997	82.5096
Jotana	09	23.4696	72.2929
Jonai	03	27.8328	95.2207
Jomlo Mobuk	30	28.1967	94.7985
Jodamba	21	18.2427	82.2723
Jordiha	38	24.7215	87.5929
Jojohatu	38	22.5126	85.6315
Jojohatu	38	22.5629	85.7277