Junagadh	09	21.5197	70.4598
Jugsalai	38	22.7767	86.1835
Jujuvadi	25	12.7679	77.7918
Junnar	16	19.2081	73.8752
Junagarh	37	19.8599	82.9339
Jugial	23	32.3684	75.6782
Jua	33	15.5307	73.9505
Jutogh	11	31.1000	77.1167
Jubbal	11	31.1092	77.6509
Juna Deesa	09	24.2147	72.1573
Jusri	24	27.0695	74.7595
Jura	24	24.5063	73.2239
Juptarai	16	20.3413	80.3454
Junoni	16	17.2382	74.9994
Junia	24	26.0853	75.1919
Junia	24	25.9224	75.5917
Jungterang	03	25.9756	93.3536
Junga	11	31.0245	77.1913
Jundla	10	29.6502	76.8724
Juna Raj	09	21.7944	73.6130
Julvania	35	21.8652	75.2089
Julmi	24	24.5879	75.9900
Juliyasar	24	27.7400	74.7429
Julakalava	02	14.8325	77.8015
Jukehi	35	24.0025	80.4242
Jukal	40	18.3597	77.6033
Jujomura	21	21.2305	84.1302
Jui Khurd	10	28.6312	75.9432
Jui Kalan	10	28.6338	75.9423
Jui	10	28.6500	75.9500
Juhu	16	19.1026	72.8243
Juhi Bari	36	26.4400	80.3188
Jugsana	36	27.4680	77.8858
Jubrajpur	21	19.3495	82.8777
Juan	10	29.0658	76.9012
Jugulpura	24	28.1295	74.8738
Jujarsaha	28	22.5978	88.1314
Jugtigaj	28	22.4733	88.7878
Juppa	12	33.3364	74.2000
Juhom	12	34.2490	74.3931
Jurnial	12	34.5772	75.0055
Julon	39	30.4086	77.9024
Jur	11	31.2491	77.0130
Judlu	11	31.2430	77.0197
Juni Kalan	11	31.2479	77.0661
Jundla	11	31.1595	77.0634
Jud	39	29.9187	78.5657
Juyalgaon	39	29.8744	78.6864
Jui	39	29.8383	78.7268
Jua	39	29.8175	78.5924
Junawada	40	17.4022	78.2589
Juwarpura	24	28.4177	75.2452
Julamgarh	23	30.6107	76.0441
Julkan	23	30.1843	76.5387
Jurawan	35	24.6545	78.8382
Jundhia	36	24.5607	78.8550
Jugpura	36	27.9017	79.1655
Juhin	36	27.7980	79.4488
Juankhera	36	27.7901	79.4546
Jujharpur	36	27.6166	79.7422
Junedpur	36	27.1272	79.7517
Juhikha	36	26.4327	79.2468
Juhikha ka Purwa	36	26.4440	79.2527
Jugrajpur Mustaqil	36	26.3529	79.4691
Jujharpura	36	25.7235	79.0582
Jugrajpur Sheoli	36	26.5498	79.9804
Juria	36	26.5497	79.7874
Jugwal	12	32.4780	74.9270
Junun Thalli	24	27.0754	71.5070
Jubilee Hills	40	17.4334	78.4111
Junnur	19	16.2334	75.4342
Jun	17	24.1786	93.9324
Junihan	36	25.9445	80.6017
Jurwa	36	26.9764	83.2011
Jujana	24	25.0508	72.1803
Julwandi	16	19.2733	73.7316
Jusawa	24	23.5425	73.9177
Julaghat	39	29.5696	80.3798
Junwani	35	23.1026	80.0898
Junapani Dhoranya	35	24.1421	75.6499
Junadih	37	21.5887	83.0616
Julwaniya	35	22.4384	75.5713
Jugalati	03	26.6702	93.6649
Junada	21	21.5876	86.8289
Junawas	10	28.2033	76.7077
Juraula	10	28.4010	76.8487
Jum Thach	11	31.6614	77.1135
Jugas	11	31.6409	77.0888
Jugohi	11	31.5543	77.0799
Jur	11	31.5478	77.1622
Juhi	11	31.5893	77.1565
Juras	11	31.6170	77.1501
Jurn Thach	11	31.6275	77.1669
Jugari	11	31.6984	77.2265
Juwaharpura	24	28.1887	74.8426
Jugtan	10	29.2633	75.7679
Judli	11	31.4799	77.2260
Jumegand	12	34.6252	74.1200
Jugtial	12	34.5872	74.2327
Juwa	11	31.3676	77.2867
Jua	11	31.3679	77.3147
Jud	11	31.4604	77.2950
Juphrigad	11	31.4967	77.2761
Jur	11	31.2947	77.3749
Jukani	11	31.4698	77.4467
Jugo	11	31.1447	77.3350
Jubbar	11	31.1649	77.3298
Jubbar	11	31.2080	77.3375
Jubbar	11	31.0176	77.3543
Jubbar	11	31.0172	77.4434
Juli	11	31.5280	77.7362
Juni	11	31.4680	77.5881
Juni	11	31.3023	77.5384
Juwan	11	31.4330	77.7171
Jumkari	11	31.4621	77.7331
Jubbar	11	31.0172	77.5547
Jubbal Purana	11	31.1155	77.6749
Judab	11	30.7897	77.1162
Julu	10	30.6450	77.1425
Jun	11	30.9713	77.2712
Jubar	11	30.9472	77.3715
Juniyo	11	30.8814	77.2582
Jubbal	11	30.8867	77.2816
Jubbal	11	30.8465	77.3524
Jubal	11	30.8163	77.2939
Juggar	11	30.9786	77.4337
Jurag	11	30.6066	77.3275
Judde ka Johar	11	30.5453	77.2972
Juriyan	11	30.6048	77.3630
Jujhawa	11	30.7458	77.4108
Judha Shekhan	10	30.2696	77.2721
Judha Jatan	10	30.2645	77.2575
Julahon Majra	10	30.2513	77.4479
Juganti	11	30.6348	77.6511
Juwan	11	30.6736	77.6134
Juenal	11	30.6493	77.7356
Juenal	11	30.6118	77.7242
Jugrawar ka Bas	24	27.5106	76.7954
Judli	39	30.4230	77.6975
Jugrawar Ka Bas	24	27.4984	76.8045
Jugrawar	24	27.4927	76.8173
Jutiyaya	39	30.5721	77.8404
Juddi	36	29.3114	78.1532
Jungli	24	28.6298	75.3173
Jujharpura	35	23.6757	78.6919
Juab	35	23.5795	78.8829
Junia	35	23.4372	78.6416
Junapali	35	23.1587	78.7099
Jujhari	35	23.1816	78.9501
Jura	35	23.1725	78.9679
Juddi	36	29.9478	77.3196
Jujheri	36	29.8136	77.2564
Juwaridhana	35	22.1087	78.0310
Juwari	35	22.1018	78.0336
Juajhar	35	22.0782	78.1802
Junehta	35	22.7937	78.6139
Junawani	35	22.7318	78.5720
Junawanidhana	35	22.7360	78.5816
Junapani	35	22.2643	78.5385
Junapari	35	22.3147	78.7007
Junapani	35	22.3286	78.6928
Junnardev	35	22.2104	78.5826
Junapani	35	22.0570	78.5953
Junawani	35	21.8819	78.0125
Junapani	35	21.8086	78.0767
Junapani	35	21.8132	78.1524
Junona	16	21.1664	78.2351
Junewani	16	21.2808	78.4351
Junona Gharad	16	21.4242	78.4740
Junapani	16	21.1216	78.3721
Junapani	35	21.9506	78.7275
Junawani	16	21.2790	78.5256
Junana	16	21.4174	78.6452
Junapani	16	21.1534	78.5661
Junapani	35	21.9161	78.9106
Junawani	16	21.0532	78.9164
Juna Dhamangaon	16	20.8152	78.1382
Julera	36	29.1356	77.5927
Jura	09	24.3226	73.0695
Jurul	24	24.3989	73.3097
Jundi	24	24.8941	73.5390
Junagarah	24	24.8251	73.7162
Jur	24	24.4562	73.9977
Jugalpura	24	24.9119	76.1160
Junapani	24	24.5933	76.0786
Jugiana	23	30.8549	75.9405
Junera	10	28.3164	77.4095
Jurranpur	36	28.9223	77.7149
Junpatkhera	36	28.4898	77.5598
Junpat	36	28.4935	77.5612
Junedpur	36	28.3636	77.6043
Junpura	24	24.0794	73.9039
Judi	10	28.4290	76.4354
Jur	39	30.4038	78.1132
Jugju	39	30.4914	79.6910
Juwagwar	39	30.4944	79.6743
Juma	39	30.6051	79.8067
Juthia	36	28.7598	79.0652
Junda	16	19.1312	79.9052
Junakhera	24	24.4598	76.3041
Jutiyakheri	35	24.0649	76.3589
Junapani	24	24.2981	76.8163
Jublinagar	40	18.5105	79.1703
Jujawundi	16	19.6534	80.5215
Jurla	37	21.3630	81.0201
Junwani	37	21.4390	81.1368
Juju ka Pura	35	26.4736	77.8487
Jumla	35	26.3514	77.9637
Jujharpur	35	25.8055	78.4582
Jungian Bega	23	30.9509	76.0273
Jungian Kadir	23	30.9522	76.0449
Junewal	23	30.9641	76.1085
Jula Majra	23	30.8781	76.1743
Julah Kheri	23	30.1436	76.4535
Junhedi	36	27.5374	77.5310
Junsuti	36	27.4640	77.5726
Julani Khera	10	29.6446	76.3327
Jumka	36	28.2333	77.8874
Junwani	37	22.0794	82.8886
Judga	37	22.0960	82.9463
Junwani	37	21.3739	82.1547
Junwani	37	21.4533	82.1867
Junwani	37	20.6619	81.0383
Jurripat	37	20.7163	81.1878
Jungera	37	20.7475	81.1847
Junwani	37	20.2450	81.0296
Julampara	37	20.0988	81.0679
Juna Gauregaon	37	20.0356	81.0543
Juratarai	37	20.6295	81.7449
Junwani	37	20.3388	81.5301
Junwani	37	20.3146	81.8379
Jutamaradi	19	16.2803	76.9732
Junwani	37	21.8232	81.0132
Junwani	37	21.9776	81.2479
Junwani	37	21.2179	81.3188
Junadandu	37	21.8739	81.6421
Jumda	40	19.2358	77.9747
Juna	16	18.6711	77.3427
Jukal	40	18.0891	77.9840
Jujalpur	40	18.0241	77.7576
Jukal	40	18.0277	77.7959
Julia Garhi	36	27.4583	78.1240
Jutpalle	40	17.1708	77.5577
Junoni	16	20.0733	78.2765
Juvadi	16	20.8905	78.6759
Jungad	16	20.8827	78.7799
Junon	16	20.7747	78.7903
Junona	16	20.5774	78.8567
Jula Ka Bas	36	27.7217	77.8317
Juna	35	23.7162	79.0398
Julapur	36	27.7181	78.5132
Jujharghat	35	23.6529	79.4919
Jujhar	35	23.7633	79.6033
Juri Khurd	35	23.2761	79.6165
Juri Kalan	35	23.2809	79.6208
Jugpura	35	23.0768	79.6587
Junegaon	40	17.7438	77.7885
Jujharumariya	35	23.5237	79.9944
Jugtara	35	23.2996	79.7793
Junwani	35	23.2799	79.9120
Jugtaraiya	35	23.2040	79.8208
Junamai	36	27.2324	78.6265
Junaiya	36	27.9690	78.9411
Junapani	35	22.4997	79.0381
Jungawani	35	22.3865	79.1531
Jungawaratola	35	22.4187	79.2362
Jungawara	35	22.4233	79.2431
Jugsana	36	27.2813	77.8392
Jujhki	35	26.7220	78.2785
Jugrai	35	22.8400	79.7252
Junapani	35	22.4061	79.5803
Junapani	35	22.3646	79.5065
Jurtara	35	22.2750	79.5094
Jurtoia	35	22.2479	79.7624
Julapalli	40	16.8684	77.8361
Junapani	16	19.7785	78.0633
Junni	40	19.4667	78.4693
Junesa	36	27.3916	79.0370
Judera	36	27.3149	79.1935
Junedpur	36	27.4706	79.1967
Junoni	16	19.8875	78.5953
Juna Kamthi	16	21.2496	79.1820
Junewani	16	21.5871	79.4087
Junawani Khadan	16	21.4858	79.3019
Jummatola	35	21.9440	79.7089
Jugratola	35	21.9128	79.6134
Jujharpur	36	27.9954	79.5974
Jugruwapura	35	26.4077	77.5416
Jugrajpur	36	27.4579	79.6342
Jukal	40	17.2256	78.3036
Jurahra	24	27.7814	77.2064
Jurahri	24	27.7850	77.2235
Junapani	35	21.8102	76.7021
Jujharpur	36	27.4825	79.7939
Juga Purwa	36	27.3033	79.8254
Jur	35	25.1442	77.5839
Jugaya	35	24.4818	77.6867
Junhaiyakheri	35	24.1298	77.9661
Juvvigudem	40	17.2461	79.2333
Jujathal	36	27.8908	78.3935
Jujharpur	36	27.8014	78.3092
Jujalraopet	40	17.1952	79.9379
Juvvigudem	40	16.8275	79.0774
Junutla	40	16.8115	79.0597
Jura Purwa	36	26.8924	79.7696
Jure Nawada	36	26.7562	79.9125
Junedpur	36	26.3081	79.9385
Julla	36	27.3002	78.6435
Jutela	35	25.2479	80.2975
Jurhapur	36	25.5428	81.0363
Junapani	35	22.1266	76.9522
Junapani	35	22.0011	76.8900
Junedpatti	36	25.5721	82.1166
Junapani	35	21.8118	76.0323
Jujharpura	35	24.2230	79.3119
Junapani	35	21.8318	76.4121
Jura Hardhan	36	25.4576	83.1598
Jugepura	35	26.5183	78.5793
Jurui	36	25.0123	83.0464
Junedpur	36	25.0850	83.0950
Jungisingh ka Pura	35	26.4930	78.8521
Jujharpur	35	22.5822	77.7621
Jujadey	35	22.5125	77.9296
Jugeya	35	25.4722	78.0489
Jujhai	35	25.4213	78.1315
Junwani	35	24.4254	79.6110
Juneri	35	24.3589	79.6264
Junwaniya	35	22.1200	77.0368
Junapani	35	22.0826	77.0674
Jungipura	35	25.1653	78.2896
Jutthipur	36	25.2183	83.3737
Jugalpura	35	22.3224	77.6435
Jujharpur	36	25.8413	83.5020
Jugyal	35	25.3228	78.7262
Jugalpura	35	25.2720	78.6844
Junedpur	36	25.4246	83.5619
Jujharpur	34	25.3539	83.7097
Junapani	35	21.9808	77.2834
Junawani	35	21.8965	77.7108
Junawani	35	21.7583	77.9687
Junavani	35	21.6919	77.8594
Jusainpur	34	25.5162	83.9087
Judi	36	24.7686	83.0471
Junapani	35	21.4970	77.6765
Juna Sonwal	16	20.2291	77.2328
Jumada	16	20.0102	77.0442
Junna Buzurg	16	20.3357	77.4189
Juna Dhimarwara	16	21.2481	79.7554
Jurwani	36	24.4444	83.0928
Juraniya	36	24.3542	83.0251
Jura	36	24.0279	83.1313
Jurma	38	24.2699	83.4459
Jupeda	40	17.2983	79.8646
Junoni	16	20.8080	79.2619
Junana	16	20.7924	79.6665
Jugnala	16	20.5289	79.8925
Junana	16	20.1748	79.3563
Jujharnagar	35	25.2335	80.0254
Juripur	35	25.3226	80.2917
Jurakhan	36	25.3228	80.3957
Jurhakhera	36	25.9890	80.5344
Juti	38	24.1286	83.7874
Jujharpur	35	23.3546	78.1780
Jukpura	35	24.3853	78.2400
Jugrehli	36	25.5423	80.6457
Jujharpura	35	24.0740	78.6029
Jurmania	35	24.5708	81.2411
Juginihai	35	24.5961	81.4523
Juginihai	35	24.5863	81.4627
Jurmania	35	24.7275	81.7270
Jurmania	35	24.7124	81.7137
Junawani	35	22.8912	78.4478
Jurmanian	35	24.3951	81.1012
Jurmani	35	24.2903	81.2698
Jurmani	35	24.1770	81.3685
Juner	35	24.0922	81.8412
Junadhana	35	22.3390	78.8160
Junakhera	35	22.3271	78.9113
Junewani	35	21.6528	78.5231
Junapani	35	21.5372	78.5317
Juab	35	23.4094	79.0751
Jugarwara	35	24.0456	80.2575
Jursinga	35	24.1465	80.4136
Juna	35	23.1686	79.0734
Juriamau	36	25.9273	82.0194
Jurpur	36	25.5452	82.6316
Jugpura	35	23.1103	79.3530
Juri	35	24.3717	80.1675
Juri	35	24.3837	80.1680
Juhi	35	24.2346	80.1576
Jurtara	35	22.1593	79.2474
Jururtolah	35	24.3344	80.5397
Juara	36	25.5332	81.2627
Juraupur	36	25.2844	82.3317
Juraupur	36	25.2671	82.4700
Jurapur	36	25.4055	82.4777
Jurawar	36	25.4614	82.4150
Jurawan ka Pura	36	25.1732	82.3062
Junidpur	36	25.4281	82.0105
Juri	35	24.3846	80.3601
Jugia	35	24.4862	80.4538
Jun	36	24.8415	82.5306
Juriya	36	24.8349	82.6843
Juriya	36	24.7684	82.7693
Judwariya	36	24.7952	82.9116
Jurwat	36	24.8314	82.9666
Judi	36	24.7259	82.8912
Jurauli	36	24.6734	82.9511
Jurwar	35	24.3311	82.4764
Juwari	35	24.0807	82.6848
Juri	35	24.0678	82.6749
Jugnera	36	24.3045	82.8185
Jugnera	36	24.3074	82.8163
Jurra	36	24.3992	82.9894
Junkhai	36	25.0783	82.0691
Juraupur	36	25.6983	82.3620
Jugga Singh Khera	36	26.3901	80.7791
Juali	36	29.5531	78.4536
Junupur	36	27.9683	81.0952
Julahapur	36	27.8651	81.2455
Jumlaabad	36	27.4293	81.0497
Juraunda	36	27.3455	81.1149
Juri Kulan	36	27.7106	81.5005
Juman Purwa	36	27.5600	81.5302
Jumai Purwa	36	27.6863	81.6688
Juranpur	36	25.9902	83.9247
Jugraj Khera	36	26.6973	81.0630
Jugraj Khera	36	26.6303	81.0953
Jugraj Khera	36	26.6899	81.1587
Jukhela	36	26.8396	81.4336
Jujhela	36	29.0461	78.3537
Jujhela ki Mandaiyan	36	29.0527	78.3417
Jugraj Singh	36	26.7288	81.3096
Jugrajpur	36	26.6096	81.3102
Jugrajpur	36	26.5310	81.2880
Junapani	16	20.9359	79.1018
Jujhaila	36	29.0952	78.5371
Jula Dhakya	36	29.0593	78.7464
Jukniya Walla	39	29.7206	78.8532
Jukniya Palla	39	29.7229	78.8512
Julamgarh	39	29.6848	78.9149
Jui	39	29.6646	78.9106
Jui	39	29.6700	78.9098
Jura	35	24.2575	80.8846
Jurwa	35	24.2664	80.8588
Jurmania	35	24.2858	80.9930
Junhia	36	26.4283	81.2146
Junad	16	20.0452	79.0769
Jugrajpur	36	26.4194	81.3107
Jure Purwa	36	26.3606	81.3415
Jurani	36	26.3255	81.8167
Jugrajpur	36	26.3066	81.8652
Jurawanpur	36	26.2735	81.9629
Juraupur	36	26.2773	81.9882
Junwani	35	24.1108	80.9065
Junaidpur	36	25.8373	81.0651
Jugrajpur	36	25.9373	81.2290
Juhi Chhoti	36	26.4486	80.3278
Jurtala	16	19.8268	77.2102
Jula Buzarg	16	19.8294	77.0054
Juman Purwa	36	27.1585	81.6149
Julahju Purwa	36	27.2425	81.6895
Julahan Purwa	36	27.4359	81.8234
Jugga ka Purwa	36	25.7957	81.4514
Juna Arjunpur	36	28.3344	78.6393
Jutiamau	36	26.0719	81.0834
Junawai	36	28.1959	78.5018
Jurai	36	26.0058	81.8285
Jurpanian Khurd	36	27.7979	82.0583
Jurpanian Gokulanand	36	27.7937	82.0685
Jugarh	36	27.7747	82.0582
Jurawar Dih	36	27.6486	82.1484
Julahpura	36	28.2165	78.9858
Jugrajpur	36	27.3388	82.0880
Junkahi	36	27.3382	82.1020
Jua	36	27.3672	82.2278
Juri Kuinyan	36	27.3830	82.2419
Jugrajpur	36	25.3124	81.4411
Julahti	36	27.1778	82.1964
Jui	39	29.9255	79.0682
Juniya	39	29.8933	79.1627
Juniyagarhi	39	29.8700	79.1360
Jumli Dih	36	27.4981	82.2883
Jumli Gurichahi	36	27.4904	82.2790
Jurpanian	36	27.4730	82.3074
Julaha Purwa	36	27.2846	82.3134
Julahan Dih	36	27.3732	82.3376
Junedpur	36	27.3058	82.4066
Juara	36	27.1660	82.2920
Jurai Dih	36	27.1940	82.4261
Juri Kuian	36	27.2961	82.5190
Juri Kuian	36	27.3340	82.7196
Jurwanian	36	27.2275	82.5435
Juri Kuian	36	27.1489	82.5705
Jurwanian	36	27.1106	82.6128
Jujharipur	36	26.9627	82.0462
Jugra	36	26.8723	82.1093
Jugania	36	26.9137	82.2432
Jura Patti	36	26.4054	82.0896
Juli Mirganj	36	26.2924	82.1497
Jua Alipur	36	26.3051	82.1628
Jurara	36	26.1990	82.0892
Jura Patti	36	26.0789	82.0887
Juraipur	36	26.9123	82.3501
Juwa	36	26.8034	82.3983
Jua	36	26.4812	82.3706
Juraupur	36	26.3592	82.3488
Julaha Tara	36	26.1739	82.3163
Junedpur	36	26.1153	82.4720
Jumaidpur	36	26.0438	82.4243
Judaipur	36	26.7652	82.5235
Jugahta	36	26.7155	82.5037
Jurawanpur	36	26.5171	82.5657
Jugwapur Chubain	36	26.6496	82.6170
Julahana	36	26.5475	82.7322
Julahia	36	26.4584	82.5610
Jura Pura	36	26.0775	82.5325
Julhati	36	26.0671	82.5310
Juiharpur	36	26.8629	82.9440
Juajanta	36	26.6916	82.7538
Jutkhapur	36	26.6045	82.9625
Jua	36	25.8004	83.2788
Juranpur	36	25.9982	83.3395
Julahapur	36	26.4002	82.7508
Junedpur	36	26.4654	82.8479
Juraipur	36	26.3387	82.8712
Julahtia	36	26.0789	82.7762
Julahtia	36	26.0995	82.7967
Julahapur	36	26.1877	82.8652
Jumman	36	26.0802	82.8529
Juthahi	36	27.1897	83.1181
Jurawan Jot	36	27.1897	83.2066
Juwan Gosairr	12	33.9882	75.0069
Jurai Jot	36	27.2164	83.2339
Jugalpur	36	27.1474	83.3124
Jugigund	12	33.6866	75.2268
Jura ka Purwa	36	25.8698	81.7404
Jurepur	36	25.8978	81.7480
Junihan	36	26.7625	83.1885
Jurian	36	26.7455	83.2321
Jurwabar	36	26.3329	83.1169
Julahapur	36	26.0506	83.0032
Jugesara	36	26.3672	83.3933
Julahan Tola	36	26.4729	83.4394
Julaha	36	26.4066	83.4530
Julbari	36	26.6552	83.6918
Jugwa	36	25.5125	81.5608
Junedpur	36	25.5009	81.6428
Julahan	36	26.0241	83.4992
Jurenda	36	26.1766	83.6034
Juranran Hind	12	33.0394	75.0456
Juwi	16	19.3868	80.6443
Julpatti	36	26.9455	83.7715
Jugulha	36	26.9354	83.8589
Juraunia	36	26.7700	83.8605
Jubrajpur	36	25.5821	83.6520
Jujhawal	35	23.6241	80.1696
Jujhari	35	23.7222	80.1217
Junwani Kalan	35	23.4703	80.0774
Junwani Khurd	35	23.4764	80.0351
Jujhari	35	23.4090	80.0710
Junwani	35	23.4736	80.2196
Juwa	12	33.0487	75.5262
Jujhari	35	23.2169	80.2708
Jugia	35	23.8603	80.5250
Junwani	35	23.4410	80.8076
Junwani	35	23.3450	80.7861
Jushane	12	33.1908	75.8184
Juddi	12	33.1591	75.7537
Jullu	12	33.0151	75.9433
Juswal	12	32.6554	75.0432
Jutwal	12	32.5363	75.1834
Jugwal	12	32.7179	75.2096
Jubai	36	25.2033	81.5980
Jurwat	36	25.1789	81.6318
Juhi	36	25.1202	81.6949
Juhi	36	25.1310	81.7106
Junona	12	32.7326	75.5144
Jund	12	32.7186	75.5572
Jutha	12	32.6469	75.5706
Jungian	12	32.6519	75.6508
Juletar	12	32.7182	75.6217
Jurapur	36	25.8221	81.8209
Jurapur	36	25.7766	81.7685
Jurapur	36	25.5865	81.8160
Jugni Dih	36	25.6030	81.9749
Jugni Dih	36	25.6118	81.9732
Julakar	12	32.4298	75.5260
Julakar	23	32.3987	75.7281
Jumla	12	32.4850	75.7062
Jungath	23	32.3407	75.7040
Jugal ka Pura	36	25.1690	81.8728
Jurmani	35	24.8579	81.1272
Junwania	35	23.0160	74.5520
Julwaniya	35	22.2232	74.6970
Junavane	16	20.7579	74.8383
Junapanipura	35	22.4581	75.5657
Juna Dhal	35	22.4085	75.5416
Junapani	35	22.3520	75.7178
Jujiyakheri	35	22.2765	75.9092
Juna	16	20.7344	75.0279
Juvardi	16	20.6537	75.0430
Junwani Tola	35	22.4674	80.1876
Jujhari	35	22.9505	80.4342
Junwani	37	20.8625	81.2848
Junwani	37	20.5131	81.3983
Jujhari	35	22.7339	80.3377
Juna Mandla	35	22.5845	80.4491
Jugdei	37	20.8753	81.5160
Junwani	37	20.8268	81.6043
Junwani	35	22.5833	80.6660
Junwani	35	22.9497	80.8845
Julani	10	29.3438	76.2721
Jugni	16	21.8226	74.3567
Juvani	16	21.6862	74.3193
Junvana	16	21.6088	74.4878
Junewani	35	21.5738	80.4773
Junewani	35	21.4982	80.5722
Junatola	37	22.5623	82.1178
Jugial	23	31.9374	75.7551
Jukhuni	11	31.8946	75.9892
Jujhar Chathiali	23	31.7900	75.7609
Juna Shahar	37	22.2773	82.1347
Juna Bilaspur	37	22.0801	82.1675
Juhli	37	22.1768	82.3660
Junadih	37	22.1779	82.4651
Jurali	37	22.5088	82.5346
Junapara	37	22.5469	82.6085
Jujhara	37	21.6252	80.9699
Jumarkona	37	21.6007	80.9768
Jugdarapada	35	21.7081	75.4676
Jurla Kalan	37	21.3445	80.9453
Jununa	16	20.3234	75.0399
Junwani	37	22.2608	82.7744
Junapara	37	22.3118	82.8924
Junwani	37	21.8659	82.2894
Jurela	37	21.8283	82.3922
Jura	37	21.6671	82.2867
Junedia	37	21.8674	82.7275
Junwani	37	21.7946	82.8439
Junwani	37	21.6666	82.8505
Junwani	37	21.0164	82.3607
Jugrajpur	36	27.2196	80.5014
Jugrajpur	36	27.2333	80.6419
Jura Khera	36	27.0914	80.6690
Jurbhatti	16	20.6374	80.2391
Junewani	16	20.7034	80.2010
Julahapurwa	36	27.8480	80.7537
Jubkiganj	36	27.6797	80.8651
Julanpur	36	27.6013	80.8453
Juraipur	36	27.5288	80.9201
Juraipur	36	27.4873	80.9357
Junukpur	36	27.2767	80.9867
Jungaon	16	20.2207	80.1330
Jugral	23	31.2303	75.5738
Julas	11	33.0922	76.3887
Junas	11	32.9166	76.1432
Junth	11	32.8725	76.1277
Junu	11	32.8388	76.1833
Jukwani	11	32.8595	76.1468
Junan Adwar	11	32.8627	76.0864
Judda	11	32.7989	76.1329
Jundhabal	11	32.7328	76.0530
Jusab	11	32.7032	76.0577
Jungrar	11	32.7122	76.1860
Jukua	11	32.6712	76.0301
Jumari	11	32.6335	76.1222
Julara	11	32.3483	76.0546
Juagla Par	11	32.2729	76.0709
Juna Atatiya	24	25.0123	73.7534
Junwani	37	20.4626	80.7457
Juri	11	32.7533	76.2980
Junl	11	32.5428	76.2581
Junapani	37	20.7682	80.8596
Jungera Kalan	37	20.6859	80.9783
Juin	37	20.1102	80.8670
Junwani	35	22.6032	81.0038
Junanrer	11	32.4156	76.4985
Jujhmetatola	35	22.8836	81.6503
Jugrantola	35	22.7852	81.6556
Jugehr	11	32.1627	76.2646
Jugleta	11	32.1331	76.4198
Jurgehr	11	32.1057	76.3462
Jukhnehr	11	32.0784	76.3089
Junwani	37	22.0055	81.5305
Jujharbhata	37	22.1147	81.5940
Juathal	37	22.8800	81.9892
Junjra ka Baria	24	26.0677	74.3945
Juri	35	24.3578	79.9909
Junapara	37	22.2725	81.7596
Junwani	37	22.0033	81.8513
Junwani Kalan	37	21.9343	81.7798
Junwani Khurd	37	21.9221	81.7769
Jugesar	37	21.2822	81.8102
Jubbuwal	23	31.1657	76.0806
Julah Majra	23	31.0290	76.0269
Jujhpal	11	31.8835	76.4185
Junjinbail	19	14.9428	74.7525
Jukhar	11	31.2253	76.7369
Julwandni	11	31.4371	76.8147
Juras	11	31.3574	76.8264
Jukhala	11	31.2967	76.8224
Judi Uparwali	11	30.9306	76.8075
Judi	11	30.9316	76.8156
Judi	11	31.2248	77.0412
Jubar	11	31.1839	77.1651
Junwani	37	20.8457	82.0767
Junadih	37	20.5274	82.0273
Junwani	37	20.9179	82.4313
Jungal Dhawalpur	37	20.3855	82.2601
Jungar	37	20.1361	82.2834
Junwani	21	20.8316	82.5842
Juni Dogri	11	31.2449	77.7975
Jundi	11	31.2065	77.7836
Jutar	39	31.0728	77.9093
Jubamal	21	20.3643	82.7330
Jugrajpur	21	20.2404	82.6216
Junapani	21	20.1977	82.7312
Jun	38	23.9064	83.6281
Jualnu	11	30.8758	77.6037
Junu	11	30.8486	77.5933
Juru	11	30.8412	77.5866
Juinal	11	30.8324	77.5711
Jubbli	11	30.8174	77.6248
Juniyali	11	30.7530	77.6083
Junjhuni	36	29.1660	77.9431
Junapani ka Khera	35	23.3915	76.1593
Juan	10	28.2334	77.3975
Junwani	37	21.8712	83.2192
Jugibandli	21	21.0229	83.2424
Junisera	39	29.9055	78.8924
Junwani	37	21.9855	83.4416
Jurda	37	21.8689	83.4565
Jujaila Chak	36	28.9893	78.1978
Juba	37	21.3485	83.2616
Juna Brahmani	21	21.0877	83.4896
Julambahal	21	21.8526	83.6647
Junani	21	21.6248	83.5780
Junani	21	21.4927	83.6878
Jujugaon	21	21.4464	83.6825
Jugalpura	35	23.9910	76.7083
Julat	21	21.2368	83.6065
Junian	21	21.7645	83.7982
Jurabaga	21	21.7820	83.8663
Junanimunda	21	21.8624	83.9084
Junadihi	21	21.8255	83.8558
Junak	21	21.4887	83.8744
Jubakhol	21	20.8998	83.1671
Jugraj Das Kola	36	27.8407	81.4213
Jugrajpurwa	36	27.8735	81.4363
Jura	36	27.7918	81.4895
Juihwamau	36	27.0542	81.3320
Juraunda	36	27.1255	81.3955
Jurakhan Purwa	36	26.1305	81.2734
Julaha Purwa	36	26.8242	81.6365
Junedpur	36	26.8279	81.7151
Jugapur	36	26.2506	81.6262
Juhi	36	26.0439	81.6813
Juriapur	36	26.2274	81.7478
Jungaltota	02	17.7162	82.0250
Juvvalapalem	02	16.8084	81.5513
Juttada	02	17.8227	82.9669
Jurkan	34	26.1963	84.3554
Jugsaipatna	21	19.7568	83.1935
Jubang	21	19.5845	83.0894
Jubguda	21	19.5111	83.0177
Jurinjor	21	19.5443	83.1729
Jubagam	21	19.8108	83.2710
Judabandh	21	19.7765	83.4301
Junamchandur	02	16.2359	80.3455
Judduguda	37	19.3533	82.0154
Junawani	37	19.1681	82.0786
Jubbaguda	21	18.7943	82.2960
Jubba	21	18.9160	82.4386
Judunga	21	18.8711	82.4532
Jumaka	21	19.0807	83.2078
Juraka	21	19.3900	83.2655
Jurudi	21	19.1546	83.4495
Jumba	21	19.4166	83.6316
Judu	21	19.4507	83.6463
Jugapadar	21	19.4976	83.6100
Jumarau	21	19.4104	83.6771
Jumbaguda	21	19.3571	83.7081
Jubbakonnadi	21	18.7918	82.5266
Juvvanapudi	02	16.4111	80.9315
Jujhavaram	02	16.3028	80.9987
Jumburi	21	19.1474	83.6088
Junaguda	37	18.4138	81.0451
Jugabadi	21	19.9048	83.9959
Jubaguda	21	19.7288	83.8946
Jumbaguda	21	19.3188	83.8238
Jungal	21	19.4236	83.9905
Jurlingi	21	19.0146	83.9537
Jumbidda	21	19.0711	83.9236
Jumjum	21	19.0723	83.9659
Jummadavalasa	21	18.8189	83.2259
Jumaka	21	18.9281	83.2142
Jummuvalasa	02	18.4403	83.2424
Juddedivalasa	02	18.0272	83.2393
Juttadavanipalem	02	18.0247	83.0034
Jumbiri	02	18.8415	83.7253
Juvvigudem	40	17.8120	81.3238
Jurani	35	24.2877	82.5516
Juran Chhapra	34	25.9324	84.6894
Junwara	09	23.1894	73.0298
Junawara Muwara	09	23.2029	73.2887
Jufarali	09	23.1187	73.4010
Junapani	35	22.1707	76.1067
Jura	24	23.6758	73.6324
Junatalao Muwara	09	23.2059	73.8793
Julana	24	23.4929	74.1959
Jun ki Dhani	24	26.2147	73.4990
Junpelao	24	26.0087	73.4791
Jualasen	39	30.0750	79.5350
Julagar	39	30.0328	79.6007
Jurli	24	26.2122	73.6485
Jurka	39	29.2558	79.0536
Juni Andla	24	25.5454	73.2483
Jura	34	25.5995	84.5823
Jugaliya	34	25.6325	84.6369
Juit Ahirtola	34	25.7178	84.5939
Julpuri	36	29.0196	79.1551
Jugultola	34	25.2751	84.5586
Juna	24	25.1618	73.4211
Jukanauli	39	29.8703	79.3681
Jukani	39	29.9280	79.4329
Jutia ka Gudha	24	25.3512	73.7730
Junpa	24	24.8880	73.1338
Junwaria	09	22.0844	74.0502
Junapani	09	22.8944	74.3818
Junwania	35	22.8402	74.6091
Junawas	24	24.6764	73.8571
Junar Canal Chauki	39	29.1380	79.2774
Jungal Bigha	34	25.0279	84.5849
Junwania	35	22.9633	74.8905
Jur	39	29.5637	79.6006
Junwania	35	22.9406	74.9436
Junapani	35	22.9219	74.9840
Julgadhera	39	29.7062	79.7188
Junapani	35	22.7473	74.8229
Jugtalai	35	22.2810	74.7553
Junwania	35	22.3439	74.8606
Junakhera	35	22.3746	74.9297
Julwania	35	22.2692	74.9585
Jugwani	39	29.9810	79.5436
Jura	34	27.1625	84.2568
Junyani	16	21.7373	74.0053
Junda ki Kheri	24	25.0959	74.1705
Junda	24	25.0953	74.1546
Junpura	24	25.9542	74.3050
Juraunia	36	26.9661	84.0305
Julaha	36	26.6788	84.1221
Julaha	36	26.6166	84.2441
Julaha	36	26.6937	84.2430
Julkya	39	29.8365	79.7646
Jurchhani	39	29.8592	79.9846
Junayal	39	29.8901	79.9172
Jura	39	29.6914	79.8667
Jumman	36	26.6503	84.2648
Juliakhet	39	29.7162	79.9281
Jumilia	34	26.5220	84.4524
Jun Mohida	16	21.4178	74.3936
Jugalpura	24	27.1928	75.9511
Jubileegah	39	29.0500	79.9945
Junpur	39	28.9706	79.3970
Jugru Nagar	36	28.8559	79.4737
Junhai	36	28.5348	79.2882
Jua	36	28.6937	79.3859
Juaphar	34	26.0945	84.5973
Juaphar Tola	34	26.0922	84.6012
Junedpur	34	26.1385	84.6481
Jure	34	26.6787	84.8320
Junapani	35	22.1796	76.2931
Julwaniyan	35	22.0749	76.3097
Junapani	35	21.6904	74.6942
Junajhira	35	21.9329	74.9513
Junapuri	36	28.6480	79.8637
Julahatola	34	25.4360	84.8914
Juri Bandh	38	24.5698	84.0293
Juru	38	24.0731	84.1641
Jugni	34	25.3221	84.2534
Julmidih	34	24.3967	84.3473
Junjlu	38	24.2775	84.2847
Junapani Khurd	35	22.7611	76.9970
Junapani Buzurg	35	22.7727	76.9495
Jujharpur	34	24.9367	84.5871
Juri	34	24.5092	84.6629
Jurahitola	34	24.6358	84.5573
Juri	38	24.3021	84.5255
Juwatgarha	38	24.0192	84.7069
Jugudih	38	24.2490	85.1269
Jumadi	19	12.8741	74.8800
Juturu	02	14.9433	77.9128
Juliahnapalya	19	13.4527	77.4270
Junahalli	19	13.4345	77.2932
Junjanpalya	19	13.3408	77.4084
Junsandra	19	13.1866	77.4743
Julukunta	02	13.9786	77.5278
Jumakulapalle	02	13.7656	77.5352
Juttanhalli	19	13.2400	77.5782
Jumavathi	19	13.0292	75.2463
Junapani	35	22.2274	76.7468
Junana	16	19.9250	79.3842
Jullarvar Tukum	16	19.8880	79.5917
Junedi	34	25.0696	85.5185
Juttulingayyanahalli	19	14.6645	76.4452
Jummanobanahalli	19	14.6578	76.5317
Jugmuni	34	26.0647	86.2501
Juna Churul	16	19.9956	79.7505
Jungaon	16	19.9013	79.7902
Juas	34	25.2200	86.0500
Juttanahalli	19	12.8819	76.5676
Juttanahalli	19	12.7747	76.7318
Juran Chakki	34	25.3518	86.3635
Jukuru	19	15.9683	77.2219
Juturu	02	15.4699	77.4603
Julahatola	34	25.7716	86.5503
Julahatola	34	25.8475	86.6370
Julahatola	34	25.9459	86.6838
Julukallu	40	15.9748	77.7972
Julakallu	02	15.8076	77.7698
Junjuramanahalli	02	14.6449	77.0044
Juna Gorara	09	23.1989	73.7080
Jugarai	36	27.4363	80.5058
Jujharpur	35	22.2813	79.4826
Junpani	35	22.3600	79.4976
Jumath Palli	13	10.7305	75.9472
Jujharpura	36	26.0131	79.1077
Jugrajpura	36	26.1188	79.1396
Jugrajpur	36	26.7704	79.4787
Jua	36	26.6097	79.4058
Jugad	16	19.8947	79.1442
Julbardi	16	19.7202	79.1044
Juviguda	40	19.1345	79.0208
Jupak	40	18.2152	79.4526
Julapalli	40	18.6645	79.5146
Jukal	40	18.3093	79.7008
Juminhal	19	15.9656	74.5400
June Belgaum	19	15.8331	74.5284
Jurahi	34	24.6916	84.3171
Juribigha	34	24.6465	84.3790
Juribigha	34	24.6510	84.4046
Jurail	34	26.2711	87.8203
Juljuli	28	26.0788	87.9490
Julhatoli	34	25.7812	87.0353
Junia	34	25.4216	87.1148
Jugal Mandal	34	25.5417	87.3877
Junhari	34	25.9210	87.5794
Jurri Dhara	12	33.8170	74.0944
Jujharpur	34	25.9863	85.0947
Jujharpur	34	25.5038	85.1757
Jurol	38	25.0163	87.5890
Junatola	38	25.1151	87.7015
Jujharpur	28	25.7561	87.9576
Juanbhanga	28	24.1335	87.6307
Junudpur	28	24.0996	87.7828
Judai	35	21.8331	75.0664
Jurawanpur Bariari	34	25.5401	85.4139
Jurawanpur	34	25.6140	85.3850
Jurawanpur Karari	34	25.5273	85.4182
Juniar	34	25.2721	85.2595
Juri	34	25.3239	85.3488
Juhi Chak	34	25.2860	85.4931
Juafar	34	25.1328	85.4282
Jumma Fakar ki Basti	24	25.7055	70.6874
Jurail	34	26.1626	87.5960
Jurail	34	26.1717	87.5947
Junona	16	20.9589	75.9787
Junona	16	20.5030	75.9500
Jusiura	39	29.1637	80.1320
Jura	36	27.3238	80.0813
Jujwamau	36	27.1430	80.0636
Jura	36	27.1544	80.2172
Julpalya	19	13.6621	77.9469
Juttanahalli	19	12.9537	77.1886
Juganhalli	19	12.4448	77.2459
Junutula	02	15.1519	78.0507
Julepalle	02	15.3855	78.4337
Jurukuvaripalle	02	14.1060	78.2374
Junjanahalli	19	13.5144	78.1319
Juvahalli	19	13.1595	78.1120
Junjanhalli	19	12.9358	78.1325
Juruvaripalli	02	14.5028	79.2047
Juviguntapalle	02	14.8523	79.5310
Juvvalavaripalli	02	13.7708	79.0530
Jukkalavaripalli	02	13.5602	79.0116
Jumbegundi	25	11.1102	76.7789
Jurga	38	23.8983	85.2196
Jurdag	38	23.0780	85.1866
Jumra	38	23.5849	85.4130
Jujusiring	38	23.2660	85.2908
Julmi	38	23.9712	85.6546
Jumartoli	38	23.4809	85.5781
Jubla	38	23.4946	85.5866
Jumla	38	23.4389	85.7322
Juramana	38	23.8509	85.9344
Jumra	38	23.4902	85.9065
Jurunga	38	23.1896	85.7589
Juitoli	38	22.7662	85.1053
Jugnatoli	38	22.5581	85.0672
Jurmu	38	22.8802	85.2900
Jutha	38	24.3572	84.8528
Juldiha	38	22.1622	85.7312
Junaki	38	24.1761	86.7503
Julumtanr	38	24.1145	86.9511
Juruhar	38	23.7774	84.1897
Jurwanitoli	38	23.1810	84.2290
Jungur	38	23.8677	84.4102
Jurwani	38	23.4811	84.4433
Jurni	38	23.4486	84.4652
Juriya	38	23.4289	84.6990
Jungatoli	38	23.0990	84.5809
Juthatanrtoli	38	23.8850	84.8307
Jura	38	23.1836	84.8318
Jura Karantoli	38	23.1734	84.8205
Jura Barwatoli	38	23.1887	84.8262
Jugtala	37	22.7231	84.0618
Jurwani	37	22.7964	84.2537
Jurtila	37	22.8894	84.3757
Judhotoli	38	22.8777	84.4292
Junuain	38	22.6673	84.2669
Jupatoli	38	22.4619	84.3991
Jurkela	38	22.7660	84.7259
Junastoli	38	22.5556	84.7804
Junadih	38	22.4703	84.8225
Juna Purna	21	21.8534	84.0533
Junapali	21	21.9200	84.0981
Junapara	21	21.9941	84.1360
Jungapara	21	21.9634	84.1630
Junadihi	21	21.9092	84.1865
Junadihi	21	21.6963	84.1756
Juljul	38	23.9685	85.4210
Jurkidih	38	22.9850	85.6381
Juradih	38	22.9807	85.6518
Jugidih	38	22.7876	85.7081
Jurgu	38	22.9258	85.9764
Jurguria	38	22.6582	85.9505
Junbani	38	22.5571	85.9715
Junbani Nuton	38	22.5513	85.9715
Jutta	21	22.5042	85.9924
Julu Kolsai	21	21.7152	85.0824
Julu	21	21.7141	85.0650
Juanasahi	21	21.3520	85.1947
Julubandh	21	21.0524	85.0790
Juangsahi	21	21.0322	85.4565
Juangsahi	21	21.0479	85.4689
Juangsahi	21	21.0417	85.4345
Juangsahi	21	21.0641	85.4955
Juangsahi	21	21.0820	85.4910
Jura	21	21.7031	85.5304
Jura	21	21.6943	85.5461
Juang Champai	21	21.5778	85.5479
Juang Champai	21	21.5370	85.5457
Junga	21	21.4935	85.6294
Juangsahi	21	21.2077	85.5100
Juangsahi	21	21.1824	85.5343
Julisasan	21	21.8381	85.8169
Jujaposi	21	21.6316	85.7533
Jumai	21	21.7371	85.8270
Jurma	38	24.4843	85.9197
Jurpa	38	24.2929	85.9213
Jurauna	34	25.7643	86.3149
Julahatola	34	25.7794	86.4477
Julhadih	38	24.0023	86.0016
Jugri	34	24.7322	86.3050
Jurpania	34	24.7072	86.4497
Judpania	38	24.3762	86.3772
Jugtiabad	38	24.1950	86.4083
Junapain	21	21.1926	84.0835
Jugiadihi	21	21.8270	84.2742
Junani	21	21.7964	84.3122
Junani	21	21.5738	84.4357
Junglikudar	21	21.5187	84.7413
Jubrajpur	21	20.9641	84.1615
Jurghura	21	20.7884	84.0160
Juramunda	21	20.7747	84.1233
Jubrani Sitapur	21	20.9273	84.1017
Junani	21	20.6623	84.0069
Jurgakumpa	21	20.4890	84.1562
Jurgadadi	21	20.3443	84.2484
Jurari	21	20.3454	84.0038
Jusur	21	20.9077	84.3546
Jubarajpur	21	20.6597	84.4190
Juanaiko	21	20.1569	84.3510
Juikholo	21	20.2391	84.4621
Jubar	21	20.5463	84.6453
Juling	21	20.3004	84.5969
Juraganda	21	20.3330	84.6235
Jupadu	02	15.8608	78.3855
Julurupad	40	17.4070	80.5032