Keshod	09	21.3033	70.2486
Keonjhargarh	21	21.6318	85.5969
Kendraparha	21	20.5017	86.4223
Kekri	24	25.9713	75.1499
Keru	24	26.1925	73.0443
Kemri	36	28.8067	79.2048
Keirao Bitra	17	24.7111	93.9746
Keshorai Patan	24	25.2928	75.9395
Kerkandi	25	11.3678	76.7458
Keevallur	13	11.8970	75.5310
Kerur	19	16.0138	75.5463
Kesinga	21	20.1878	83.2195
Kesariya	34	26.3499	84.8709
Keezhkulam	25	8.2307	77.1863
Kedia	38	23.7945	85.5872
Kenda	28	23.1959	86.5150
Kesrisinghpur	24	29.9475	73.6212
Kelamangalam	25	12.6031	77.8519
Kelwa	24	25.1521	73.8433
Keskal	37	20.0836	81.5867
Kempanayakkanpalaiyam	25	11.5310	77.3014
Kesabpur	28	22.9683	88.2628
Keerikkad	13	9.1772	76.4856
Keolari	35	22.3697	79.9060
Keeramangalam	25	10.2863	79.0989
Kenduadih	38	23.7360	86.3740
Kelhauri	35	23.1873	81.6310
Kegaon	16	18.8957	72.9131
Kevadiya	09	21.8856	73.7023
Kenjaru	19	12.9628	74.8593
Ketakipatana	21	19.8927	85.8158
Keran	12	34.6537	73.9531
Kedarnath	39	30.7202	79.0683
kembanur	25	11.2429	76.9004
Kekarjavla	16	19.1893	76.5023
Kevdi	09	21.5000	73.4500
Ketura	16	19.0659	75.6316
Ketur	16	18.2713	74.9677
Ketugram	28	23.7011	88.0453
Ketu Barabas	24	26.5333	72.4500
Ketar	38	24.4717	83.5546
Kesur	35	22.7675	75.4145
Kesturu	19	12.6927	77.0607
Kesla	35	22.4745	77.8397
Kesia	09	22.6679	70.3941
Keshwan	12	33.3055	75.6822
Keshrol	09	21.7109	72.7839
Kesli	35	23.4184	78.8062
Kesardesar	24	27.8842	73.4806
Kesaram	40	17.7640	77.8804
Kesanupalle	02	16.5835	79.7402
Kesaibahal	21	21.9147	84.3896
Kerwada	09	21.9088	72.8648
Kervad	19	15.2481	74.6418
Keru	24	27.2630	71.5541
Kerpani	35	23.0748	79.1637
Kerkalmatti	19	16.1322	75.5792
Kerimgaon	03	27.9289	95.6498
Kerimeri	40	19.4428	79.0503
Kerh	38	23.8366	84.2322
Kerbana	35	24.0260	79.1969
Kerawa	01	8.2500	93.1167
Kerar	35	23.0114	81.6095
Kerap	24	27.2985	74.3938
Kerang	29	28.0295	88.7669
Keragan	37	19.5440	82.2291
Keradih	37	22.8214	83.9925
Kera	09	23.0786	69.5977
Ker	16	18.9833	76.9000
Keoripur	36	26.0296	82.3417
Keora	24	24.4169	73.7682
Keonchi	37	22.6328	81.7852
Kenze Mane	30	27.8000	91.7500
Kenjala	16	17.8114	73.5567
Kengeri	19	12.9122	77.4827
Kenduyadih	38	23.7333	86.3833
Kendumundi	21	21.6829	86.1072
Kendua	38	24.2649	85.6118
Kendri	37	21.0833	81.7167
Kendposi	38	22.2946	85.7194
Kendghata	38	24.0814	87.1658
Kendamundi	21	20.6486	83.0965
Kendai	37	22.7332	82.6105
Kendadih	38	22.5970	86.4235
Kenda	37	22.5308	82.0725
Kenchamman Hoskota	19	12.8606	75.8556
Kenadhipa	21	21.9384	84.0299
Kemwari	35	25.9562	77.8600
Kemsara	21	21.8142	85.1937
Kemla	24	26.6714	76.8637
Kemmannugundi	19	13.5510	75.7555
Kemios	01	9.1333	92.7833
Kembhavi	19	16.6496	76.5322
Kemankol	19	16.1682	74.9537
Kemai	35	25.7617	77.4108
Kem	16	18.1714	75.2740
Kelzar	16	19.9813	79.5700
Kelwara	24	25.1375	76.8820
Kelwad	24	25.8910	73.8884
Kelsih	31	23.6339	92.7206
Kelsi	16	17.9181	73.0636
Kelod	16	21.4609	78.8756
Kelnor	24	25.3504	70.7313
Kelkang	31	23.3882	93.3090
Keli	24	24.6476	74.7889
Kelhari	35	23.4134	82.0442
Kelghar	16	17.8545	73.7663
Kelgawan	36	24.8444	78.7567
Kelendapali	21	21.4930	83.4907
Kelba	37	22.7845	83.8651
Kelasar	24	28.4638	73.2592
Kelangkania	30	27.0761	93.1321
Kelan Devi	24	26.3370	76.8928
Kelambakkam	25	12.7873	80.2216
Kel	09	23.0352	73.7133
Kekuri Bebejia	03	27.1176	94.3093
Kekrima	17	25.5811	94.2203
Kekralia	24	29.1212	74.4612
Kekind	24	26.4504	74.0898
Keitumkawn	31	23.2347	92.9105
Kegaon	21	20.1014	82.8949
Kedua	37	21.3986	83.0593
Kedgaon	16	18.4750	74.3576
Kedavur	13	11.4145	75.9356
Kedarpur	35	22.7097	80.1494
Kedaripuram	21	19.1266	83.6479
Kebang	30	28.1598	95.0373
Keaiya	01	8.1833	93.4667
Kesaralli	16	18.6666	77.6704
Keru	24	26.3459	72.8714
Keutia	28	22.8386	88.4222
Kedihati	28	22.6508	88.4608
Keoradanga	28	22.3736	88.3222
Kenjekhalia	28	22.4322	88.1194
Keorakhali	28	22.2522	88.7619
Keri	12	33.3288	74.2278
Keri	12	33.2651	74.0179
Kech Matipur	12	34.0722	74.5046
Keri	12	32.9413	74.5498
Keri	12	32.9347	74.6082
Kea	12	33.1541	74.1355
Keri	12	33.1708	74.1930
Keri	12	33.1853	74.4716
Keodalah	12	33.9722	74.4319
Kethar	12	32.9798	74.3871
Keti	12	32.9368	74.3666
Keran	12	32.7892	74.8378
Keso Chak	12	32.5647	74.9234
Kedarwala	39	30.4392	77.8292
Kehrigaon	39	30.3394	77.9557
Keshowala	39	30.3120	77.9197
Kethuda	24	25.2495	75.7351
Kevadua	24	25.2487	75.5020
Keshopura	24	25.5135	75.7494
Kedara	24	25.8655	75.7279
Keru	11	31.2172	77.0164
Ketukhal	39	29.9114	78.6638
Keshadhura	39	29.8383	78.6152
Ketreddipalli	40	17.2743	78.2241
Keswapur	40	17.8386	78.9341
Keranaipudchcheri	25	12.8472	80.0867
Kengeri Satellite Town	19	12.9240	77.4847
Kenchenahalli	19	12.9258	77.5167
Kenchanapura	19	12.9421	77.4833
Kenchanahalli	19	13.1195	77.5837
Kendriya Vidyalaya	19	13.1317	77.6158
Keelaiyur	25	10.0497	78.3827
Keharpura Khurd	24	28.1610	75.5613
Keharpura Kalan	24	28.1228	75.5738
Keshripura	24	28.0146	75.5221
Kesri	10	30.2334	76.9063
Keshriganj	35	25.0859	78.7498
Kesarganj	35	24.1701	78.0743
Ketani	35	24.1155	78.1473
Kethora	35	24.1170	78.1187
Kesopur	35	24.0773	78.0748
Kenwar	35	24.6115	78.9072
Keolari	36	24.5641	78.8183
Keshopur	36	27.8289	79.2157
Keshopur	36	27.9868	79.3937
Keshopur	36	27.8833	79.2653
Keshopur	36	27.0858	79.3725
Keseri Khurd	36	27.6870	79.6276
Keseri Kalan	36	27.6863	79.6189
Keshopur	36	27.6560	79.7448
Kewalrampur Chilauwa	36	27.5899	79.6929
Keshabapur	36	27.0769	79.8219
Keshopur Jadaunpur	36	26.7597	79.0726
Keshopur	36	26.8997	79.2087
Keshopur Rahan	36	26.8922	79.0984
Keshopur Beni	36	26.9473	79.0753
Keshopur Kalan	36	26.7874	79.0986
Keslahala	24	26.9091	75.5629
Kesupura	24	26.8752	75.7061
Keshipur	36	26.4894	79.3401
Kedartai	36	25.4593	79.2589
Kesripur	36	26.6662	79.9491
Keolepur	36	26.6618	79.8452
Keshipur	36	26.5978	79.8649
Kehar ki Dhani	10	28.6209	75.6749
Kendanapara	03	26.4951	89.9899
Kelniya	24	28.8333	74.3058
Kerhlam	03	25.0161	93.1822
Keromichomi	20	26.0906	94.4661
Kesrawandih	34	25.9539	85.3136
Kenar Chati	34	24.7671	85.2570
Kelansar	24	27.3439	72.9407
Kelawa	24	26.9007	71.7982
Keddalagudda	19	14.0229	75.2913
Kerlapura	19	12.5816	76.1735
Kellur	13	11.7545	76.0251
Kerlakuta	37	20.2702	83.5570
Keswan	09	21.8548	72.7150
Kekatpur	16	21.1009	77.9325
Keli Veli	16	20.8624	77.0476
Ketkipada	16	19.2565	72.8733
Keshpur	28	22.5547	87.4611
Keshiary	28	22.1167	87.2345
Keshtara	37	21.7885	81.7048
Keshiari (community development block)	28	22.1333	87.2333
Kesla	37	22.2960	82.6281
Kefayetkati	28	22.7246	88.8683
Keolari Upadhyay	35	23.5880	79.5013
Keolari	35	23.2624	79.9850
Keshgawan	37	22.9479	82.9507
Keshgawan	37	23.4512	82.5429
Kersai	37	22.5901	83.9638
Kesla	37	21.7849	82.1768
Kendupali	21	20.9056	85.1931
Keotkuchi	03	26.3072	91.0529
Keutakhandi	21	20.5765	86.2286
Keseruguri	03	27.6389	95.4594
Kerekoni	03	27.1901	94.7832
Keolari Taradehi	35	23.3612	79.3663
Kedarpur Khurd	35	22.1359	79.3433
Kelda	35	23.3464	74.8006
Kendupati	21	19.9447	82.9912
Keutiberni	21	21.2511	84.6662
Kendugudia	21	21.4819	83.4670
Keseruguri Gaon	03	27.6422	95.4618
Keitum	31	23.2324	92.9108
Kempanadodderi	19	13.4748	77.0536
Kenchanahalli	19	13.2169	78.2974
Ketti	25	11.4000	76.7000
Kemah Ghat	12	34.4281	74.5667
Keshopur	24	28.0365	76.5233
Keoli	11	31.5736	77.1808
Keharpura	10	28.7220	76.0110
Kelu	11	31.3509	77.0797
Kelo	11	31.2662	77.0880
Keiti	11	31.3636	77.1540
Kelti	11	31.4267	77.2199
Keludhar	11	31.3870	77.2460
Kehru	11	31.3462	77.2990
Kehu	11	31.3186	77.3211
Kenshai	11	31.4712	77.3312
Kehndal	11	31.4454	77.3416
Kewi	11	31.3696	77.3516
Keri	11	31.2873	77.4565
Kepu	11	31.3466	77.4604
Keludal	11	31.4011	77.4419
Kera Khera	23	30.1394	74.2950
Keri	11	31.1391	77.3022
Kelwi	11	31.2005	77.3694
Kera	11	31.1744	77.4326
Kedas	11	31.4539	77.5566
Keshal	11	31.4649	77.6277
Ker	11	31.4753	77.6285
Keoli	11	31.2589	77.6567
Ketu	11	31.3730	77.7368
Kedhari	11	31.2442	77.6203
Kemli	11	31.1303	77.5228
Keloi	11	31.0791	77.7093
Ketsari	11	31.1768	77.6613
Kelwi	11	31.0662	77.6051
Kekoi	11	31.2435	77.6574
Kertu	11	30.9793	77.2318
Kehnal	11	30.6985	77.2267
Kel	11	30.9819	77.3050
Ken	11	30.7619	77.2568
Keli	11	30.5802	77.2779
Kehanla	11	30.5829	77.4634
Kelakri	24	27.3803	76.4871
Kerwa	24	27.9580	76.7014
Kesroli	24	27.5491	76.7136
Kesroli Ka Bas	24	27.5511	76.7201
Kelanpura	24	27.2839	76.6302
Kenthala	11	30.6523	77.5042
Kedarpur	39	30.4346	77.5941
Keyarka	11	30.5313	77.7687
Kewalpuri	39	29.6908	78.1157
Keshupura	24	26.5853	76.1361
Keliwala	24	26.6765	76.1820
Keslon	35	23.5694	78.5077
Keslon	35	23.5236	78.5171
Kevlari	35	23.6207	78.6965
Kevtanatola	35	23.5150	78.7736
Kemri ka Bad	24	26.7427	76.7488
Keshalaun	35	23.4957	78.5825
Kevlari Kalan	35	23.4508	78.7023
Kevlari Khurd	35	23.4548	78.6918
Kenkara	35	23.3260	78.8611
Kevalari	35	23.1283	78.5572
Kekara	35	23.0595	78.6485
Kesla	35	23.0535	78.9711
Kesli	35	23.0595	78.9795
Keolari	35	23.2260	78.9816
Kertu	36	29.5701	77.1559
Kemri	24	26.7114	76.7538
Kemokhri	24	26.1395	76.9353
Kethori	24	25.1746	76.0095
Kenduki	36	29.6261	77.7452
Keria	35	22.5407	78.1682
Keolari	35	22.7011	78.1432
Keriya	35	22.1566	78.0674
Keriya	35	22.0616	78.0745
Kevlari	35	22.0859	78.0392
Kemdhana	35	22.7460	78.3567
Kesla	35	22.8178	78.6309
Kenkra	35	22.7621	78.6370
Kemdhana	35	22.7474	78.5010
Kevlari	35	22.6446	78.6929
Kevlari	35	22.2193	78.6472
Kenkra	35	22.9080	78.8159
Kewlari	35	22.1530	78.9385
Kedarkhera	35	21.9129	78.1552
Keharpur	35	21.9481	78.3294
Kekariya	35	21.9306	78.4180
Kedarpur	16	21.2048	78.5570
Ketapar	16	21.1850	78.8978
Kethoda	24	25.8216	76.5307
Kera	24	24.5682	72.8092
Ker	24	24.7460	72.8597
Kesra Dhani	24	29.8751	74.0219
Kelwa	09	24.4792	73.0872
Kelawa	09	24.0901	73.3543
Kesar	24	24.9855	73.5297
Keli	24	24.5207	73.5505
Kesar Singhwala	23	30.5167	75.1237
Kedarkui	24	25.1781	76.8877
Kedarkui	24	25.2003	76.9209
Keria	24	26.3540	74.9865
Keria	24	26.3185	74.9175
Kesarpura	24	26.2543	74.8763
Kesoli	24	24.8746	76.1912
Kera ka Khera	24	25.5821	74.0955
Keriakhera	24	25.5649	74.0858
Kesarpura	24	25.6308	74.1919
Kekhi ka Baria	24	25.6301	74.2168
Kesharpura	24	25.0085	74.5537
Keri	23	30.9236	75.5112
Kellanpur	39	29.8726	77.9401
Keren Lines	07	28.5968	77.1572
Kethwara	07	28.6822	77.2611
Kerka	36	28.9005	77.3981
Kesar Singhwala	23	30.3733	74.7999
Keshopura	10	29.4484	74.8573
Keolwali	10	29.3622	74.9987
Keori	24	24.2099	73.8315
Kesarpura	24	26.1605	74.8504
Keria	24	26.2074	74.9550
Kerakana ka Baria	24	25.7641	74.1829
Kemria	24	25.8248	74.1743
Kewada	24	25.3627	74.6691
Keran ka Khera	24	24.6610	74.0066
Kedario	24	24.5700	74.1590
Kesarpura	24	25.5464	75.0640
Kewal	10	29.8663	75.0446
Kentha	12	33.0027	76.0444
Kemla	10	28.3354	76.2528
Kemaspur	10	29.0016	77.0934
Kempti	39	30.4903	78.0439
Kesarwala	39	30.3283	78.1059
Kedarpur	39	30.2757	78.0341
Kendanda	39	30.3189	78.2151
Kedwala	39	30.4196	78.1739
Keshonagri	36	28.8483	79.1276
Kesarpur	36	28.8466	79.0664
Kesarpur	36	28.4407	79.1040
Ketanpalli	40	19.0576	79.8477
Keochi Kalan	24	24.4497	76.5702
Keochi Khurd	24	24.4301	76.5646
Kekri	35	24.9593	76.9144
Keholi	24	24.7383	76.7836
Kelkheri	24	24.6303	76.8937
Kekeri	35	24.4331	76.8527
Keshopur	35	24.3264	76.9932
Kesarpura	24	26.0676	75.2096
Keronj	24	26.0623	75.2693
Kesripur	36	28.0023	77.7310
Kerabari	29	27.0915	88.4301
Kehka	37	21.6929	81.1986
Kekrajbor	37	21.3880	81.1012
Kemra	35	26.3655	77.7533
Keshampura	35	26.3184	77.8351
Kemari	35	26.2739	77.8995
Kemra	35	26.3476	77.9796
Keshavpur	35	26.2821	78.3167
Kendhali	16	19.6465	76.3245
Kesapuri	16	19.0367	76.0040
Kesapuri	16	19.1889	76.1903
Kedarwakdi	16	19.5382	76.3827
Kendra Buzurg	16	19.9444	76.9705
Kendra Khurd	16	19.9642	76.9814
Kekat Sarni	16	18.7400	76.1843
Keshon Nagla	36	27.8061	77.8728
Kesi Nagla	36	27.9660	77.9124
Kemthal	36	27.8090	77.9162
Kekanwadi	16	18.7951	76.2501
Kendarwadi	16	18.7587	76.2626
Kesupur	10	30.3051	76.9053
Kerwadi	16	18.9958	76.8948
Kerur	16	17.7897	76.1706
Kerwa	24	27.6946	77.1051
Keorak	10	29.8682	76.4770
Keshegaon	16	17.7466	76.1623
Kelram	10	29.7006	76.3660
Keoli Kalan	36	28.1903	77.8504
Kerola	36	28.1302	77.9030
Keoli Khurd	36	28.1133	77.9152
Kesariya Nagla	36	27.1070	77.7024
Kerajhiria	37	22.3797	82.3041
Kerakachhar	37	22.3888	82.4547
Kekranath	37	22.3568	82.4879
Kesla	37	22.0120	82.8655
Kerakachhar	37	22.2009	82.8673
Kerakachhar	37	22.2035	82.8812
Kewali	37	22.1144	82.9779
Kesla	37	21.9683	82.0626
Kewachhi	37	21.9373	82.0503
Kesla	37	21.5846	82.1462
Kesdabri	37	21.7180	82.1853
Kesla	37	21.3283	82.1035
Kesaldih	37	21.3254	82.2242
Kesla	37	21.4643	82.0480
Kewat Nawagaon	37	20.9476	81.1391
Kektipara	37	20.4433	81.1352
Kektipara	37	20.1920	81.0377
Kesal	37	20.1132	81.0866
Keonti	37	20.2389	81.0933
Keregaon	37	20.5478	81.7262
Keshanpuri	37	20.4122	81.5636
Keoradih	37	20.6885	81.7727
Keotipara	37	20.3086	81.8524
Keradihi	21	20.0113	81.9635
Kerur	19	17.4181	76.9338
Kesarhatti	19	17.2781	76.8491
Keri Tanda	19	17.0396	76.9952
Kerutagi	19	16.7159	76.2835
Kerutagi Tanda	19	16.7175	76.2627
Kerur	19	16.9632	76.3849
Kesaratti	19	16.6129	76.2819
Keglin Tanda	19	16.4901	76.4503
Kesaratti	19	16.1742	76.4839
Kelagina Irabageri	19	16.3628	76.9314
Kenjada	37	21.8153	81.0678
Kesda	37	21.9631	81.1100
Keotara	37	21.6636	81.2640
Kestara	37	21.6899	81.3611
Kewanchi	37	21.7916	81.5226
Kesla	37	21.8037	81.7445
Kestra	37	21.8025	81.7169
Kesgirwadi	16	18.9486	77.0281
Kedarwadgaon	16	18.8062	77.4198
Kerur	16	18.6700	77.4255
Kedarkunta	16	18.4656	77.5045
Kerur	16	18.7086	77.6022
Kelur	40	18.5119	77.6051
Keshwar	40	18.0042	77.6723
Kesho Bas	36	27.3614	78.2223
Keripur	36	27.2558	78.1387
Keshopur	36	27.3691	78.2958
Keljhara	16	20.0402	78.0136
Kelapur	16	20.7215	78.4347
Kegaon	16	20.0337	78.4798
Kegaon Tanda	16	20.0447	78.4844
Keli	16	20.8083	78.5888
Kelapur	16	20.0008	78.5356
Keljhar	16	20.8471	78.7991
Keli	16	20.3849	78.8287
Kegaon	16	20.2472	78.8379
Kegaon	16	20.0404	78.8097
Kesurli	16	20.0048	78.9988
Keshopur	36	27.5779	77.8129
Keshargarhi	36	27.5678	77.9641
Kevalari	35	23.9561	79.1069
Kenkra	35	23.7584	79.1990
Kerur	40	17.8685	77.9602
Kelbans	35	23.5789	79.0075
Kesli	35	23.6228	79.2973
Kevlari	35	23.5711	79.4807
Kevlari	35	23.5846	79.4923
Keolari	35	23.8017	79.5554
Kevalari	35	23.1920	79.5493
Keshonpura	36	27.1685	78.5242
Kesri	36	27.0340	78.5999
Kesawar	19	16.8364	77.4332
Keli Badapur	36	27.8870	78.8875
Keshonpur Jofri	36	27.8816	78.0019
Kesorai	36	27.1874	78.8049
Keshopur	36	27.0726	78.7794
Kevlari	35	22.6168	79.1534
Kesli	35	22.7915	79.2684
Kesli	35	22.9413	79.4600
Kerpani	35	22.7620	79.5817
Kekra	35	22.4959	79.4996
Kekarwani	35	22.0264	79.5733
Kesla	35	22.0791	79.6748
Keslai	35	22.0668	79.8599
Kekrai	35	22.0111	79.7991
Kekraitola	35	22.0007	79.7967
Kesavapur	40	16.7510	77.8602
Kenwaha	35	24.5576	78.0156
Keljhara	16	19.9831	78.0942
Kelapur Tanda	16	19.9878	78.1776
Kelapur	16	19.9864	78.1692
Kerl	36	27.7124	79.1769
Kesavpatnam	40	19.3473	78.4936
Kesarpur	36	27.4571	79.0184
Kesaram	40	17.3119	78.1601
Kekra	35	21.8523	79.0187
Keriya	35	21.9968	79.1696
Kerdi	16	21.3061	79.2465
Keshavguda	40	17.1674	78.1190
Kesaram	40	17.1332	78.1734
Keslapur	16	21.1508	79.3870
Kesori	16	21.1110	79.3407
Kem	16	21.0928	79.2647
Kesardiya	35	21.9279	79.6454
Keshopur	36	27.9444	79.5544
Keshopur	36	27.8606	79.6049
Kera	36	27.7583	79.5783
Keshopur	36	27.8840	79.7269
Kesapura	35	26.3144	77.5656
Kemrai	35	25.8157	77.4925
Kewalpur	36	27.5199	79.8625
Keshampet	40	16.3620	78.1966
Kettepalli	40	16.1984	78.1552
Kedarkheri	35	21.6678	76.4266
Kerganj	36	27.0650	79.5387
Kenwara	35	25.2704	77.4532
Kemrara	35	25.8033	77.5006
Kekria Kalan	35	24.4032	77.0840
Kekria Khurd	35	24.3990	77.0763
Kethai	35	24.5888	77.4929
Kergarh	35	24.2635	77.2881
Kehri	36	27.3685	78.8715
Kesarpur	36	27.3124	78.9025
Keshopur	35	24.4873	77.9255
Keshopur Chak	35	24.4900	77.9291
Keslon	35	24.3796	77.7736
Keshagani Tanda	40	16.7361	78.9516
Keshavanagaram	40	17.9571	79.3984
Keharia Nagla	36	27.6973	78.1118
Kelora	36	27.6370	78.1653
Kemar	36	27.5704	78.0854
Keshonpur	36	27.5405	78.2455
Kewalgarhi	36	27.5125	78.0490
Kesawaram	40	17.3378	79.4782
Kesrajpalli	40	17.0439	79.3156
Keramai	36	27.8878	78.6803
Keshavpur	40	17.3669	79.5939
Keshavpatnam	40	17.4320	79.7279
Kesamudram	40	17.6885	79.8877
Kemanaik Tanda	40	17.6206	79.7614
Kesawapur	40	17.2353	79.9965
Kesavanpalli Tanda	40	16.7956	79.0765
Keontra	36	26.3911	79.5169
Ketepalli	40	16.5933	79.0024
Keontara	36	26.1952	79.7458
Keshwakhera	36	26.4252	79.8114
Keramau	36	26.3580	79.7896
Keshi	36	26.3406	79.8555
Keshpura	36	27.3147	78.5086
Kekan Mathi	36	26.2134	79.8166
Kedarpur	36	26.1602	79.8530
Keotra	36	26.1611	79.9313
Kelra	36	25.8490	79.1842
Kekarwa	36	25.1505	80.4960
Ken	36	25.7203	81.2421
Keshoraipur Khewatmai	36	25.6358	81.1875
Kewatmai	36	25.5525	81.2445
Kerwara	35	24.2053	79.3128
Keraun	35	24.3175	79.2006
Kevlai	35	24.5334	79.2929
Kedlipur	36	25.8852	82.9336
Kerimati	35	24.5424	82.0018
Kenri	35	24.9785	79.5482
Keori	36	26.8490	78.4026
Kelwa	36	25.4167	83.0429
Keshopur	36	25.3163	83.2226
Kenjra	36	26.7894	78.5305
Keshopur	36	25.2012	83.0530
Keshopur	36	25.1385	83.1390
Kera Dih	36	25.0798	83.2403
Kesalwara	35	22.9542	77.5580
Kewalajhir	35	22.9626	77.9863
Kesla Khurd	35	22.6433	77.8985
Kelpani	16	21.2647	76.9466
Kenhrar	35	25.3397	78.0968
Keshopur	36	25.7230	83.3800
Kedar	16	20.8591	76.3881
Keyal ki Toparia	35	25.6226	78.4748
Keshopur	36	25.4074	83.2803
Keshopur	36	25.2678	83.2554
Ketkahni	36	25.2998	83.3768
Kelanpur	35	22.2798	77.0487
Kevlari	35	22.0933	77.0692
Kesaripura	35	24.8695	79.8633
Keshopur	34	25.2272	83.4288
Kesari	34	25.1653	83.4442
Keraogaon	36	25.1547	83.3218
Kekrha	34	25.0877	83.4330
Keoti	36	25.1804	83.2514
Kevlajhir	35	22.4525	77.6452
Kesiya	35	22.0507	77.7414
Kevlari	35	22.3233	77.8010
Kevlajhir	35	22.1121	77.8606
Keolari	35	25.7245	78.5028
Kesaripur	36	25.5275	78.6021
Kelhi	36	25.8382	83.5517
Kesarwa	34	25.3674	83.6588
Keshopur	34	25.2547	83.6926
Kekriya	35	21.9011	77.1961
Kekariya Khurd	35	21.7668	77.1736
Kesarpur	16	21.5006	77.1383
Kekaria Kalan	35	21.7489	77.0992
Kelikuan Parao	16	21.6466	77.2641
Keolari	16	21.5713	77.5219
Keolari	35	21.6555	77.7192
Kelapur	35	21.9108	77.9510
Kerpani	35	21.7895	77.7660
Kewrhi	34	25.1362	83.6974
Kewa	34	25.0393	83.5357
Keshopur	36	25.4667	83.7821
Kewrhi	34	25.0873	83.7933
Kekarha	34	25.0072	83.9219
Kekrahi	36	24.7725	83.0225
Keli	16	21.4917	77.1789
Kelbehra	35	21.3967	77.8512
Kekat Umra	16	20.0218	77.0983
Kesalwara	16	21.2285	79.8075
Keoti	36	24.7283	83.0422
Kewata	36	24.5940	83.0461
Kesalwara	16	21.1429	79.8669
Kesalwara	16	21.0579	79.7989
Kesar	36	24.7618	83.3018
Kewal	36	24.7177	83.3457
Ketar	36	24.6895	83.2996
Keotam	36	24.6181	83.3347
Kewaltola	38	24.4510	83.4500
Kewal	36	24.3897	83.3715
Kerwa	36	24.3621	83.3240
Kewal	36	24.3571	83.3308
Kewal	36	24.2339	83.3588
Keshapuram	40	17.3422	79.9845
Keripura	35	25.1573	78.7157
Keshavgarh	35	25.0609	78.6727
Kevlari	36	25.7698	78.7792
Ketri	38	24.4763	83.5525
Kewaltola	38	24.4650	83.6824
Kewali	38	24.2057	83.7073
Kerua	38	24.2152	83.5497
Ketma	38	24.0958	83.5029
Kesalapuri	16	20.9497	79.7296
Kesalwara	16	20.9397	79.7445
Kesalwara	16	20.9738	79.8335
Kem	16	20.3956	79.0817
Keslapur	16	20.4858	79.3665
Kewara	16	20.4018	79.4944
Kesargaon	16	20.2444	79.9508
Kewarpet	16	20.4022	79.5007
Kewat Purwa	35	25.0179	80.2383
Kesarwahi	16	20.1051	79.8140
Kerora	16	20.0850	79.8840
Kewat Purwa	36	25.9911	80.2679
Kewtra	36	25.8428	80.3246
Kewat Dera	36	25.8497	80.4065
Kewtra	36	25.9815	80.4290
Kewat Purwa	36	25.5664	80.2829
Kewat Purwa	36	25.5145	80.3212
Kewatra	36	25.4686	80.3286
Kesarwa	36	25.2933	80.4445
Kesriya Purwa	36	25.4120	80.3814
Kewai	36	25.9432	80.5533
Kewtan ka Purwa	36	25.9324	80.5232
Keshopur	36	25.9035	80.7371
Kellur	19	16.9485	76.7784
Kewalpura	38	24.4561	83.8937
Kesarpur	16	20.2738	77.9774
Kewal	38	24.2770	83.9334
Kerwatoli	38	24.1865	83.8048
Keduadih	38	24.0657	83.9204
Kewal	38	24.0672	83.9335
Kerta	38	24.1535	83.9413
Ketat Kalan	38	24.2187	83.9102
Ketat Khurd	38	24.2153	83.9110
Kerur	19	18.0484	77.3240
Keata	35	23.6769	78.0588
Kesavaraopalli	40	16.9906	78.0216
Keshavgiri	40	17.3230	78.4814
Kesli	35	23.3940	78.2052
Ketireddipalli	40	16.9181	78.1842
Kesli	35	23.1671	78.2066
Ketepalli	40	16.8563	78.9592
Kewatra	36	25.6270	80.6365
Kethuni	24	24.7601	76.3202
Keshireddipalli	40	17.8442	79.0883
Kerchipalli	40	17.4350	79.0487
Kerchipalli	40	17.4288	79.0452
Keswapuram	40	17.7010	79.5000
Kesalabanda Tanda	40	17.5416	79.6313
Kethepalli	40	17.1630	79.5073
Kesaram	40	17.1045	79.6204
Keshavgarh	35	24.3005	78.3428
Keolari	36	24.4515	78.4721
Kesarpura	35	23.9281	76.4146
Kerur	19	17.4838	76.3914
Kerola	35	24.0387	78.7442
Kesapur	19	17.1479	76.3879
Kengal Kadpatti	19	16.1817	76.0413
Kesarbhavi	19	16.0193	76.1353
Kesarpenti	19	16.1375	76.2001
Kesapur	19	16.2396	76.1969
Keslapur Khurd	40	19.5028	78.6425
Keslapur	40	19.4857	78.6269
Kesripur	36	27.0033	79.0937
Kesripur	36	27.0284	79.2336
Kelepur	36	27.1245	79.2246
Kerwana	35	23.9165	78.8501
Kevati	35	24.8068	81.4615
Kevati	35	24.8265	81.4799
Keota	35	24.9304	81.4453
Kerariya Hazari	35	23.8620	78.5339
Kelkachh	35	22.9913	78.3209
Kechuha	35	24.9489	81.5717
Kemhai	35	24.5355	81.7017
Kewtan	36	24.9923	81.9476
Kediha	35	24.8829	81.8726
Keotana	35	24.9491	81.8147
Kedarpur	36	24.8651	81.9971
Kesara	35	24.5175	81.8200
Kesla	35	22.7978	78.4907
Ketoghan	35	22.9798	78.4197
Kemlaha	35	24.4177	81.2147
Kesaura	35	24.4659	81.2130
Kemar	35	24.4875	81.2001
Keraha	35	24.3971	81.4610
Kekia	35	22.2440	78.3104
Keria	35	22.1616	78.3666
Keolari	35	22.1016	78.4704
Kesarwa	36	25.9737	80.8177
Kewai	36	25.8810	80.7548
Keshopur	36	25.8869	80.8968
Kehri Nagla	36	27.5854	79.4415
Kerana	36	27.0133	79.4322
Keonra Kalan	36	25.7823	82.1731
Keonra Kalan	36	25.7851	82.1622
Keotali Khurd	36	25.9507	82.3664
Keotali Kalan	36	25.9725	82.3769
Keotali	36	25.9882	82.3391
Keothali	36	25.8144	82.2815
Keshopur	36	25.7993	82.3632
Keotali	36	25.8368	82.3886
Keshopur	36	25.9590	82.4671
Kewatpura	36	25.9956	82.5670
Kewatpura	36	25.9753	82.5381
Keotli Khurd	36	25.8218	82.5772
Keotli Kalan	36	25.8180	82.5768
Keshopur	36	25.7590	82.7301
Kewatpura	36	25.8892	82.7051
Kewatpura	36	25.9763	82.7086
Kerwari	36	25.6410	82.6537
Kerao	36	25.6242	82.7271
Keolari	35	23.7109	79.5830
Kela	35	23.7775	79.8171
Keria	35	22.0414	79.1150
Keolari	35	22.1724	79.1850
Kekra Tola	35	22.5024	79.4976
Kewra	35	24.6026	80.7594
Kekra	35	22.2306	79.2745
Kedarpur Kalan	35	22.1497	79.3407
Keshwapur	36	25.5519	81.2620
Keshopur	36	25.7355	81.4408
Keshoraipur	36	25.3913	82.3076
Keotahi	36	25.2951	82.2805
Kedarpur	36	25.2590	82.3732
Keshoraipur	36	25.2660	82.3284
Keshopur	36	25.3523	82.4540
Kewalpur	36	25.1288	82.2733
Keshuapur	36	25.2402	82.4974
Keolapur	36	25.4635	82.5375
Keotan	36	25.3364	82.7289
Keshopur	36	25.4957	82.7127
Kewtabir	36	25.2222	82.6702
Kerakatpur	36	25.3103	82.9437
Kesaripur	36	25.2954	82.9286
Keshopatti	36	25.2699	82.1822
Kela Bela	36	25.1867	82.8770
Keshavpur	36	25.1601	82.9290
Keli	35	24.2604	80.4990
Keolari	35	22.6762	79.8198
Keolari	35	22.6643	79.9665
Keotan	36	24.9690	82.2826
Keunta	36	24.7418	82.8000
Keshopura	10	29.4425	77.1181
Kewali	36	24.7529	82.8111
Keota	36	24.6819	82.8952
Kesbahi	35	24.4498	82.1766
Kerwa	35	24.2720	82.3192
Keonti	35	24.0986	82.6713
Kenjuar	36	24.4201	82.8571
Kelangah	10	28.8712	76.3284
Keotahi	36	25.2293	82.1658
Keotan Pura	36	25.7366	82.4655
Keolapur	36	25.5424	82.2537
Keoni	36	26.6022	80.7995
Keonah	36	26.6040	80.7895
Kedar Khera	36	26.2782	80.8222
Ketanpur	36	26.2631	80.8911
Kedarnath Khera	36	26.4124	80.8514
Kedarnath Khera	36	26.4159	80.8566
Kedarnath Khera	36	26.4927	80.9635
Kesri Khera	36	26.4177	80.9461
Keshopur	36	25.6681	82.7870
Keoti	36	25.6475	82.8103
Kehai	36	26.0718	80.7512
Kesauli	36	26.2349	80.8928
Keotilli	35	24.5723	82.6412
Keshwapur Khurd	36	27.9524	81.0749
Keshwapur Kalan	36	27.9457	81.0832
Keotana	36	27.7548	81.1271
Keotana Hardo Patti	36	27.6378	81.1064
Kewal Purwa	36	27.5947	81.1909
Kerhi Purwa	36	27.6044	81.1637
Kesarwara	36	27.2617	81.1907
Kedar Purwa	36	27.5912	81.6986
Keshwapur	36	27.4968	81.5269
Keonlipur	36	27.4426	81.5733
Kesho Kunda	36	27.4321	81.5168
Keonkar	36	27.2749	81.6258
Kesarpur	36	27.2939	81.6992
Keshwapur	36	27.6387	81.7581
Keotan Purwa	36	27.6063	81.8598
Keotan Purwa	36	27.5963	81.8584
Kemi Chak	36	27.5379	81.7519
Kewalpur	36	27.5430	81.8649
Keshwapur	36	27.6118	81.9181
Kewalpur	36	27.6480	81.9259
Kesho Jot	36	27.1124	81.8628
Keshri Singh	36	27.0660	81.7673
Keshupur Paharwa	36	27.1484	81.9310
Kedala	34	24.6673	83.6111
Keswa	34	24.6712	83.5958
Kesraura Khurd	34	24.6073	83.6953
Kesraura Kalan	34	24.5935	83.6751
Keolarikhera	35	22.4096	79.8323
Keolari	35	22.4875	79.9826
Keshopur	34	24.9256	83.8834
Kenar Khurd	34	24.9099	83.8701
Kenar Kalan	34	24.8945	83.8697
Kekai	34	24.9476	83.8670
Kewantarhi	34	24.9020	83.9574
Kesaria	36	26.9657	81.1345
Kewari	36	26.9094	81.1056
Kesari Khera	36	26.6572	81.0193
Kesri Khera	36	26.5429	81.1638
Kesri Khera	36	26.5365	81.1963
Keoli	36	26.6933	81.1077
Kesar Khera	36	26.5559	81.2135
Keolapur	36	26.9339	81.4224
Kesalwara	16	21.1836	79.6444
Kesalwara Tola	16	21.3331	79.8592
Kesalwara	16	21.3289	79.8582
Keslapur	16	20.6909	79.1207
Keslapar	16	20.5703	79.1399
Keslabodi	16	20.5301	79.2109
Keharipur	36	29.3934	78.8009
Keharipur	36	29.3922	78.8226
Kesaripur	39	29.2636	78.9066
Keoli Purwa	36	26.2677	81.0511
Kehra Gajraula	36	29.0192	78.9588
Kesiria Salempur	36	26.2822	81.4420
Kesopur	36	26.3347	81.7652
Keshopur	36	26.2911	81.7970
Kedari	35	24.2028	80.9833
Keshopur	36	25.9825	81.0198
Keshopur	36	25.9038	81.1516
Keshoi	36	25.9096	81.2019
Kesar Pada	09	21.4483	74.0479
Kevdi Pada	16	21.2572	74.1785
Kerki Bhur	36	28.8830	78.2641
Kesapur	16	19.7376	77.0405
Keshopur	36	27.1792	80.7740
Keshrawan	36	27.0623	80.9164
Kesarmau Kalan	36	27.1080	80.9164
Kesripur	36	27.1732	80.9217
Kesripur	36	27.2173	80.8785
Kesarmau Khurd	36	27.1113	80.9154
Keri Purwa	36	27.1868	81.6689
Keshopur Bhindi	36	28.5503	78.4391
Keshwapur	36	27.2861	81.7875
Keshwapur	36	27.4561	81.9919
Kewalpur	36	28.2789	78.3833
Kesarpur	36	28.4032	78.3568
Keroli	16	19.8583	77.8924
Keshopur	36	28.8899	78.5281
Kesapuram	40	18.6770	78.1521
Kewalnainpur	36	25.9823	81.2717
Kekaranpur	36	25.8049	81.3045
Kemupur	36	25.9573	81.4987
Keshopur	36	28.3664	78.7024
Keorajpur	36	26.7039	81.5093
Keotan	36	26.9079	81.8443
Kerai Serai	36	28.0989	78.5921
Kewal ki Mandaiyan	36	28.0423	78.6572
Keshopur	36	26.0461	81.7986
Kethawan	36	26.0126	81.7857
Keolapur	36	26.0703	81.8438
Kesarpur	36	28.5743	78.9745
Kesarpur	36	28.6520	78.9562
Keshaipet	40	18.2231	78.1767
Kewalpur	36	27.7707	82.1511
Kewalpur	36	27.7657	82.1591
Kerhawan Purwa	36	27.7060	82.0172
Keshopur	36	27.6978	82.0754
Keachh	12	33.9232	74.6712
Kesarpur	36	28.2167	78.8826
Kewal	12	33.3580	74.6359
Keri	12	33.2842	74.6147
Keoli	12	33.3777	74.7041
Kesaram	40	18.6321	78.3258
Kewalpur	36	27.3898	82.0864
Kewalpur	36	27.1740	82.0109
Keshopur	36	27.0254	82.0179
Keotara	36	25.3516	81.3384
Kewandapur	36	27.2028	82.1741
Kewandapur Goshain	36	27.2008	82.1753
Kenwalpur	36	27.1080	82.1701
Kelani	39	29.9137	79.1897
Kewalpur	36	27.3739	82.2836
Keraogarh	36	27.4027	82.3214
Kewalpur	36	27.4259	82.4413
Keotauli	36	27.3249	82.4467
Kera Dih	36	27.1937	82.2609
Kedurabad	36	27.0218	82.4377
Keotahiya Muhammadpur	36	27.0028	82.4239
Kewtehiya	36	27.0142	82.4818
Kewat Purwa	36	27.0247	82.4838
Keshwa Jot	36	27.2723	82.5173
Kewahia Pura	36	27.0353	82.5823
Kesrinagar	36	27.0568	82.5784
Kewatli Nankar	36	27.1404	82.6059
Keswar	36	27.1332	82.7618
Keutan Purwa	36	27.1626	82.7903
Keswar	36	27.0468	82.9673
Kewtan Purwa	36	26.9378	82.0162
Kengigom	12	33.8201	74.7905
Kesipur	36	26.7357	82.0609
Keotahia	36	26.6578	82.0934
Keshopur	36	26.6493	82.0998
Keotahia	36	26.5871	82.2209
Keshopur	36	26.6667	82.2279
Keolapur urf Takminganj	36	26.5290	82.2382
Keshopur	36	26.4671	82.0891
Keotahia	36	26.3847	82.0682
Keolapur	36	26.3630	82.1587
Keotahia	36	26.3839	82.1803
Keri	36	26.3774	82.1639
Keotahia	36	26.4074	82.1620
Keptania	36	26.4664	82.1371
Keotahia	36	26.4984	82.2412
Keotahia	36	26.4265	82.2317
Keotahia	36	26.3672	82.2473
Kesa Patti	36	26.0762	82.0940
Kethapur	36	26.0731	82.1212
Keotaiya	36	26.0780	82.1569
Keshopur	36	26.0879	82.1693
Keotaiya	36	26.0719	82.1861
Kethauli	36	26.0896	82.2471
Kechuhat	36	25.1584	81.4793
Kewtan ka Purwa	36	25.2343	81.4601
Keshopur	36	26.8364	82.2589
Kesaria	36	26.8180	82.3760
Kewat Purwa	36	26.9066	82.4414
Keshopur	36	26.6285	82.3120
Kewari Sripal	36	26.5333	82.3184
Kewari Parmanand	36	26.5324	82.3259
Kechulwa	36	26.6055	82.3326
Keotahia	36	26.5993	82.3458
Keotahia	36	26.5806	82.3448
Kerabari	36	26.5317	82.3703
Keotahia	36	26.5499	82.3655
Kela Lal Khan	36	26.4729	82.2695
Keotahia	36	26.4443	82.3286
Keotahi	36	26.4135	82.3546
Keshopur	36	26.4092	82.4877
Kerehta	36	26.2844	82.4249
Keotan Purwa	36	26.0572	82.2958
Keotan Purwa	36	26.0545	82.2925
Keotahi	36	26.1729	82.4532
Keshopur	36	26.7919	82.5309
Keota Khor	36	26.9715	82.6614
Kesrai	36	26.8972	82.5934
Keshra	36	26.6062	82.5287
Keshopur	36	26.5306	82.5563
Keshopur Pachpokhra	36	26.5865	82.6178
Keoncha	36	26.6974	82.6799
Keotali	36	26.6971	82.6283
Keotahia	36	26.3702	82.5523
Keotahi	36	26.3014	82.5693
Keotahi	36	26.2975	82.5523
Keotahi Bastipur	36	26.2805	82.5276
Keotahi	36	26.2562	82.5310
Keotahi	36	26.2724	82.6228
Keotahi	36	26.4422	82.6645
Keshopur	36	26.4380	82.6580
Keotana	36	26.2652	82.7124
Keotahi	36	26.2600	82.5536
Keotahi	36	26.2617	82.6243
Keotaiya	36	26.2423	82.5163
Keotahi	36	26.2328	82.5059
Keotana	36	26.1852	82.5983
Keotahia	36	26.1305	82.5929
Keotahi	36	26.0790	82.5474
Keotahi	36	26.0736	82.5510
Keshopur	36	26.0588	82.5060
Kekar Chaur	36	26.0335	82.5092
Keotana	36	26.0501	82.6297
Keotana	36	26.0635	82.6222
Keotana	36	26.0581	82.6342
Keotana	36	26.0643	82.6453
Keotana	36	26.1033	82.6299
Keotana	36	26.1309	82.6291
Kewatpur	36	26.2354	82.6441
Keswara	36	26.8741	82.7892
Keotaia	36	26.9867	82.8481
Kewat Purwa	36	26.9714	82.8581
Keshopur	36	26.9258	82.9174
Keotala	36	26.5350	82.8602
Keotali	36	26.6193	82.9621
Keotahi	36	26.6124	82.9511
Keotahia	36	26.5544	82.9201
Keotahia	36	26.5171	82.9569
Kesarua	36	25.7564	83.4544
Keotahia	36	26.4749	82.7987
Keotahia	36	26.4081	82.7849
Keotahia	36	26.3809	82.7987
Keotahi	36	26.3619	82.8055
Keotahi	36	26.3304	82.7983
Keotahi	36	26.3311	82.8112
Kerapauwa	36	26.3503	82.8078
Keotahi	36	26.3688	82.8067
Keotahi	36	26.3620	82.8305
Keotahia	36	26.4023	82.8355
Keotahia	36	26.3798	82.8472
Keotahi	36	26.3651	82.8555
Keotahi	36	26.3578	82.8638
Keotahi	36	26.3456	82.8803
Keotahi	36	26.2981	82.8361
Keotahi	36	26.2678	82.8377
Keotahia	36	26.4108	82.8993
Keotahia	36	26.3901	82.9224
Keotahi	36	26.3688	82.9624
Keotahi	36	26.2715	82.9544
Keshopur	36	26.2953	82.9928
Keotahi	36	26.3550	82.9795
Keshopur	36	26.3996	82.9924
Keotana	36	26.0682	82.8721
Kewatia	36	26.1309	82.9074
Kewatia	36	26.1950	82.9124
Kedarpur	36	26.2051	82.9477
Kewatia	36	26.1652	82.9376
Kewatia	36	26.1583	82.9415
Kewatia	36	26.1609	82.9515
Kewatia	36	26.1656	82.9541
Kewatia	36	26.1338	82.9362
Keota Dih	36	26.0979	82.9753
Keshopur	36	26.1392	82.9750
Keotalia	36	27.2186	83.0045
Kechua	36	27.0809	83.0223
Kechui	36	27.0642	83.0282
Keotahia	36	27.0147	83.0276
Keotalia	36	27.1773	83.1383
Kechua Khor	36	27.0904	83.0832
Keotahia	36	27.0594	83.3438
Keotalia	36	27.0532	83.3566
Keolapur Khurd	36	27.2347	83.4939
Keolapur	36	27.2336	83.5749
Keotahia	36	27.1425	83.5901
Kedar Nath Purwa	36	27.1357	83.7191
Kewat	36	27.2038	83.7228
Kelam	12	33.6542	75.0844
Keshopur	36	25.9174	81.6781
Keotahi	36	26.8675	83.0303
Kesri	36	26.8515	83.0155
Keotahi	36	26.8144	82.9985
Keshwakhor	36	26.7778	83.1404
Keotahi	36	26.7921	83.1586
Keotahi	36	26.7735	83.1779
Kesho Kurha	36	26.7840	83.1878
Keshopur	36	26.7616	83.2174
Keotahia	36	26.9862	83.2352
Keotali	36	26.6434	83.2279
Keotahia	36	26.4424	83.0244
Keotali	36	26.4403	83.0271
Kedrupur	36	26.4025	83.0205
Keotahia	36	26.3600	83.0050
Keotahia	36	26.3823	83.0686
Keotahia	36	26.3933	83.0632
Keotahi	36	26.4516	83.0783
Keotahia	36	26.4443	83.0725
Keotahia	36	26.4076	83.1193
Keotahia	36	26.3500	83.1182
Keotahia	36	26.3296	83.1162
Keotahia	36	26.2984	83.1652
Keshopur	36	26.4705	83.1986
Keotahia	36	26.2521	83.1743
Keshopur	36	26.2547	83.2264
Keotania	36	26.2627	83.2497
Keotahia	36	26.1980	83.0164
Keotahia	36	26.1817	83.0373
Keotahia	36	26.1791	83.0573
Keotahia	36	26.1870	83.0539
Keotahia	36	26.1475	83.0594
Keotahia	36	26.1221	83.0379
Keotahia	36	26.0982	83.0602
Keotahia	36	26.1090	83.1448
Keotahia	36	26.1898	83.0612
Keotahia	36	26.1090	83.1514
Keotahia	36	26.1136	83.1213
Keotalia	36	26.8378	83.2787
Kewaldah Takia	36	26.7679	83.3543
Keotahna	36	26.8722	83.4657
Keotahia	36	26.8718	83.4702
Keotalia	36	26.9501	83.3560
Keotalia	36	26.8640	83.4396
Keotan	36	26.7031	83.3411
Keotal	36	26.6824	83.3100
Keotan	36	26.5188	83.3014
Keotan	36	26.5143	83.3234
Kewat Kachh	36	26.6446	83.3721
Keshwapar	36	26.4695	83.3266
Keotaiya	36	26.4632	83.3347
Keotan Tola	36	26.4927	83.3835
Keshokol	36	26.3944	83.4960
Keota	36	26.9983	83.6094
Keotali	36	26.7757	83.5914
Keoladabar	36	26.6574	83.5597
Keshopatti	36	26.6646	83.5742
Kewal Chak	36	26.6706	83.5670
Keoti	36	26.7049	83.7052
Keshobari	36	26.6102	83.7240
Keotalia	36	26.3579	83.6136
Keothi	36	26.4219	83.6452
Keotan	36	26.4236	83.6440
Kewat	36	26.4437	83.6530
Keotan	36	26.4332	83.6625
Keshopur Sultanpur	36	26.0868	83.6958
Kedmarra	16	19.3897	80.4153
Kehakapri	16	19.3838	80.4985
Kerpal	37	19.2443	80.6331
Keotan	36	26.8690	83.7638
Keshapur	40	18.5463	80.0976
Kewal Chhapra	36	26.9062	83.9512
Kesrari Gidha	36	26.7677	83.9605
Keshopur	36	25.6490	83.7434
Kesaiguda	37	18.7939	80.4956
Kewlarha	35	23.7817	80.0272
Keolari	35	23.7726	80.1235
Keolari	35	23.6789	80.1455
Keolari	35	23.4716	80.1886
Keolari	35	23.0808	80.1994
Keolari	35	23.1644	80.1347
Keolari	35	23.7547	80.4553
Keolari	35	23.4932	80.4209
Keunda	12	33.1207	75.5490
Keto-oo-Gal	12	33.0023	75.6190
Keolari	35	23.7964	80.8219
Keolari	35	23.0965	80.9201
Kens	12	33.1095	75.9525
Kehnwa	12	32.7011	75.2565
Ked	12	32.6174	75.3237
Keti	12	32.5171	75.3820
Kentil	12	32.6390	75.4332
Keyal	12	32.6262	75.4813
Kewar	12	32.4922	75.3335
Keshopur	36	25.4485	81.6736
Kemiaha	35	25.0072	81.5527
Keshopur	23	32.0806	75.4025
Kesho Kalal	23	32.0807	75.4801
Kend	12	32.6946	75.6997
Kentha	12	32.6819	75.7200
Kenta	12	32.6586	75.6818
Ker	12	32.5930	75.6825
Keraon Khas	36	25.6535	81.9331
Keriyan	23	32.2967	75.5188
Kenta	12	32.4198	75.6784
Kebla	12	32.4875	75.7455
Keshavpur	36	25.3044	81.9018
Keotan ka Pura	36	25.2481	81.7645
Keotan ka Pura	36	25.1904	81.7701
Keotan	36	25.1846	81.7705
Keotanpura	36	25.0442	81.7778
Keohan Kalan	36	25.0358	81.9305
Keohan Khurd	36	25.0306	81.9268
Kechunha	36	25.1853	81.9477
Kechunha	36	25.1955	81.9551
Kesrid Ka Phata	35	22.4899	74.3927
Kerma	11	32.2528	75.8865
Kehlu	11	32.4992	75.9329
Keli	16	21.9271	74.0900
Kela Budrukh	16	21.7634	74.1361
Kela Khurd	16	21.7596	74.1435
Kersane	16	20.6964	74.1038
Kesripura	35	22.9714	75.8212
Kelod	35	22.7973	75.8901
Kelodkartal	35	22.6445	75.8810
Kelodkartal	35	22.6376	75.8750
Keshaopura	35	21.7774	75.4967
Kelgaon	16	20.4769	75.4936
Keolari	35	22.5956	80.0607
Keolari	35	22.7024	80.1906
Ketwan	11	32.1388	75.8036
Kedarkhed	16	20.1485	75.8177
Keshopura	23	31.2636	74.5796
Keolari	35	22.9452	80.3382
Keriba	35	22.9429	80.4620
Keharpur	35	22.5621	80.3401
Keolari Tola	35	22.5011	80.4767
Kesanpuri	37	20.3605	81.2828
Keontintola	37	20.3415	81.2963
Kektipara	37	20.3989	81.3316
Kesurbera	37	20.0531	81.3034
Kesra	37	20.9851	81.6097
Keofari	35	22.4999	80.4692
Keslai	35	22.0527	80.3800
Kesa	35	22.0486	80.4095
Keolari	35	22.5313	80.7065
Ketli Viran	23	31.9188	74.9647
Keolari	35	22.0605	80.6252
Keolardar	35	22.8979	80.7694
Keolari	35	22.9257	80.9084
Keolari	35	22.6037	80.9129
Keolari	35	22.5147	80.9472
Keolari	35	22.4701	80.8317
Keolari Khurd	35	22.4881	80.8227
Kengitola	35	22.0452	80.8197
Kewa Tola	35	21.9662	80.1141
Keli Mojra	16	21.7707	74.2917
Keranji ka Gurha	24	25.3891	73.4940
Kesalwadatola	16	21.1054	80.1720
Kesalwada	16	21.1005	80.1679
Kera	35	21.8827	80.2753
Keslaiwara	35	21.7428	80.3110
Kesa	35	21.7007	80.3510
Kesotola	35	21.5689	80.3990
Keregaon	35	21.4601	80.4471
Kele Khurd	23	31.9939	75.2995
Kesarpur	23	31.2697	75.3994
Kerjhari	35	21.6294	80.5619
Kerkhera	24	25.8167	73.8744
Keredih	37	21.4139	80.7262
Kesla	37	22.8031	82.1200
Kerahatola	37	22.9567	82.1020
Kerahatola	37	22.9992	82.1151
Kenadand	37	22.5559	82.1497
Keshupur	23	31.7592	75.7613
Keramunda	37	22.5272	82.3565
Kesalpur	37	22.6605	82.4002
Kekrapani	37	21.8128	80.9222
Kekra	37	22.4227	82.0210
Kekradih	37	22.3992	82.0172
Kesarbardi	35	22.5371	75.6897
Kelod	35	22.5099	75.7216
Ketma	37	22.7606	82.6360
Kenadand	37	22.5124	82.5853
Kekrajhola	37	21.5601	80.7975
Keli	35	21.7477	75.3511
Kesli	37	21.2228	80.9248
Kelsa	37	21.0525	80.9129
Kenabhata	37	22.0412	82.7492
Kerakachar	37	22.1811	82.6535
Kente	37	22.8268	82.8226
Keobahar	37	22.6229	82.8560
Kesla	37	22.4089	82.8156
Kerwa	37	22.3848	82.8831
Kerakachhar	37	22.3974	82.8888
Keotara	37	21.8384	82.2733
Keotadih Bhutaha	37	21.7725	82.3751
Kesla	37	21.8520	82.3969
Keotadih	37	21.8312	82.3537
Kesalwara	16	20.9683	80.0175
Kewa	37	21.9343	82.6897
Kesla	37	21.7467	82.6734
Kera	37	21.7441	82.7110
Kerijhar	37	21.5247	82.6824
Kerachakar	37	21.9461	82.8082
Kekrabhat	37	21.9008	82.8615
Keotapali	37	21.5159	82.8695
Kesra	37	21.5666	82.8619
Kerar	37	21.5695	82.9733
Keswa	37	21.0584	82.1559
Keramura	37	21.1637	82.3245
Kesripur	36	27.1924	80.6906
Keudadar	21	21.1373	82.6893
Keshopur	36	27.1489	80.5055
Kesripur	36	27.1000	80.6579
Kesripur	36	27.0832	80.6263
Kesripur	36	27.0306	80.6561
Kesori	16	20.7396	80.1232
Kelwara	16	20.7498	80.1450
Kewalpurwa	36	27.8901	80.9300
Keshopur Gurela	36	27.8324	80.8129
Keoti Kalan	36	27.7977	80.7582
Keoti Khurd	36	27.7872	80.7533
Kedar Tanda	36	27.7270	80.9777
Kedar Purwa	36	27.6190	80.9974
Kewalpur	36	27.5739	80.9523
Kesaria	36	27.4321	80.8171
Kema	36	27.3246	80.7657
Keoti	36	27.3607	80.9308
Keoti Badullah	36	27.4770	80.9544
Keligatta	16	20.0429	80.1955
Kesaldabri	16	20.8032	80.4147
Kesori	16	20.9136	80.4112
Kendu	12	33.2958	76.0560
Kendol Got	11	33.0907	76.4186
Ketra	11	32.9053	76.1839
Kelwa Adwar	11	32.8544	76.2181
Kella	11	32.7263	76.0789
Kelta	11	32.7382	76.1107
Kend	11	32.7042	76.0379
Kemal	11	32.6211	76.2097
Kella	11	32.6078	76.2103
Kehla	11	32.5993	76.0184
Kethan	11	32.5099	76.1141
Kermarian	16	20.4180	80.3873
Kehmali	11	32.4185	76.0233
Keod	11	32.3208	76.0391
Kehra	11	32.3078	76.1036
Kesnir	16	20.1178	80.3885
Kesal	37	20.8844	80.7016
Keshotola	37	20.9620	80.6056
Kektitola	37	20.7911	80.7168
Keringji ka Khera	24	25.2186	73.8220
Kenri	24	25.1129	73.8409
Keri	11	32.2089	76.1682
Kerta	11	32.1997	76.0458
Kesaldabri	37	20.6833	80.6017
Kehkawahitola	16	20.2831	80.5157
Keregaon	37	20.9299	80.7593
Kesla	37	20.7995	80.7676
Kesritola	37	20.7610	80.7802
Kewattola	37	20.5889	80.8477
Kerijungera	37	20.6984	80.9817
Kesla	37	20.6360	80.9138
Keoti	35	22.8747	81.1072
Keolari	35	22.6451	81.2112
Kewar	35	22.6248	81.2098
Keolari	35	22.6653	81.1631
Keolari	35	22.7210	81.0875
Kerpani	35	22.5387	81.0128
Kesmarda	37	22.4493	81.1875
Kesli	37	22.2593	81.3852
Kerabhanwar	37	22.4267	81.4478
Keolari	37	22.1813	81.3931
Kesalmara	37	22.1534	81.4551
Kesli	37	22.1477	81.4518
Kenth Lahr	11	32.0774	76.3420
Kerta	11	32.0119	76.3012
Kekrain	11	32.0529	76.4643
Keori	11	32.1683	76.2739
Kesli	37	22.1153	81.5122
Keharpur	37	22.0875	81.5236
Kestara	37	22.0569	81.5744
Kesli	37	22.0152	81.5852
Kestarpur	37	22.1618	81.6917
Keratola	37	22.9795	81.9711
Kerpura	24	26.2438	74.3543
Kesarpura	24	26.1607	74.4507
Kesarpura	24	26.0580	74.2944
Kesarpura	24	25.9999	74.4671
Keori	11	32.0473	76.7121
Kerhapara	37	22.4721	81.9166
Kewrapara	37	22.2838	81.9367
Kekti	37	22.1818	81.9685
Kekrar	37	22.0572	81.9696
Kesarua	37	22.0987	81.8996
Keotadih	37	22.0575	81.8955
Kesli	37	21.9347	81.4129
Kewaia	37	21.9674	81.8508
Kesda	37	21.6095	81.8140
Kesli	37	21.6179	81.8818
Kesli	37	21.6531	81.9587
Keotara	37	21.4860	81.9028
Keoradih	37	21.3859	81.9640
Kesla	37	21.3999	81.9327
Kerehosalli	19	14.9037	74.8408
Kelwardabri	37	21.4468	82.8461
Kendudhar	37	21.3594	82.9870
Kejua	37	21.2939	82.9689
Keslawa	37	21.2548	82.9663
Kehr	11	31.5964	76.9673
Keoli	11	31.5190	76.9793
Keran	11	31.5130	76.9138
Kehnchri	11	31.5577	76.9785
Keri	11	31.3673	76.9921
Kelgin Sarkuli	19	14.5093	74.7648
Kelgin Kursi	19	14.7388	74.8894
Kerekop	19	14.5790	74.8913
Kerekoppa	19	14.5188	74.9073
Kenchikoppa	19	14.5413	74.9637
Kerekop	19	14.6064	74.9699
Keria	24	26.1854	74.6325
Keranti	24	26.0643	74.7013
Kembanwala	11	30.8899	76.8566
Keshki	11	30.8544	76.9880
Kesharpura	24	26.7520	75.9981
Kesritola	37	21.2223	82.7629
Keharpur	37	21.2005	82.8055
Keramunda	37	21.1492	82.7895
Keotapali	37	21.2262	82.8365
Kelenda	37	21.2492	82.9858
Keonthal	11	31.0133	77.0794
Kesobilas	24	25.7336	75.2989
Kesarpura	24	25.7387	75.4344
Keotijhar	37	20.7796	82.2710
Kesarphaldia	09	23.0569	74.0943
Kergaon	37	20.6472	82.2616
Kermeli	21	20.8417	82.6038
Kendubhata	21	20.6260	82.7175
Ketsari	11	31.1948	77.7732
Kesadi	39	31.0349	77.8581
Kesrajpur	21	20.2995	82.6127
Kendupati	21	20.2860	82.6820
Kerapadar	21	20.2312	82.5714
Kendumura	21	20.0701	82.5724
Kekarsar	21	20.1546	82.6030
Keaburla	21	20.1864	82.6142
Kendugura	21	20.0345	82.7230
Kerwa	37	23.8581	83.1500
Keoli	37	23.7937	83.5166
Keontapokhartola	37	23.7657	83.6262
Keroli	11	30.9968	77.6955
Kedi	11	30.9037	77.6717
Kelonti	11	30.8613	77.7101
Kelai Dogri	11	30.8573	77.5711
Kemo Ka Thach	11	30.7960	77.5442
Kelon	11	30.7650	77.5899
Kelgin Golgod	19	14.4057	74.8466
Keremath	19	14.3146	74.8262
Kedal	38	23.9254	83.7845
Keonjhitola	38	23.8995	83.7761
Kerwa	38	23.8813	83.8440
Kerari	39	30.8593	77.8900
Keswal	35	23.4734	76.0604
Kenatanr	38	23.6921	83.8028
Keratoli	38	23.5814	83.9021
Kesarpur Nipania	35	23.4222	76.0662
Kenabhata	37	21.7680	83.0833
Kekrabhat	37	21.8710	83.1282
Kenapali	37	21.8968	83.1483
Kenmura	37	21.9571	83.2095
Kemanagaru	19	14.2071	74.8147
Kelagina Golagodu	19	14.1645	74.9681
Kesavanamane	19	14.1351	74.9458
Kerodi	19	14.0799	74.9236
Kesavapura	19	14.0188	74.7722
Kendumundi	37	21.3703	83.0276
Kena	37	21.2763	83.0541
Kesratal	37	21.2651	83.0861
Kelenda	37	21.3534	83.1717
Kendubhata	21	21.0245	83.0928
Kelenda	21	21.0997	83.2419
Kendmunda	21	21.0598	83.1123
Kewars	39	30.1130	78.7752
Kewars	39	30.0236	78.7882
Kerajhar	37	21.9637	83.3030
Kesht	39	29.8572	78.4317
Kesarpur	39	29.9684	78.7744
Kenoli	39	29.9361	78.7815
Kensara	37	21.7972	83.3107
Kesla	37	21.8310	83.4104
Kenapali	37	21.8852	83.3499
Kenabhata	37	21.6431	83.2539
Kendujharan	21	21.5194	83.3636
Kenabhata	37	21.5402	83.3524
Kesapali	37	21.7340	83.3680
Kesra	36	28.9687	78.2182
Kermeli	37	21.4043	83.2694
Kesamura	21	21.3421	83.2987
Kermeli	21	21.2669	83.2626
Kendbahal	21	21.2567	83.3831
Kendmundi	21	21.3192	83.3664
Kenduguria	21	21.4731	83.4528
Kendpali	21	21.3123	83.4891
Keshu Nagli	36	28.9823	78.9289
Kermeli	21	21.0526	83.2667
Keutipali	21	21.1840	83.4549
Kesaipali	21	21.1554	83.4292
Kendumunda	21	21.0536	83.4619
Kendudihi	21	21.9911	83.6556
Kesarjhima	21	21.7957	83.7035
Kesaipali	21	21.4746	83.5197
Kebar	21	21.0794	83.5256
Kendupali	21	21.0450	83.6462
Kechhobahal	21	21.9157	83.8905
Kendudih	21	21.7581	83.9520
Kerwalbahal	21	21.7313	83.8408
Kendpali	21	21.4247	83.8350
Kesapali	21	21.3738	83.9963
Kendubhata	21	20.9749	83.2647
Kesripali	21	21.1173	83.8433
Keotipali	21	21.1244	83.8674
Keutnibahal	21	20.9752	83.1190
Kendumal	21	20.9213	83.1910
Kesavagudem	37	18.9140	80.7536
Keshwapur	36	27.8914	81.4723
Kere Kodlu	19	13.7454	74.7487
Keduru	19	13.5580	74.7483
Kewalia	36	27.5089	81.2570
Kewalpur	36	27.7406	81.3308
Kesri Purwa	36	27.7452	81.3941
Kedar	36	27.5655	81.4558
Kesavapuram	40	18.0622	80.8439
Kesripur	36	27.3047	81.2942
Keora	36	27.4177	81.3215
Keotana	36	27.4799	81.2848
Kedaripur	36	27.2569	81.3776
Kedaripur	36	27.3017	81.3940
Kesaripur	36	27.0538	81.3051
Keotali	36	27.2378	81.3494
Kesarpur	36	27.0962	81.4095
Kewalpur	36	26.0100	81.2884
Kesaria Khurd	36	26.2249	81.3894
Kesaria Kalan	36	26.2317	81.3985
Kedarwapur	36	26.1458	81.3788
Kewalpur	36	26.0123	81.3491
Keshopur	36	26.0698	81.4860
Keria Purwa	36	26.7612	81.6427
Keshupur	36	26.3217	81.6416
Keshupur	36	26.3613	81.6983
Kewalpur	36	26.0090	81.5058
Ket Ghufam Singh	36	26.0147	81.5862
Keribeda	21	18.4009	82.9267
Ketampalem	02	18.1319	82.8431
Kedaram	02	16.7302	81.2454
Ketanagiri	02	17.3828	82.2425
Kergamangondi	02	17.6207	82.3249
Kesavaram	02	17.5283	82.3070
Ketamukkala	02	16.2876	80.0432
Kesavaram	02	17.3086	82.5850
Kesanapalle	02	16.2129	80.0809
Kendupadar	21	19.9527	83.2094
Kenduguda	21	19.8909	83.1933
Kerandihapur	21	19.8358	83.2049
Kelwa	21	19.5677	83.1825
Kenduguda	21	19.7926	83.3242
Kespadar	21	19.8967	83.3958
Kesar	21	19.8953	83.4189
Kendumora	21	19.8569	83.4367
Kenduguda	21	19.6062	83.2721
Kesanaguda	21	19.5179	83.3387
Kendubadi	21	19.6932	83.3715
Kendri	21	19.7153	83.4080
Keriguda	21	19.7348	83.4079
Kenduguda	21	19.7189	83.3878
Kebadatula	21	19.7077	83.4616
Kesarapadu	21	19.6824	83.4360
Kerandiguda	21	19.5513	83.4705
Kesariguda	21	19.8192	83.7417
Kenduguda	37	19.4835	82.0024
Kenduguda	21	19.3220	82.2119
Keragam	21	19.3658	82.1731
Kesarpal	37	18.7674	82.0376
Kenduguda	21	18.5412	82.0745
Kenduguda	21	18.5939	82.1938
Kenduguda	21	18.5289	82.1854
Kenduguda	21	18.9365	82.3308
Kenduguda	21	18.9308	82.4045
Kebadi	21	19.4843	83.0028
Kenduguda	21	19.4118	83.1576
Kerpai	21	19.4893	83.1810
Keshakar	21	19.3073	83.1932
Kenduputtu	21	18.6919	82.3174
Kemaguda	21	18.5465	82.2668
Kenduguda	21	18.5123	82.3346
Kemmavada	21	18.6477	82.3797
Kendupoda	21	18.7213	82.4313
Kendupai	21	19.0841	83.1438
Kendubedapadar	21	19.0755	83.1055
Kebidi	21	19.1204	83.1389
Kerandi	21	19.1801	83.2384
Keskapuri	21	19.1287	83.2247
Kenduguda	21	18.4186	82.3419
Kenduputtu	02	18.4647	82.4926
Kenduguda	21	19.4744	83.2827
Kenduguda	21	19.4339	83.3143
Kesangi	21	19.2962	83.3157
Kevatiguda	21	19.2960	83.3739
Kenduguda	21	19.4741	83.3491
Kerikhallu	21	19.1396	83.3049
Kesangi	21	19.2299	83.3554
Kerandi	21	19.0267	83.4609
Kerada	21	19.3812	83.6504
Kemajolla	21	19.2636	83.7315
Kenduguda	21	18.9870	82.5507
Kenduguda	21	18.7825	82.5022
Kendubedapodoro	21	18.8162	82.6267
Keraputtu	21	18.9149	82.5820
Kebidi	21	18.9720	82.6081
Kendaro	21	18.8969	82.6965
Kenduguda	21	18.9995	82.6135
Kelluputtu	21	18.5225	82.6544
Kechchala	21	18.7428	82.7345
Kellaro	21	18.9669	82.9973
Kenduguda	21	18.6765	82.9230
Ketulnar	37	18.9055	81.1583
Keligotti	02	19.0960	83.6147
Kesari	02	19.1171	83.6160
Kenduguda	21	19.3852	83.8037
Kenduguda	21	19.2978	83.8954
Kendra	21	19.4806	83.9635
Kenduguda	21	19.2082	83.7940
Kendudi	21	19.0596	83.9767
Kendakutti	21	19.2407	83.9184
Kesapur	37	18.9052	81.2619
Keraripara	37	18.6349	81.4880
Kerlapenda	37	18.3484	81.2514
Kellaro	21	18.9759	83.0006
Kedraka Barangi	21	18.7795	83.1639
Kelubadi	21	18.8444	83.2331
Kesala	21	18.7511	83.2155
Kesali	02	18.4551	83.1025
Kesabhadra	21	18.8857	83.3020
Kemisila	02	18.9362	83.4903
Kesavapalle	02	18.5879	83.3002
Kelaur	37	18.9113	81.7398
Kesapara	37	18.8704	81.7104
Keratong	37	18.6017	81.6953
Kerlapal	37	18.2999	81.5457
Kenguva Agraharam	02	18.2662	83.4196
Kella	02	18.2104	83.4884
Kelaur	37	18.8987	81.7608
Kesapur Bade	37	18.9578	81.9419
Kesapur Chhote	37	18.9480	81.9381
Kerguda	21	18.2897	81.8876
Kesaluru	40	17.7629	81.0449
Kellapalem	02	18.2711	83.6034
Kesavarayapuram	02	18.2262	83.6869
Keduvayi	02	18.8770	83.7762
Kesarijodu	02	18.7940	83.8476
Kelapeta	02	18.2601	83.7544
Kesaraopeta	02	18.2957	83.8427
Kesavarayunipalem	02	18.2049	83.7867
Kesappagudem	40	17.2912	81.1170
Ketavaram	02	17.0568	81.1090
Kesavarappadu	02	15.8500	80.2516
Kesanivandlapalem	02	15.8927	80.7172
Kettanamalli	25	13.3794	80.0947
Kekar Chaura	35	24.4768	82.6197
Kesuari	34	25.0940	84.3263
Kechua	34	25.1737	84.3844
Kera	34	25.0661	84.4416
Kesaram	40	17.7510	81.5116
Keari	24	24.4886	72.8881
Kewrakheri	35	23.4348	76.5844
Keshopur	35	23.0299	76.5910
Keshriyabeh	35	23.8099	76.8244
Keukheri	35	23.0842	76.7599
Kelod	35	22.8338	76.1082
Kedar Mahadeo	09	23.1264	73.0203
Keswa Muwara	09	23.1421	73.2196
Kelwa Buzurg	35	22.1959	76.2398
Kenpur	09	23.1264	73.8522
Keramul	09	23.2321	73.8638
Kesarpara Muwara	09	23.1479	73.9347
Kesarpur	24	23.4749	74.0731
Kesharpura	24	23.3405	74.1774
Keoriapara	24	23.3791	74.3620
Kera	39	30.1120	79.5482
Keldhar	39	29.6649	79.0050
Kerla	24	25.7917	73.1722
Kela Bandwari	39	29.2559	79.1436
Keotiya	34	25.6655	84.5638
Keshopur	34	25.6665	84.7189
Keshopur	34	25.5148	84.6700
Keshopur	34	25.4741	84.5203
Keral	24	25.4372	73.0083
Kenpura	24	25.4048	73.2154
Kesho Nagalia	36	29.0526	79.1351
Keshawala	39	29.1730	79.1231
Kela Khera	39	29.0899	79.1781
Keshopur	34	25.3498	84.5099
Keshwarpur	34	25.3641	84.6187
Kenpura	24	25.6727	73.4241
Kerpura	24	25.2208	73.3226
Keranji ki Dhani	24	25.0036	73.4202
Kesargarh	24	25.3842	73.5170
Kesuli	24	25.3849	73.5531
Kerli	24	25.4283	73.5783
Kekaji ki Bagal	24	25.2999	73.6836
Kedar	39	29.9224	79.3409
Ketela	24	25.3380	73.7813
Kerpura	24	25.4064	73.9425
Kenpura	24	25.2821	73.9579
Kesalpura	35	23.0601	74.8048
Kernio	24	24.8156	73.1338
Kendawa	24	24.9123	73.2463
Keshavganj	24	24.8572	73.0741
Keldi	35	22.0071	74.1231
Keldi	35	22.0080	74.1498
Kelora	35	22.0784	74.2387
Kelkua	35	22.9846	74.4145
Kelowa	09	24.0236	73.1921
Kelo	09	24.0036	73.1853
Kesaria	35	22.8836	74.6158
Keljhar	35	22.5314	74.6714
Kesha Bangar	39	29.3393	79.3298
Kewas	24	24.9682	73.9009
Kedan	24	24.9952	73.8918
Kerowli	24	24.8596	73.7567
Kemri	24	24.5361	73.9727
Kekindra	24	26.4444	74.1103
Kerpura	24	26.2960	74.1663
Keshar Bigha	34	25.0358	84.6448
Kesar Bigha	34	25.1931	84.6995
Keal	34	25.1218	84.6324
Kesarpur	24	26.0959	74.1930
Kesarpura	24	26.3378	74.3193
Kesta	39	29.6943	79.5864
Kewani	34	25.8502	84.8527
Kewari Kalan	34	25.9140	84.8967
Ketuka Nandan	34	25.9587	84.9806
Ketuka Lachchhi	34	25.9556	84.9778
Keli Chota	35	22.5609	74.9793
Keli Moti	35	22.5586	74.9835
Kelhanpur	34	25.5133	84.7875
Kehunia	34	27.0365	84.4554
Kesarpura	24	26.3102	74.5480
Kehuniadih	34	27.2581	84.5295
Kewlapur	34	27.1961	84.5955
Kesaria	34	27.1457	84.5396
Kevdamovhi	09	21.5410	74.0525
Kerdara	24	26.7200	74.9609
Kesharpura	24	25.3823	74.0502
Kemuniya	24	25.3884	74.1591
Kerpura	24	25.2861	74.1821
Kesarpura	24	25.0935	74.0187
Kesarpura	24	25.9938	74.3137
Kerakhera	24	25.7585	74.3669
Kesharpura	24	25.2585	74.4306
Kerakhera	24	25.4604	74.4091
Kesharpura	24	25.1987	74.4341
Kelauni	34	26.4481	84.2319
Kelharua	34	26.1893	84.0704
Kewtalia	34	26.1047	84.0862
Kerpura	24	25.1082	74.9011
Kesarpura	24	24.0803	74.4436
Kemari	39	29.3870	79.9449
Kektiyapani	35	22.5649	76.4160
Kektiyapani	35	22.5565	76.4112
Kewalpur	36	28.6969	79.2553
Kera	36	28.5314	79.3434
Kesarpur	36	28.5962	79.3538
Keshopur	36	28.7144	79.3749
Keshopur	36	28.4558	79.3424
Keonan Shadipur	36	28.2308	79.3042
Kesho Gaura	34	26.3132	84.7116
Kesarpur	09	23.7648	73.0477
Kesari	34	26.0120	84.5925
Kesarpur Sahrai	36	28.8360	79.7327
Kekarhawa	34	26.7781	84.8015
Kelwa Kalan	35	22.1753	76.2657
Kenud	35	22.0777	76.4664
Kesun	35	22.0003	76.3209
Kewaldhari	34	26.1235	84.7755
Keli	35	21.8214	74.7923
Kerwa	34	26.0542	84.8448
Kesarpur	36	28.3793	79.5658
Kesarpur	36	28.2646	79.5159
Keladandi	36	28.4550	79.6921
Keolaria	36	28.4539	79.7005
Kendha Khera	39	28.9619	79.7745
Keshopur	36	28.5128	79.8543
Kenaila	36	25.7959	84.0623
Kesarua	36	25.8067	84.0943
Keontalia Chaube	36	25.9294	84.2020
Keontalia	36	25.9008	84.1872
Keshopur	34	25.6749	84.0874
Keota	34	25.3792	84.9336
Kespa	34	25.0397	84.8555
Kendul	34	25.2147	84.8707
Kenari	34	25.2400	84.9369
Kendua	34	25.1857	84.9295
Kewatar	34	25.0819	84.9899
Kerpa	34	24.7832	84.0535
Kesho Bigha	34	24.9895	84.1926
Kerka	34	24.7179	84.0863
Kedarganj	34	25.2917	84.0422
Kewatiya	34	25.3756	84.1167
Kesath	34	25.4208	84.2414
Kewaitola	34	25.3494	84.2082
Keshodih	34	25.1520	84.2112
Kedarpur	36	25.8914	84.2848
Keora	36	25.8561	84.2614
Kenwan	36	25.7997	84.3859
Keharpur	36	25.7780	84.4071
Keotiya	34	25.6231	84.4736
Kewatiya	34	25.3361	84.2948
Keshwa	34	25.4155	84.4100
Kesari	34	25.4497	84.3604
Kesrarhi	34	24.9996	84.3581
Keshopur	34	24.8428	84.4958
Kewal	38	24.4623	84.2844
Kewariadahtola	38	24.3655	84.3996
Kewla Kalan	34	24.4025	84.3524
Kewla Khurd	34	24.4100	84.3609
Kewal	34	24.3953	84.4967
Keloda	35	22.5839	76.7474
Kelod	35	22.9034	76.7796
Kerki	38	24.0108	84.4080
Kedal	38	24.2156	84.4672
Kerap	34	24.8332	84.6141
Keolatola	34	24.6342	84.5062
Keswa	38	24.3627	84.5556
Kewalia	38	24.3360	84.5459
Kewaldih	38	24.2656	84.5198
Kewalia	38	24.3432	84.5919
Kendua	34	24.4100	84.5996
Kesangha	34	24.4376	84.6452
Kenduatilha	34	24.4793	84.6502
Kelwa	38	24.0402	84.5310
Keonratanr	38	24.0367	84.7056
Keoti	34	25.3450	85.8236
Kenar	34	25.2956	85.7585
Kewatra	36	25.9057	80.0543
Kewar ka Dera	36	25.7549	80.2425
Keshri ka Dera	36	25.9429	80.1610
Kewatra	36	25.9994	80.2208
Keoti	34	25.2344	85.7683
Kemra	34	25.0687	85.8792
Kesaura	34	25.1583	85.9971
Kewali	34	25.0439	85.9156
Kenduatoli	38	24.0392	85.0198
Kevtan ka Purwa	36	25.2285	80.6416
Kela Bavadi	19	13.8735	74.7618
Kesre	19	13.9496	74.9623
Kerebettu	19	13.4484	74.9544
Kemral	19	13.0487	74.8333
Kedinje	19	13.1779	74.9034
Keman Deven	19	13.1698	74.9291
Kella Bettukere	19	13.1148	74.9515
Kemar	19	13.1138	74.9599
Kesargadde	19	13.1128	74.9963
Kedambadi	13	12.7616	74.9107
Kenchjarkop	19	15.7715	75.1107
Keshvapur	19	15.3616	75.1460
Kengapur	19	15.0425	75.2614
Kendur	19	15.9753	75.7049
Kelur	19	15.9774	75.9103
Kesalapura	19	15.1493	75.9554
Kelur	19	15.1519	75.7729
Kerehalli	19	15.0743	75.7541
Kerehalli	19	14.5334	75.0740
Kerekoppa	19	14.4697	75.0541
Kerekoppa	19	14.2860	75.0748
Keladi	19	14.2227	75.0169
Keladipur	19	14.2331	75.0305
Kerodi	19	14.1985	75.0794
Kerekoppa	19	14.1089	75.0578
Kerehalli	19	14.0322	75.1134
Kerimattihalli	19	14.7561	75.3711
Kelvarkop	19	14.6576	75.2743
Kervadi	19	14.6421	75.4227
Kenchaganahalli	19	14.1882	77.2777
Kengatte	19	14.2516	75.4101
Kenchagondankoppa	19	14.2708	75.4268
Kesapuram	02	14.2607	77.7696
Kerehittalu	19	14.0647	75.2603
Kerehalli	19	14.0088	75.2624
Kenchanalu	19	14.0186	75.2856
Kesavankatte	19	14.0629	75.4584
Kesarukatte	19	14.1639	75.4182
Kerikop	19	14.9800	75.6340
Kesrhalli	19	14.9148	75.5083
Kengond	19	14.7649	75.5091
Kenchikoppa	19	14.1921	75.5617
Kengatte	19	14.1056	75.6688
Kenchayyapalem	02	13.9902	77.2153
Kerevalaginahalli	02	13.8887	77.0455
Keriyaginadadapuram	19	14.7729	75.9816
Kempandoderi	19	13.4889	77.0576
Kempachannanahalli	19	13.7561	77.1218
Kenkeragollarahatti	02	13.8070	77.0008
Kempadahalli	19	13.5257	77.0139
Kesturu	19	13.5047	77.0753
Kenchanpalya	19	13.4620	77.1683
Kempohalli	19	13.3282	77.2382
Kesarimadavu	19	13.2911	77.1372
Kempuhalli	19	13.2555	77.2464
Keriyagilhalli	19	13.4738	77.2494
Kemarepalya	19	13.2237	77.1073
Ketuhalli	19	13.2373	77.1654
Kengal	19	13.2106	77.2274
Kembalpalya	19	13.1898	77.0175
Kembalhalli	19	13.1904	77.0248
Kenkeri	19	13.1630	77.1358
Kempapur	19	13.1395	77.1711
Kempohalli	19	13.0530	77.1990
Kempapura	19	13.0300	77.1380
Kenchanhalli	19	13.0112	77.1323
Kenchenpura	19	13.0991	77.2002
Kenchanpalya	19	13.0814	77.1004
Kempasagara	19	13.0748	77.0714
Kethenahalli	02	13.8495	77.4318
Kempapura	19	13.6972	77.3415
Kenkere	19	13.5711	77.4705
Kenganpalya	19	13.4640	77.2826
Ketugonahalli	19	13.4225	77.3081
Kestur	19	13.3037	77.4848
Kenchanpur	19	13.2412	77.3557
Kenjiganhalli	19	13.1917	77.3983
Kengalkempohalli	19	13.2057	77.2609
Kempapur	19	13.1552	77.2896
Kerkattiganur	19	13.1748	77.2726
Kempohalli	19	13.1195	77.3295
Kempapur	19	13.1067	77.2615
Kempohalli	19	13.0953	77.3741
Kempapur	19	13.1023	77.4921
Kenganhalli	19	13.0516	77.4117
Kempalinganhalli	19	13.0473	77.3726
Kerikattiganur	19	13.1747	77.2939
Ketaganicheruvu	02	13.9299	77.5494
Kenchanapalle	02	13.7544	77.5291
Kerevolaginahalli	19	13.7036	77.6278
Kerevalaganahalli	19	13.6529	77.5917
Keterahalli	19	13.5355	77.6931
Kelginjuganhalli	19	13.4238	77.5198
Kenchenhalli	19	13.1189	77.5844
Kempapur	19	13.0474	77.6000
Ketmaranhalli	19	13.0012	77.5522
Kempapur	19	13.1312	77.8010
Kenchanahalli	19	14.5882	75.8626
Kengelahalli	19	14.3179	75.8154
Kengapur	19	14.1889	75.8546
Kempanahalli	19	14.2362	75.9272
Kelagina Besage	19	13.8963	75.0799
Kedalagudde	19	13.9200	75.0476
Kereyangutta	19	13.7506	75.1902
Kelambi	19	13.9101	75.1725
Kesare	19	13.9943	75.1359
Keregod	19	13.9349	75.2342
Kerekoppa	19	13.8369	75.2479
Kesavemane	19	13.8671	75.0498
Kelajambe	19	13.5868	75.0027
Kesarkonda	19	13.5316	75.0980
Kedlur	19	13.5102	75.2019
Kesalur	19	13.5585	75.2079
Kerekoppa	19	13.5893	75.1978
Kestur	19	13.6850	75.1825
Kelasunka	19	13.6085	75.0160
Kesagod	19	13.4314	75.2142
Kelara	19	13.4158	75.1976
Kesakore	19	13.3954	75.1951
Kechur	19	13.3934	75.1897
Kesgod	19	13.3237	75.2325
Kesrani	19	13.4097	75.0630
Kervashe	19	13.2549	75.0729
Kelabettu	19	13.2695	75.0408
Kerjebail	19	13.2623	75.0261
Kere	19	13.3287	75.1408
Kela Wanajar	19	13.4313	75.0984
Kela Chavadi	19	13.4460	75.0675
Keregadde	19	13.4604	75.0731
Kelajeddu	19	13.4753	75.0275
Kerodi	19	13.0553	75.1048
Kemplottu	19	13.0670	75.1910
Kedal	19	13.0907	75.2092
Kela Pitlu	19	13.1234	75.1833
Kevudel	19	13.1706	75.1444
Kempunaje	19	13.0368	75.1927
Kelaginamane	19	13.2428	75.0537
Keshavapura	19	13.8214	75.2929
Kelagina Arasi	19	13.7734	75.4643
Kesare	19	13.8700	75.2509
Keregadde	19	13.8121	75.3569
Kerehalli	19	13.7454	75.3047
Kelagina Kodagi	19	13.7144	75.3557
Kela Harandur	19	13.5314	75.3811
Kelakur	19	13.5578	75.3664
Keltotahadlu	19	13.5625	75.4182
Kesave	19	13.5737	75.3833
Kelakulli	19	13.6048	75.3851
Keligeri	19	13.6413	75.3806
Kesakki	19	13.6891	75.4649
Kelkere	19	13.6905	75.2977
Kerodi	19	13.4605	75.3044
Kergodu	19	13.3231	75.4375
Kesavinamane	19	13.2956	75.4919
Kesarakodagi	19	13.4684	75.2505
Kelagur	19	13.2362	75.4067
Kelagul	19	13.1644	75.4639
Kenchenhalli	19	13.8043	75.7456
Kelakoppa	19	13.5688	75.5187
Kenchikoppa	19	13.6923	75.6524
Kesarkoppa	19	13.7080	75.6818
Kesgemane	19	13.2986	75.5528
Kesave	19	13.4745	75.6251
Kerehalli	19	13.3783	75.6475
Keramakki	19	13.3211	75.6366
Kesarike	19	13.2946	75.7078
Kelaholagadde	19	13.3929	75.6547
Kelakunti	19	13.4365	75.6642
Kelaginahulavati	19	13.4796	75.6933
Kesage	19	13.4924	75.7063
Kesavinamane	19	13.2596	75.7433
Kelaganahalli	19	13.2996	75.6613
Kelahalli	19	13.1457	75.5294
Kerernane	19	13.0083	75.5216
Kenjige	19	13.1504	75.5904
Kesavinhaklu	19	13.2400	75.6042
Kelagur	19	13.2228	75.6759
Kelgani	19	13.2066	75.7342
Kelzar	16	19.6300	79.4112
Kenchanahalli	19	13.6514	75.8110
Kenchapura	19	13.6359	75.8249
Kerehosahalli	19	13.7174	75.8382
Kergodu	19	13.0558	75.8097
Kelehalli	19	13.2342	75.8171
Kerluru	19	13.1415	75.8546
Kesaguli	19	13.0212	75.8363
Kesagod	19	13.0389	75.8986
Keiyyur	19	12.8039	75.0355
Kedila	19	12.8117	75.1586
Kepu	19	12.7164	75.1161
Kemminja	19	12.7434	75.2295
Keloth	13	12.3676	75.0980
Kenchammanahalli	19	14.8822	76.1091
Kesarahalli	19	14.8215	76.1387
Kemmar	19	12.8106	75.3007
Kedar Chak	34	25.2358	85.5263
Kewal	34	25.1629	85.5990
Kewal Bigha	34	25.1451	85.7444
Kewalpur	34	25.2122	85.6089
Keslapur	40	19.2557	79.5849
Kesapatnam	40	19.4498	79.6717
Kenchavvanagatihalli	19	14.5808	76.1862
Kenchapuram	19	14.5279	76.0367
Keriyagalahalli	19	14.4537	76.0841
Kenchammanahalli	19	14.4105	76.0875
Kesavapura	19	14.1421	76.2160
Kengunte	19	14.0481	76.0875
Keshopatti	34	25.9002	85.8022
Kerai	34	25.7510	85.8586
Kesanakere	19	14.8248	76.4321
Keota	34	25.6440	85.8287
Kenchenahalli	19	14.5714	76.3058
Kenchamallanahalli	19	14.5774	76.4840
Kelagote	19	14.5603	76.2901
Kendua	34	24.4835	85.0422
Kendua	34	24.7491	85.0095
Kewal	34	24.6966	85.0401
Kewal	34	24.6870	85.1725
Kelnawadih	34	24.5492	85.1942
Kewala	34	24.5505	85.1987
Kenduaria	34	24.5741	85.1191
Kenari	34	24.6538	85.0384
Kenduahitoli	38	24.4360	85.1743
Kemo	38	24.3150	85.2009
Ketua	38	24.3108	85.1620
Kendua Sohar	38	24.3701	85.0729
Kendua Kalan	38	24.3591	85.2019
Kewal Khas	38	24.2710	85.0027
Kenardih	34	24.7559	85.2601
Kendua	34	24.8285	85.3658
Keharia	34	24.8528	85.4174
Kena	34	24.9693	85.4989
Kenar Fatehpur	34	24.7367	85.2608
Kendua	34	24.6900	85.4031
Kendua	34	24.6460	85.4627
Kehduia	34	24.6470	85.3424
Kewal Kurha	34	24.6080	85.3198
Kendua	34	24.6551	85.2504
Ketra	34	24.6405	85.2551
Kewal	34	24.5726	85.2958
Kendua	38	24.3729	85.2688
Kendua	38	24.3343	85.3167
Kesath	38	24.3646	85.3098
Kedli Kalan	38	24.3925	85.3075
Kedli Khurd	38	24.3941	85.3066
Kedarut	38	24.2523	85.3776
Keola	38	24.3384	85.3479
Keola	38	24.2282	85.3116
Kesura	38	24.0007	85.4297
Kelgote	19	14.2219	76.4119
Kereyagalahalli	19	14.0152	76.3756
Kelgote	19	14.2437	76.5272
Kenganahalli	19	14.8923	76.6117
Kelaginahatti	19	14.7610	76.7260
Kenchamanhalli	19	14.2676	76.6934
Kereyagalahalli	19	14.4736	76.6485
Kelaginakanave	19	14.9489	76.7598
Keregondapura	19	14.8816	76.7923
Kelanganahalli	02	14.9170	76.9486
Kenkere	02	14.0456	76.9884
Kestur Koppal	19	12.4661	76.3013
Kestur	19	12.4591	76.3010
Keriyuru	19	12.4019	76.3495
Kempegaudana Koppal	19	12.4500	76.4582
Kempanahalli	19	12.3791	76.4411
Keota	34	26.4350	86.0512
Kendua	34	24.9154	85.5331
Kewal Bigha	34	24.9316	85.6517
Kendua	38	24.2907	85.5056
Keshopur	34	26.3015	86.0552
Keolpatti	34	26.4384	86.1806
Kewan	34	26.4112	86.1783
Kedambadi	19	12.7088	75.2637
Kelagina	19	12.5522	75.2788
Kelaginachakote	19	12.5287	75.2826
Kenanje	19	12.5613	75.3167
Keyyuru	19	12.6916	75.2996
Kelsikotte	19	12.5542	75.3923
Kenchanahalu	19	13.9768	76.0392
Kerwakothi	34	26.0765	86.0709
Kenchapura	19	13.9248	76.0808
Kewatna	34	26.2794	86.4058
Kenkurubarahatti	19	13.5071	76.1174
Keresante	19	13.4772	76.1333
Kenkerehalli	19	13.3868	76.1349
Kenganahalli	19	13.2873	76.1498
Kenchenahalli	19	13.3601	76.1479
Kempasagara	19	13.3877	76.2347
Kempegaudanahalli	19	13.2486	76.0260
Kerekodihalli	19	13.2371	76.0520
Kelavatti	19	13.1369	76.1244
Kellodu	19	13.7557	76.3133
Kenkere	19	13.9217	76.3813
Kenchenahalli	19	13.3050	76.2627
Kelamgere Woddarahatti	19	13.2911	76.2746
Kelamgere	19	13.2833	76.2874
Kerebandipalya	19	13.3474	76.3923
Kedihalli Ramanapalya	19	13.3369	76.3680
Kenchemaranahalli	19	13.3285	76.4030
Kengalapurapalya	19	13.4665	76.4291
Kengalapura	19	13.4749	76.4301
Kedlipatti	34	26.0222	86.4685
Kelaginabettangay	19	12.4843	75.3555
Keton	34	26.0061	86.7892
Keshrora	34	25.7943	86.1105
Kewathar	34	25.8054	86.2090
Kewal	34	25.6175	86.1939
Kesabe	34	25.4249	86.0764
Ketni	40	19.4609	79.9022
Keri	19	12.8380	75.7377
Kesganhalli	19	12.9102	75.7438
Kenchanahalli	19	12.7867	76.1075
Kesavapura	19	12.7818	76.1396
Kenchattavalli	19	12.9962	76.1552
Kelaganakoppal	19	12.9825	76.1131
Keremundanakoppal	19	12.9934	76.2066
Kesarkere	19	12.4914	76.0315
Kesavattur	19	12.6610	76.0075
Kerehosahalli	19	12.6429	76.0392
Keragodu	19	12.5507	76.1265
Kettavalu	19	12.6393	76.1295
Keragodu	19	12.7185	76.1791
Kedaga	19	12.5422	76.2253
Kempinkote	19	12.9071	76.5138
Kesavanakatte	19	12.7833	76.6017
Kelagere	19	12.9183	76.7172
Kenchagonahalli	19	12.8700	76.6755
Kelganhalli Koppal	19	12.4536	76.1558
Kelganhalli	19	12.4493	76.1649
Kempegaudan Koppal	19	12.4927	76.2039
Kellur	19	12.4339	76.2289
Keremegal Koppal	19	12.4047	76.2242
Keremegalkoppal	19	12.5681	76.5342
Kenchanahalli	19	12.5323	76.6374
Keninegaudana Koppal	19	12.4629	76.5657
Kennalu	19	12.4741	76.6746
Kesare	19	12.3550	76.6702
Kempanahundi	19	12.3365	76.7494
Keragalli	19	12.2828	76.5894
Kembalu	19	12.1250	76.5862
Kempasiddarahundi	19	12.1424	76.6958
Kempapura	19	12.0842	76.6973
Kerehundi	19	12.0622	76.6578
Kerechikkenahalli	19	12.9193	76.3933
Kegdichivadi	16	15.8660	74.0380
Ker	16	15.7887	74.0237
Kendre-budrukh	16	15.7615	74.1921
Kendre-khurd	16	15.7590	74.1749
Kervadi	16	15.9585	74.2448
Keremegalakoppal	19	12.8940	76.8087
Kenchegaudanakoppal	19	12.8513	76.8042
Kelabari	34	25.6949	86.2542
Keremelinapalya	19	12.9645	76.9403
Keshopur	34	25.3060	86.4878
Kenchanahalli	19	12.7036	76.7907
Kebbahalli	19	12.6146	76.8194
Kenchegaudanakoppal	19	12.5203	76.8566
Kebbahalli	19	12.6305	76.8844
Keregodu	19	12.6376	76.9142
Keremarkadadoddi	19	12.6376	76.9794
Kempayyanahundi	19	12.2997	76.7722
Kebbehundi	19	12.2582	76.9099
Kempegaudana Koppal	19	12.3983	76.9154
Keremegal Koppal	19	12.4390	76.8809
Kempegaudan Koppal	19	12.3374	76.9243
Kempanapura	19	12.3073	76.9707
Kempegaudanahundi	19	12.2416	76.8486
Ketahalli	19	12.1880	76.9028
Kerehatti	19	12.1866	76.9070
Kendana Koppal	19	12.2203	76.9154
Kebbehundi	19	12.2287	76.9519
Kempanapura	19	12.0123	76.9899
Kesavaram	40	15.9177	77.6281
Kendwatari	34	25.0027	86.4686
Keshabnagar	34	25.5070	86.6428
Keonta	34	25.5408	86.6874
Kenaganahalli	19	12.8420	75.8130
Kelgalale	19	12.9866	75.7987
Kendanmane	19	12.9710	75.8444
Kelvalli	19	12.8767	75.8487
Kerodi	19	12.8146	75.8533
Keraganahalli	19	12.7979	75.8923
Kelakodli	19	12.8203	75.8871
Kerekodli	19	12.7980	75.9038
Kerekeri	19	12.7814	75.9118
Kenchanhalli	19	12.9291	75.9590
Kenchanhalli	19	12.9657	75.9557
Kenchanhallipura	19	12.9739	75.9383
Kelgalali	19	12.7521	75.9449
Kerehalli	19	12.7350	75.8970
Kenkere	19	12.7063	75.8870
Kerehalli	19	12.7247	75.7853
Kesavapuram	02	15.5012	77.9453
Kesauli	34	25.0492	86.5503
Kenua	34	25.0117	86.6048
Kendua	34	25.1747	86.6006
Kenli	34	25.0342	86.6959
Kesavanayanipeta	02	15.1096	77.8122
Kengunta	02	14.8350	77.0161
Kenchanahalli	02	14.6701	77.0494
Kenchampalle	02	14.2562	77.0820
Kechua	34	25.8533	86.8510
Kewatgawan	34	25.9677	86.9800
Keshopur	34	25.6045	86.9084
Kenui	34	24.9197	86.0709
Kendih	34	24.8690	86.2206
Kerakado	34	24.8214	86.2471
Kesripur	36	27.4578	80.5065
Kesripur	36	27.4192	80.5632
Keecheri	13	11.9626	75.5981
Kevlarijagannath	35	22.3327	79.2754
Kevlari	35	22.3360	79.3715
Keloth	13	11.8935	75.8135
Keraladhiswarapuram	13	10.9512	75.8852
Kenchevadi	16	15.9935	74.2503
Kednur	19	15.9564	74.4794
Kemra	36	26.1472	79.0052
Kelia	36	26.0579	79.0987
Keolari	36	26.1074	79.2093
Kelga	36	26.2235	79.0408
Keshampur	36	26.5350	79.4723
Kerambori	16	19.7017	79.0019
Kergaon	16	19.6984	79.0388
Kesuladapalli	40	18.6325	79.2853
Kedrapet	40	18.6094	79.2506
Kesapuram	40	18.4429	79.3778
Kesapuram	40	18.3089	79.4580
Kesavapur	40	18.0802	79.2536
Kesaram	40	18.7039	79.5722
Kesanapalli	40	18.5314	79.6248
Kesavapuram	40	18.1116	79.5391
Kechchinabandi	19	15.0704	76.2445
Kerehalli	19	15.3763	76.3127
Kenchatnahalli	19	15.1469	76.2997
Kesavarammanahandi	19	15.1016	76.2603
Kedamullur	19	12.2032	75.7568
Kelapandra	19	12.1679	75.8641
Kengal	19	15.6789	76.8727
Kenchanguddam	19	15.6145	76.8552
Kedula	19	12.7027	75.5016
Kedla	19	12.6350	75.6098
Kenchenhatti	19	15.9838	74.5959
Kesapanhatti	19	15.9972	74.8062
Kengeri	19	15.8939	74.9274
Kenganur	19	15.7454	74.8708
Kervadi	19	14.8885	74.2614
Kesarmane	19	14.7777	74.2802
Kelgin Ben	19	14.7522	74.2930
Kelginkeri	19	14.3597	74.4493
Kekkar	19	14.3786	74.4619
Kelasi	19	14.8416	74.6880
Kemmanjaddi	19	14.9103	74.7132
Kekod	19	14.4976	74.5161
Keppangadde	19	14.4297	74.5054
Keshvalli	19	14.6314	74.5140
Keshvalli	19	14.6162	74.5208
Kesingadde	19	14.6183	74.6978
Kepge	19	14.6375	74.6912
Keregadde	19	14.7129	74.6938
Keremane	19	14.7438	74.7062
Kesupal	19	14.3302	74.5230
Kerekon	19	14.3278	74.5052
Kenchugar	19	14.3013	74.5356
Kembal	19	14.2728	74.5874
Kerekuli	19	14.3454	74.6668
Kesranikop	19	14.4947	74.6734
Kesrala	19	14.4798	74.7130
Kerekanu	19	14.3288	74.7092
Kelgin Sasi	19	14.3215	74.7256
Keremane	19	14.3084	74.7413
Kemmannagadde	19	13.9729	74.5952
Kesani	19	13.9330	74.6174
Kesaikodi	19	13.9228	74.5880
Kekkod	19	13.9778	74.6464
Kelakambali	19	13.8511	74.6932
Kelabailu	19	13.7593	74.6724
Kenji	19	13.7722	74.7145
Kedigemane	19	13.7860	74.7250
Keretur	19	13.9199	74.6711
Kelarkalabettu	19	13.3854	74.7283
Ker	34	24.9926	84.7781
Kewaltoli	38	24.5118	84.2973
Kewalhatola	34	24.5484	84.3414
Keshwarbigha	34	24.6633	84.3820
Kesaur	34	24.6343	84.4208
Ketaki	34	24.6230	84.4593
Kerki	34	24.8177	84.7498
Kekara	34	24.7967	84.7586
Kehora	34	24.9118	84.9061
Kesho Bigha	34	24.9406	84.8979
Kesru Dharampur	34	24.8535	84.9398
Kewali	34	24.8299	84.9565
Kesho Bigha	34	24.7740	84.9217
Keturi	34	24.7035	84.7759
Keshopur	34	24.6993	84.7870
Kendua	34	24.6111	84.7582
Kesapi	34	24.5187	84.9107
Kedar Bigha	34	24.5963	84.9965
Kerwa	34	26.5593	85.8638
Kesli	34	26.5012	85.9583
Keola	34	26.3484	87.0270
Keblachha	34	26.0532	87.2312
Kelabari	34	26.4195	87.5400
Kelabari	34	26.3024	87.9861
Kelabari	34	25.5739	87.0200
Kemai	34	25.6445	87.1780
Keshopur	34	25.1203	87.1887
Kewan Chak	34	25.1159	87.1907
Kewan	38	25.0338	87.1834
Kendua	38	25.0029	87.2109
Kendua	38	25.0427	87.3371
Keshopur	34	25.2266	87.3045
Kesgaria	38	25.0223	87.4029
Kendua	38	25.1130	87.4007
Keola	34	25.8528	87.5061
Kema	34	25.9705	87.6122
Ketuka Bikram	34	25.9656	85.0030
Kesritola	34	25.9487	85.0066
Keshopur	34	25.9549	85.1312
Keshopur	34	25.8833	85.1192
Kesarpur	34	25.7624	85.0459
Keora	34	25.4374	85.0726
Keorha	34	25.3729	85.0605
Kewali	34	25.3818	85.0661
Kesho Chak	34	25.3523	85.0112
Kesho Chak	34	25.3425	85.2097
Kelabari	34	25.6254	87.5771
Keotia	34	25.5422	87.6886
Kendua	38	25.1663	87.5212
Kendua	38	25.0836	87.6001
Keraiya	38	25.1019	87.5939
Kerwatola	38	25.0162	87.6498
Kerojori	38	25.0362	87.6818
Kendua	38	25.1139	87.6622
Kendua	38	25.0361	87.7241
Kelabari	34	25.6921	87.7751
Kelabari	34	25.4884	87.7627
Kerwar	38	24.9460	87.2158
Kesripahar	38	24.7114	87.5212
Kendua	38	24.7311	87.7245
Kendua	38	24.6247	87.7446
Kendoahari	38	24.2717	87.5667
Kendua Bara	38	24.4537	87.6132
Keam Chak	34	25.0418	85.0033
Kewla	34	25.0592	85.0996
Kewali	34	25.1524	85.1028
Keshopur	34	25.2328	85.1725
Kewai	34	25.1137	85.2023
Keur	34	25.0564	85.1816
Kewari	34	25.0426	85.1817
Keawali	34	25.0211	85.2393
Kendsaral	28	24.0859	87.5284
Kendpahari	28	24.0813	87.5832
Kendpahari	38	24.2318	87.6266
Kendera	28	24.0290	87.7017
Kestara	28	24.4229	87.8644
Kele	28	24.2304	87.9369
Kelai	28	24.1714	87.9825
Kesedanga	28	24.0896	87.9522
Keshopur	34	25.9601	85.3705
Keshopur	34	25.2887	85.3368
Kewai	34	25.3323	85.3527
Kesri Bigha	34	25.0757	85.4038
Kedu Bigha	34	25.1866	85.3874
Kewaidih	34	25.2148	85.4447
Kewai	34	25.2110	85.4415
Keshopur	34	25.9378	85.5751
Kewal Bigha	34	25.4193	85.6077
Keshavpura	35	21.9183	75.8962
Kedava	35	21.8942	75.9245
Kethvanahatya	40	16.4712	79.0099
Kekat	16	20.8232	75.7174
Ketavaram	02	16.6456	79.9695
Kesawapur	40	17.5881	78.6901
Kewadigudem	40	17.2516	78.8459
Kelan ka Par	24	25.5633	70.7229
Kelabari	34	26.0193	87.5864
Kesarra	34	26.1625	87.6856
Kel Amori	39	29.2382	80.0630
Kendri Kot	39	29.1867	80.2085
Kehwa	36	27.9984	80.1908
Keoti Khwajgipur	36	27.0973	80.1476
Keralasseri	13	10.8296	76.4980
Keshabpur	28	22.6123	88.2005
Kelsula	16	19.8498	77.3086
Kempalyankunta	19	13.7074	77.8876
Kerekalaganahalli	19	13.7106	77.7830
Kempanahalli	19	13.5240	77.8452
Kempanhalli	19	13.4459	77.8625
Keshavara	19	13.3870	77.8231
Keshavapur	19	13.3730	77.8379
Kempadenhalli	19	13.3760	77.9888
Kempanhalli	19	12.9553	77.1024
Kempasagara	19	12.9445	77.1795
Kebbepalya	19	12.9709	77.2363
Kempanhalli	19	12.9256	77.0308
Kempanhalli	19	12.8440	77.1448
Kenchanhalli	19	12.8444	77.1116
Kemplapur	19	12.8161	77.0305
Kebhalli	19	12.8364	77.0112
Kenkere	19	12.8187	77.0112
Kebhalli	19	12.7699	77.0722
Kelgeri	19	12.7278	77.1364
Kempegowdandoddi	19	12.5287	77.1164
Kembutkeri	19	12.4293	77.1109
Kempanpalaiyam	19	12.1322	77.1260
Kesturu	19	12.0950	77.0217
Kemmalipuram	19	12.1893	77.1565
Kempaguddanhalli	19	12.9514	77.3411
Kenchenpur	19	12.9581	77.4516
Ketohalli	19	12.9072	77.4031
Kengeri Manavarri Kaval	19	12.8572	77.4726
Kempadevanhalli	19	12.8665	77.3545
Kenchanpalya	19	12.8539	77.2999
Kempavaderhalli	19	12.8541	77.2853
Ketvalli	19	12.7525	77.3369
Kempanhalli	19	12.7684	77.3608
Ketiganhalli	19	12.8132	77.3909
Kenchankuppi	19	12.7954	77.3756
Kempainadoddi	19	12.7409	77.2799
Kempegowdanpalya	19	12.7499	77.4290
Kempanhalli	19	12.7204	77.4302
Kemmasettidoddi	19	12.7434	77.4295
Kebbadoddi	19	12.7044	77.2554
Kempegowdandoddi	19	12.6720	77.3127
Kempandoddi	19	12.6322	77.4107
Kenchikalandoddi	19	12.5172	77.3934
Kebbehalli	19	12.4730	77.4601
Kempaigaudandoddi	19	12.4167	77.4033
Kempaiyandoddi	19	12.4170	77.2701
Kempaigaudandoddi	19	12.4162	77.2853
Kemmalu	19	12.4405	77.3091
Kenchayyandoddi	19	12.0868	77.3805
Kempienhatti	19	12.0350	77.4294
Kempavaderhalli	19	12.7397	77.6881
Kembatti	19	12.6644	77.7228
Kenkerpalya	19	12.6156	77.5173
Kempathipalli	25	12.5297	77.5950
Kengainatta Golhalli	19	12.5084	77.5396
Kestur	25	12.2359	77.5216
Ketavaram	02	15.7414	78.1566
Kesinayanipalle	02	15.0794	78.1700
Kesavapuram	02	15.0728	78.9589
Kesavulunayunikottala	02	14.9961	78.9213
Kesavapuram	02	14.9313	78.9309
Kesavapuram	02	14.7803	78.8051
Ketareddipalle	02	14.0460	78.8187
Kethaganahalli	19	13.3150	78.2283
Kembattinahalli	19	13.2523	78.1267
Kembodi	19	13.1456	78.2039
Kendatti	19	13.1330	78.0358
Kempasandra	19	13.0158	78.1117
Kenchapura	19	13.0781	78.1773
Ketireddivaripalle	02	13.9153	78.4434
Kempareddigarapalli	19	13.5252	78.2988
Kempapura	19	13.2194	78.4782
Kenchanahalli	19	13.2065	78.4402
Kempapura	19	13.1020	78.3098
Kerasamangala	19	13.2201	78.5147
Kenganapalle	02	13.4273	78.6259
Kelavati	02	13.3502	78.6930
Kehuniya	34	27.2533	84.2686
Keshonarayanpur	34	25.6866	85.5965
Kesargeri	19	12.8530	77.9811
Kelavarapalli	25	12.7556	77.8725
Kempasandiram	25	12.7918	77.8825
Keratagiri	25	12.5896	77.7845
Kemmapalli	25	12.5543	77.8810
Kempiranapalli	25	12.6544	77.9904
Kempakerai	25	12.2735	77.8264
Keraihalli	25	12.0150	77.8016
Kempanhalli	19	12.9978	78.0643
Kempanhalli	19	12.9933	78.0665
Kettur	19	12.9860	78.2107
Kesaranhalli	19	12.9670	78.2057
Kelkoppa	19	12.9663	78.1926
Ketganhalli	19	12.8986	78.2163
Keraikodihalli	25	12.2865	78.1975
Kerekodihalli	25	12.2090	78.1659
Kerekodihalli	25	12.0551	78.1527
Kemputimmanahalli	19	12.9383	78.2995
Kempapura	19	12.8677	78.3059
Kempapuram	02	12.8663	78.4908
Kempasamudram	02	12.9200	78.4830
Kempinayanipalli	25	12.6015	78.3377
Kechaliganur	25	12.6186	78.3329
Kedakkarahalli	25	12.0763	78.2695
Ketureddippatti	25	12.0212	78.3016
Keraikodahalli	25	12.1058	78.3462
Kettandapatti	25	12.6197	78.5696
Kedakaranur	25	12.3029	78.6002
Kerakutti	25	12.7578	78.8969
Ketunayakkampatti	25	12.2336	78.6004
Kempalnatta	19	12.3956	77.5350
Kempligamdoddi	25	12.3629	77.7241
Kellampalle	02	15.8183	79.7434
Kellampalle	02	15.5570	79.6870
Kesampalli	02	14.7101	79.0396
Kenkater	02	14.1644	79.1864
Ketarazupalli	02	14.1069	79.2298
Kesamanenipalli	02	14.4361	79.5282
Kesavaram	02	14.0608	79.9612
Ketarivaripalli	02	13.7505	79.0580
Keravapalli	02	13.2571	79.0306
Kesavarajakuppam	02	13.3872	79.3954
Ketumalmaharajupuram	02	13.3843	79.4552
Kesavarajupuram	02	13.3256	79.4470
Kesavanankuppam	25	13.0434	79.3808
Kesavarajukuppam	25	13.2930	79.5307
Kezhanattam	02	13.3016	79.5426
Kemparapalem	02	13.4150	79.5931
Kesavapuram	25	13.0953	79.6099
Kesavapuram	02	13.2408	79.7375
Kengulukandigai	25	13.2690	79.7733
Kerukambakkam	25	13.2657	79.9278
Keular	25	13.2106	79.7756
Kesavanallattur	25	13.0947	79.8629
Kelur	25	12.5975	79.1457
Kemparajapuram	25	12.9762	79.2647
Kesavapuram	25	12.9780	79.3460
Kenippattu	25	12.1766	79.6091
Kenippattu	25	12.0696	79.7322
Kesvarayampettai	25	12.4292	79.8189
Kesavanayakkanpalaiyam	25	12.1836	79.8956
Kelottor	13	11.7727	76.0673
Kenchanhalli	19	11.9111	76.3202
Kemrakulli	13	11.6310	76.3202
Kellupur	19	11.9742	76.5550
Kebbepur	19	12.0000	76.7410
Kelsur	19	11.8373	76.7483
Kelsurpur	19	11.8252	76.7414
Kekkanhalla	19	11.6197	76.5899
Kebbepur	19	11.7074	76.7024
Keraipadu	25	11.2656	76.6247
Kechigahatti	25	11.2640	76.6341
Kengodumund	25	11.4664	76.6339
Kengal	25	11.4757	76.7371
Kerayada	25	11.3752	76.7150
Kekkatti	25	11.3699	76.7451
Kettithorai	25	11.3522	76.7460
Kendola	25	11.3281	76.7358
Kenjikalhundi	25	11.3876	76.6143
Kerihalli	19	11.9913	76.8047
Kethalli	19	11.9226	76.7940
Kengaki	19	11.8915	76.7757
Kellamballi	19	11.9792	76.9111
Kerrymanad	25	11.5024	76.9040
Kengamudi	25	11.4524	76.7557
Kendorai	25	11.4380	76.7511
Kervenu	25	11.4048	76.8308
Kesalhada	25	11.3919	76.8584
Kervenu	25	11.4200	76.8461
Kerbetta	25	11.4284	76.8741
Kechakatti	25	11.4454	76.8536
Kerkambe	25	11.4650	76.8730
Kengarai	25	11.4144	76.9277
Kempanur	25	11.0096	76.8377
Kecheri	13	10.6186	76.1215
Kebala	34	25.3873	87.5794
Kebala	34	25.4259	87.7061
Kehunia	34	25.4535	87.7025
Keshopur	34	25.4205	87.7320
Keralassheri	13	10.8215	76.5108
Kelachampallam	13	10.8352	76.7197
Kendagara	13	9.3968	76.4350
Kelamangalam	13	9.3622	76.4266
Kesavapuram	13	8.7598	76.8555
Kelamangalam	13	8.5629	76.9376
Kechchankinarpudur	25	11.2477	77.0283
Kempanayakkanpalaiyam	25	11.2087	77.0721
Kelapuram	13	8.9438	76.6549
Kedappalli	13	8.9724	76.7356
Kempanayakkanur	25	11.6771	77.2803
Kemmanimadai	25	11.6122	77.4843
Kettampalaiyam	25	11.1379	77.3455
Kemmampatti	25	11.7468	77.7457
Kemmayampatti	25	11.5818	77.6409
Kettanayakkanur	25	11.5114	77.5446
Kesarimangalam	25	11.5423	77.7247
Kenipalaiyam	25	11.2612	77.5024
Kerekodihalli	25	11.9410	77.8491
Kelakad	25	10.1141	77.2390
Kettanur	25	10.9149	77.2654
Kettanur	25	10.8242	79.3709
Keralandan	25	10.7032	79.6571
Kerandi	25	10.6638	79.8033
Kendudhipi	21	20.5012	84.8149
Kendupalli	21	20.4430	84.9952
Kenduabida	21	20.3732	84.9780
Kendupalli	21	20.0845	84.7963
Kendubania	21	20.0696	84.8290
Kendupalli	21	20.0159	84.8299
Kendupalli	21	20.0193	84.8603
Kepti	21	20.0543	84.8692
Kersing	21	20.1136	84.8568
Kesanda	21	20.1559	84.8856
Kendubania	21	20.1721	84.9203
Kemo	38	23.8521	85.0854
Kenduatanrtoli	38	23.8057	85.0428
Kerendari	38	23.8661	85.0940
Keri	38	23.8625	85.1939
Kedal	38	23.6051	85.0070
Kedli	38	23.6221	85.1423
Kewtia	38	23.5060	85.1986
Keskani	38	23.4592	85.1275
Kesa	38	23.3230	85.0431
Kesaro	38	23.3344	85.1709
Kelande	38	23.3008	85.2096
Kenke	38	23.2792	85.1883
Kedli	38	23.2418	85.1213
Keratoli	38	23.1669	85.1196
Kekuatoli	38	23.0152	85.1197
Keratoli	38	23.0005	85.0130
Kenduatoli	38	23.6875	85.4619
Kesarbera	38	23.5114	85.3992
Kenduatoli	38	23.4418	85.4197
Kewali	38	23.3178	85.4074
Kedlatoli	38	23.1964	85.4425
Kedatoli	38	23.1801	85.4697
Keduatoli	38	23.1342	85.3020
Kendua Sokra	38	23.0938	85.4511
Kerra	38	23.0208	85.4979
Keke Basaudih	38	23.7982	85.4986
Kenduatoli	38	23.7350	85.7059
Keri	38	23.7117	85.7315
Kewattoli	38	23.6122	85.6941
Kenduatoli	38	23.5892	85.6662
Kenke	38	23.5577	85.7136
Kendoadih	38	23.4537	85.7217
Kedanitoli	38	23.1531	85.5341
Kesaribera	38	23.0138	85.5435
Kenduatanrtoli	38	23.9416	85.8851
Kelujangtoli	38	23.9036	85.8024
Kesgara	38	23.9166	85.9411
Kenduaberatoli	38	23.8924	85.9722
Keswari	38	23.7309	85.8871
Keroyari	28	23.3905	85.9127
Kendwadih	38	23.3232	85.8752
Kendwadih	28	23.3248	85.9287
Keotiya	28	23.2955	85.9355
Kendwadih	28	23.2705	85.9631
Kendaenda	38	23.0772	85.9908
Kedwadih	38	23.0178	85.9557
Kerauratoli	38	22.9013	85.0957
Kendtoli	38	22.9277	85.1069
Kelo	38	22.8248	85.0988
Kerdke	38	22.8238	85.1812
Keondgaratoli	38	22.6045	85.0753
Keondtoli	38	22.5974	85.0772
Kechrogarhatoli	38	22.6006	85.0220
Keongutu	38	22.5083	85.0411
Kendari	38	22.4224	85.0817
Kedaljhora	38	22.9754	85.3052
Kesal	38	22.8911	85.2643
Kerahassa	38	22.8009	85.2812
Keora	38	22.9150	85.3791
Kewal	38	24.3282	84.7979
Kewal	38	24.2861	84.7725
Kenrimoh	38	24.3611	84.9105
Ketaribai	38	24.3639	84.8320
Kewaliatola	34	24.4170	84.8925
Kedli Kalan	38	24.4265	84.8207
Kedli Khurd	38	24.4356	84.8302
Kenduadih	34	24.4781	84.8543
Kendua	38	24.3407	84.7737
Keola	38	24.4517	84.8282
Kendua	38	24.1647	84.9972
Kentai	38	22.7410	85.3476
Kebra	38	22.5688	85.3091
Kerabir	38	22.6579	85.4349
Kendua	38	22.1565	85.6205
Keshopur	34	25.3524	86.5294
Kendua	38	24.2167	86.8164
Kendrasol	38	24.2353	86.9009
Kendua Chak	38	24.2031	86.9106
Kenjora	38	24.1278	86.9080
Kenddangal	38	24.0649	86.9205
Kenddangal	38	24.0310	86.9582
Kewaltanr	38	23.7694	84.0946
Kechki	38	23.9256	84.1523
Kewatbar	38	23.9745	84.1716
Kerabar	38	23.1897	84.2282
Kereng	38	23.2038	84.1799
Kenadipatoli	37	23.0949	84.0192
Kerakona	37	23.0773	84.1263
Kendora	37	23.0313	84.0019
Kerimahua	38	23.8328	84.3577
Kerakhariatoli	38	23.8593	84.4954
Kend	38	23.7828	84.4943
Kerar	38	23.5978	84.4728
Kedli	38	23.2563	84.3621
Kemte	38	23.0054	84.3350
Kesratoli	38	23.0173	84.3409
Kerangi	38	23.1091	84.4336
Kerki	38	23.0873	84.4901
Keona	38	23.0522	84.4296
Kejiatanr	38	23.8433	84.6064
Kenru	38	23.9005	84.5832
Kenru	38	23.7153	84.5232
Keradih	38	23.6491	84.5413
Kekrang	38	23.5134	84.5890
Kendwahi	38	23.7095	84.5939
Kendtoli	38	23.4633	84.6276
Kentoli	38	23.1908	84.5329
Kesipara	38	23.0058	84.6332
Keratoli	38	23.1103	84.7382
Keluga	38	23.0251	84.7309
Kenduatanrtoli	38	23.9616	84.8132
Keri	38	23.7729	84.9137
Kendu	38	23.9967	84.8967
Kekrahitoli	38	23.6640	84.8401
Kenduatanrtoli	38	23.6531	84.8271
Kenduatanrtoli	38	23.6336	84.8068
Keratoli	38	23.4898	84.9188
Kenabhitha	38	23.2466	84.9545
Kedli	38	23.0338	84.7882
Kewattoli	38	23.0620	84.9836
Kerakona	37	22.9222	84.0895
Kesratoli	37	22.8481	84.0758
Kere	37	22.8196	84.0724
Keundpani	37	22.7621	84.1104
Kesra	37	22.8394	84.0907
Keundkhamand	37	22.7769	84.2474
Keondtoli	37	22.7313	84.0730
Kendhapani	37	22.6469	84.0028
Kendutoli	38	22.5369	84.1404
Kerakachhar	38	22.5983	84.0987
Keondpani	37	22.7469	84.2025
Kendkasa	38	22.6003	84.2478
Kersai	38	22.5282	84.2284
Kethar	37	22.8359	84.2720
Keunddanr	38	22.7859	84.3084
Kesra	38	22.8477	84.3411
Keradih	38	22.9833	84.3977
Keratoli	38	22.8494	84.4962
Keradanr	38	22.8440	84.4437
Kesaltoli	38	22.6293	84.2730
Kelatoli	38	22.5488	84.3278
Keonjhi	38	22.6571	84.3596
Kesalpur	38	22.7097	84.3972
Keonddih	38	22.7415	84.4576
Keondtoli	38	22.6950	84.4232
Kesartoli	38	22.5881	84.4730
Kewandtoli	38	22.8181	84.6582
Kesidih	38	22.8421	84.6166
Kendtoli	38	22.8168	84.6638
Kerea	38	22.4616	84.5806
Kechhupani	38	22.4355	84.6762
Kelga	38	22.8438	84.7780
Kewandtoli	38	22.8011	84.8298
Keondtoli	38	22.8662	84.8657
Kemtatoli	38	22.8675	84.8555
Keondtoli	38	22.7821	84.8907
Ketka	38	22.7831	84.9375
Kenaloya	38	22.9490	84.9934
Keratoli	38	22.6401	84.7859
Keluga	38	22.5583	84.8327
Kewarkata	38	22.6372	84.8439
Kenduda	38	22.6318	84.9318
Kebetang	38	22.5918	84.9474
Kendmal	21	21.7784	84.1139
Kelda	21	21.8519	84.1136
Kelendamal	21	21.8680	84.1173
Kendupali	21	21.8267	84.1448
Kesarbud	21	21.8366	84.2291
Kendudihi	21	21.8487	84.2223
Kendupara	21	21.9813	84.2022
Kewatdihi	21	21.6637	84.0557
Kendihi	21	21.6552	84.0779
Kechilapuram	25	9.1344	77.7290
Kesavapuram	25	8.3421	77.2650
Kesavanericheri	25	8.2911	77.4530
Kesavanpudur	25	8.1194	77.4190
Kesavaneri	25	8.5372	77.5713
Kesavasamudram	25	8.6691	77.5881
Kesavaneri	25	8.4026	77.5770
Kelayapuram	25	8.3605	77.6310
Kettiyapatti	25	10.5025	78.0117
Kechchanipatti	25	10.5025	78.0770
Kesaneri	25	10.0088	78.0811
Kesanambalakkaranpatti	25	10.5044	78.3012
Kesampatti	25	10.1506	78.2984
Keshappatti	25	10.7497	78.5469
Kesarappatti	25	10.3047	78.5256
Kettunayakkanpatti	25	9.5482	78.2138
Kechchilapuram	25	9.0214	78.1999
Keppanur	25	9.6803	78.4519
Kevuripatti	25	9.8949	78.5584
Kevuripatti	25	9.5179	78.5163
Kenkondan	25	9.4711	78.7267
Kesani	25	9.9741	78.9342
Kettavilai	25	8.3639	77.9597
Kettampatti	25	10.8335	77.9758
Kedaiyurumbu	25	10.5059	77.8231
Kedaiyurumbu	25	10.5066	77.8343
Kechchanippatti	25	10.4649	77.9121
Kendichchampatti	25	10.2747	77.8995
Kendayampatti	25	10.3127	77.8713
Kettayakavundanpatti	25	10.2720	77.8826
Kesingan	25	11.1760	79.5820
Kenjampatti	25	9.9212	77.3338
Kelayur	25	11.8285	78.3088
Keddamalai	25	11.5473	78.2724
Keriyalur	25	11.8177	78.7158
Kerlambadi	25	11.8473	78.7683
Kenchammanahalli	19	14.2172	77.0155
Kera	38	22.7414	85.5622
Keribanda	38	23.7647	85.4739
Kenbaid	38	22.4628	85.4048
Kentra	38	22.4982	85.3617
Kenke	38	22.7737	85.6650
Kera Khas	38	22.7361	85.5667
Kebetkura	38	22.5596	85.5326
Kendo	38	22.6840	85.6343
Kenjra	38	22.4129	85.6712
Kendua	38	22.7574	85.9345
Ketalbera	38	22.9429	85.8796
Kedardih	38	22.9529	85.9546
Kedlakocha	38	22.8835	85.9842
Kendusai	38	22.6446	85.7917
Kendmundi	38	22.6070	85.8590
Keshargaria	38	22.5857	85.9344
Kesumdih	38	22.6986	85.8843
Keshargaria	38	22.6152	85.9906
Kerugot	38	22.5298	85.9429
Kelendeh	38	22.4827	85.8015
Kendoposi	38	22.4662	85.7983
Kerahari	38	22.3508	85.8654
Kesna	38	22.1230	85.8299
Kesna	38	22.0554	85.8734
Kerjanga	21	21.4155	85.2336
Kelaposi	21	21.4608	85.1709
Kenduberini	21	21.2219	85.0350
Keutamunda	21	21.2240	85.1465
Kendudi	21	21.9947	85.2716
Kendudi	21	21.7619	85.2651
Keondghati	21	21.7704	85.4046
Kesra	21	21.5814	85.4242
Kendumunda	21	21.1538	85.3260
Kendua	21	21.8555	85.6554
Kendupasi	21	21.7105	85.5331
Kespang	21	21.7369	85.5822
Kemsara	21	21.6899	85.6261
Kendua	21	21.6858	85.6439
Keri	21	21.6832	85.7155
Kerjori	21	21.1157	85.5573
Kerang	21	21.1955	85.6539
Kendua	21	21.9851	85.7624
Kerkera	21	21.8129	85.9362
Kerkera	21	21.8063	85.9295
Kenduposi	21	21.6827	85.7928
Ketang	21	21.5070	85.8718
Kenduapara	21	21.6769	85.8384
Kendujura	21	21.6612	85.9660
Kendujura	21	21.5821	85.9962
Kendumula	21	20.5107	85.0226
Kendupalli	21	20.4494	85.1014
Kendupalli	21	20.4349	85.2290
Kendupalli	21	20.3562	85.0725
Kendupalli	21	20.3359	85.2428
Kesharsingh	21	20.2340	85.1868
Kendupalli	21	20.1194	85.1945
Kesarpur	21	20.0575	85.1382
Kestpara	21	20.0799	85.1913
Kendudhip	21	20.0830	85.2214
Kespania	21	20.0214	85.1513
Kendupalli	21	20.0186	85.0413
Kesra	38	24.0367	85.6087
Kendua	38	24.2415	85.7091
Kendua	38	24.1942	85.7157
Kesodih	38	24.0396	85.6808
Kenduatanrtola	38	24.0119	85.6663
Kesho Chak	34	24.9408	85.7574
Kewali	34	24.8573	85.8082
Kenduadih	38	24.7043	85.8403
Kenduatanr	38	24.4988	85.9327
Kendua	38	24.3619	85.9409
Ketrusingha	38	24.3581	85.8011
Kendua	38	24.2739	85.9820
Keshwari	38	24.1878	85.8411
Keotapatti	34	26.2058	86.6869
Keskata	34	26.1587	86.6885
Kewatgawan	34	25.8012	86.3229
Kemraho	34	25.8068	86.4550
Kewtatanr	38	24.5891	86.0522
Kenduwa	38	24.5518	86.1323
Kendua	38	24.5731	86.1076
Kenduwatola	38	24.5424	86.2353
Kenduadih	38	24.2126	86.0335
Kenduwadih	38	24.0846	86.1937
Kenduwadih	38	24.0120	86.1827
Kesiatoli	38	24.0023	86.1434
Kenduatanr	38	24.0441	86.0915
Kesodih	38	24.1958	86.0319
Kenuhat	34	24.9887	86.3713
Kendua	34	24.7792	86.2889
Kewali	34	24.7621	86.2881
Kewal	34	24.8013	86.2550
Keshopur	34	24.8288	86.3402
Ketru Nawada	34	24.8418	86.3279
Keshopharka	34	24.7159	86.2905
Kendualbar	34	24.7352	86.3920
Kenduwakola	38	24.5212	86.2766
Keluadih	34	24.5894	86.4215
Kendubanwa	34	24.6051	86.4309
Kewal	34	24.6525	86.4961
Kerwatanr	34	24.6663	86.4953
Kenduatanr	38	24.3133	86.4054
Kesotanr	38	24.2584	86.2638
Kenduatanr	38	24.2315	86.3932
Kesotanr	38	24.2102	86.3530
Kenduwadih	38	24.2349	86.4286
Kenduatanr	38	24.1240	86.3830
Kenari	38	24.0609	86.4664
Kenduatanr	38	24.0093	86.4014
Kendghati	21	21.4536	84.0578
Keshi Dera	21	21.4586	84.1086
Kenduberni	21	21.4557	84.1838
Kesapali	21	21.2088	84.0213
Kendupali	21	21.1403	84.1246
Keutibahal	21	21.1084	84.2023
Kendudihi	21	21.9758	84.3007
Kesarbudi	21	21.7952	84.3970
Kendumal	21	21.8981	84.3959
Kendukhol	21	21.5563	84.3431
Kelda	21	21.7048	84.3295
Kelo	21	21.2984	84.4521
Kendukhunti	21	21.7388	84.5369
Kendukhupli	21	21.0624	84.4022
Kelakata	21	21.0340	84.3376
Kendukata	21	21.0369	84.3324
Kendumunda	21	21.0123	84.3109
Kerabahal	21	21.6366	84.6593
Kendaijuri	21	21.5039	84.5110
Kendughat	21	21.4692	84.6649
Keutaberni	21	21.2823	84.6817
Keloberni	21	21.2341	84.6475
Kendudih	21	21.8836	84.9666
Kendraposi	21	21.8319	84.9939
Keotanposh	21	21.7585	84.8298
Kenabitta	21	21.7568	84.9104
Kelo	21	21.7509	84.9312
Keo Donra	21	21.5217	84.9757
Kelda	21	21.6462	84.8899
Kesloga	21	20.9980	84.0494
Kenjhariapali	21	20.9702	84.0492
Kendupali	21	20.8507	84.0452
Keutipali	21	20.7626	84.0628
Keotipali	21	20.8614	84.1320
Kelgan	21	20.8736	84.1495
Ketapaju	21	20.5352	84.0515
Kerengeli	21	20.4373	84.0232
Kendriguda	21	20.4087	84.2240
Keriri	21	20.3756	84.2425
Kekringia	21	20.3456	84.0800
Kelapara	21	20.2968	84.0944
Kedamaha	21	20.2717	84.0990
Kelibali	21	20.1565	84.1996
Kendupali	21	20.8264	84.3117
Kelakata	21	20.7549	84.3411
Kesaripara	21	20.5490	84.3737
Kendasai	21	20.4321	84.3080
Kendugudari	21	20.2756	84.3233
Keragara	21	20.4313	84.4352
Kerdiguda	21	20.4297	84.4193
Keporpaderi	21	20.0495	84.2875
Keshanaju	21	20.1904	84.3315
Kendunali	21	20.9338	84.5418
Kerabari	21	20.3228	84.6617
Kendupalli	21	20.0976	84.5555
Kepulia	21	20.1399	84.7337
Kepati	21	20.0212	84.6886
Kendupali	21	20.9675	84.8656
Kendukhuntli	21	20.8734	84.9699
Keotiranway	34	26.2941	85.9480
Kezocha	20	25.5781	94.1857
Keolari	35	23.3515	79.3616
Keolari	35	23.3167	80.0234
Ketti	25	11.3806	76.7330