Kirari Sulemannagar	07	28.6974	77.0648
Kishangarh	24	26.5901	74.8540
Kishanganj	34	26.1022	87.9553
Kiratpur	36	29.5067	78.2061
Kizhake Chalakudi	13	10.3007	76.3376
Kilakarai	25	9.2318	78.7854
Kichha	39	28.9115	79.5201
Kizhuvalam-Koonthalloor	13	8.6625	76.8097
Kidarakulam	13	8.5669	76.9913
Kinwat	16	19.6256	78.1987
Kithor	36	28.8668	77.9386
Kilapavoor	25	8.9086	77.4311
Kizhuparamba	13	11.2526	76.0244
Kil Bhuvanagiri	25	11.4422	79.6476
Kiraoli	36	27.1377	77.7852
Kishtwar	12	33.3135	75.7673
Killannur	13	10.5992	76.2180
Kirandul	37	18.6365	81.2583
Kim	09	21.4008	72.9268
Kiphire	20	25.8679	94.7857
Kilattingal	13	8.6926	76.7933
Kizhariyur	13	11.4982	75.6807
Kirakat	36	25.6375	82.9160
Killai	25	11.4493	79.7668
Kirodimalnagar	37	21.9269	83.3323
Kiranur	25	10.5699	78.7868
Kizhakkumbagam	13	10.1315	76.4447
Kishangarh	24	27.8189	76.7297
Kirippatti	25	11.5357	78.4897
Kishni	36	27.0249	79.2620
Kikana	13	12.3825	75.0558
Kiri Buru	21	22.0833	85.3500
Kilkunda	25	11.2632	76.6542
Kinattukkadavu	25	10.8225	77.0196
Kilvelur	25	10.7672	79.7419
Kismatpur	40	17.3341	78.3925
Kilpuduppakkam	25	12.6798	79.5452
Kiadgira	40	17.2525	77.4334
Kiranur	25	10.5939	77.5032
Kilampadi	25	11.2040	77.8427
Kila Ambur	25	8.7610	77.4009
Kirnapur	35	21.6259	80.3314
Kishanpur	36	25.6423	81.0227
Kiyamgei	17	24.7447	93.9382
Kilvayattanankuppam	25	12.9555	78.9869
Kizhuppillikkara	13	10.3967	76.1407
Kiltan	14	11.4858	73.0038
Kistnapatam	02	14.2887	80.1239
Kizhillam	13	10.0580	76.5249
Kiyekhu	20	25.9341	94.5096
Kivarli	24	24.5346	72.8336
Kiul	34	25.1642	86.0953
Kiuhnus	12	34.3855	74.5235
Kittur	19	15.5959	74.7919
Kittanuru	19	15.1843	76.1946
Kitshom	12	34.1741	74.2856
Kithar	12	33.1101	76.0091
Kitari	16	20.9281	79.7930
Kitagha	20	25.9804	94.2375
Kisumpet	40	16.9516	78.3478
Kistna	40	16.4105	77.3322
Kistaram	37	18.0131	81.0513
Kistaram	40	17.6604	80.5035
Kisoripur	28	22.0833	88.5667
Kisinda	21	21.3331	84.3510
Kishoranagar	21	20.4183	86.0905
Kishanpur Baral	36	29.1934	77.2842
Kishanpura Kalan	23	30.9337	75.3499
Kishanpur	39	30.6924	78.5010
Kishangarh	24	27.8710	70.5631
Kishangarh	35	24.4699	79.7506
Kishanganj	34	25.6844	86.9509
Kirvatti	19	15.0562	74.8468
Kirtapur	36	27.5713	81.0798
Kirnahar	28	23.7580	87.8740
Kirmara	10	29.3800	75.7034
Kirloskarvadi	16	17.0850	74.4194
Kirli	09	20.8577	73.8086
Kirihrapur	36	26.0414	83.7445
Kiria Mai	36	28.2522	78.7491
Kire-Henpoan	01	7.9833	93.3833
Kiratpur	23	31.1865	76.5691
Kirambur	25	11.1960	78.0889
Kinlivli	16	19.3534	73.4800
Kinjar	34	25.2186	84.8286
Kinhi Raja	16	20.0333	77.1667
Kinhi	35	21.6212	80.4388
Kinhi	19	17.6629	77.0598
Kinnal	19	15.4446	76.1393
Kingaon Raja	16	19.9892	76.2445
Kingaon Jatu	16	19.9689	76.3539
Kingaon	16	18.7167	76.7667
Kinchamanda	21	19.2500	82.8000
Kinana	10	29.2399	76.3392
Kimi	41	34.9467	77.4172
Kiluparamba	13	11.2667	76.0167
Kil Paluvur	25	11.0415	79.0688
Kilor	11	32.7443	75.9773
Kiloi	10	28.9465	76.7174
Kilmangalam	25	10.0933	77.6108
Kiliyanur	25	12.1066	79.7468
Kilimanur	13	8.7598	76.8673
Kileshwar	09	21.8408	69.7457
Kilchu	41	34.2063	76.5845
Kilachcheri	25	13.0255	79.8462
Kilbara	39	30.0966	79.8409
Kilba	11	31.5142	78.1454
Killari	16	18.0413	76.5708
Kilar	11	33.0799	76.4078
Kilanjini	25	9.6709	78.7592
Kilami	20	25.8639	94.4158
Kilakkettara	13	10.6167	76.7000
Kilaiyur	25	11.1468	79.8457
Kila	35	24.1205	76.8745
Kikkeri	19	12.7634	76.4266
Kihunian	35	25.0159	80.9476
Kihim	16	18.7261	72.8682
Kidgedi	19	16.7455	74.8972
Kidderpore	28	22.5333	88.3167
Kichanapalle	40	17.9041	80.5174
Kibbanahalli	19	13.3083	76.6429
Kibar	11	32.3333	78.0167
Kiato	11	32.4446	77.8990
Kiari	41	33.4762	78.1259
Kiar	11	31.1420	77.1966
Kiampur	35	24.1224	75.3177
Kiajori	34	24.5165	86.4597
Kiagi	41	33.5879	78.2722
Kirtasar	24	27.7623	73.5120
Kinala	16	18.7743	77.5626
Kibai Konga	21	19.9349	81.8736
Kiri Shah	23	31.4185	75.1701
Kishnasar	24	28.5127	73.8936
Kismat	28	22.2936	88.2614
Kijapor	12	34.2765	74.8915
Kinyehom	12	34.0179	74.8524
Kinari	12	33.8593	74.2462
Kinyal	12	34.4592	74.1311
Kitardaij	12	34.2938	74.2306
Kirpalgad	12	34.1422	74.6157
Kigam	12	34.4674	74.3270
Kishanpur	12	32.7717	74.5605
Kiani Gai	12	33.2240	74.2465
Kiala	12	33.8449	74.3245
Kiala	12	33.7694	74.2750
Kirvil	12	32.9535	74.3466
Kishangarh	23	30.7382	76.1263
Kishanpur	10	29.9703	76.8990
Kishangarh	10	29.9505	76.9419
Kilichpur	12	32.5324	74.8466
Kiryal Khurd	12	32.5300	74.8391
Kirpind	12	32.6124	74.7937
Kirpalpur	12	32.7025	74.8000
Kiari Nakka	12	34.0294	73.9343
Kiari	39	30.5017	77.8985
Kinswalgaon	39	30.4546	77.9386
Kishorpur	36	29.6268	77.4726
Kishanpura	24	25.2893	75.6158
Kirwa ka Jhonpara	24	25.7121	75.6395
Kishanpura	24	25.9559	75.7182
Kirarod ki Dhani	10	28.0916	76.0960
Kirarod	10	28.0914	76.1007
Kirarod ki Dhani	10	28.0867	76.0941
Kiuru	11	31.1620	77.0959
Kilna	11	31.1578	77.1231
Kingori	39	29.9784	78.7351
Kiyar	39	29.9556	78.5931
Kich	39	29.9290	78.6195
Kimar	39	29.8788	78.7208
Kisinatpuram	40	17.3356	78.3672
Kishtaipalli	40	17.5922	78.3579
Kishtapur	40	17.6300	78.5058
Kisara	40	17.5225	78.6678
Kishtapur	40	17.8422	78.5092
Kishtapur	40	17.9689	78.7197
Kishtapur	40	17.7964	78.7408
Kishtapur	40	17.8719	78.8131
Kishtareddipalli	40	17.8411	78.3251
Kilpauk	25	13.0800	80.2408
Kilpauk Garden	25	13.0856	80.2378
Kilkattalai	25	12.9567	80.1817
Kilpadappai	25	12.8833	80.0312
Kilanur	25	13.1951	79.9607
Kil Kundiyar	25	13.1799	80.0460
Kivalur	25	13.0097	80.0151
Kikra Dhani	10	28.8928	75.6947
Kidhwana	24	28.2105	75.7337
Kithana	24	28.1059	75.6482
Kishorpura	24	28.1095	75.5954
Kishangarh	10	30.7343	76.8280
Kishangarh	10	30.6628	76.8926
Kishanpura	23	30.6517	76.8577
Kishangarh	10	30.1415	76.8815
Kirrod	35	24.2178	78.1806
Kirrawada	35	24.1745	78.1612
Kisnanagar	36	24.5971	78.5215
Kisarda	36	24.5744	78.7038
Kishni	36	27.9900	79.3178
Kishanpura	36	27.9071	79.4934
Kisi Nagla	36	27.8847	79.4945
Kisi Nagla	36	27.8717	79.4824
Kishanpur Garhia	36	27.2266	79.2971
Killi	36	27.1698	79.3044
Kitha	36	27.1042	79.3188
Kishanpur	36	27.0528	79.3320
Kilapur Kalan	36	27.7150	79.5505
Kilapur Khurd	36	27.7332	79.5683
Kisanan ki Nagaria	36	27.7222	79.6900
Kiratpur	36	27.6878	79.6679
Kiratpur	36	27.1883	79.7716
Kiratpur	36	27.1396	79.8417
Kiratpur	36	26.9884	79.1551
Kirpalpur	36	26.9430	79.2059
Kirpalpur	36	26.9648	79.1193
Kishanpur	36	26.9196	79.1774
Kishanpur	36	26.8897	79.1485
Kili Sultanpur	36	26.8190	79.1261
Kishanpura	36	26.3844	79.1602
Kishanpur	36	26.2988	79.2478
Kishorpura	24	26.9463	75.6650
Kishanpura	24	26.7673	75.6894
Kirwaha	36	26.3420	79.3622
Kiamdi	36	26.1082	79.2821
Kisai	36	26.9987	79.5729
Kisunpur	36	26.9869	79.5892
Kistiapur	36	26.9933	79.6611
Kiratpur	36	26.9654	79.6036
Kishanpur Basant	36	26.9665	79.6176
Kiratpur	36	26.9405	79.6322
Kirri	36	26.9152	79.5269
Kiratpur	36	26.8086	79.5259
Kisania Purwa	36	26.8077	79.5510
Kishanpur	36	26.6124	79.8628
Kishora	36	26.5864	79.7601
Kirpalpur	36	26.5756	79.8327
Kitakhera	35	24.9785	79.0274
Kirola	35	24.0301	79.2298
Kiratpura	35	24.9735	79.3953
Kishanpura	35	24.9706	79.2900
Kitapurwa	35	24.8415	79.2890
Kirtan	24	28.5438	75.6056
Kishanganj	24	25.1210	76.6275
Kirwala Bera	24	27.7664	71.5695
Kishana ki Khejri	24	27.2643	71.5933
Kilipiriya	24	28.7346	74.8710
Kikasar	24	28.4821	74.1555
Kitasar	24	28.0756	74.2279
Killarbogh	03	24.2965	92.5314
Kivikhu	20	25.8440	94.5067
Kidzematuma	20	25.7684	94.2429
Kidianagaru	09	23.4783	70.7780
Kirlampudi	02	17.1989	82.1824
Kitara	34	26.2286	84.2484
Kinchamanda	02	18.2438	82.7955
Kilehu	24	27.9181	73.4722
Kiv	16	17.7204	73.4244
Kizhal	13	11.5870	75.6211
Kilasevvalpatti	31	10.1561	78.7267
Kidappurinattam	31	9.7839	78.4707
Kitia	35	22.7580	76.7396
Kinhi Raja	16	20.3314	77.1671
Kirna	37	21.8804	81.9480
Kirtinagar	39	30.2154	78.7483
Kirki	37	21.6934	81.4636
Kishanpura	35	22.6573	75.6572
Kitcha	39	28.9081	79.5105
Kitcha	39	29.3983	79.4446
Kismat Kuriha	03	26.3259	91.5039
Kishorenagar	21	20.9583	84.4505
Kiloli	35	23.1062	75.5015
Kilodiya	35	23.5001	75.3617
Kirabahal	21	20.8051	83.4874
Kilishpur	28	22.7194	88.5891
Kirla	21	20.8073	83.8340
Kimsar	12	34.4978	74.5260
Kiatsan	12	34.4521	74.5077
Kisarhanti	10	28.8617	76.7633
Kirauli	10	28.8097	76.9051
Kihini	11	31.6838	77.1273
Kilan	11	31.5966	77.1492
Kikarali	24	29.2167	74.6373
Kishanpura	24	29.0254	75.0525
Kirhan	10	29.4023	75.4004
Kishangarh	10	29.2998	75.4470
Kirtan	10	29.1387	75.5565
Kirori	10	29.3452	75.7766
Kirara	10	29.3178	75.7716
Kirara	24	28.9461	75.1340
Kishanpuriyabas	24	28.9122	75.3897
Kirmach	10	29.9028	76.7865
Kitlana	10	28.6783	76.1758
Kindor	11	31.3190	77.0391
Kiari	11	31.2831	77.0194
Kiartu	11	31.2582	77.0026
Kiriya	11	31.2521	77.0999
Kinag Deo	11	31.4627	77.1952
Kishanpura	24	29.6305	73.7697
Kirti	11	31.3307	77.4614
Kiongal	11	31.3299	77.4223
Kili	23	30.4209	74.0362
Kikarwala Rupa	23	30.3614	74.1064
Kiryanwala	23	30.4905	74.1510
Kilanwati	23	30.1449	74.1176
Kikar Khera	23	30.0800	74.1668
Kingra	23	30.6761	74.5697
Kila Nau	23	30.6536	74.7053
Kishanpura	23	30.4389	74.7356
Kingra	23	30.1624	74.5677
Kirmiti	23	30.8549	74.9099
Kiyarighat	11	31.1325	77.3189
Kiyari	11	31.1359	77.3222
Kiyar	11	31.1287	77.3022
Kiyara	11	31.2474	77.3824
Kishaur	11	31.0210	77.4466
Kiri	11	31.1401	77.4087
Kimti	11	31.1451	77.4147
Kiyar	11	31.1238	77.4246
Kilra	11	31.1592	77.4004
Kindja	11	31.5101	77.5606
Kiundhar	11	31.5434	77.6734
Kindla	11	31.5050	77.6956
Kimcha	11	31.5082	77.6750
Kim	11	31.4103	77.7214
Kiyari	11	31.1177	77.5901
Kiyara	11	31.0962	77.7381
Kiari	11	31.1163	77.6822
Kimoli	11	31.1763	77.7395
Kit	11	31.1609	77.5266
Kiarighat	11	30.9981	77.0890
Kiartu	11	30.9863	77.1307
Kiari	11	30.9868	77.1404
Kin	11	30.9750	77.1360
Kiarad	11	30.8731	77.0527
Kilbe	11	30.7629	77.2428
Kiar	11	30.9746	77.1436
Kiar ki Khil	10	30.7110	77.0927
Kishanpura	10	30.6762	77.0947
Kiar	10	30.6786	77.1200
Kiarwala	11	30.5427	77.2052
Kiari	11	30.6558	77.1920
Kiar	10	30.6893	77.1464
Kiar	11	30.6845	77.1612
Kiar	10	30.7474	77.0373
Kishanpur	10	30.0897	77.2209
Kita	11	30.7911	77.3597
Kinar	11	30.7144	77.2870
Kinkarwala	11	30.5794	77.2705
Kimthua	11	30.6451	77.3409
Kiar	11	30.6050	77.4790
Kiratpura	24	27.7017	76.1248
Kirarodh	24	27.5997	76.1050
Kiratpura	24	27.6116	76.1503
Kirashka	24	27.3483	76.4395
Kishori	24	27.2783	76.2873
Kirwari	24	27.8363	76.6508
Kishanpur	24	27.5304	76.5223
Kishanpur	24	27.5062	76.5932
Kithur	24	27.6966	76.7286
Kilanpura	24	27.4499	76.5764
Kirtipura	24	27.3346	76.5513
Kishanpur	10	30.2908	77.4794
Kishangarh	10	30.1906	77.3868
Kiar	11	30.6048	77.5300
Kiyuwna	11	30.6037	77.5881
Kiyana	11	30.6465	77.5985
Kirka	11	30.6600	77.6073
Kitesh	11	30.7398	77.7069
Kirka ka Bas	11	30.5996	77.7241
Kill	11	30.5466	77.7117
Kiratpur	11	30.4851	77.5639
Kiarda	11	30.4742	77.5491
Kishanpur	11	30.4439	77.5862
Kishankot	11	30.4961	77.6557
Kitrali	39	30.7204	77.8225
Kitta ka That	39	30.6983	77.8273
Kishau	39	30.6308	77.8070
Kimora	39	30.6094	77.8672
Kishorpura	24	26.7486	76.3192
Kishorinagar	01	13.1553	92.8778
Kishanbash	36	29.4974	78.1067
Kishanpur	36	29.4799	78.1737
Kisari	24	28.0172	75.1870
Kishanpura	24	28.7344	75.3471
Kishanpur	36	29.5722	78.1212
Kishanpur	36	29.5602	78.2081
Kithra	36	29.5555	78.2451
Kishannagar	39	29.9239	78.1373
Kishanpur	39	29.8788	78.1182
Kiratpur	35	23.6067	78.4560
Kirangi	35	23.5166	78.4342
Kishorpura	24	26.4437	76.0364
Kiwara ki Dhani	24	26.3225	76.0739
Kiwara	24	26.3199	76.0601
Kishangarh	35	23.4094	78.4706
Kitora	35	23.3402	78.2827
Kiranpura	24	26.4931	76.2542
Kiratpur	35	23.2312	78.3775
Kishanpur	35	23.1764	78.4705
Kinagi	35	23.0147	78.2750
Kishanpura	24	26.4982	76.3843
Kishorpura	24	26.4695	76.4313
Kiratpura	24	26.3369	76.4000
Kishanpura	35	23.7194	78.8494
Kiratpura	24	26.6025	76.5591
Kiratpura	24	26.3283	76.7343
Kishorpura	24	26.2788	76.7044
Kishunpur	35	23.3883	78.8020
Kirkota	35	23.3113	78.9231
Kirgi	35	23.1794	78.5339
Kirgi Kalan	35	23.1093	78.5610
Kirgi Khurd	35	23.0498	78.5269
Kirpura	24	26.2055	76.5041
Kirari	24	26.2394	76.6425
Kirkhera	35	23.0425	78.7976
Kimagarh	36	29.6215	77.2196
Kishanpura Mazra	36	29.9126	77.3144
Kishanpur Mazra	36	29.9866	77.4204
Kishan Kheri	36	29.8277	77.4431
Kishorpur	24	26.6077	76.8864
Kirwara	24	26.7191	76.8942
Kishanpura	35	26.0758	76.9744
Kinpura	35	26.0056	76.9113
Kishanpura	24	25.1264	76.0129
Kishanpura	24	25.0333	76.2236
Kitalhera	24	25.0230	76.0637
Kiwana	36	29.3499	77.3316
Kishanpura	36	29.6581	77.5234
Kishanpur	36	29.5368	77.6169
Kishanpur	35	22.8480	78.0814
Kisanpur	35	22.7832	78.1776
Kivli	35	22.8945	78.1838
Kirdhana	35	22.3774	78.7029
Kirhakota	35	22.7772	78.8736
Kinhala	16	21.2034	78.1233
Kinhi	16	21.2325	78.2383
Kinhala	16	21.1362	78.2717
Kinkighoda	16	21.0723	78.6595
Kinhi	16	21.1165	78.8645
Kirmati	16	21.0209	78.9694
Kinhi	16	21.0760	78.9333
Kinhi	16	20.6032	78.2156
Kita	16	20.4463	78.0580
Kinhi	16	20.3449	78.0839
Kishannagar	36	29.0348	77.7061
Kishanganj	24	25.3886	76.2710
Kishanpura	24	25.3200	76.4814
Kirpura	35	25.7649	76.5253
Kishanpura	23	30.0308	74.7848
Kishangarh	23	30.0378	74.9504
Kingran	10	29.8235	74.8250
Kilanwali	23	29.9694	74.6716
Kishanpura	10	29.4169	74.6545
Kirat	24	24.3668	73.3891
Kiaria	24	24.4691	73.3464
Kioli	24	24.8433	73.7433
Kishanpur	23	30.9987	75.1650
Kishangarh	23	30.5248	75.1936
Kishorpura	35	25.6318	76.6408
Kilgaonri	35	25.7223	76.6630
Kitora	24	24.4670	73.6811
Killi Chahlan	23	30.8166	75.3638
Kishanpura Khurd	23	30.9279	75.3699
Kishorpura	24	24.9043	76.0605
Kishanpura	24	24.6237	76.1176
Kirimal	24	25.7206	74.2230
Kishanapura	24	25.0449	74.6410
Kiro ki Jhupriyan	24	25.1965	74.6172
Kila	23	30.3189	75.7255
Kila Bharian	23	30.2095	75.7335
Kishanpur	39	29.9207	77.8398
Kisan Ashram	39	29.9171	77.9744
Kishanpur	36	29.4551	77.9006
Kithaura	36	29.2877	77.9594
Kishora	10	28.9968	77.0957
Kirbi Place	07	28.6079	77.1268
Kirtinagar	07	28.6532	77.1400
Kishangarh	07	28.5169	77.1677
Kidwainagar	07	28.5709	77.2145
King's Way Camp	07	28.6968	77.2086
Kishanganj	07	28.6390	77.2781
Kilokri	07	28.5788	77.2652
Kinauni	36	28.6510	77.3855
Kishanpur	10	28.3039	77.4569
Kinapur	36	28.7583	77.5990
Kithauli	36	28.9774	77.5927
Kishanpura	36	28.9728	77.6759
Kilhauda	36	28.7764	77.6767
Kiranchpur	36	28.5505	77.5195
Kishanpur	36	28.5011	77.6724
Kirpanagar	36	28.5607	77.7228
Killi Nihaluwali	23	30.2865	74.7821
Kila Berun	23	31.5077	75.9469
Kitap	24	26.1444	74.7597
Kirana	24	25.8561	74.0700
Kishanpura	24	25.9636	74.2234
Kiratpura	24	25.3740	74.5346
Kishnavaton ki Kheri	24	25.3199	74.6104
Kiron ka Khera	24	25.4309	74.5901
Kilpura	24	25.4688	74.6315
Kishanpuriya	24	25.4847	74.6894
Kishanpura	24	27.0197	75.6719
Kirpura	24	25.5215	75.1528
Kishanpura	24	25.7464	75.1467
Kinir	12	33.0560	76.0544
Kidara	10	28.6522	76.4274
Kirmjan	10	28.6810	76.4934
Kirthal	36	29.2437	77.2433
Kincraig	39	30.4464	78.0838
Kiarkuli	39	30.4438	78.0716
Kimari	39	30.4257	78.0368
Kishanpur	39	30.3708	78.0780
Kirsali	39	30.3717	78.1047
Kidduwala	39	30.2972	78.0873
Kimoi	39	30.4637	78.1385
Kith	39	30.4699	78.2418
Kimora	39	30.4849	78.1706
Kidarpur	36	29.2712	78.5209
Kisraul	36	28.8208	79.1509
Kishanpur Panchakki	36	28.8550	79.1170
Kishanpur	36	28.8488	79.0220
Kishanpur	36	28.3084	79.1036
Kirpia	36	28.2724	79.2486
Kishanpura	24	24.6716	76.4807
Kishanpura	24	24.4197	76.2606
Kishanpura	24	24.4024	76.3274
Kishanpura	24	24.2466	76.2549
Kishanpura	35	24.0406	76.3832
Kishanpura	35	24.2301	76.3393
Kishanpura	35	24.1391	76.4661
Kishanpura	24	24.9093	76.6839
Kishanpura	24	24.3960	76.5621
Kishanpura	24	24.3355	76.7273
Kishanpura	35	24.7620	76.9929
Kishorpura	24	24.7183	76.8564
Kisulatpalli	40	18.6743	79.1141
Kishtampalli	40	18.5977	79.1033
Kishtapur	40	18.5559	79.0406
Kistampet	40	18.8456	79.7520
Kistapur	16	19.5390	80.0639
Kisnar	16	19.6075	80.2090
Kisnartola	16	19.6218	80.2042
Kisano	24	26.1523	75.1521
Kishanpura	24	26.1832	75.1701
Kishanpura	24	26.1441	75.2641
Kishapura	24	26.0519	75.3394
Kishanpur	36	28.0385	77.5164
Kirpalpur	36	28.0233	77.5993
Kishorpur	36	28.1632	77.6016
Kisanpura	36	28.2144	77.7345
Kinannagar	36	28.9520	77.8051
Kisauli	36	28.5575	77.8678
Kitam	29	27.1210	88.3510
Kiritbans	37	21.6674	81.0838
Kistampalli	40	16.7321	78.1515
Kishor ka Pura	35	26.3343	77.7764
Kilol ka Pura	35	26.3823	77.9649
Kiratpur	35	26.4014	77.9162
Kiratpura	35	26.3482	78.4742
Kiratpura	35	26.4554	78.4293
Kiledar ka Pura	35	26.4702	78.4339
Kishorgarh	35	25.9485	78.0744
Kishanpur	35	25.9546	78.1643
Kiratpura	35	25.9947	78.2192
Kishanpura	24	28.0051	75.9789
Kishanpur	23	30.9086	76.0693
Kitti Adgaon	16	19.2220	76.1513
Kinhola Khurd	16	19.3447	76.3192
Kinhola	16	19.3408	76.6246
Kinhola Buzurg	16	19.2183	76.5486
Kiri Afghanan	23	30.8923	76.3442
Kishangarh	23	30.4165	76.2802
Kishangarh	23	30.3115	76.2736
Kiratpur Nimana	36	27.8995	77.9317
Kishore Nagla	36	27.7706	77.9831
Kishan Nagla	36	27.8566	77.8522
Kishanpur	23	30.1407	76.4889
Kishanpura	23	30.8745	76.5938
Kishanpura	11	30.9776	76.7462
Killariwadi	16	18.0430	76.5503
Kirawata	24	27.7642	77.2894
Kishori ka Bas	24	27.5161	77.0148
Kishanpura	24	27.5968	77.0518
Kilpur	36	27.9687	77.7187
Kinarai	36	27.5261	77.7027
Kirari	36	27.2674	77.6528
Kinar	10	29.3384	76.1333
Kilaj	16	17.9159	76.2635
Kiryaoli	36	28.3249	77.8980
Kishanpur	36	28.4067	77.9972
Kini	16	17.6842	76.2637
Kiniwadi	16	17.6987	76.2960
Kiranalli	16	17.6545	76.3570
Kiniabbas	19	17.5367	76.4218
Kinhi Sultan	19	17.6187	76.6133
Kiratpur	36	28.0002	77.8431
Kiriyaoli	36	28.1311	77.9379
Kinohan	36	28.1067	77.8989
Kir Sawalgi	19	17.1145	76.5695
Kinhi	19	17.7320	76.9914
Kinhiwadi	19	17.7273	76.9702
Kishanpura	24	27.2268	77.5153
Kirari	37	22.0425	82.8588
Kirwadurwari	37	22.2286	82.8768
Kirari	37	21.9275	82.0919
Kisna	37	20.9440	81.0733
Kilekora	37	20.6770	81.0343
Kinari	37	20.1704	81.1459
Killoli	21	20.0545	81.9115
Kirni	19	17.1445	76.8490
Kilarhatti	19	16.3044	76.2824
Kilarhatti	19	16.0524	76.3578
Kinaritola	37	21.8781	81.1117
Kivla	16	19.0425	77.3014
Kiki	16	19.0861	77.3873
Kini	16	19.2442	77.8084
Kirwada	16	18.9100	77.1506
Kiniwadi	16	18.3999	77.4828
Kini	16	18.3966	77.5144
Kilol Kund	36	27.3848	78.0243
Kirpa Burj	36	27.2880	78.1573
Kiroli	19	17.3233	77.3359
Kishtapur	40	17.1858	77.6384
Kisra Amritpur	36	27.4756	78.2662
Kinhi	16	20.0971	78.2052
Kinara	16	20.0879	78.2162
Kinhala	16	20.9156	78.3689
Kinvat	16	20.2687	78.4889
Kinhi	16	20.0313	78.3655
Kinhala	16	20.2382	78.4410
Kinhi	16	20.8847	78.7093
Kinhi	16	20.1121	78.5105
Kinhala	16	20.1135	78.5386
Kinhi	16	20.2359	78.6923
Kinhi Khurd	16	20.9418	78.8959
Kinhi Buzurg	16	20.9326	78.9792
Kingaon	16	20.6165	78.8367
Kinhala	16	20.5580	78.9234
Kinhal	16	20.1757	78.8349
Kirtiya Ki Garhi	36	27.5573	77.8746
Kishanpur	36	27.7221	77.9750
Kindraha	35	23.9106	79.2443
Kichhannapalli	40	17.8740	77.9887
Kiadampalli	40	17.9869	77.9294
Kishangarh	35	23.5736	79.0323
Kishanpur Loya	36	27.5640	78.7299
Kishangarh	36	27.5231	78.6482
Kishanpur	36	27.5287	78.5662
Kishunganj	35	23.9715	79.3636
Killai	35	23.8003	79.4150
Killa	35	23.9058	79.6292
Kislai	35	23.0227	79.7114
Kishraud	35	23.1577	79.7177
Kisraon	36	27.0694	78.7178
Kishanpur Muhammadabad	36	27.0835	78.5778
Kithaut	36	27.0816	78.7077
Kilauni	36	27.8260	78.9607
Kilankeri	19	16.6376	77.2615
Kidhara	36	27.9432	78.1342
Kishanpur	36	27.8944	78.0943
Kishangarhi	36	27.8506	78.1451
Kistapur	40	16.6892	77.7264
Kiratpur	36	27.1573	78.9874
Kirpalpur	36	27.1178	78.8338
Kirauli	36	27.1089	78.9019
Kirthua	36	27.0086	78.9697
Kinjra	36	27.0126	78.9016
Kishanpur	36	27.4645	77.7873
Kitham	36	27.2512	77.8052
Kilauni	36	27.3917	77.8508
Kilauni	36	27.6384	78.8858
Kilarmau	36	27.5532	78.7745
Kishangarh	36	27.5358	78.9580
Kishora ka Pura	35	26.7215	78.4947
Kichol	35	26.7065	78.4970
Kirrayach ka Pura	35	26.7134	78.3825
Kishunpura	35	26.7055	78.3172
Kirrayach	35	26.6322	78.3423
Kirti ki Garhiya	35	26.6502	78.3109
Kirpe ka Pura	35	26.5612	78.4504
Kishanpur	35	22.7554	79.7057
Kishtampalli	40	16.3657	77.7029
Kishtampalli	40	16.8499	77.8291
Kishtampalli	40	16.9090	77.9898
Kishanpur	36	27.5334	79.2108
Kistapur	40	19.0486	78.0890
Kinarpalli	40	19.4864	78.4672
Kisanon-ka-nagla	36	27.4104	79.0009
Kinhawar	36	27.3387	79.0934
Kistoguda	40	17.6040	78.0567
Kishtapur	40	17.3034	78.0485
Kishanpur	35	21.8482	79.1186
Kirangi Sarra	16	21.5511	79.1920
Kiranpur	16	21.4125	79.0224
Kiranpur	16	21.4042	79.0272
Kirmapur	16	21.0542	79.1275
Kisanan	36	27.2890	79.2677
Kisanan	36	27.2576	79.3558
Kilmapur	36	27.2940	79.4382
Kirnapur	16	21.3870	79.4924
Kirnapur	16	21.3190	79.4035
Kirnapur	16	21.1681	79.3375
Kiratpur Bihari	36	27.9884	79.6144
Kishorpur	36	27.9102	79.6611
Kishangarhi	35	26.3558	77.6055
Kirawali Joaid	35	26.3486	77.6033
Kirawali	35	26.2623	77.6490
Kirrayanch	35	26.2819	77.5844
Kirauli ka Pura	35	26.2427	77.6512
Kisrauli	35	26.2479	77.6642
Kilolpura	24	26.7644	77.9499
Kirarpura	24	26.7528	77.8260
Kirware ka Pura	35	25.8828	77.2264
Kirarpahari	24	25.2867	77.0875
Kinjari	35	25.8753	77.4928
Kindar	36	27.4316	79.5157
Kisanan	36	27.4284	79.5364
Kisanan	36	27.4255	79.5593
Kisanan	36	27.4189	79.5370
Kisanan	36	27.2751	79.5550
Kidarpur	36	27.3314	79.5921
Kiratpur	36	27.3459	79.5941
Kilkili	36	27.6250	79.8712
Kishtareddipet	40	16.1956	78.0014
Kishtagiri	40	16.3007	78.0061
Kishanpur	36	27.0795	79.6286
Kisanan	36	27.0708	79.5959
Kinhrapur	36	27.2385	79.5945
Kitai Nagla	36	27.2454	79.6170
Kishanpur	36	27.2371	79.7456
Kishanpura	35	25.7950	77.5700
Kirtpur	35	25.8001	77.6889
Kishor Hai	36	27.8412	79.8215
Kirtiapur	36	27.2796	79.7975
Kiroli	35	25.4019	77.5787
Kisanpura	35	25.7504	77.8231
Kishanpura	35	24.4570	77.0306
Kishangarh	35	24.2459	77.1350
Kitakheri	35	24.1564	77.0702
Kisora	35	24.1800	77.1033
Kishnakheri	35	24.1460	77.2377
Kirwara	35	24.1256	77.0067
Kishangarh	35	24.7239	77.4517
Kishangarh	35	24.3851	77.2542
Kirria	35	24.3187	77.3342
Kishanpur	36	27.4163	78.9675
Kichaura	36	27.3076	78.9544
Kilankheri	35	24.1770	77.3755
Kirrauda	35	24.7112	77.6678
Kiyanpur	35	24.3735	77.5609
Kishanpura	35	24.3154	77.5579
Kishanpura	35	24.1965	77.7051
Kishtagudem	40	17.6893	79.2804
Kishatapuram	40	17.7204	79.4358
Kishangarhi	36	27.6944	78.0808
Kishor Nagla	36	27.6828	78.1479
Kiar	36	27.5058	78.2377
Kiblas	36	27.7745	78.3526
Kiratpur	36	27.7925	78.2780
Kishanpur	36	27.7149	78.2867
Kishorpur	36	27.6072	78.4640
Kishanpur	36	27.1159	78.4925
Kindarpur	36	27.0704	78.4549
Kirpalpura	36	27.0290	78.2860
Kindi	36	27.9359	78.6135
Kisrauli	36	27.8848	78.6238
Kilauni Rafatpur	36	27.8445	78.6505
Kishorpur	36	27.8281	78.6942
Kilwapur	36	26.7058	79.5737
Kishanpur	36	26.6385	79.5901
Kishwapur	36	26.6138	79.6886
Kinarpur	36	26.5775	79.5514
Kishanpur	36	26.5509	79.5806
Kirpalpur	36	26.5482	79.7286
Kishanpur	36	26.2241	79.6898
Kiratpur	36	26.1567	79.7172
Kilchapur	36	26.9984	79.9324
Kirpalpur	36	26.9113	79.9132
Kinaura	36	26.9435	79.7950
Kishanpur	36	26.4774	79.8838
Kirpalpur	36	26.3710	79.9331
Kishorpur	36	26.3127	79.8635
Kirpalpur	36	26.3119	79.7736
Kishanpur Kabar	36	27.4289	78.7307
Kishansingh	36	27.3502	78.6877
Kishwa	36	26.1971	79.9626
Kirpalpur	36	26.1801	79.9477
Kishanpura	36	25.9274	79.0693
Kitayarigudem	40	16.9197	79.8024
Kisanpur	35	22.7040	76.9232
Kishanpur Chirai	36	25.6562	81.1561
Kishandaspur	36	25.6158	81.2093
Kitmai	36	25.5514	81.2489
Kiti	35	22.3618	76.7672
Killaud	35	22.1828	76.7732
Kilhapur	36	25.5863	82.1894
Kishorpura	36	25.4139	79.1551
Killahua	36	25.4279	79.5302
Kishunpura	35	24.2152	79.2849
Kiratpura	36	25.4805	79.8181
Kirari	36	25.3198	79.9205
Kishungath	35	24.6878	79.4581
Kishnipur	36	25.9923	82.7802
Kiratmalpur	36	25.8880	82.9482
Kiyar	36	25.8713	82.7607
Kishanpur	36	25.7909	82.7660
Kirtipura	36	26.8574	78.2461
Kisrauli	35	26.7470	78.1313
Kiratpur	35	26.5008	78.0636
Kingi	35	23.1284	77.9893
Kishanpur	35	22.7686	77.0459
Kishonpur	36	25.7170	83.0580
Kirtupur	36	25.6338	83.0925
Kishanpur	36	25.7169	83.1615
Kindarpura	36	26.9053	78.4910
Kirahi	36	25.4518	83.0211
Kitta	36	25.4026	83.0758
Kilpura	36	26.8103	78.6385
Kiyari	36	26.8058	78.6881
Kishupura	35	26.7342	78.7393
Kishanpura	35	26.6519	78.5298
Kishanpura	35	26.5239	78.5849
Kitenha	35	26.2418	78.6731
Kilmu ka Pura	35	26.1314	78.5145
Kitaura	35	26.0591	78.5225
Kirol	35	26.0538	78.5508
Kishoresingh ka Pura	35	26.4612	78.9222
Kitana	35	26.2883	78.7924
Kiratpur	35	22.5456	77.8057
Kirpura	35	22.6678	77.9441
Kirpura	35	22.6585	77.9464
Kisohari	36	25.5925	83.4006
Kishanpura	36	25.7184	83.4044
Kirtsinghpur	36	25.7320	83.3931
Kishanpura	35	25.1396	78.1694
Kishangarh	35	25.6709	78.2623
Kishanpura	36	25.4417	83.3054
Kinauli	36	25.2869	83.3811
Kilchwara Buzurg	36	25.3467	78.4300
Kiraupipariya	35	24.2463	79.5483
Kiyara	35	25.0170	78.2611
Kinkhed	16	20.4146	77.1304
Kila	34	25.1881	83.3498
Kishanpura	34	25.1932	83.3853
Kishorganj	35	24.7543	79.8732
Kishunpura	35	24.9949	79.9144
Kirihra	36	25.1353	83.2563
Kilni	34	25.0965	83.4205
Kirkiridhana	35	22.3075	77.6500
Kirat Sarai	36	25.9947	83.6776
Kishanpura	36	25.8227	83.5813
Kinupur	36	25.9126	83.5352
Kisunipur	36	25.4363	83.5908
Kishanpura	34	25.3154	83.6297
Kishanpura	34	25.3021	83.7016
Kinhikhera	16	21.6720	77.1608
Kiding	35	21.7833	77.2912
Killod	35	21.9091	77.9840
Kishunpura	34	25.1431	83.6271
Kiratpura	34	25.5484	83.9412
Kishunipur	34	25.4023	83.9464
Kirannagar	16	20.9100	77.7653
Kirjaval	16	20.6514	77.9481
Kinkhed	16	20.8795	77.0105
Kinkheda	16	20.2494	77.1849
Kinkhed	16	20.6444	77.3970
Kinhi	16	20.6574	77.3287
Kinkhed	16	20.4653	77.3325
Kinhi	16	20.4561	77.4589
Kinhi	16	20.1269	77.9727
Kishanpur Hamesha	35	21.6221	79.6685
Kinhi	35	21.5888	79.9464
Kindgipar	16	21.5322	79.9822
Kichar	36	24.6741	83.2274
Kinhi	16	21.1470	79.9198
Kinhi	16	21.0951	79.8043
Kirari	16	21.0417	79.9297
Kikrihwa	36	24.3118	83.0605
Kirwani	36	24.1867	83.0640
Kirwil	36	24.0533	83.0347
Kirwil	36	24.0518	83.0605
Kirhulia	36	24.6592	83.3054
Kisan Purwa	36	24.3721	83.3493
Kishtapuram	40	17.2549	79.9560
Kishanpur	36	25.6739	80.0534
Kinarchola	34	24.9238	83.6447
Kitabar	38	24.1868	83.6465
Kinhi	16	20.9666	79.4954
Kinhala	16	20.7750	79.4608
Kisori	16	20.9754	79.5181
Kitari	16	20.8586	79.5205
Kinhi Kalan	16	20.8299	79.5404
Kinhi Khurd	16	20.8213	79.5424
Kinhi	16	20.8177	79.8123
Kirmati	16	20.7459	79.8010
Kirmiti Mendha	16	20.5962	79.7730
Kirmiti	16	20.5823	79.7640
Kinhi	16	20.5549	79.8995
Kinhara	16	20.7360	79.8832
Kinhara	16	20.3270	79.2228
Kitadi	16	20.4467	79.3425
Kithpura	35	25.2692	80.2329
Kitadi	16	20.0535	79.2974
Kinhi	16	20.2633	79.6525
Kitari	16	20.4992	79.6519
Kitari	16	20.3821	79.7535
Kitari	16	20.3650	79.9902
Kithpura	35	25.0051	80.1365
Kinvati	35	25.2060	80.1929
Kiswahi	36	25.7383	80.2739
Kishanpur	35	25.2641	80.2596
Kiratpur	36	25.3015	80.4511
Kirtikhera	36	25.8589	80.5816
Kichhaunchha	36	25.8755	80.6866
Kitupur	36	25.9643	80.6876
Kinhi Valgi	16	20.3087	77.8300
Kishnauda	35	23.9404	78.1041
Kirarkheri	35	23.9078	78.2131
Kitasoti Kalan	38	24.0774	83.8534
Kitasoti Khurd	38	24.0749	83.8710
Kikratoli	38	24.1376	83.9370
Kilatnagar	40	16.9930	78.0186
Kilaskhandarga	40	17.3321	78.3724
Kiaro	24	27.8390	76.3899
Kishanpur	35	23.3163	78.0738
Kishorpura	35	25.4223	78.8360
Kishorpura	35	25.4082	78.8427
Kishangudem	40	16.9426	78.0755
Kishtampalli	40	16.9070	78.1996
Kistaram	40	16.8347	78.0904
Kindarkhera	35	24.8930	78.0821
Kisalwans	36	24.8520	78.2144
Kirrav	35	24.8316	78.0901
Kirola	35	24.4196	78.1822
Kinhi	16	19.9758	76.4812
Kishanpura	24	24.8849	76.2947
Kishanpura	24	24.8727	76.4968
Kistapuram	40	17.6346	79.5727
Kistapur	40	17.5431	79.7273
Kishangarh	35	23.8714	78.3490
Kituwa	35	23.7704	78.2744
Kishanpur	35	23.7561	78.3148
Kiroda	36	24.4000	78.4394
Kirkinhal	19	17.1717	76.4956
Kishunpura	35	24.3468	78.9806
Kishorpur	36	27.1681	79.0711
Kiratpur	36	27.1393	79.0812
Kishanpur	36	27.0799	79.1080
Kirpalpur	36	27.0377	79.2336
Kilti	36	27.0591	79.2330
Kitaha	35	24.7263	81.0541
Kichbaria	35	24.6987	81.0585
Kitaha	35	24.6537	81.1255
Kitahana	35	24.8467	81.2591
Kirhai	35	24.9866	81.4359
Kishanpura	35	23.9299	78.5477
Killai	35	23.7685	78.5701
Kitwariya	35	24.5774	81.2823
Kiraunha	35	24.5024	81.9699
Kirhai	35	24.4124	81.1107
Kirahi	35	24.2673	81.0038
Kitaha	35	24.1999	81.0195
Kitaha	35	24.4111	81.3388
Kichargama	35	24.4344	81.6423
Kiraia	35	24.3227	81.8479
Kiwari	35	22.2524	78.7871
Kishtapalli	40	19.1394	78.9916
Kishni Nagla	36	27.7279	79.2801
Kisrauli	36	27.5028	79.4061
Kisenpur	35	24.9239	80.2805
Kiloura	35	24.8833	80.6690
Kisanpur	35	24.9201	80.6314
Kishanpur	35	23.2399	79.0560
Kiratpur	36	25.9447	82.0703
Kithauli	36	25.8782	82.1693
Kishandaspur	36	25.9209	82.0210
Kitwa	36	25.9461	82.1227
Kishunpur	36	25.7613	82.4196
Kilain	36	25.9902	82.4165
Kishanpur	36	25.8231	82.7051
Kishanpur	36	25.6169	82.5792
Kishanpur Arazi	36	25.7216	82.6936
Kinna	35	24.2566	80.0233
Kishanpatan	35	23.9836	79.9382
Kirangipar	35	22.0891	79.3095
Kishanpur	35	22.1187	79.4303
Kindra	35	22.6549	79.7076
Kishnipur	36	25.4720	82.2698
Kislai	35	22.9264	79.9521
Kiraon	36	25.4045	82.2652
Kiwai Buzurg	36	25.4199	82.3275
Kishandeopur	36	25.2975	82.3856
Kishnapur	36	25.4246	82.4607
Kirtipur	36	25.4537	82.4781
Kishanpur	36	25.1826	82.3139
Kihunian	36	25.0224	82.4446
Kishanpur	36	25.4706	82.5312
Kinnupur	36	25.3070	82.7288
Kishanpur Tikari	36	25.4220	82.5307
Kishanpatti	36	25.1966	82.5614
Kirtartara	36	25.1640	82.6266
Kirha	36	25.0217	82.5086
Kiratpur	36	25.4905	82.8443
Kishnapur Kalan	36	25.4010	82.8368
Kishnapur Khurd	36	25.4047	82.8684
Kirahiya	36	25.2913	82.9908
Kishnapur	36	25.4093	82.9745
Kishnipur	36	25.4064	82.2294
Kishora	36	25.3526	82.1810
Kihuni	36	25.2956	82.2209
Kishundatpur	36	25.2278	82.8382
Kidwar	36	24.9653	82.1916
Kirwar	36	24.8680	82.3883
Kishorpur	36	29.3616	77.2387
Kingari	36	24.7541	82.9277
Kishanpura	10	28.5179	75.8335
Kiskanda	10	28.4734	75.9737
Kitanihawa	35	24.3616	82.3756
Kirkoli	35	24.0559	82.6345
Kishangarh	10	28.9564	76.2956
Kiloi	10	28.5497	76.7319
Kilraudh	10	28.5179	76.6415
Kishandaspur	36	25.6397	82.3178
Kishandaspur	36	25.5807	82.3497
Kirtipur	36	25.5119	82.3826
Kirpalpur	36	26.6751	80.7614
Kilpur	36	26.6267	80.8570
Kishanpur Kauria	36	26.6748	80.8513
Kirpal Khera	36	26.5220	80.8667
Kishan Khera	36	26.3917	80.7563
Kiratpur	36	26.2754	80.8034
Kirhi Khera	36	26.2517	80.8612
Kirpa Khera	36	26.4855	80.9472
Kishan Khera	36	26.2741	80.9174
Kishangarh	10	28.2669	76.5756
Kirtapur	36	25.7344	82.7676
Kishandaspur	36	25.6567	82.7580
Kirah Khali	36	25.6015	82.9763
Kirah Chitauna	36	25.5981	82.9749
Kishandaspur	36	26.0448	80.9880
Kishanpur Ikwara	36	29.1812	78.0609
Kishorpur	36	29.0841	78.0352
Kilamordhwaj	36	29.6709	78.4352
Kishanpur	36	29.5927	78.3892
Kiratpur	36	29.4168	78.4140
Kishanpur Kheman	36	29.4195	78.4040
Kishanpur Bhogan	36	29.2893	78.3279
Kirarkheri	36	29.3008	78.4530
Kishan Purwa	36	27.6197	81.0906
Kishan Maror	36	27.6251	81.0552
Kidaskal Purwa	36	27.6423	81.1720
Kithura	36	27.6759	81.1711
Kirpal Purwa	36	27.6786	81.1907
Kishan Bhad	36	27.4090	81.0068
Kishanpur	36	27.4041	81.0241
Kisripur	36	27.3537	81.0577
Kishanpur	36	27.2810	81.0504
Kiratpur	36	27.2647	81.1283
Kidarpur	36	27.2963	81.1839
Kishanpur	36	27.3846	81.1474
Kishunpur	36	27.7081	81.5415
Kidwai Purwa	36	27.6913	81.5189
Kishanpur	36	27.7221	81.5797
Kifayatpur	36	27.6900	81.7273
Kirtanpur	36	27.4980	81.5627
Kishanpur	36	25.7928	83.7632
Kishanpur	36	27.7399	81.8048
Kishanpur Churwa Bhari	36	27.6301	81.9842
Kishan Purwa	36	27.1423	81.9556
Kirpa Purwa	36	27.1801	81.9568
Kirpa Lal	36	27.0322	81.8269
Kishanpur	36	27.2262	81.8990
Kishandat Purwa	36	27.1639	81.8989
Kidarhath Purwa	36	27.0463	81.9296
Kirpa Purwa	36	27.1926	81.9191
Kirkiranji	35	22.2628	79.7537
Kinarchola	34	24.9365	83.8251
Kishunpura	34	24.9006	83.8172
Kirihiri	34	24.9817	83.9412
Kirihiri	34	24.9170	83.9623
Kishan Purwa	36	26.8455	81.1568
Kinaun	36	26.7480	81.0642
Kitti Khera	36	26.6205	81.0129
Kidarnath Khera	36	26.5334	81.0868
Kirpia	36	26.9495	81.2884
Kisripur	36	26.9184	81.2631
Kithauri	36	26.8250	81.4276
Kithuri	36	26.9002	81.3918
Kishandaspur	36	26.9901	81.3925
Kiuli	36	26.8343	81.4883
Kitari	16	21.2143	79.7354
Kiratpur	36	29.1247	78.3633
Kikar	36	29.1873	78.3683
Kilanuhan	36	26.5817	81.3509
Kithia	36	26.7078	81.4876
Kirsia	36	26.5813	81.4682
Kishanpur	16	21.2575	79.8368
Kishanpur Tola	16	21.2562	79.8579
Kirnapur	16	20.9225	79.0370
Kinhala	16	20.8834	79.0529
Kinhalmakri	16	20.8538	79.0177
Kinhala	16	20.8083	79.0429
Kinhi	16	20.5380	79.0265
Kiratpuri	36	29.0258	78.5990
Kiwar	36	29.0890	78.5782
Kimar	39	29.7427	78.8505
Kimsera Tok	39	29.7490	78.8957
Kitaha	35	24.7687	80.8378
Kiratpur	36	29.4109	78.8098
Kishanpur	39	29.3129	78.8077
Kishanpur	39	29.3087	78.8043
Kishanpur	39	29.2967	78.7962
Kiratpur	36	29.4228	78.8427
Kilawali	39	29.3054	78.9599
Kiratpur	36	26.2812	81.0369
Kisar Khera	36	26.4557	81.1604
Kilhoni	16	20.1525	79.0899
Kishanpur Gaonri	36	29.1218	78.8076
Kishanpur	36	26.4374	81.4032
Kishanpur	36	26.4134	81.3995
Kishanpur	36	29.0539	78.9340
Kitari	16	20.6153	79.5160
Kitari Mendha	16	20.5186	79.7275
Kishndaspur	36	26.3609	81.7623
Kishandaspur	36	26.3143	81.8233
Kirhiti	35	24.1665	80.8919
Kiratpur Charuhar	36	25.9983	81.1265
Kishandaspur	36	25.8600	81.1051
Kirpalpur	36	25.7737	81.2154
Kishandaspur	36	25.9655	81.2397
Kiryada	16	21.0380	74.1985
Kishunpur	36	25.4531	81.1968
Kishangarh	36	28.9128	78.4611
Kirhai	36	25.1232	81.1205
Kirtapur	36	27.2260	80.8421
Kishanpur	36	27.1333	80.7968
Kishanpur	36	27.0131	80.8888
Kishanpur	36	27.0917	80.9310
Kidatikur	36	27.1891	80.9335
Kiratpur	36	27.2293	80.9391
Kishunpur Manjhawan	36	26.3030	80.2730
Kidarpur	36	27.1249	81.6397
Kirat Singh	36	27.0817	81.6533
Kiria Purwa	36	27.2086	81.7366
Kishan Pande Purwa	36	27.1885	81.7459
Kirpal Purwa	36	27.0647	81.7340
Kirtaram Purwa	36	27.3935	81.8116
Kinunbara	36	27.3748	81.9564
Kishanpur	36	28.9410	78.6255
Kishanpur	36	28.9570	78.6502
Kima	36	28.5563	78.5199
Kirao Dih	36	25.8502	81.3724
Kishandaspur	36	25.7992	81.3783
Kishandaspur	36	25.7962	81.3710
Kiawan	36	25.7651	81.4453
Kithawan	36	25.9887	81.4897
Kirari	36	28.4525	78.5653
Kishanpur Shiampur	36	28.3447	78.5549
Kirtia	36	28.2999	78.5203
Kiratpur	36	28.3100	78.6167
Kisaira Ibadullanagar	36	28.2807	78.7278
Kishori Balampur	36	26.0098	81.1690
Kitauli	36	26.0593	81.1518
Kisarwa	36	26.2026	81.1196
Kilauli	36	26.2336	81.1407
Kishanpur Rai	36	26.2461	81.2303
Kishtinagar	36	26.6012	81.5584
Kishni	36	26.5817	81.6474
Kiria Guria	36	26.9097	81.7895
Kisaura	36	26.9348	81.8885
Kindhaura Bazar	36	26.9007	81.9977
Kindhaura	36	26.8998	81.9931
Kirtauli	36	28.0327	78.5717
Kirpalpur	36	28.2404	78.7241
Kithaula	36	26.0828	81.8062
Kisara	36	26.1020	81.8424
Kishanjitpur	36	26.0743	81.8152
Kishangarh	36	26.0387	81.7787
Kishanganj	36	26.0378	81.8832
Kishanpur	36	28.6512	78.9558
Kiriwali	12	33.5200	74.4333
Kichennapet	40	18.1011	78.0656
Kishtapur	40	18.0054	78.2145
Kirihauna	36	27.5939	82.0018
Kila	36	27.5613	82.1045
Kiraunian	36	27.6300	82.1532
Kishanpur	36	28.4513	78.8691
Kichakpur	36	28.2744	78.9524
Kirnia	12	33.8984	74.5657
Kishtapuram	40	18.6627	78.4338
Kithura	36	27.4937	82.1699
Kinki	36	27.1226	82.0611
Kishandaspur	36	27.0322	82.2290
Kimoli	39	29.8883	79.0277
Kinat	39	29.7521	79.0746
Kirmoli	39	29.9474	79.1316
Kimolisain	39	29.9636	79.1338
Kimwari	39	29.9785	79.1677
Kimoj	39	29.9224	79.1520
Kithaura	36	27.3471	82.3354
Kiuthan Purwa	36	27.3251	82.2614
Kiamdi Jot	36	27.2949	82.2918
Kilauli	36	27.3386	82.4520
Kiriapur	36	27.3156	82.4755
Kirtapur	36	27.1918	82.2965
Kia Datt Chaube	36	27.1185	82.2618
Kiaon	36	27.0244	82.3153
Kishanpur Sagar	36	27.0818	82.3882
Kirat Singh Purwa	36	27.0280	82.4353
Kishan Chamar	36	27.0128	82.4676
Kishan Purwa	36	27.0400	82.4824
Kiutali	36	27.3437	82.7285
Kishunpurwa	36	27.1734	82.8089
Kishundhar Jot	36	27.2110	82.8828
Kinaunan	36	27.0363	82.9943
Kishendaspet	40	18.3722	78.6454
Kistampet	40	18.3773	78.6410
Kishandaspur	36	26.9180	82.1851
Kishanganj	36	26.8676	82.2476
Kilar	12	33.7756	74.7611
Kigom	12	33.7873	74.8661
Kisirgom	12	33.9432	74.9033
Kingom	12	33.7617	74.9247
Kishundaspur	36	26.7294	82.1895
Kistapur	40	18.0427	78.5211
Kithawan	36	26.3567	82.1717
Kilur	12	33.7351	74.8735
Kilabal	12	33.6759	74.9247
Kitkauli	36	26.1849	82.0204
Kisnampeta	40	18.8512	78.8835
Kirmesipur	36	26.1072	82.1129
Kitor	36	26.2168	82.1514
Kishtaraopet	40	18.3670	78.9485
Kitasagaram	40	18.0633	78.8421
Kirial Jagir	12	32.5309	74.8386
Kishanpur	12	32.5939	74.9375
Kitohni	36	25.1949	81.3279
Kishanpur Kunwar	36	26.9460	82.3076
Kinauna	36	26.8183	82.3629
Kisrajpur	36	26.8542	82.4321
Kishan	36	26.9352	82.4360
Kishanpur	36	26.9992	82.4492
Kishanpur	36	26.8176	82.4710
Kishanpur	36	26.6594	82.2523
Kirpalpur	36	26.5554	82.2558
Kichauti	36	26.5453	82.2674
Kishanpur	36	26.6376	82.3972
Kichheuti	36	26.3987	82.2499
Kilhapur	36	26.3939	82.2914
Kishnagarpur Bhatpura	36	26.3605	82.3780
Kishunipur	36	26.3844	82.4366
Kishunpur	36	25.9698	83.0431
Kishanpur	36	25.9251	83.1966
Kiamuddinpur	36	26.1373	82.3109
Kishandaspur	36	26.1211	82.2746
Kishandaspur	36	25.8023	83.2055
Kishunpur	36	25.7512	83.0444
Kishandaspur	36	26.1435	82.3682
Kithauli	36	26.2376	82.4400
Kikrahwa	36	26.9476	82.5615
Kinhan	36	26.9209	82.5569
Kishanpur	36	26.9576	82.5598
Kirtipur	36	26.8304	82.5144
Kinwari	36	26.6509	82.5895
Kishunpur	36	26.6379	82.5760
Kishnapur	36	26.5950	82.5440
Kishunpur	36	26.5074	82.6377
Kishan Patti	36	26.3608	82.5050
Kiamuddinpur	36	26.4328	82.6152
Kishunpur	36	26.0615	82.5013
Kishunpur	36	26.2416	82.7120
Kiuwa Zabti	36	26.9443	82.7651
Kisuna Bhagauti	36	26.7724	82.7545
Kisanwat Purwa	36	26.8872	82.8539
Kithuri	36	26.7739	82.9110
Kinaunan Kurthia	36	26.7979	82.9183
Kirihwa	36	26.7260	82.8262
Kirkirwa	36	26.6844	82.8970
Kishunpur	36	26.6447	82.9420
Kishanpur	36	26.5453	82.9266
Kinupur	36	25.9130	83.3890
Kishandaspur	36	26.2140	82.8589
Kiampur	36	26.1709	82.8594
Kitawe Durbasa	36	26.1102	82.8987
Kita	36	26.2389	82.9921
Kishanpur	36	27.1608	83.1605
Kirat Pipra	36	27.0976	83.5752
Kishanpur Tola	36	27.0482	83.6205
Kishanpur	36	27.1126	83.6468
Kiuh	12	33.5813	75.1720
Kishigund	12	33.6413	75.1320
Kidaura Harbanspur	36	25.9481	81.5547
Kidhauli	36	25.8286	81.5578
Kishunpur	36	25.7527	81.6178
Kiratpur	36	25.9594	81.7468
Kithiuri	36	26.9333	83.0300
Kirhiria	36	26.7153	83.0068
Kirpalpur	36	26.5569	83.0197
Kithiuri	36	26.5416	83.0347
Kinnubhar	36	26.5419	83.2002
Kinunpur	36	26.4502	83.0184
Kiampur	36	26.3981	83.0356
Kishunipur	36	26.1009	83.0097
Kirtupur	36	26.0569	83.1484
Kirtarpur	36	26.0833	83.1745
Kishundaspur	36	26.0966	83.1163
Kitwapar	36	26.1203	83.1260
Kiratpur	36	26.1152	83.1955
Kiamuddinpur Patti	36	26.0160	83.0041
Kishundaspur	36	26.0986	83.1661
Kishunpur	36	26.5656	83.3257
Kishunpura	36	26.6691	83.4670
Kiunara	36	26.6361	83.3745
Kishunpur	36	26.4482	83.2677
Kishunpur	36	26.3785	83.3606
Kishandeori	36	26.7524	83.6140
Kishanpur	36	26.9803	83.6766
Kiraunia	36	26.9784	83.7483
Kishunidoli	36	25.5023	81.5480
Kilhanapur	36	25.6149	81.6025
Kiratpura	36	26.4183	83.6269
Kishanpura	36	26.2045	83.6923
Kishanpur	36	26.2014	83.6976
Kithar	12	33.0573	75.2295
Kitsur	12	33.8887	75.2762
Kiyar	16	19.4709	80.5890
Kistaraopet	40	18.6777	80.0531
Kishtapuram	40	18.4805	80.0635
Kistayapalli	16	18.9067	80.2725
Kistapuram	40	18.5431	80.4257
Kirgi	35	23.4002	80.0136
Kisli	35	23.3644	80.3970
Kilot	12	33.1335	75.5782
Kilana	12	33.1342	75.6297
Kiamgah	12	33.1278	75.6774
Kihanjra	35	23.1563	80.5733
Kishanpur	35	23.5151	80.8310
Kirintal	35	23.4953	80.8574
Kiar	12	33.5684	75.8178
Kibar	12	33.4778	75.9138
Kiru	12	33.3378	75.9478
Kitiru	12	33.0622	75.8868
Kiwa	12	33.1349	75.9218
Kimli	12	33.0042	75.9707
Kivli	12	32.6808	75.0383
Kianni	12	32.6494	75.1108
Killi Aiman	23	30.7345	74.2463
Kirmioh	12	32.5750	75.2859
Kilpur	23	32.2759	75.4126
Kirpalpur	12	32.3666	75.3827
Kishenpur	12	32.4562	75.3575
Kiri Khurd	12	32.2794	75.4972
Kishanpur Ambari	36	25.3723	81.5391
Kishanpur	36	25.3630	81.5342
Kitahai	35	25.1004	81.5108
Kishanpur	23	32.0706	75.4526
Kilera	12	32.6809	75.5319
Kishanpur	12	32.5900	75.5109
Kishanpur	12	32.6081	75.6243
Kirthu Khatotu	12	32.6287	75.6922
Kithawar	36	25.8483	81.9712
Kirpalpur	36	25.6201	81.8161
Kiraudipur	36	25.5393	81.7534
Kingiriya ka Pura	36	25.6861	81.9328
Kial	12	32.4646	75.5473
Kilaspur	23	32.3194	75.5970
Kial	12	32.4911	75.7357
Kikarwas	35	22.0931	74.7084
Kikarwas	35	22.0749	74.7179
Kirta	23	32.4658	75.8739
Kior Gharian	11	32.3400	75.9499
Kior Brahmanan	11	32.3344	75.9532
Kila	11	32.4751	75.9743
Kikvadi Budrukh	16	20.6612	74.0836
Kikvadi Khurd	16	20.6699	74.0638
Kikhera	35	22.8634	75.5458
Kisanpura	35	22.9852	75.7591
Kirgaon	35	22.0106	75.7878
Kihi	35	21.4301	75.2263
Kikra	35	22.7840	80.1928
Kikaria	35	22.8022	80.2464
Kinhi	16	20.4867	75.2677
Kindrai	35	22.7172	80.0938
Kiaran	11	32.0271	75.9942
Kirala	16	20.2752	75.5987
Kirangarh	23	31.6425	74.6389
Kiralgarh	23	31.6637	74.5891
Kimachi	35	22.4513	80.0534
Kilche	23	31.0230	74.6122
Kiretar	09	24.3991	72.6103
Kisanpuri	37	20.4776	81.2555
Kilepar	37	20.9383	81.3606
Kikarmeta	37	20.8722	81.4606
Kindri	35	22.6650	80.4639
Kiringoli	37	20.3179	81.4069
Kiringoli	37	20.3295	81.4129
Kilepar	37	20.4798	81.4468
Kilepar	37	20.4726	81.4426
Kirgapati	37	20.2221	81.3890
Kirangi Tola	35	22.0330	80.4216
Kisli Bilwani	35	22.3683	80.6915
Kishangarh	23	31.3421	74.9962
Kismi	35	22.7969	80.8582
Kisalpuritola	35	22.9212	80.9196
Kisalpuritola	35	22.9026	80.9325
Kisalpuri	35	22.9123	80.9288
Kirtowal Kohna	23	31.2145	74.8879
Kirtwal Nau	23	31.1919	74.8912
Kirian	23	31.1788	74.9744
Kirimand	23	31.1698	74.9996
Kili Godha	23	31.1024	74.8915
Kili Bodla	23	31.0698	74.9597
Kisli	35	22.6506	80.8067
Kisli!tola	35	22.6509	80.8208
Kilorad	10	29.0332	76.9675
Kiwana	10	29.2254	76.9817
Kiringitola	35	22.3809	80.8192
Kimawala	23	30.8758	74.5797
Kirangijhola	35	22.1604	80.7828
Kila Desa Singh	23	31.8592	75.0133
Kila Lal Singh	23	31.8820	75.1712
Kila Darshan Singh	23	31.8602	75.2400
Kila Tek Singh	23	31.8371	75.2291
Kishenpura	10	29.2846	76.3393
Kiri Badal	23	31.4331	75.1772
Kishan Singhwala	23	31.4388	75.2443
Killi Nauabad	23	31.0398	75.0548
Killi Gandhran	23	31.0200	75.1203
Kinhi	16	21.5852	80.1200
Kirwa	24	25.4989	73.2607
Kishanpura	24	25.4144	73.4288
Kindgipar	16	21.4624	80.0863
Kinhi	16	21.1309	80.0525
Kirpatola	35	21.7804	80.3053
Kikripartola	16	21.4133	80.3464
Kikripar	16	21.4059	80.3649
Kindgipar	16	21.3783	80.3617
Kirkadi	37	21.0020	80.4620
Kir Afghanan	23	31.8800	75.4541
Kinarda	35	21.9654	80.5906
Kinarda	35	21.9514	80.5967
Kirgitola	35	21.7781	80.5876
Kishanpur	23	31.9267	75.5233
Kiri Afghanan	23	31.7730	75.5257
Kingra	23	31.5049	75.6601
Kiawala	24	25.6317	73.8138
Kishanpura	24	25.5079	73.8833
Kirkichpara	37	22.7202	82.0402
Kishnaband	37	22.2619	82.0563
Kirohali	35	21.5779	75.2813
Kinod	16	21.1691	75.4243
Kirari	37	21.9996	82.2643
Kirgi	37	21.0768	80.9357
Kishanpur	37	22.9219	82.9012
Kingaon	16	20.0722	75.3531
Kirari	37	21.9760	82.4561
Kirit	37	21.8203	82.6700
Kikirda	37	21.7231	82.8145
Kinhauti	36	27.1177	80.5376
Kirtapur	36	27.0915	80.5984
Kirla	36	27.0823	80.6531
Kitna Khera	36	27.0276	80.7071
Kishor Khera	36	27.0160	80.5435
Kinhala	16	20.5757	80.0259
Kiratpur	36	27.9011	80.8476
Kishni Dahua	36	27.8494	80.9644
Kishanpur	36	27.7922	80.9191
Kirpal Purwa	36	27.7164	80.8426
Kishansarup Purwa	36	27.6600	80.7816
Kishnapur	36	27.4505	80.7942
Kishan Khera	36	27.3706	80.7846
Kishanpur	36	27.3299	80.7755
Kindhaulia	36	27.3237	80.8138
Kirpan	36	27.2814	80.7728
Kirpalpur	36	27.2923	80.9591
Kishnapur	36	27.4632	80.8059
Kija	12	33.2701	76.1303
Kirkiun Got	11	33.0934	76.4897
Kindari	11	32.8944	76.1155
Kiora	11	32.8872	76.1463
Kiratot	11	32.8376	76.2296
Kiya	11	32.7964	76.1987
Kirwas	11	32.8162	76.1254
Kiluni	11	32.7521	76.0498
Kiluni	11	32.7816	76.0645
Kihog	11	32.7386	76.0571
Kimal	11	32.7193	76.0277
Kiliti	11	32.6392	76.1718
Kikar	11	32.5796	76.1220
Kihal	11	32.5679	76.1027
Kian	11	32.6202	76.0878
Kinhartola	16	20.3518	80.3724
Kimlahr	11	32.4905	76.2391
Kirgahatola	37	20.9892	80.6960
Kishanpura	24	25.1372	73.8564
Kiron ka Oda	24	25.1221	73.8700
Kimman	11	32.1649	76.0204
Kimbu	11	32.0037	76.2382
Kisneli	16	20.4111	80.5884
Kilot Adwar	11	32.8309	76.2576
Kiri	11	32.5681	76.2558
Kinargondi	37	20.8401	80.7698
Kilaitola	37	20.8190	80.7630
Kirgi	37	20.9960	80.9390
Kikarjhari	35	22.8124	81.0758
Kikaria	35	22.6341	81.1729
Kikaria	35	22.6376	81.0798
Kiunr	11	32.4162	76.3687
Kishangarh	37	22.2156	81.4964
Kiringi	35	22.9287	81.6088
Kirangi	35	22.7666	81.6325
Kiringahitola	35	22.8214	81.7243
Kir Chamba	11	32.1147	76.3914
Kir Chamba	11	32.1055	76.3973
Kimi	36	27.0702	81.1123
Kiratpur	36	27.1655	81.1889
Kishori	11	32.6806	76.7061
Kingariapara	37	22.0959	81.5475
Ki	11	32.3375	76.5297
Kiur	11	32.2788	76.5841
Kilhi	11	32.0047	76.6139
Kisanpur	37	22.1068	81.7915
Kiratbandha	37	21.9767	81.4460
Kiratpur	37	21.5881	81.6563
Kirna	37	21.9852	81.7541
Kirta	37	21.7763	81.8627
Kirna	37	21.4746	81.7614
Kirwai	37	21.7037	81.7533
Kiar	11	31.9560	76.2800
Kiori	11	31.9252	76.2582
Kiri	11	31.9093	76.3536
Kikkarwali	11	31.2203	76.5946
Kihlian	11	31.1785	76.6512
Kimatpur	23	31.0769	76.5888
Kime Majra	23	31.0721	76.5033
Kiari	11	31.4760	76.9693
Kiargi	11	31.4848	76.9498
Kiara Thari	11	31.3641	76.7508
Kian	11	31.3777	76.8717
Kiari	11	31.3481	76.8761
Kirta	11	31.2936	76.8935
Kiard	11	31.2512	76.8764
Kishanpura	23	30.7368	76.4330
Kirgadde	19	14.6957	74.9604
Kiriap	24	26.1679	74.5400
Kiratpur	10	30.8454	76.8691
Kisan Bagh	24	26.9616	75.8042
Kiar	24	26.9558	75.9715
Kishorepura	24	26.7762	75.8921
Kiali	11	31.0776	77.2411
Kiari	11	31.0419	77.2251
Kishanganj	24	25.6752	75.4878
Kishanpara	24	23.1710	74.3442
Kirmili	21	20.7176	82.5086
Kisna	21	20.5374	82.6516
Kindari	11	31.2252	77.9302
Kiani	11	31.1864	77.8308
Kirinda Dogri	11	31.0904	77.7999
Kiran	39	31.0630	77.8531
Kirejhola	21	20.3573	82.6126
Kirekala	21	20.3932	82.6146
Kikribera	21	20.2962	82.6972
Kirkita	21	20.1545	82.7208
Kiran	11	30.9905	77.6225
Kiarna	11	30.9818	77.6800
Kiri	11	30.9324	77.6565
Kian	11	30.7534	77.5622
Kin Uparla	11	30.7572	77.6093
Kin Nichla	11	30.7534	77.6154
Kiari	11	30.9200	77.5237
Kilar	19	14.2711	74.8210
Kilona	35	23.8150	76.1645
Kilhar	38	23.9903	83.8900
Kishanpura	35	23.6154	76.0164
Kimia	11	30.8922	77.7811
Kiar Khera	11	30.8687	77.7856
Kishor Khera	39	30.8416	77.8588
Kistul	39	30.8435	77.8976
Kishanpur	36	29.2209	77.7756
Kishanpur Birana	36	29.0701	77.9050
Kithwari	10	28.1419	77.3685
Kirkar	37	21.8917	83.0309
Kirari	37	21.8863	83.0439
Kirkartola	37	21.8873	83.0388
Kirari	37	21.7880	83.1384
Kinyong Dogri	11	31.6141	78.3243
Kibbar Dogri	11	31.5804	78.3040
Kibbichhalu	19	14.1784	74.9316
Kippalubage	19	14.1883	74.8459
Kippadi	19	14.0530	74.9485
Kiravase	19	14.0054	74.9076
Kishanpura	35	23.0814	76.2267
Kishanpur	39	30.2054	78.0719
Kishanpur	39	30.2209	78.2379
Kishanpura	35	23.5478	76.4590
Kisindi	37	21.2315	83.0306
Kisandar	39	30.1906	78.7580
Kiark	39	30.1729	78.7577
Kimoli	39	30.0501	78.7624
Kiard	39	30.0488	78.8275
Kishandebpur	39	29.7889	78.4056
Kimsari	39	29.9499	78.3578
Kimsera	39	29.8627	78.4869
Kiarak	39	29.8367	78.4784
Kishanpuri	39	29.7802	78.4302
Kimgadi	39	29.9641	78.9124
Kilbas	39	29.9544	78.8960
Kiard	39	29.9026	78.7555
Kilbau	39	29.7940	78.9217
Kimgaon	39	29.7723	78.9031
Kiritmal	37	21.9512	83.2595
Kisnapur	37	21.9314	83.3775
Kirtandera	37	21.8682	83.4292
Kirilimal	21	21.6699	83.4848
Kiratour	36	28.9286	78.0353
Kisaula	36	28.6290	78.1069
Kiryaoli	36	28.6083	78.1228
Kiryari	36	28.4775	78.1571
Kishen Khera	36	28.3422	78.1277
Kiryaoli	36	28.2197	78.0304
Kiratpur	36	28.1764	78.1559
Kishanpur	36	28.1007	78.1675
Kiriamai	36	28.1616	78.4933
Kirthala	36	28.1036	78.3208
Kisoni	35	23.2916	76.3914
Kinduria	35	23.1576	76.4138
Kidarnath	39	30.7392	79.1557
Kimana	39	30.5028	79.1831
Kishanpura	35	23.8949	76.7474
Kishanpuriya	35	23.9274	76.6870
Kishanpuriya	35	23.9846	76.7376
Kiripsira	21	21.9904	83.7799
Kirarama	21	21.7641	83.8768
Kirba	21	21.5014	83.9020
Kinpali	21	21.1883	83.8523
Kishtapuram	40	18.1000	80.6391
Kikler	37	18.7604	80.9875
Kiri Guria Purwa	36	27.5127	81.2506
Kishnapur	36	27.5082	81.2827
Kishanpur Mitha	36	27.6954	81.4494
Kiritpur	36	27.4229	81.2793
Kitauri	36	27.4100	81.2955
Kisrai	36	27.2998	81.2631
Kishanpur	36	27.0966	81.3844
Kinhauli	36	27.0199	81.3400
Kishanpur Kewai	36	26.2418	81.3540
Kia	36	26.1931	81.4829
Kishanpur	36	26.1657	81.4244
Kiampur	36	26.9016	81.6024
Kinhaura	36	26.8382	81.6494
Kitiawan	36	26.2652	81.7443
Kishangarh	36	26.1307	81.5892
Kinuboro	21	18.4324	82.7792
Kiramamidi	02	18.4153	82.7835
Kirdivalasa	02	18.4116	82.7891
Kilaguda	02	18.3579	82.8161
Kimkari	02	18.2752	82.8899
Kintipadu	21	18.4664	82.9754
Kinanguda	02	18.2643	82.9293
Kitaling	02	18.2528	82.8257
Kilappakkam	25	12.5489	80.0361
Kilavedu	25	12.6592	80.0105
Kirappakkam	25	12.6444	80.0421
Kilakalani	25	12.5776	80.1607
Kilur	25	12.7383	80.1092
Kirraba	02	17.6216	82.1953
Kindra	02	17.5870	82.1810
Kimmuru	02	17.3505	82.1287
Kinaparti	02	17.4674	82.1126
Kistnapuram	02	16.9806	81.4283
Kimidipalle	02	17.9336	82.4467
Kidari	02	17.9078	82.4474
Kimiligadda	02	17.5606	82.3021
Kinchell	02	17.5935	82.4022
Kitlava	02	17.6420	82.3314
Kinaparti	02	17.7051	82.4072
Kistavaram	40	17.2100	80.7771
Kitumula	02	17.8412	82.5252
Kinjarti	02	17.8053	82.6463
Kintalli	02	17.8562	82.7448
Kittampalle	02	17.7761	82.7335
Kitpadar	21	19.8292	83.1412
Kirkuda	21	19.8748	83.1350
Kiyapadar	21	19.7270	83.0613
Kiding	21	19.6871	83.0164
Kiditiguda	21	19.6733	83.0128
Kirkicha	21	19.5889	83.1511
Kiramb	21	19.6472	83.2024
Kirkipadar	21	19.7108	83.3374
Kiyajharan	21	19.8193	83.4025
Kilapadar	21	19.8370	83.3578
Kiding	21	19.9361	83.3816
Kinjiluva	21	19.9599	83.4794
Kineri	21	19.8597	83.6071
Kinjolipal	37	19.2394	82.0322
Kitrupalli	21	19.2112	82.2321
Kidingipadar	21	19.1308	82.2268
Kichikiras	37	18.8693	82.0453
Kirkoliguda	21	18.6193	82.1318
Kirtirayanigudem	02	16.7716	80.6907
Kitnipodoro	21	18.5267	82.3543
Kiloguda	21	18.7050	82.4390
Kindoguda	21	18.6887	82.4726
Kiloguda	21	18.6772	82.4212
Kialput	21	18.6107	82.4422
Kinchop	21	18.5298	82.4905
Kindiripadar	21	19.1141	83.1103
Kirasanipada	21	18.4409	82.2954
Kichchipoda	21	18.4134	82.2620
Kichchipoda	21	18.4032	82.2773
Kichchipoda	21	18.4067	82.2836
Kimidipalle	02	18.2612	82.3405
Kirlapodoro	02	18.4025	82.4515
Kistapuram	02	18.2987	82.4521
Kiram	02	18.4991	82.4576
Kirikhallu	21	19.4467	83.2941
Kirakalapadu	21	19.3930	83.3346
Kindili	21	19.3996	83.4973
Kilabhadra	21	19.1850	83.4909
Kiajolla	21	19.1488	83.4165
Kisara	21	19.0250	83.4742
Kilimesiguda	21	19.0176	83.4524
Killingi	21	19.4390	83.5034
Kilapadra	21	19.3057	83.5289
Kidimatti	21	19.4821	83.6610
Kitadam	21	19.4376	83.6625
Kinjiri	21	19.3941	83.7423
Kilipalle	02	18.0521	82.3446
Killamkota	02	18.0877	82.3734
Kinchuru	02	18.2132	82.4322
Kindalam	02	18.1799	82.4931
Kilimisingi	02	18.0269	82.4437
Kitumulu	02	18.0571	82.4802
Killiputtu	21	18.7897	82.6565
Kindriguda	21	18.8481	82.6869
Kinchaiputtu	21	18.5235	82.5189
Kilumulu	02	18.2184	82.5426
Kintorel	02	18.1126	82.5130
Kinchur	02	18.1032	82.5390
Kimidipilli	02	18.1664	82.5525
Killerva	02	18.2261	82.6793
Kinchamanda	02	18.1247	82.7022
Kindang	02	18.0665	82.6814
Kiralu	21	18.8014	82.9132
Kittesu	21	18.9736	82.9249
Kirajholla	21	18.5574	82.7760
Kiraguda	21	18.5331	82.8324
Kirajolla	21	18.5704	82.8980
Kiyaguda	21	18.5307	82.9880
Kibada	37	19.9787	81.7681
Kialguda	21	19.9731	83.7731
Kinijolla	21	19.2423	83.5667
Kilabhadra	21	19.2004	83.5647
Kilana	21	19.1263	83.5967
Kittalamba	02	19.0426	83.5031
Kinnarimada	21	19.1976	83.5902
Kisara	21	19.2367	83.6070
Kilbar	21	19.2145	83.6010
Kitlapadu	21	19.2297	83.7200
Kistaram	37	18.3635	81.1576
Kilukupa	21	19.9780	83.9309
Kirama	21	19.9055	83.9361
Kirama	21	19.5717	83.9130
Kinnidi	21	19.3123	83.8117
Kinigirayametta	21	19.2733	83.9455
Kindiriguda	21	19.2699	83.9650
Kilagorai	21	19.2069	83.7913
Kinteda	21	19.0337	83.9521
Kithim	21	19.1175	83.9484
Kidindul	37	18.6353	81.2722
Kiliras	37	18.5948	81.4445
Kirajolla	21	18.7956	83.0006
Kilimesu	21	18.8030	83.2066
Killava	21	18.9079	83.1853
Kitiling	02	18.3034	83.0170
Kirangi	02	18.3816	83.1704
Kittannapeta	02	18.0093	83.1366
Kirla Agraharam	02	18.0163	83.2332
Kiltampalem	02	18.1514	83.1525
Kittayitota	02	18.1992	83.1423
Kirkitta	02	18.9877	83.3647
Kintalapodoro	21	18.8387	83.2812
Kilikavalasa	02	18.9232	83.4742
Kittalavalasa	21	18.8851	83.2804
Kilepal	37	18.9332	81.6303
Kilepal	37	18.9698	81.6143
Kilepal	37	18.9917	81.6174
Kilepal	37	18.9319	81.7050
Kilepal	37	18.9441	81.7184
Kindam Agraharam	02	18.2169	83.3274
Kittubarti	02	18.1812	83.2912
Kindaryada	37	18.6272	81.8834
Kikripal	21	18.6203	81.9109
Kirkaliguda	21	18.3333	81.9447
Kichchipoda	21	18.2613	81.9508
Kitsada	02	18.8636	83.5027
Kimanayuduvalasa	02	18.8430	83.5072
Kittalapadu	02	18.8274	83.6049
Kitikesu	02	18.8543	83.6173
Kikkava	02	18.9547	83.5277
Kilada	02	18.7525	83.7326
Kimmi	02	18.6652	83.5886
Kinjangi	02	18.5639	83.5629
Kilugupeta	02	18.0336	83.5881
Kinigam	21	18.8348	83.8933
Kittangi	21	18.9142	83.8507
Kimbaltal	21	18.8658	83.9568
Kisara	21	18.8195	83.8810
Kindravada	02	18.7387	83.8022
Kilantra	02	18.5574	83.7809
Kichayyanayuduguda	02	18.6422	83.8101
Kittalapadu Savaraguda	02	18.6722	83.8218
Kiraba	02	18.6955	83.8397
Kishtaram	40	17.6573	81.0628
Kishtaram	40	17.5527	81.1659
Kivvaka	40	17.5667	81.1499
Kichigaduguda	02	18.5911	83.8869
Kindangi	02	18.6521	83.8350
Killapalem	02	18.2554	83.9272
Kintali	02	18.3309	83.8537
Kintada	02	17.8735	83.0555
Kirtipadu	02	15.6357	80.0274
Kirtevaripalem	02	15.8075	80.4048
Kimalur	25	13.4070	80.0136
Kilmahgaipattu	25	13.2967	80.0194
Kilambakkam	25	13.2634	80.0502
Kilameni	25	13.3082	80.1342
Kilmudalambedu	25	13.3529	80.1205
Kilikkodi	25	13.3712	80.1535
Kistapuram	25	13.4178	80.1188
Kirappakkam	25	13.4742	80.2062
Kistavaram	40	17.5907	81.3327
Kishundasdih	34	25.1694	84.3298
Kirhi	34	25.1544	84.3446
Kisaidih	34	25.2189	84.3843
Kishun Bigha	34	25.0391	84.4482
Kishunpur	34	25.9227	84.6870
Kitsalavada	02	17.7283	81.7191
Kishankheri	35	23.6881	76.5724
Kithor	35	23.5652	76.5093
Kiloda	35	23.5198	76.5235
Kishoni	35	23.3639	76.7114
Kishanpuria	35	23.9888	76.7724
Kishanpuria	35	23.8242	76.8094
Killa	35	23.7658	76.9698
Kishorpura	35	23.7556	76.9123
Kilkhera	35	23.9884	76.9156
Kishangarh	35	22.7806	76.1471
Kiria	09	23.1219	73.4380
Kiar Nani	09	23.2907	73.8979
Kiaria	09	23.3043	73.8836
Kiar Moti	09	23.2754	73.9199
Kimani	39	30.0804	79.5212
Kimukhet	39	29.6457	79.0080
Kinati	39	29.7187	79.0514
Kiyarki	39	29.6311	79.0798
Kiyari	39	29.5387	79.2194
Kishanpur Pande	39	29.3890	79.0801
Kishanpur Barua	39	29.3577	79.1402
Kishanpur Kotalia	39	29.3261	79.1633
Kishanpur Dolia	39	29.3289	79.1642
Kiaion	39	29.3659	79.1867
Kiarion Kham	39	29.3621	79.1933
Kiratpura	34	25.6058	84.7293
Kishanpur	39	29.1399	79.0938
Kishanpur	39	29.1915	79.1107
Kita ka Gurha	24	25.4069	73.7080
Kishnagarhi	39	29.9723	79.4919
Kimkhola	39	29.7030	79.3231
Kiroli	39	29.7267	79.4262
Kiti	35	22.0128	74.1643
Kiklatalai Para	09	22.8097	74.4233
Kisinpur	35	22.6428	74.7272
Kilberry	39	29.4233	79.4379
Kimu Khet	39	29.3668	79.4802
Kingaon Talla	39	29.3557	79.4517
Kingaon Malla	39	29.3539	79.4564
Kirankhera	24	24.6264	73.9838
Kirakhera	24	24.5981	73.9857
Kishenpur Churdaura	39	29.1620	79.4875
Kishunpur	34	25.0816	84.5666
Kishunpur	34	25.1178	84.7393
Kishanpura	24	26.4944	74.4895
Kinori	39	29.5593	79.6280
Kirora	39	29.6884	79.7337
Kirara	39	29.7109	79.6731
Kishunpur	34	25.9381	84.9788
Kiria	35	22.6671	74.8432
Kishunpur	34	25.6236	84.7561
Kilaur	39	29.4951	79.5961
Kitkoiratola	34	25.5939	84.7776
Kita Chauhattar	34	25.6770	84.8720
Kimukan	39	29.2533	79.7432
Kirathpur	34	25.7356	84.9711
Kimu Tok	39	29.4502	79.6547
Kishannagri	39	29.2162	79.5684
Kishanpur Rikwal	39	29.1677	79.6024
Kishanpur	39	29.1539	79.5859
Kishanpur Salkulia	39	29.1432	79.5258
Kishna Nawar	39	29.1082	79.5043
Kilabkhet	39	29.9589	79.5210
Kimoli	39	29.9679	79.5859
Kichni	34	27.0821	84.3236
Kiranipura	24	26.4355	74.6736
Kishanpura	24	25.3774	74.0010
Kishanpura	24	25.3301	74.0844
Kishanpura	24	25.2135	74.0040
Kishandeopatti	36	26.7353	84.0518
Kinu Rai	36	26.7170	84.0993
Kirpapatti	36	26.7095	84.0155
Kishandaspatti	36	26.7040	84.0423
Kishunpura	34	26.5015	84.0354
Kilpur Khap	34	26.5406	84.2310
Kishan Kishor	36	26.6903	84.1974
Kishunpura	34	26.4694	84.0662
Kiron ki Kherian	24	25.0687	74.3443
Kishori Chhapra	36	26.2737	84.1464
Kilpur	34	26.2791	84.1984
Kilpur	34	26.3515	84.1953
Kishundeu Chhapar	34	26.3959	84.2004
Kishunpura	34	26.1452	84.0628
Kishunpali	34	26.1035	84.1441
Kila Kohna	36	26.0398	84.0601
Kikorha	36	26.0182	84.0307
Kismat Barwa	34	26.0868	84.2317
Kishunpur Misrauli	34	26.1905	84.2249
Kishunpura	36	26.0322	84.1204
Kimoli	39	29.8030	79.8500
Kirai	39	29.8896	79.9520
Kirauli	39	29.9101	79.9562
Kirauli	39	29.9658	79.9309
Kirpania	34	26.7521	84.4379
Kimtoli	39	29.6150	79.8623
Kinwar	36	26.6462	84.2714
Kimon	39	29.5439	79.9295
Kitiyas	24	25.1338	74.8665
Kishanpura	24	25.0807	74.9898
Kirawara	24	24.0399	74.0047
Kiritpur Tola Mathia Bandobasti	34	26.5886	84.6447
Kiritpur	34	26.5995	84.6335
Kiritpur Tola Inglish	34	26.5955	84.6522
Kitpura	24	27.1632	75.9083
Kimswar	39	29.4632	79.8804
Kimkhet	39	29.2956	79.8654
Kimar	39	29.4452	79.8876
Kilpura Got	39	29.0248	79.9660
Kiratpur	36	28.2041	79.2321
Kishanpur	36	28.2012	79.0165
Kirtan Kheri	35	22.6145	76.3568
Kishanpur	36	28.3433	79.2991
Kishanpur	36	28.2680	79.2994
Kishanpur	36	28.3315	79.4923
Kiara	36	28.2534	79.4219
Kishangarh	35	22.4934	76.2580
Kishorpur	36	28.1488	79.3194
Kiratpur	36	28.1817	79.3950
Kiratpur	36	28.2355	79.4897
Kishan	34	26.2573	84.6450
Kishunpur Lauwar	34	26.0737	84.6249
Kishunpura	34	26.2268	84.6771
Kishanpur	39	28.9300	79.5056
Kitta	39	28.8919	79.5562
Kishunpur	34	26.5769	84.9031
Kishanpura	35	22.1182	76.3206
Kirgaon	35	22.0293	76.2884
Kiratpur	34	26.2400	84.8163
Kishunpura	34	26.1183	84.7981
Kiradia	35	21.8320	74.8026
Kishunpura	34	26.0525	84.8958
Kishanpura	36	28.6525	79.7296
Kiratpur	36	28.4126	79.5575
Kishnapur	36	28.3993	79.6793
Kishanpur Kuian	36	28.4399	79.7232
Kishni	36	28.3584	79.7426
Kishora	36	28.2197	79.5673
Kiratpur Dhiri	36	28.1919	79.6087
Kishanpur	39	28.9760	79.8024
Kifait Nagar	36	28.6308	79.9003
Kishanpur	36	28.7139	79.8983
Kishunipur	36	25.9689	84.2049
Kishuripur	36	25.7537	84.2301
Kitanpur	36	28.2925	79.7800
Kisaga	34	25.5925	84.2488
Kishanpur	36	28.4045	79.9398
Kimdar Chak	34	25.0926	84.8063
Kishun Das Mathtola	34	25.0735	84.9058
Kirwa Bigha	34	25.0814	84.8363
Kishanpur	34	25.0991	84.9470
Kismat Karma	34	24.8062	84.1920
Kishunpur	38	24.5781	84.0227
Kishunipur	34	25.2593	84.0217
Kisaini	38	24.2122	84.2271
Kishunpur	38	24.1578	84.2066
Kishuntola	34	25.0203	84.0649
Kishunapur	34	25.1014	84.0804
Kishunpura	34	25.2031	84.1348
Kirtupur	36	25.9123	84.2554
Kirpalpur	36	25.7709	84.2999
Kishunbari	34	25.9985	84.3994
Kishunpura	36	25.7264	84.4659
Kishunatola	34	25.5096	84.4369
Kirni	34	25.3967	84.2577
Kinu Dehri	34	25.3488	84.4413
Kirpa Bigha	34	24.8160	84.4565
Kirtutbla	34	24.3956	84.4588
Kiloda	35	22.6956	76.6899
Kitola	35	22.5522	76.5782
Kitkheri	35	22.4804	76.6780
Kirto	38	24.0163	84.2613
Kisiara	38	24.1156	84.4208
Kiya Khap	34	24.8082	84.6235
Kitadih	38	24.1495	84.7463
Kirti Chak	34	25.3403	85.7518
Kitadaranktol	34	25.2566	85.9944
Kiratpur	36	25.9227	80.0921
Kirpa Bigha	34	25.1177	85.7562
Kirkira	38	24.1740	85.0026
Kirha	35	25.0597	80.5922
Kirhaipakhari	35	25.0025	80.7238
Kitahai	36	25.5569	80.9204
Kitahai	36	25.6357	80.9387
Kishanpur	34	26.5403	86.2925
Kigodgi	19	13.9437	74.8504
Kirkodi	19	13.9767	74.8845
Kilpadi	19	13.0824	74.8056
Kilanjur	19	13.0361	74.8422
Kinnagoli	19	13.0635	74.8490
Kindeel	19	13.0074	74.9668
Kinya	19	12.7824	74.8920
Kilenjar	19	12.9630	74.8623
Kilanjara	19	12.9761	74.9992
Kiduru	13	12.6360	74.9833
Kitdhal	19	15.8939	75.1508
Kilabnur	19	15.9392	75.3044
Kittur	19	15.8470	75.3542
Kittur	19	15.5249	75.4737
Kiresur	19	15.4435	75.3001
Kitali	19	15.8416	75.5442
Kiritgeri	19	15.5192	75.6665
Kirvatti	19	14.6433	75.0177
Kiravadi	19	14.6117	75.2196
Kirahunasi	19	14.3245	75.0686
Kittadahalli	19	14.3350	75.4145
Kittur	19	14.9256	75.5717
Kirgeri	19	14.3918	75.6322
Kittagali	19	13.7495	77.0511
Kitganhalli	19	13.2797	77.1090
Kirikera	02	13.7690	77.4841
Kilaranhalli	19	13.4421	77.3738
Kittayyanapalya	19	13.2129	77.3289
Kitanelli	19	13.0095	77.4191
Kitaganur	19	13.0382	77.7098
Kimbligyanhalli	19	13.1302	77.8838
Kirgulige	19	13.8622	75.0136
Kileri	19	13.8418	75.1932
Kilandur	19	13.8231	75.0234
Kilagar	19	13.7501	75.0288
Kilagaru	19	13.7508	75.0285
Kimmane	19	13.7280	75.1413
Kigga	19	13.3619	75.1496
Kigga	19	13.4181	75.1872
Kirur	19	13.3071	75.2253
Kilurbail	19	13.4334	75.1037
Kittu 's Darkhast	19	13.4787	75.0534
Kilenja	19	13.1121	75.1743
Kipari	19	13.0148	75.0738
Kikkeri	19	13.8106	75.4006
Kigadi	19	13.8190	75.4664
Kitlikoppa	19	13.7184	75.3668
Kiranakere	19	13.5918	75.3337
Kiligere	19	13.5420	75.3700
Kirakodu	19	13.4331	75.2676
Kikari	19	13.4155	75.2908
Kibbali	19	13.3423	75.4154
Kirnadi Kumri	19	13.0023	75.3971
Killur	19	13.1033	75.3630
Kirsalu	19	13.0776	75.6233
Kire Sigara	19	13.0356	75.7192
Kinhi Tukum	16	19.8503	79.3960
Kinhi	16	19.8336	79.4680
Kirdi	16	19.6169	79.3186
Kishtampet	40	19.1473	79.4395
Kitur	19	13.1639	75.7548
Kiragadalu	19	13.1151	75.8421
Kiravale	19	13.0108	75.8446
Kimara	16	19.8216	79.6156
Kiningal	13	12.6040	75.1650
Kikana	13	12.4464	75.1254
Kinanu	13	12.3690	75.2461
Kikanam	13	12.2741	75.2318
Kirmiri	16	19.5909	79.6596
Kilayyikote	13	12.2405	75.1713
Kinnimajlu	19	12.7958	75.3170
Kijana	19	12.8240	75.3185
Kichaniapur	34	25.1238	85.5226
Kishanpur	34	25.1387	85.7316
Kittur	19	14.5007	76.1000
Kishanpur	34	25.9205	85.8308
Kishunpur	34	25.9509	85.9573
Kishunpur Tabhka	34	25.6856	85.9237
Kishunpur Jari	34	24.7153	85.0507
Kirpa Chak	34	24.5379	85.0344
Kishunpur	34	24.6684	85.2318
Kitari	34	24.9982	85.2726
Kishunpur	34	24.8684	85.3149
Kirwar Kurha	34	24.6597	85.3421
Kishunidih	34	24.6213	85.3407
Kittadahatti	19	14.2836	76.2744
Kirasodlu	19	12.3490	76.3390
Kirijaji	19	12.3300	76.2964
Kishunpur	34	24.7866	85.5237
Kirti Bigha	34	24.8363	85.6553
Kishori	34	24.9790	85.6883
Kishunpur	34	26.0904	86.1528
Kiratpur	34	26.0604	86.2217
Kiritpur	34	26.2845	86.4006
Kishnipatti	34	26.3578	86.4727
Kishunipatti	34	26.2847	86.4812
Kinganahalli	19	13.3049	76.1345
Kittanagere	19	13.1168	76.2212
Kidakanahalli	19	13.5826	76.3748
Kittanakere	19	13.5071	76.3624
Kittadahal	19	13.7300	76.4826
Kiratpur	34	26.0186	86.3626
Kinanur	13	12.3144	75.2749
Kiriyad	13	12.0285	75.4102
Kiratpur	34	25.5928	86.0380
Kili	34	25.5275	86.1365
Kirtaul	34	25.4978	86.0154
Kistapur	16	19.4192	79.9928
Kirnadka	19	12.7981	75.5301
Kiragadlukoppal	19	12.9678	76.0282
Kishanpur	34	25.1999	86.1128
Kiragadlu	19	12.9593	76.0319
Kittane	19	12.9181	76.1197
Kirisave	19	12.9507	76.6115
Kirangur	19	12.3498	76.0199
Kirnelli	19	12.3478	76.1277
Kittur	19	12.4921	76.2105
Kire Marali	19	12.5196	76.6928
Kirangur	19	12.4316	76.6993
Kirangur	19	12.2371	76.2030
Kiralu	19	12.2268	76.7429
Kishanpur	34	25.6224	86.4768
Kittaghatta	19	12.9468	76.8597
Kirangur	19	12.9071	76.9155
Kilara	19	12.8357	76.9525
Kirangur	19	12.7812	76.9875
Kishanpur	34	25.3576	86.2744
Kiranpur	34	25.2685	86.3004
Kirangandur	19	12.5127	76.8659
Kilari	19	12.5984	76.9412
Kilanapura	19	12.2512	76.8159
Kirugavalu	19	12.3735	76.9480
Kiragasuru	19	12.2303	76.8767
Kiragunda	19	12.1200	76.7970
Kistaraopalli	40	18.4841	79.0631
Kingri	34	25.6326	86.6911
Kirahalli	19	12.9927	75.8125
Kirihunse	19	12.8962	75.8408
Kitgere	19	12.8604	75.8378
Kiri Bilaha	19	12.7597	75.8684
Kitbur	19	12.8872	75.9856
Kirhalli	19	12.9912	75.9936
Kiggatta	19	12.9932	75.9969
Kirudale	19	12.5409	75.8073
Kiragandur	19	12.5680	75.8352
Kibbetta	19	12.6060	75.8556
Kitturu	19	12.7429	75.9326
Kishunpur	34	25.1732	86.6053
Kishunpur	34	25.7947	86.8237
Kishanpur Ratwara	34	25.4822	86.8511
Kizhtalli	13	11.8663	75.4147
Kilalur	13	11.8489	75.4925
Kirpa Ramdih	34	24.9444	86.0225
Kidiad	09	23.3340	73.5074
Kirmisepur	36	27.4625	80.5376
Kisra	36	27.4345	80.6338
Killi	36	27.3779	80.5813
Kirtapur	36	27.3684	80.5196
Kiswamau	36	27.3386	80.6286
Kishanpur	36	27.3993	80.5288
Kiracchi	13	11.8716	75.5439
Kizhur	13	11.9808	75.6602
Kizhpalli	13	11.9721	75.7794
Kiliyambilayi	13	11.5841	75.7890
Kizhinnanyam	13	11.5654	75.7567
Kiralur	13	11.3117	75.8121
Kizhakkummuri	13	11.3275	75.8215
Kinalur	13	11.4710	75.8643
Kizhakkott	13	11.3589	75.9027
Kiratpur	36	26.7097	79.1462
Kirpia	36	26.6699	79.2384
Kitvadi	16	15.6358	74.0153
Kitvade	16	15.8542	74.2725
Kini	16	15.9724	74.3722
Kiniye	19	15.7645	74.4215
Kitvad	16	15.9731	74.4230
Killampur	36	26.9022	79.3779
Kishanpur	36	26.8835	79.3159
Kishanpur	36	26.9742	79.2719
Kirkichyapur	36	26.8012	79.4130
Kikajeri	16	19.5897	79.0169
Kiridi	16	19.7367	79.1250
Kila Wanparti	40	18.7060	79.2614
Kistampeta	40	18.3955	79.3844
Killeru	40	18.3992	79.2901
Kistapuram	40	18.7452	79.6380
Kidadhalu	19	15.3525	76.1989
Kirgur	19	12.1407	75.9772
Kilar	19	12.5076	75.5508
Kirvale	19	15.6354	74.3790
Kirvale	19	15.5089	74.4612
Kindalem	33	14.9957	74.0483
Kinnar	19	14.8669	74.1983
Kigundi	19	14.7282	74.7050
Kirtigadde	19	14.4261	74.6014
Kibballi	19	14.3589	74.6997
Kismatti	19	13.9393	74.6519
Kidiyur	19	13.3328	74.7233
Kirpabigha	34	24.5717	84.2585
Kishunpur	34	24.5784	84.2922
Kishun Bigha	34	24.7633	84.7579
Kirit Nawada	34	24.8751	84.9450
Kishunpur	34	24.7843	84.9209
Kishunpur	34	24.7185	84.8156
Kishunpur	34	24.5885	84.8193
Kirkichia	34	26.2844	87.2755
Kilpara Kalan	34	26.0051	87.7827
Kiton	34	25.9621	87.1391
Kishunpur Balua	34	25.6661	87.1222
Kitapathar	38	25.0075	87.2793
Kishundaspur	34	25.3334	87.3319
Kishni Chak	34	25.2616	87.4533
Kirtania	34	25.2550	87.4730
Kishunpura	34	25.9483	85.1452
Kishundas	34	25.8726	85.0444
Kishunnagar	34	25.9952	85.2095
Kirani Chak	34	25.3790	85.0950
Kishunganj	34	25.3221	85.1511
Kishtipur	34	25.3994	85.2093
Kishunpur	34	25.7277	87.5799
Kirpur	34	25.5158	87.6208
Kitajhor	38	25.0997	87.5693
Kirora	34	25.8602	87.8328
Kirtitola	34	25.2748	87.8056
Kismat Barol	28	25.4590	87.9526
Kitakoriopahar	38	24.7497	87.5042
Kishunpur	34	24.9773	87.0576
Kirma	38	24.6190	87.5723
Kirtola	38	24.5432	87.5114
Kishanotpur	38	24.3670	87.7372
Kishunpur	34	25.1484	85.0107
Kishunpur	34	25.0906	85.1132
Kirtipur	28	24.2495	87.7466
Kitajor	38	24.6019	87.7523
Kilbilnagar	38	24.7344	87.8760
Kitaihor	38	24.7211	87.8717
Kitajor	38	24.6433	87.8393
Kirtipur	38	24.5718	87.8568
Kichai	28	24.4493	87.9619
Kisorpur	28	24.2981	87.9570
Kirtipur	28	24.0586	87.9718
Kishunpur Belaur	34	25.9944	85.2956
Kiratpur Rajaram	34	25.8559	85.2869
Kishunpur Madhuban	34	25.9940	85.3674
Kinari	34	25.9899	85.4182
Kishunpur Telaur	34	25.8656	85.4583
Kismari	35	21.9370	75.2322
Kishnapur	34	25.2825	85.3458
Kinuapar	34	25.2621	85.3700
Kishora	34	25.4070	85.3937
Kishtipur	34	25.4080	85.4009
Kishandeo Bigha	34	25.1622	85.2813
Kishunai Bigha	34	25.0547	85.3595
Kirpaganj	34	25.1600	85.3354
Kirtipur	34	25.2162	85.3424
Kishunpur	34	25.2153	85.4493
Kishunwara	34	25.8667	85.6112
Kichni	34	25.3591	85.5579
Kishanpur	34	25.3791	85.6759
Kingaon Budrukh	16	21.2113	75.5775
Kingaon Khurd	16	21.2133	75.5774
Kirola	16	20.9099	75.7453
Kistapur	02	16.6678	79.8941
Kishtasagar	40	17.9131	78.6450
Kistampet	40	17.9353	78.9280
Kirshan ji Dhani	24	25.1273	70.9108
Kishunpur	34	26.0812	87.5883
Kinholmahal	16	20.1506	75.5016
Kinholban	16	20.2199	75.5884
Kinhol	16	20.0218	75.7086
Kinhi	16	20.9989	75.8306
Kinhi	16	20.6298	75.8629
Kirmola	39	29.2351	80.0444
Kiratpur	36	27.9492	80.0285
Kiriari	36	27.8821	80.0592
Kiriara	36	27.8889	80.0551
Kishanpur Jamni	36	27.8225	80.0663
Kishanpur	36	27.8118	80.1635
Kidar Purwa	36	27.7280	80.1444
Kishnapur	36	27.7075	80.1452
Kisan Purwa	36	27.4173	80.0798
Kiswan	36	27.2902	80.2497
Kirtiapur	36	27.9003	80.3222
Kirpalpur	36	27.9905	80.3927
Killimangalam	13	10.7233	76.3188
Kishanraopet	02	19.1227	78.4214
Kitnagamangala	19	12.9709	77.0469
Killedaranpalya	19	12.9789	77.1605
Kichavadi	19	12.8670	77.0123
Kiragasur	19	12.2469	77.1106
Kilavaripalle	02	14.7965	78.7511
Kichapatipalle	02	14.6377	78.7694
Kiravara	19	13.3783	78.1345
Kittanduru	19	13.2416	78.1279
Kilukote	19	13.1360	78.1196
Kilagani	19	13.1079	78.4278
Kiluholali	19	13.1172	78.2886
Kilikeri	02	13.2857	78.5270
Kirumani	02	13.2728	78.5107
Kilapalle	02	13.2019	78.6223
Kileri Kadapanattam	02	13.0644	78.6184
Kilattoradi	02	13.1195	78.6133
Kiranpalli	25	12.6335	77.9661
Kilpuram	25	12.4567	77.7912
Kilouchandiram	25	12.4086	77.7849
Kirmanda	19	12.8418	78.1909
Kittanapalli	25	12.5081	78.2260
Kilakembali	19	12.9040	78.2975
Kirtikoppa	19	12.9227	78.3284
Kittappanayakkanpatti	25	12.5165	78.2814
Kilakuppam	25	12.3025	78.3194
Kilavalli	25	12.2227	78.3335
Kilmorappur	25	12.1266	78.4647
Kistnapuram	25	12.0257	78.4096
Kilkaniyur	25	12.5748	78.6341
Kilkuppam	25	12.4316	78.5701
Kilmattur	25	12.3512	78.5670
Kittampatti	25	12.2877	78.5874
Kilur	25	12.3687	78.6964
Kilmurungi	25	12.8447	78.7829
Kilpatti	25	12.8742	78.8169
Kilur	25	12.9000	78.8585
Kilalattur	25	12.9644	78.9236
Kilkrishnapuram	25	12.8689	78.9138
Kilkottur	25	12.7975	78.9445
Kilachchur	25	12.9111	78.9414
Kilsilambadi	25	12.5243	78.8451
Kilur	25	12.5925	78.9060
Kilamarathur	25	12.5835	78.9098
Kilkuppachchiyur	25	12.7229	78.9601
Kilninjamanthai	25	12.7380	78.9708
Kilchippalli	25	12.5457	78.9909
Kilappasar	25	12.0900	78.7577
Kilravandavadi	25	12.1576	78.9349
Kiranur Vada	25	12.0047	78.9492
Kilvanakkambadi	25	12.1868	78.9605
Kilakuppam	25	12.2144	78.5226
Kilanur	25	12.1047	78.5285
Kilapparai	25	12.0198	78.5272
Kiraippatti	25	12.0126	78.5253
Kichamreddipalle	02	15.5030	79.3618
Kilchammapeta	02	14.3586	79.2271
Kitsamambapuram	02	14.2393	79.1625
Kitsamambapuram	02	14.2176	79.1696
Kilikirivandlapalli	02	13.7129	79.1400
Kichirivaripalli	02	13.5643	79.0786
Kichannagaripalli	02	13.3354	79.0761
Kinatipalli	02	13.1352	79.0437
Kilaripalli	02	13.1064	79.1177
Kindukadikhandrika	02	13.1182	79.1960
Kichamanayudukhandriga	02	13.4365	79.2706
Kirasathu	25	13.1024	79.2819
Kilvur	25	13.0167	79.3979
Kichalam	25	13.2288	79.4899
Kilagaram	02	13.4206	79.5954
Killarpundi	02	13.4061	79.7253
Kilbakkam	02	13.3671	79.6780
Kilkalattur	25	13.0155	79.5892
Kilandurai	25	13.0344	79.6500
Kilkesavarajupeta	25	13.1300	79.5976
Kilandur	25	13.1675	79.6428
Kilpakkam	25	13.1234	79.6972
Kilkuppam	25	13.1103	79.6740
Kilkhandigai	25	13.0242	79.6693
Kilakaramanur	25	13.3196	79.9929
Kirinvelnattam	25	13.2297	79.8098
Kilvilagam	25	13.1236	79.8310
Kilambakkam	25	13.1521	79.9718
Kilnallattur	25	13.0964	79.9178
Kilkuppachiyur	25	12.6904	79.0050
Kilkanavayur	25	12.6448	79.0009
Kilnagar	25	12.6994	79.2049
Kilppattu	25	12.5865	79.2018
Kilkarikkattur	25	12.5374	79.1925
Kidampalaiyam	25	12.4943	79.0060
Kishnapuram	25	12.4869	79.0072
Kilattur	25	12.4125	79.0174
Kilpottarai	25	12.4130	79.0378
Kiliyappattu	25	12.2663	79.1020
Kilserupakkam	25	12.1813	79.0131
Kilsettipattu	25	12.1887	79.0330
Kilkachirayampattu	25	12.1783	79.0640
Kilnachipattu	25	12.1948	79.0783
Kilnakkarai	25	12.2151	79.0732
Kilnattur	25	12.2258	79.0829
Kilnachipattu	25	12.2359	79.0958
Kiranur	25	12.1849	79.1365
Kilminnal	25	12.9447	79.2514
Kilvisharam	25	12.9142	79.2854
Kilkuppam	25	12.8787	79.2605
Kilpadi	25	12.8093	79.3473
Kilambadi	25	12.8640	79.3858
Kilanthangal	25	12.8103	79.4035
Kirambadi	25	12.8220	79.4009
Kilviranam	25	12.9851	79.4775
Kilnattam	25	12.8043	79.3834
Kilarani	25	12.6710	79.2782
Kilvanatham	25	12.5270	79.2574
Kilaiyur	25	12.7112	79.3144
Kilanur	25	12.5708	79.3572
Kinnanur	25	12.5491	79.3635
Kilapalanandai	25	12.6525	79.4322
Kilananpundi	25	12.5677	79.4788
Kilattur	25	12.6689	79.4880
Kirandapattu	25	12.3950	79.2827
Kikkaiur	25	12.3063	79.2669
Kilavampundi	25	12.4013	79.3468
Kilsevalambadi	25	12.3852	79.3991
Kilachcheri	25	12.4635	79.4263
Kilankunam	25	12.4059	79.4702
Kilvalaianniyur	25	12.0328	79.3400
Kilmalai	25	12.1236	79.3821
Kidar	25	12.0047	79.4075
Kilmampattu	25	12.1807	79.4825
Kilkanjankuzhi	25	12.8172	79.5649
Kilar	25	12.8682	79.5736
Kilvidi	25	12.9930	79.5835
Kilvenpakkam	25	12.9255	79.6323
Kilkadirpur	25	12.8413	79.6669
Kilambi	25	12.8599	79.6510
Kilsiranai	25	12.8881	79.6363
Kilakkattur	25	12.7765	79.7212
Kilnagarambedu	25	12.5085	79.6667
Kilnemili	25	12.5910	79.6962
Kilkodunkalur	25	12.5066	79.7041
Kilpakkam	25	12.5290	79.7004
Kilnarma	25	12.5400	79.7074
Kiralluyarkandigal	25	12.6284	79.6940
Kilkovalaivedu	25	12.5535	79.5489
Kilnandiyambadi	25	12.5118	79.5195
Kilmattai	25	12.6418	79.5271
Kilnettappakkam	25	12.6678	79.6220
Kilnirkunnam	25	12.6552	79.6339
Kilkolattur	25	12.6141	79.5821
Kilvelliyur	25	12.4942	79.5023
Kilputtur	25	12.4468	79.5180
Kilnamundi	25	12.3908	79.5076
Kilsattamangalam	25	12.4915	79.5784
Kilkovilampundi	25	12.4807	79.6172
Kilvillivalam	25	12.4405	79.6231
Kilmalaryanur	25	12.3406	79.6229
Kilmavilangai	25	12.3274	79.6094
Kirandipuram	25	12.2980	79.5973
Kilkaranai	25	12.2933	79.6869
Kilsembedu	25	12.3993	79.6809
Kilkodunkalur	25	12.4963	79.7040
Kilattivakkam	25	12.3834	79.7199
Kiladanur	25	12.2798	79.7263
Kilgudalur	25	12.2618	79.7081
Kilappatto	25	12.3663	79.7474
Kilsishmangalam	25	12.4727	79.7384
Kilaiyur	25	12.2228	79.5169
Kilottivakkam	25	12.7967	79.7904
Kilperumanallur	25	12.7618	79.7575
Kilputtur	25	12.7556	79.7823
Kiranallur	25	12.9265	79.8300
Kirustunattam	25	12.8918	79.9146
Kilay	25	12.9819	79.9168
Kilay	25	12.9855	79.9139
Kiliyanagar	25	12.5050	79.7627
Kidangarai	25	12.6864	79.8808
Kilakadi	25	12.6438	79.8929
Kinar	25	12.5258	79.9326
Kilvalam	25	12.5446	79.9426
Kilamur	25	12.4857	79.7827
Kilamaruvattur	25	12.4215	79.8382
Kilabudur	25	12.3455	79.9629
Kilvasalai	25	12.3724	79.9349
Kilpattu	25	12.3735	79.9543
Kilkarandai	25	12.4003	79.9301
Kilkandai	25	12.4586	79.9540
Kiralvadi	25	12.4658	79.9361
Kilappattu	25	12.4924	79.9727
Kilpakkam	25	12.0545	79.7676
Kilappakkam	25	12.1520	79.8609
Kindipara	13	11.7060	76.1048
Kirapatta	13	11.6976	76.1165
Kidangazhi	13	11.1397	76.0968
Kittur	19	11.9705	76.3271
Kizhattur	13	11.0531	76.2518
Kilgere	19	11.8319	76.7246
Kilkavai	25	11.3797	76.6647
Kilodayaratti	25	11.3585	76.7388
Kilur	25	11.2890	76.6960
Kilamanjikandi	13	11.1108	76.5908
Kizhe Ummathumpadika	13	11.1580	76.6406
Kinnakkorai	25	11.2230	76.6652
Kilalipur	19	11.9774	76.7727
Kirigotara	19	11.9735	76.8477
Kilgere	19	11.7686	76.8210
Kiragsur	19	11.9741	76.9366
Kilingimund	25	11.4916	76.8937
Kil-Kotagiri	25	11.4516	76.9297
Kichchakuttur	25	11.3266	76.9964
Kil Parali	25	11.2453	76.7866
Kilurpathi	25	11.1024	76.8383
Kiranattam	25	11.1143	76.9942
Kizhumuri	13	10.9633	76.0142
Kizhumuri	13	10.8092	76.0063
Kizhumuri	13	10.8606	76.1638
Kizhungattol	13	10.9360	76.2266
Kizhayur	13	10.7889	76.1979
Kizhukkara	13	10.7213	76.0442
Kizhur	13	10.6522	76.0548
Kilalur	13	10.6170	76.1637
Kizhake Manjanakad	13	10.0542	76.2278
Kidamangalam	13	10.1287	76.2216
Kizbakapuram	13	10.1388	76.2412
Kizhur	13	10.8388	76.3606
Kinassheri	13	10.8819	76.3928
Kizhakkumbram	13	10.8063	76.4822
Kizhakkancheri	13	10.5792	76.4891
Kizhadur	13	10.2275	76.3026
Kizhakummuri	13	10.2512	76.3745
Kizhakke Kadungalur	13	10.1168	76.3319
Kidangur	13	10.1993	76.4024
Kishanparshad Ogairah	38	25.2913	87.5730
Kishunpur	34	25.3272	87.7173
Kinavallur	13	10.8096	76.5563
Kilavanputhur	25	10.5909	76.8445
Kizhakke Kunnumel	13	9.4756	76.4584
Kidankara	13	9.4192	76.4977
Kizhakkekara Vadakku	13	9.2742	76.4129
Kizhakkekara Tekku	13	9.2555	76.4162
Kizhavallur	13	9.2364	76.8314
Kipallikavu	13	9.6896	76.7630
Kila Perundurai	13	9.6274	76.9714
Kizhakketheruvu	13	9.0032	76.8003
Kizhakabhagathuvattam	13	8.7328	76.7351
Kidagattuvila	13	8.7292	76.7374
Kizhattur	13	8.8842	76.8653
Kizhuthoni	13	8.8680	76.8919
Kilavara	13	8.8639	76.7591
Kizhanur	13	8.8149	76.9885
Kizhakkanela	13	8.8108	76.8411
Kizhakkanela	13	8.8143	76.7818
Kilperur	13	8.7746	76.8410
Kizhakum Bhagam	13	8.7970	76.9715
Kilacheri	13	8.7173	76.8820
Kilayikonam	13	8.6979	76.8982
Kilvallam	13	8.6702	76.8277
Kilakkumkara	13	8.6446	76.9329
Kilappannur	13	8.5852	76.9433
Kiapalurkonam	13	8.5563	76.9550
Kidatturai	25	11.0525	77.2374
Kirampara	13	10.0995	76.6592
Kizhakkumbhagam	13	9.7478	76.4043
Kizhakkumcheri Tekku	13	9.7435	76.4013
Kizhakkebhagam	13	9.5793	76.3632
Kizhakkebhagam	13	9.5664	76.3528
Kizhakkebhagam	13	9.5440	76.3493
Kiliru	13	9.5796	76.4828
Kizhakkupurampadam	13	9.5277	76.3217
Kizhakku	13	9.1545	76.6226
Kilakkakara Tekku	13	9.0639	76.7050
Kidangayara Naduvil	13	9.0594	76.6127
Kidangayara Kannimel	13	9.0589	76.5874
Kidangayara Vadakku	13	9.0692	76.5965
Kizhakkumkara	13	9.0195	76.5837
Kizhakkemanad	13	9.0103	76.7050
Kilakkebhagam	13	8.9878	76.5589
Kilakke Ola Turuttu	13	8.9586	76.5443
Kilavurseri	13	8.8869	76.6626
Kilikkollurseri	13	8.9025	76.6259
Kilalattur	25	11.6594	77.3165
Kidarakai	25	11.3348	77.3312
Kinipoalaiyam	25	11.2603	77.4979
Kileripati	25	11.2273	77.4099
Kilakkusirangampalaiyam	25	11.1900	77.4052
Kilakkuchellipalaiyam	25	11.1892	77.4659
Kinattukadu	25	11.7169	77.7376
Kinattadi	25	11.6382	77.5462
Kittampatti	25	11.7053	77.6852
Kilur	25	11.5643	77.7350
Kilvani	25	11.5038	77.5334
Kileripalaiyam	25	11.3042	77.5269
Kiriyampatti	25	11.2817	77.7111
Kiranur	25	11.0810	77.5504
Kilangattuvalasu	25	11.0546	77.6333
Kirakaranur	25	11.8802	77.8646
Kinattupalaiyam	25	11.4502	77.7784
Kishnamanayakkanpatti	25	11.1831	77.9886
Kiramudi	25	11.1976	77.8291
Kilandur	13	10.2263	77.1931
Kirisipalaiyam	25	10.9396	77.3106
Kilakku Kullampalaiyam	25	10.8905	77.2844
Kilakkupudur	25	10.8451	77.4780
Kinattukattupudur	25	10.7621	77.4745
Kiluvangadu	25	10.5056	77.2974
Kilanavayal	25	10.2616	77.3303
Killanur	25	11.6626	79.3034
Kilakkiruppu	25	11.6289	79.4430
Kil Kuppam	25	11.5451	79.4903
Kil Kangayankuppam	25	11.6669	79.4824
Kiranur	25	11.4299	79.2584
Kilimangalam	25	11.4192	79.2971
Kil Kuvagam	25	11.2866	79.3035
Kil Maligai	25	11.2572	79.2590
Kil Neduvay	25	11.3163	79.4119
Kil Kavaraippalaiyam	25	11.3461	79.3864
Kilavallam	25	11.3892	79.3885
Kil Puliyangudi	25	11.4186	79.3989
Kiranur	25	11.4585	79.3761
Kilpalaiyur	25	11.4670	79.4227
Kinanur	25	11.4750	79.4078
Kiramangalam	25	11.4326	79.4337
Kil Kandiyankuppam	25	11.3596	79.4256
Kil Attukkurichchi	25	11.0402	79.3862
Kil Attiyur	25	11.0441	79.3810
Kilamanamedu	25	11.0573	79.4022
Kil Kudiyiruppu	25	11.2266	79.3653
Kidaramkondan	25	11.1925	79.4137
Kil Kudikkadu	25	11.1349	79.4240
Kilakkudikkadu	25	11.1000	79.4116
Kil Suryamulai	25	11.0733	79.4970
Kilimangalam	25	11.1044	79.4769
Kilakattur	25	11.1185	79.4872
Kil Ramanathapuram	25	11.1377	79.4720
Kiliyur	25	10.9188	79.3164
Kiliyur	25	10.8331	79.3179
Kil Kovilpattu	25	10.7892	79.2998
Kil Korukkappattu	25	10.7547	79.2559
Kil Amaravati	25	10.8485	79.4027
Kil Korukkai	25	10.9267	79.3854
Kil Perattai	25	10.9992	79.3722
Kil Kudinattam	25	10.8967	79.4148
Kil Kadu	25	10.8920	79.4400
Kiranur	25	10.8908	79.4860
Kil Anditterunattam	25	10.8838	79.4712
Kil Visalur	25	10.8909	79.4417
Kil Vadayal	25	10.8746	79.4345
Kil Nagappadi	25	10.8792	79.4749
Kilakkadu	25	10.8371	79.4418
Kirandakudi	25	10.8093	79.4853
Kiliyur	25	10.7951	79.4302
Kilariyam	25	10.7664	79.4711
Kil Vannippattu	25	10.6225	79.3250
Kil Mangalam	25	10.5144	79.2593
Kil Pattu	25	10.7263	79.3829
Kil Kurichchi	25	10.5449	79.4115
Kil Pallakkudi	25	10.6152	79.4286
Kil Nemmeli	25	10.6212	79.4016
Kilalavandaseri	25	10.7254	79.4685
Kil Nattam	25	10.6240	79.4605
Kilathotam	25	10.3028	79.3604
Kilakkadu	25	10.3844	79.4715
Kil Nammankurichchi	25	10.4192	79.4760
Kiliyanur	25	10.6955	79.5670
Kil Kandamangalam	25	10.6323	79.5311
Kirakkalur	25	10.5932	79.6152
Kiralattur	25	10.6425	79.6241
Kilakottagam	25	10.6836	79.6246
Kil Manali	25	10.7260	79.6091
Kil Kuttankudi	25	10.7354	79.6167
Kil Kannappur	25	10.6718	79.6953
Kiramber	25	10.6039	79.7021
Killukudi	25	10.6867	79.7234
Kil Kavattankurichchi	25	10.9606	79.0631
Kil Kulattur	25	10.9762	79.1159
Kidanganattam	25	10.8812	79.2472
Kiliyanur	25	10.8616	79.1640
Kil Kalakkudi	25	10.8148	79.2129
Kil Chittakkadu	25	10.8035	79.1887
Kil Kadukaval	25	10.7971	79.1788
Kilangadu	25	10.5738	79.1526
Kirattur	25	10.5796	79.1339
Kil Ulur	25	10.6986	79.2314
Kil Kottai	25	10.5923	79.2227
Kilpidagai	25	10.6248	79.8013
Kilaiyur	25	10.6158	79.7679
Kilarvelli	25	10.4648	79.5170
Kil Tondaiyakkadu	25	10.3823	79.6251
Kil Perumalai	25	10.4535	79.6097
Kil Pandi	25	10.4818	79.6382
Kilakalangan	25	10.9954	79.5361
Kil Palaiyur	25	10.8190	79.5019
Killiyur	25	10.9805	79.6269
Killiyur	25	10.9589	79.6220
Kiliyanur	25	10.9247	79.5764
Kilanemmeli	25	10.9129	79.6106
Kilanattam	25	10.9880	79.6510
Kilasemmangudi	25	10.9474	79.6338
Kilenangudi	25	10.8814	79.6864
Kilappettai	25	10.7783	79.6829
Kidaramangalam	25	10.7636	79.6643
Kil Nedungattankudi	25	10.8029	79.7043
Kil Tanjavur	25	10.8322	79.7237
Kil Budanur	25	10.8581	79.7314
Kidamangalam	25	10.9113	79.7217
Kilkudi	25	10.9365	79.7034
Kichchankuppam	25	10.7521	79.8496
Kil Vanjiyur	22	10.8519	79.8482
Kimhirakhani	21	20.4392	84.9388
Kimbarkhani	21	20.1395	84.7580
Kiajhor	21	20.0173	84.7816
Kimbhiri	21	20.0983	84.8570
Kimbhiridangi	21	20.1569	84.9740
Kishunpur	38	23.9164	85.0159
Kirigara	38	23.7240	85.1001
Kichto	38	23.7276	85.0594
Kinbhitha	38	23.4038	85.1044
Kirigara	38	23.6755	85.2714
Kini	38	23.6137	85.3267
Kishunpur	38	23.4202	85.3871
Kitrutoli	38	23.3892	85.4227
Kiski	38	23.2317	85.3331
Kirishkelatoli	38	23.0818	85.3149
Kitahatu	38	23.0029	85.4215
Kimo	38	23.9333	85.6105
Kirkajaratoli	38	23.3742	85.5280
Kilabeda	38	23.2398	85.5016
Kitasakra	38	23.7383	85.9278
Kiribera	28	23.4363	85.9182
Kita	38	23.3655	85.7682
Kirkatoli	38	23.4601	85.7553
Kisutoli	38	22.9389	85.1513
Kishanpur	38	22.7867	85.1204
Kitabandutoli	38	22.6669	85.1261
Kichinda	38	22.6730	85.1993
Kisnatoli	38	22.6218	85.0396
Kirsup Kareda	38	22.6396	85.1022
Kitapiri	38	22.9052	85.3486
Kita	38	22.8357	85.3191
Kilum	38	22.8269	85.2663
Kita	38	22.8083	85.2794
Kishanpur	38	24.1916	84.8697
Kitapi	38	22.5186	85.4612
Kidlatola	38	23.9133	84.1037
Kishanpur	38	23.9744	84.2132
Kinamar	38	23.7319	84.5170
Kishantola	38	23.4649	84.3907
Kirtotoli	38	23.0825	84.2865
Kita	38	23.2014	84.4469
Kita	38	23.7699	84.7053
Kita	38	23.6409	84.5324
Kita	38	23.6893	84.6301
Kisko	38	23.5160	84.6687
Kinkel	37	22.8240	84.0617
Kiling	37	22.9829	84.2101
Kisantoli	38	22.5105	84.0662
Kinkel	38	22.6194	84.2330
Kitam	38	22.9979	84.2910
Kindardega	38	22.7307	84.2988
Kinbira	38	22.7041	84.3234
Kiltoli	38	22.6177	84.3092
Kisankhor	38	22.5667	84.3681
Kiriatangar	38	22.7193	84.4019
Kiresera	38	22.3964	84.4308
Kishantoli	38	22.7564	84.7313
Kiringloya	38	22.9747	84.7681
Kindarkela	38	22.8035	84.7525
Kirkotoli	38	22.8691	84.8949
Kisni	38	22.8544	84.9846
Kinutoli	38	22.9815	84.9651
Kinirkela	38	22.7485	84.7946
Kisantoli	38	22.7283	84.8057
Kisanpara	21	21.7173	84.0610
Kinirkela	38	22.6117	84.8448
Kisanpara	21	21.9352	84.0471
Kirmira	21	21.8747	84.1768
Kisanpara	21	21.8584	84.2056
Kilasama	21	21.6074	84.0378
Kisanpara	21	21.7338	84.1817
Kinaloi	21	21.6896	84.1802
Kisanpara	21	21.6880	84.1789
Kiraband	21	21.6728	84.1464
Kisanpara	21	21.6356	84.1467
Kinadhipa	21	21.6481	84.2365
Kil Kottaiyur	25	9.6466	77.7041
Kil Pudur	25	9.5958	77.6944
Kilavikulam	25	9.3602	77.5865
Kil Sendattiyapuram	25	9.3432	77.5878
Kil Kulasekharankottai	25	9.2850	77.6010
Kilrajakularaman	25	9.3969	77.6344
Kilavur	25	9.2632	77.6810
Kil Kodangipatti	25	9.4186	77.6665
Kiliyanpatti	25	9.3886	77.7143
Kil Kalingal	25	9.0277	77.5158
Kil Marikalankulam	25	9.0293	77.6106
Kil Nilidanallur	25	9.1211	77.6206
Kil Narikkudi	25	9.0341	77.6425
Kizhmidalam	25	8.2144	77.2576
Killikonam	25	8.4133	77.3171
Kidangaravila	25	8.1323	77.4008
Kilapudur Sanarkudi	25	8.1146	77.4031
Kilavila Sanarkudi	25	8.1211	77.4091
Kilakonam	25	8.1615	77.4084
Kilaramanpudur	25	8.1656	77.4301
Kilasarakkalvila	25	8.1514	77.4475
Kilakkattuvilakudiyiruppu	25	8.1171	77.4406
Kidarangulam	25	8.9202	77.5113
Kil Pappakudi	25	8.7576	77.5098
Kil Pillaiyarkulam	25	8.8918	77.6904
Kil Natta	25	8.7600	77.7467
Kilakkulam	25	8.6904	77.5261
Kil Karuvelangulam	25	8.5296	77.5635
Kil Kaduvetti	25	8.5657	77.6213
Kil Sadaiyamankulam	25	8.5803	77.6163
Kil Seval	25	8.6773	77.6222
Kil Kallur	25	8.7058	77.5956
Kil Omanallur	25	8.6495	77.6624
Kil Tiruvengadanathapuram	25	8.6903	77.6746
Kil Viraraghavapuram	25	8.7025	77.7160
Kilamalayaneri	25	8.4695	77.5797
Kilavaneri	25	8.3776	77.6421
Kilakkulam	25	8.3926	77.7054
Kilakulam	25	8.2381	77.5928
Kilaottayalyilakudiyiruppu	25	8.0935	77.5614
Kilakulam	25	8.2029	77.6237
Kil Nattam	25	8.7578	77.7559
Kil Pattam	25	8.7681	77.7948
Kil Kottai	25	8.8656	77.8186
Kil Puvani	25	8.8320	77.8926
Kil Chekkarakkudi	25	8.7979	77.9527
Kil Mangalam	25	8.9519	77.9668
Kil Mudiman	25	8.9631	77.9995
Kil Puttaneri	25	8.7197	77.8227
Kil Perumanari	25	8.5906	77.8232
Kilakkulam	25	8.6164	77.8504
Kil Pidagar Appankovil	25	8.6102	77.9607
Kil Nattam	25	8.6561	77.8774
Kil Vallanadu	25	8.7302	77.9054
Kil Pidagai Varadarajapuram	25	8.6224	77.9542
Kilur	25	8.6180	77.9111
Kilinjinattam	25	10.9455	78.2302
Kil Muniyanur	25	10.8948	78.2471
Kiladaiyal	25	10.8538	78.2356
Kilakku Ayyampalaiyam	25	10.5781	78.1799
Kiralippatti	25	10.6715	78.1344
Kiranur	25	10.5057	78.2041
Kinattuppatti	25	10.4795	78.1826
Kilkarai	25	10.0654	78.0557
Kil Nedungulam	25	10.0031	78.0604
Kil Chinnanampatti	25	10.0771	78.0935
Kirosanappatti	25	10.2329	78.1418
Kila Kallandiri	25	10.0364	78.2072
Kil Kuppureddipatti	25	10.9158	78.3059
Kil Komatteri	25	10.8658	78.3186
Kiranur	25	10.7859	78.2816
Kitnampatti	25	10.7524	78.3490
Kiluvambadi	25	10.8285	78.4080
Kiluvampatti	25	10.8492	78.4212
Kil Vadiyam	25	10.9467	78.3928
Kil Sandaipalaiyam	25	10.9633	78.4233
Kilakkudiyiruppu	25	10.9342	78.4608
Kil Ariyampatti	25	10.8977	78.4829
Kilappatti	25	10.8225	78.4712
Kilakkosur	25	10.7441	78.3193
Kinattuppatti	25	10.6769	78.3235
Kidangadinayakkanur	25	10.5508	78.3085
Kilapoygaippatti	25	10.5820	78.4283
Kilavaliyur	25	10.7401	78.4788
Kittiyapatti	25	10.5845	78.4666
Kilaiyur	25	10.5742	78.4527
Kilavampatti	25	10.5601	78.4573
Kil Alangakkavundanpatti	25	10.4161	78.2651
Kilakkur	25	10.3078	78.4018
Kil Puduppatti	25	10.3323	78.4338
Kil Vayal	25	10.3304	78.4559
Kil Vannarapuram	25	10.2657	78.4399
Kilankundal	25	10.7543	77.7269
Kidarippatti	25	10.0623	78.2604
Kilaiyur	25	10.0474	78.3841
Kila Navinipatti	25	10.0425	78.3590
Kilvalaivu	25	10.0720	78.4163
Kila Salakkippatti	25	10.0731	78.3643
Kilakkuppatti	25	10.2080	78.4061
Kirungakottai	25	10.2249	78.4185
Kilappatti	25	10.0259	78.4746
Kilanattamangalam	25	10.1493	78.4031
Kilakkuchettippatti	25	10.3494	77.7134
Kil Vadippatti	25	10.0861	77.6896
Kil Kalkandarkottai	25	10.7754	78.7438
Kil Kannukulam	25	10.9571	78.6008
Kil Mullakkudi	25	10.8328	78.7380
Kil Nattam	25	10.8710	78.6327
Kil Puduppatti	25	10.7535	78.5291
Kil Vayalur	25	10.8286	78.6350
Kilakkurichchi	25	10.7645	78.7406
Kilappatti	25	10.9297	78.6092
Kilappattu	25	10.8513	78.6208
Kilur	25	10.9856	78.6098
Kirappatti	25	10.7817	78.6770
Kil Tenerippatti	25	10.7157	78.8423
Kil Tiruvilappatti	25	10.7413	78.8882
Kilpatti	25	10.7246	78.5685
Kidavangudi	25	10.6244	78.6051
Kilappatti	25	10.5567	78.5338
Kilakkalam	25	10.5338	78.7025
Kilakurichchipatti	25	10.4343	78.5596
Kilikkudi	25	10.4509	78.6025
Kiranippatti	25	10.3955	78.5010
Kil Taniyam	25	10.3990	78.6048
Kirankudippatti	25	10.3597	78.6769
Kimanur	25	10.3785	78.6690
Kilappatti	25	10.4976	78.6813
Kilakkurichchi	25	10.4950	78.7266
Kilamatam	25	10.1889	78.5431
Kilanilai	25	10.1429	78.5305
Kiliklappatti	25	10.0686	78.5033
Kilamatam	25	10.0957	78.6346
Kilappatti	25	10.0946	78.6668
Kiranippattiyendal	25	10.0460	78.7055
Kil Kottai	25	10.0132	78.6135
Kil Kulakkudi	25	10.9895	78.8460
Kilur	25	10.9472	78.7676
Kil Ambil	25	10.8671	78.8873
Kil Perungavur	25	10.8925	78.7748
Kil Marimangalam	25	10.9134	78.8011
Kilikkudu	25	10.8367	78.8126
Kiliyur	25	10.8240	78.8524
Kil Ayyampettai	25	10.7756	78.8290
Killukottai	25	10.6543	78.9177
Kilappatti	25	10.6268	78.7600
Kilayur	25	10.6211	78.8768
Killukolavaypatti	25	10.6231	78.9166
Killanur	25	10.5528	78.8958
Kilayur	25	10.4650	78.7898
Kil Muttukkadu	25	10.4865	78.8204
Kidarampatti	25	10.4633	78.9274
Kilappatti	25	10.4113	78.9872
Kil Palinji	25	10.3717	78.7657
Kil Temattanpatti	25	10.3323	78.7853
Kinninipatti	25	10.3064	78.8698
Kilayur	25	10.2734	78.9409
Kilappanaiyur	25	10.2311	78.8875
Kiranippatti	25	10.2059	78.9106
Kilanilai	25	10.1754	78.8591
Kiriyaniendal	25	10.0117	78.8995
Killamanakkudi	25	10.0779	78.8801
Kilakadukkavayal	25	10.0107	78.8457
Kilpanangadi	25	9.9757	78.1195
Kinatturai	25	9.9065	78.1248
Kilmattur	25	9.9661	78.0317
Kilkuyilkudi	25	9.9127	78.0430
Kiladi	25	9.8642	78.1872
Kil Karisalkulam	25	9.8469	78.1461
Kil Vellur	25	9.8208	78.2215
Kil Rangiyan	25	9.7774	78.2437
Kilkottai	25	9.7863	78.0013
Kil Vanacheri	25	9.6505	78.1097
Kilavaneri	25	9.6244	78.1451
Kil Puliyampatti	25	9.6242	78.0700
Kil Tulukkankulam	25	9.6160	78.0456
Kil Alagiyanallur	25	9.6188	78.0178
Kil Kanjirangulam	25	9.6070	78.1817
Kil Kandamangalam	25	9.5210	78.1806
Kil Konrakkulam	25	9.4898	78.1770
Kil Mudimannarkottai	25	9.4271	78.2431
Kil Arunachalapuram	25	9.3151	78.1881
Kil Karandai	25	9.2809	78.0822
Kil Kallurani	25	9.2352	78.1825
Kil Iral	25	9.1003	78.0068
Kilavippatti	25	9.0919	78.2404
Kil Vilattikulam	25	9.1629	78.2339
Kilavikkulam	25	9.9666	78.2699
Kil Pungudi	25	9.9645	78.4904
Kilappatti	25	9.9536	78.4158
Kilatari	25	9.9196	78.3301
Kil Salur	25	9.9281	78.4587
Kiranur	25	9.8650	78.2993
Kil Vaniyanudi	25	9.8306	78.4826
Kil Sorikkulam	25	9.7705	78.3087
Kidakkulam	25	9.2307	78.5055
Kidakkuli	25	9.7207	78.2986
Kirungakkottai	25	9.7294	78.4072
Kil Mukkudi	25	9.6920	78.4326
Killukudi	25	9.7114	78.3491
Kilangattur	25	9.6657	78.4275
Kil Pasalai	25	9.6543	78.4614
Kilavikkulam	25	9.6234	78.3889
Kil Nayanendal	25	9.5931	78.3591
Kil Sambakkulam	25	9.5859	78.3648
Kil Sigangulam	25	9.5737	78.4531
Kil Sembur	25	9.5233	78.3825
Kil Paruttiyur	25	9.5382	78.3950
Kil Nariyan	25	9.4769	78.3956
Kil Kodumalur	25	9.4776	78.4842
Kilakku Vilakkanendal	25	9.4396	78.4754
Kil Kulam	25	9.4354	78.4930
Kil Ramanadi	25	9.4094	78.3063
Kilapannaikkulam	25	9.4100	78.4904
Kiranur	25	9.3904	78.4957
Kidarikulam	25	9.3892	78.3945
Kil Paralachchi	25	9.3417	78.2817
Kil Valasai	25	9.3599	78.4128
Kidattirukkai	25	9.2997	78.4607
Kil Achchakulam	25	9.3215	78.4988
Kil Kallakkari	25	9.3190	78.3505
Kil Kudi	25	9.3001	78.3356
Kirandai	25	9.1808	78.4419
Kil Allikkulam	25	9.1933	78.4596
Kil Ramarayapuram	25	9.0735	78.3359
Kil Shanmukhapuram	25	9.0971	78.3359
Kil Vaippar	25	9.0006	78.2528
Kil Vellanji	25	9.9976	78.5831
Kil Puduvetti	25	9.9292	78.6844
Kil Pugudi	25	9.9428	78.6819
Kil Mangalam	25	9.9283	78.5482
Kil Sakkirvartti	25	9.9195	78.5943
Kirangulam	25	9.8789	78.5518
Kiranur	25	9.8557	78.5778
Kil Nedungulam	25	9.7927	78.5145
Killukudi	25	9.7632	78.5307
Kil Kudi	25	9.7610	78.7427
Kil Pillakkarai	25	9.7864	78.7343
Kilavanur	25	9.7407	78.6268
Kirambuli	25	9.7270	78.6879
Kil Settur	25	9.6832	78.6871
Kirikkudi	25	9.6815	78.7084
Kil Perrankarai	25	9.6901	78.5432
Kil Pidavur	25	9.6781	78.5572
Kil Ayur	25	9.6240	78.6043
Kil Nettur	25	9.6182	78.5486
Kil Perunkarai	25	9.5890	78.5049
Kil Pudukkottai	25	9.5974	78.5289
Kil Aykkudi	25	9.5300	78.6497
Kil Pettanendal	25	9.4889	78.5241
Kil Kulam	25	9.4855	78.5374
Kil Tuval	25	9.4164	78.5439
Kil Endal	25	9.4196	78.6621
Kil Kottai	25	9.4239	78.6773
Kil Manangarai	25	9.3305	78.5297
Kilavaneri	25	9.3606	78.6060
Kil Karumal	25	9.3392	78.6049
Kil Panaiyur	25	9.3122	78.5871
Kirandai	25	9.2604	78.6054
Kil Sirupodu	25	9.2870	78.5954
Kil Seluvanur	25	9.2104	78.5678
Kil Kidaram	25	9.2070	78.6070
Kil Mundal	25	9.1407	78.5858
Kil Chenbonmari	25	9.9920	78.8221
Kil Kavanavayal	25	9.9424	78.7953
Kil Sendani	25	9.9968	78.8359
Kil Kudi	25	9.9822	78.8612
Kilamalai	25	9.9943	78.9065
Kilavankudi	25	9.9583	78.9029
Kil Irumbalai	25	9.9513	78.9037
Kil Kudi	25	9.9779	78.9447
Kil Andivayal	25	9.9024	78.8200
Kil Vayal	25	9.9148	78.8173
Kidukatti	25	9.8882	78.8711
Kil Puli	25	9.9140	78.9102
Kirani	25	9.9201	78.9078
Kil Tuttakkudi	25	9.8771	78.9150
Kil Kottai	25	9.8768	78.9376
Kil Kudi	25	9.9304	78.9732
Kidangur	25	9.9034	78.9904
Kil Kudi	25	9.9193	78.9974
Kil Kudi	25	9.8206	78.7875
Kil Orasur	25	9.8296	78.7936
Kil Kudi	25	9.8434	78.8209
Kil Kaikkudi	25	9.8685	78.8436
Kil Kiliyur	25	9.8247	78.8591
Kil Kottai	25	9.8340	78.9254
Kil Uchchani	25	9.7876	78.7592
Kilavankudi	25	9.8075	78.7727
Kil Kadavayal	25	9.7711	78.7843
Kil Madurakulam	25	9.7670	78.8217
Kil Kottai	25	9.8100	78.8429
Kiliyur	25	9.8221	78.8549
Kil Vandi	25	9.7704	78.9017
Kiliyur	25	9.7963	78.9395
Kil Kiliyur	25	9.7940	78.9518
Kil Kudi	25	9.7607	78.8842
Kil Kudi	25	9.7172	78.8145
Kil Panaiyur	25	9.7189	78.8924
Kil Kudi	25	9.7470	78.9518
Kil Arumbur	25	9.7308	78.9446
Kilavur	25	9.7169	78.9421
Kil Kudi	25	9.7410	78.9671
Kil Madai	25	9.6781	78.8299
Kil Kottai	25	9.6380	78.8534
Kil Sendanendal	25	9.6444	78.9334
Kirampandi	25	9.5515	78.7611
Kiraikarankattu	25	8.3502	77.8497
Kilakarumavilai	25	8.3750	77.9848
Kilaramasayapuram	25	8.4478	77.9803
Kilapanamparai	25	8.4626	77.9438
Kilanochikulam Sanarkudi	25	8.4933	77.8947
Kinattankaraivilai	25	8.5358	78.0592
Kil Pudur	25	8.5651	78.0640
Kiranur	25	8.6036	78.0835
Kilangupilitattu	25	8.4137	78.0193
Kirthapuram	25	8.3956	78.0293
Kilpadi	25	11.8429	79.0574
Kil Tenur	25	11.8727	79.0753
Kiluvampalaiyam	25	10.9214	77.9594
Kiranur	25	11.9619	79.1865
Kilaiyur	25	11.9699	79.2101
Kil Tayanur	25	11.9254	79.1926
Kiliyur	25	11.8157	79.2467
Kilattalaiyur	25	10.7968	77.8936
Kilakku Nallabommanpatti	25	10.6232	77.9139
Kilnariyappanur	25	11.6132	79.0180
Kilorattur	25	11.5835	79.0444
Kilkurichchi	25	11.5823	79.1033
Kil Palaiyam	25	11.7105	79.1908
Kirambur	25	11.5187	79.2188
Kiliyur	25	11.3412	79.0340
Kilakkudikkadu	25	11.3902	79.0381
Kilseruvay	25	11.4086	79.0977
Kilumattur	25	11.3426	79.0820
Kiranur	25	11.3418	79.1240
Kiranur	25	11.4582	79.1160
Kil Perambalur	25	11.3593	79.1313
Kilappattu	25	11.3050	79.1482
Kilnemali	25	11.4347	79.2248
Kittayakkavundanur	25	10.4848	77.8156
Kinattuppatti	25	10.4533	77.7849
Kil Tippampatti	25	10.3780	77.8740
Kilkottai	25	10.2861	77.9160
Kilaiyur	25	11.0420	79.0408
Kil Husain Nagaram	25	11.1502	79.0560
Kil Mattur	25	11.1819	79.0611
Kil Rayambaram	25	11.2158	79.1797
Kilimangalam	25	11.1642	79.1897
Kilakkottai	25	11.1186	79.2067
Kil Nattam	25	11.0427	79.2351
Kirimedu	25	11.8363	79.3916
Kil Kondur	25	11.9573	79.2754
Kilapalaiyam	25	11.7702	79.2792
Kingilivadi	25	11.9777	79.2782
Kil Kuppam	25	11.8005	79.3263
Killanur	25	11.7635	79.3285
Kil Mangalam	25	11.8689	79.4224
Kil Kavanur	25	11.8596	79.4869
Kil Perumbakkam	25	11.9465	79.5055
Kil Kadambur	25	11.2425	79.5356
Kil Padi	25	11.7600	79.6681
Kil Pattambakkam	25	11.7735	79.6775
Kil Kumaramangalam	25	11.8463	79.7450
Kil Kuppam	22	11.8672	79.7095
Kilaiyur	25	11.8844	79.6762
Kil Sattamangalam	22	11.8852	79.7269
Kilangudi	25	11.4362	79.5449
Kil Radhamur	25	11.2533	79.5762
Kil Adamangudi	25	11.2760	79.6141
Kil Paruttigudi	25	11.3018	79.6433
Kil Nedumbur	25	11.3267	79.5961
Kil Vanniyur	25	11.3168	79.6153
Kil Karai	25	11.3148	79.6412
Kil Nattam	25	11.4006	79.6235
Kirappalaiyam	25	11.4367	79.6492
Kiliyanur	25	11.4334	79.5881
Kilavadinattam	25	11.4455	79.5911
Kil Manakkudi	25	11.4777	79.6726
Kil Mungiladi	25	11.4408	79.6986
Kil Anuvambattu	25	11.4330	79.7124
Kil Kundalappadi	25	11.3542	79.7287
Kirangudi	25	11.3014	79.6915
Kil Mattur	25	11.2672	79.6777
Kilattur	25	11.0790	79.5036
Kilavali	25	11.0573	79.5584
Killukudi	25	11.0116	79.5063
Kilaveli	25	11.2089	79.7361
Kilaiyur	25	11.1245	79.7455
Kilimangalam	25	11.0568	79.7092
Kiliyanur	25	11.0435	79.6816
Kiranur	25	11.0015	79.6631
Kilay	25	11.1900	79.6084
Kilinjikkuppam	22	11.8887	79.7717
Kil Alinjippattu	25	11.8386	79.7817
Kirmambakkam	25	11.8201	79.7871
Kirikarai	13	9.6011	77.0542
Kizhekudi	13	9.5035	77.1854
Kil Sindalacheri	25	9.8727	77.3235
Kirapattanpatti	25	9.9350	77.5868
Kil Tirumanikkam	25	9.8423	77.7341
Kiliyur	25	11.7909	78.1952
Kil Chavadi	25	11.4392	79.7539
Kil Tirukkalippalai	25	11.3873	79.7797
Kil Perambai	25	11.3945	79.7757
Kiranallur	25	11.2420	79.7708
Kil Salai	25	11.1968	79.7755
Kil Sattanathapuram	25	11.1811	79.7920
Kil Perumpallam	25	11.1378	79.8214
Kilapallakottai	25	11.1380	79.7580
Kidarankondan	25	11.1309	79.7582
Kil Mattur	25	11.0703	79.7528
Killiyur	25	11.0671	79.7741
Kilasinganodainattam	25	11.0631	79.8338
Kilakkarai	25	11.2258	79.8430
Kilsayavanapattanateru	25	11.1466	79.8547
Kilpatti	25	10.4960	79.0271
Kilattur	25	10.3533	79.0376
Kilatteru	25	10.3888	79.1211
Kilakkaduvettividudi	25	10.4959	79.1659
Kilatteru	25	10.3810	79.1720
Kiranur	25	11.5275	78.1632
Kil Valasam	25	11.5303	78.1494
Kindakadu	25	11.7464	78.2031
Kilur	25	11.5301	78.2248
Kilur	25	11.6150	78.2002
Kilakkottai	25	11.3432	78.1806
Kilakkadai	25	11.1464	78.0449
Kirayur	25	11.0694	78.1334
Kil Perumampalaiyam	25	11.1550	78.0861
Kidaram	25	11.0498	78.1784
Kilakadu	25	11.8051	78.4613
Kiraippatti	25	11.7997	78.4216
Kirakad	25	11.7997	78.2563
Kichipalaiyam	25	11.6108	78.2673
Kirangadu	25	11.2707	78.3294
Kil Solaikkadu	25	11.3007	78.3487
Kilakkuvalavu	25	11.2951	78.3914
Kiraikkadu	25	11.3669	78.3955
Kiraikkadu	25	11.3666	78.4353
Kilinjanattam	25	11.0168	78.3568
Kil Tottiyapatti	25	11.0112	78.4729
Kilvalavu	25	11.8099	78.5905
Kil Mulipatti	25	11.7862	78.6851
Kil Venniyur	25	11.7795	78.6803
Kilakadu	25	11.8365	78.6204
Kiladukuli	25	11.8739	78.6834
Kil Nilaiyur	25	11.9085	78.7172
Kil Alatti	25	11.8396	78.7288
Kil Valappadi	25	11.7910	78.7389
Kil Kandikkollai	25	11.7732	78.7176
Kil Madur	25	11.7575	78.7299
Kil Pundi	25	11.7254	78.6190
Kil Kidar	25	11.6702	78.6633
Kidar	25	11.6736	78.6727
Kil Tombe	25	11.5155	78.5218
Kil Avari	25	11.6618	78.6060
Kiripalli	25	11.9653	78.7719
Kilappatti	25	11.1940	78.5133
Kilpatti	25	11.0077	78.6934
Kiliyanur	25	11.0578	78.5318
Kirippatti	25	11.0620	78.5530
Kil Kunnupatti	25	11.1245	78.6475
Kirambur	25	11.1665	78.6266
Kilakkuvadi	25	11.1505	78.6388
Kidangudaiyambattu	25	11.8808	78.9485
Kilkalpundi	25	11.4308	78.9473
Kil Puliyur	25	11.2992	78.9647
Kil Arasur	25	11.0121	78.9825
Kilaralahalli	19	14.0575	77.1933
Kitapihatu	38	22.2523	85.3078
Kitadih	38	22.9442	85.5896
Kishanpur	38	22.7407	85.5924
Kitapir	38	22.7145	85.5381
Kiarchalam	38	22.5356	85.6864
Kitakotondang	38	22.3070	85.6002
Kitahatu	38	22.3009	85.6879
Kirtandih	38	22.9839	85.8392
Kiarchalam	38	22.7042	85.8422
Kisnapur	38	22.7203	85.7740
Kitahatu	38	22.6264	85.7644
Kiri	38	22.6366	85.8708
Kita	38	22.7231	85.8934
Kita	38	22.5183	85.9617
Kinjriminjri	38	22.3396	85.9491
Kirinda	21	21.8033	85.0992
Kilia	21	21.6957	85.2358
Kiajhar	21	21.1383	85.0916
Kimurdoli	21	21.6364	85.5875
Kil Karai	25	11.3061	78.6322
Kil Pudur	25	11.4937	78.6844
Kirtanpur	21	21.0957	85.5088
Kirtanpur	21	21.0923	85.5020
Kimirdaposi	21	21.7398	85.7999
Kimirda	21	21.9155	85.8101
Kisan	21	21.9048	85.8102
Kitisai	21	21.9188	85.9427
Kia	21	21.8252	85.9901
Kimradih	21	21.7399	85.8409
Kismat Serjong	21	20.3449	85.1197
Kiajhar	21	20.3314	85.1191
Kismat Ichhapur	21	20.2815	85.1740
Kirialanji	21	20.1508	85.0361
Kimania	38	24.2069	85.6216
Kisutanr	38	24.5498	85.9653
Kishanpur	38	24.6377	85.8409
Kirpalpur	38	24.4430	85.9757
Kirtodih	38	24.0893	85.7577
Kirpur	38	24.0026	86.1947
Kiria	34	24.9893	86.3312
Kishumantanr	34	24.6744	86.3168
Kishani Chak	38	24.3154	86.3588
Kirtaniadih	38	24.2766	86.2496
Kiritpur	21	21.3929	84.0099
Kisanpara	21	21.9913	84.2577
Kindira	21	21.7673	84.3250
Kisanpara	21	21.7655	84.3665
Kira	21	21.7290	84.3030
Kiajharan	21	21.5910	84.3586
Kirtanpali	21	21.3267	84.7207
Kindrikela	21	21.8190	84.9287
Kinapali	21	21.8503	84.9448
Kirasira	21	20.8129	84.0017
Kirasira	21	20.7789	84.2036
Kirmakhol	21	20.6532	84.1206
Kikijora	21	20.4776	84.0148
Kirapala	21	20.4796	84.0995
Kiravira	21	20.3599	84.2333
Kidibata	21	20.3143	84.2351
Kiraketta	21	20.2242	84.0342
Kilakia	21	20.1471	84.1861
Kirtingia	21	20.1139	84.2079
Kilamaha	21	20.1196	84.1994
Kirikuti	21	20.0885	84.1580
Kisorepur	21	20.9363	84.3271
Kiakata	21	20.8675	84.3232
Kilupadar	21	20.5077	84.3112
Kilu	21	20.6121	84.3477
Kirma	21	20.6608	84.3528
Kitangpara	21	20.5638	84.4342
Kianpaju	21	20.3711	84.2563
Kilikut	21	20.2844	84.2702
Kilusuga	21	20.2591	84.2726
Kiradadi	21	20.3474	84.3702
Killakia	21	20.0527	84.2836
Killakanda	21	20.0810	84.3645
Killaponga	21	20.0260	84.3064
Kiramaska	21	20.4818	84.6139
Kilapadar	21	20.3246	84.7023
Kisinda	21	20.9813	84.8190
Kinjirkela	21	22.2896	83.9445
Kishanpur	34	26.2046	86.6833
Kibithu	30	28.2808	97.0146
Kitpi	30	27.5891	91.8728
Kiusam	20	25.9119	94.9090
Kimin	03	27.3021	93.9712
Kirpalpur	36	27.0050	79.1245
Kishunpur	36	26.2621	82.7991
Kishanpur	36	27.1656	80.7485
Kiartu	11	31.2626	76.9602
Kiari	11	31.0120	77.1796
Kinat	39	29.6719	79.0734
Kishanpura	24	26.0458	74.2386
Kil Kasakkudi	22	10.9532	79.8261
Kilasevvalpatti	25	10.1852	78.6646
Kidappurinattam	25	9.7888	78.4289
Killiyur	25	11.0507	79.5908