Loni	36	28.7514	77.2902
Lonavla	16	18.7527	73.4057
Lohardaga	38	23.4331	84.6799
Losal	24	27.4000	74.9167
Loha	16	18.9448	77.1155
Longowal	23	30.1985	75.6819
Lonar	16	19.9853	76.5205
Lohara	16	20.3898	78.0903
Lonand	16	18.0404	74.1872
Lochapada	21	19.3287	84.8007
Lormi	37	22.2743	81.7018
Loniya	35	22.0618	78.9126
Loharu	10	28.4299	75.8078
Lohogaon	16	18.5992	73.9270
Lohian	23	31.1619	75.2097
Lodhikheda	35	21.5824	78.8591
Loharda	35	22.5918	76.5957
Longleng	20	26.4899	94.8177
Lohara	37	21.8500	81.1333
Lohaghat	39	29.4036	80.0897
Loisinga	21	20.8667	83.5167
Londa	19	15.4691	74.5191
Longding	30	26.8841	95.3195
Lodhika	09	22.1339	70.6327
Lowan	24	26.7698	76.2134
Lowalang	38	24.0750	84.7401
Lowada	28	22.4487	87.6159
Loutolim	33	15.3384	73.9959
Lotwara	24	27.0063	76.7455
Lotugadda	02	17.9640	82.3942
Lotsun	41	34.4692	76.2563
Lotpur	09	20.9614	71.4368
Lotia	35	22.4365	78.8812
Lotan	36	27.2824	83.2448
Losarda	21	22.0600	85.3177
Losar	11	32.4361	77.7546
Lorma	21	20.8500	83.1833
Lori	11	32.0806	78.4204
Lorha	35	23.5716	80.7742
Lordi	24	26.4250	73.1373
Lohrabehera	21	21.5624	83.6451
Lopoke	23	31.7187	74.6330
Loni Venkanath	16	18.6694	74.6175
Loni Khurd	16	19.5833	74.4667
Loni Kand	16	18.6217	74.0247
Loni Kalbhor	16	18.4837	74.0265
Loni Budrukh	16	19.5833	74.4667
Loni Bapkar	16	18.2269	74.3841
Loni	16	20.7914	77.6784
Loni	16	20.1503	74.8222
Loni	16	19.5834	74.4698
Loni	16	18.9578	74.8662
Loni	16	18.3871	77.4522
Loni	16	18.2059	74.9178
Longzaling	41	34.0845	76.8006
Longsa	20	26.2209	94.5499
Longpi	17	24.6188	93.3374
Longku	03	25.6728	92.7852
Longkamgaon	03	26.1870	93.3748
Longju	30	28.6333	93.5500
Long-e-tilun	03	25.9667	92.3667
Longching	20	26.5178	94.9350
Longbi Hirei	17	25.2084	94.4607
Longaon	16	20.0510	75.8974
Londa	30	27.5134	93.0298
Lomba	41	34.3634	76.1335
Loliem	33	14.9445	74.0714
Lolawa	24	25.3724	71.8342
Lokpal	39	30.6938	79.6164
Lokkanahalli	19	12.0205	77.2490
Lokikere	19	14.3045	75.9253
Lokhartalai	35	22.3626	77.4334
Lokar	39	30.8533	77.9710
Lokapur	19	16.1636	75.3687
Lokamaleswaram	13	10.2246	76.1923
Lohur	12	33.5409	75.3732
Lohsana Bara	24	28.4282	75.1915
Lohra	36	25.4748	80.9625
Lohpiti	38	23.7373	86.1972
Lohej	09	21.1665	70.0672
Lohi	16	20.4367	77.6604
Lohgaon	16	18.8054	77.5824
Loheswar	40	19.0312	78.0857
Lohdongri	16	21.3254	79.3610
Lohba	39	30.0500	79.3167
Lohawat	24	26.9821	72.5799
Lohat Baddy	23	30.6209	75.7056
Loharwara	24	26.2524	74.7908
Loharsi	37	21.7752	82.3371
Lohakhet	39	30.0385	79.9911
Lohari Ragho	10	29.2610	76.0562
Lohari Jatu	10	28.9069	76.0809
Loharia	24	23.7613	74.2224
Lohari Kalan	24	25.6537	75.3893
Lohari	35	23.0253	82.0511
Loharghat	03	25.9774	91.4742
Loharchatti	21	21.3088	83.2787
Lohara	16	21.2593	75.9341
Lohara	37	20.7919	81.0547
Lohara	16	20.7343	75.5550
Lohara Buzurg	16	17.9930	76.3308
Lohani	10	28.7059	76.0435
Lohajimi	38	22.8267	85.1326
Logai	38	24.9333	87.5833
Lodrani	09	23.9104	70.6193
Lodna	38	23.7203	86.4144
Lodhwa	09	20.8316	70.5705
Lodhna	38	23.8835	86.7935
Lodhma	38	23.2368	85.2002
Lodhipura	35	21.3318	76.2275
Lodhasuli	28	22.3363	87.0492
Lodai	09	23.3924	69.8923
Lochipur	21	20.9333	83.6667
Loch	03	26.4500	91.7000
Lobo	31	22.4833	93.1167
Lobeng	21	20.2030	83.7115
Lobarchatti	37	21.3000	83.3000
Lobang	18	25.4406	92.6676
Lohariya	24	25.4787	74.4303
Loang	12	32.7764	75.7961
Loakara	37	22.3830	83.9766
Lototi	24	26.2759	73.8402
Lokshmipuro	21	18.9872	83.1139
Loha	24	28.0039	74.6125
Loran	12	33.2788	74.1211
Lohai Katha	12	33.2605	74.1645
Lohar Chak	12	34.0937	74.6377
Lorihom	12	34.2859	74.4049
Logirpur	12	34.3599	74.4080
Loikpor Chhatarhal	12	34.3604	74.3768
Lohara	12	32.9227	74.5889
Loharan ni Pati	12	33.1617	74.1674
Loharakot	12	33.0524	74.5042
Loran	12	33.8346	74.3312
Lor Khanba	41	34.5333	75.2167
Loharan Laihr	12	32.8833	74.9972
Loharheri	10	28.7846	76.8355
Lora	12	32.6965	74.7529
Lowemast	12	34.4155	73.9216
Loicha	24	25.2935	75.5658
Lohariya	24	25.6883	75.6896
Lohariya	24	25.6760	75.6822
Lohariya	24	25.6018	75.5593
Lodha ka Jhonpara	24	25.5754	75.6573
Loharb	11	31.1518	77.1104
Loshan	39	29.8596	78.6248
Lohatal	39	29.7985	78.7078
Loyapalli	40	17.0407	78.8321
Longhar	16	18.7248	72.9445
Lotason ki Dhani	24	28.0942	75.4432
Lodipura	24	28.0762	75.6069
Loyal	24	28.0520	75.6474
Loiya	24	27.7284	72.8914
Lotni	10	30.0648	76.6659
Lohara	10	30.0185	76.9871
Longar	35	24.2368	78.4192
Lohargawan	35	24.9205	78.8679
Loharra	36	24.5537	78.9233
Loki Nagla	36	27.9725	79.0813
Lohather	36	27.9296	79.1344
Lodhipur	36	27.2110	79.2608
Lokpur	36	27.1341	79.4386
Lokariya	36	27.1153	79.3142
Lokharpur	36	27.5103	79.5186
Loharan Purwa	36	27.1993	79.9511
Lohangapur	36	27.0040	79.7831
Lohemarh	36	27.0019	79.8116
Lokasai	36	26.8179	79.0263
Lokpur	36	26.9477	79.1646
Loknathpur	36	26.8795	79.0599
Lohia Khurd	36	26.8619	79.1156
Lodhpura Muhabbatpur	36	26.8427	79.0960
Lohachara	36	26.3354	79.1263
Lohria Bagru	24	26.8258	75.6150
Lokhanda ki Dhani	24	26.8226	75.5098
Lohria Bogru	24	26.8222	75.5014
Lokhanda	24	26.7984	75.5582
Lori	36	26.4334	79.4064
Lodhipura	36	26.3522	79.2873
Lohai Mustaqil	36	26.3198	79.4800
Lonri	36	25.5876	79.0632
Lodhipura	36	25.4547	79.4563
Lohargaon	36	25.3997	79.3561
Lodakhar	36	26.6798	79.9450
Lodhan Purwa	36	26.6723	79.7647
Lokhar Daura	36	26.5305	79.9126
Loriwali Talai	24	27.3286	71.0514
Loharki	24	27.1468	71.7661
Lotamari	03	26.3960	89.9108
Lohajani	03	26.2589	89.8246
Lorsar	24	28.5212	74.2567
Longpai	03	25.8039	92.4916
Long	17	25.3119	93.6937
Lozaphohemi	20	25.6330	94.4931
Longting	20	26.8954	95.1631
Loharpur	36	27.3150	81.2384
Loharsi	38	24.0620	84.5376
Loni	16	19.7616	79.0401
Lorri	24	26.3122	72.8312
Lokavalli	19	13.1296	75.6316
Lonbehela	16	19.9660	77.9266
Lodha	37	23.8605	83.4792
Lorage	37	22.5521	83.6011
Lohjang	39	30.1160	79.6080
Loharinag Pala	39	30.8183	78.6181
Lodhoma	28	27.1033	88.1221
Lokhan	37	22.3280	81.3867
Loharkhatha	03	26.2971	91.4411
Lonpuria	03	26.9425	94.7873
Lodh	35	24.6092	74.9362
Lourembam	17	24.6872	93.8709
Lokut Dardahaj	12	34.4189	74.1019
Lohar Majra	10	29.4939	76.5424
Lodhana	10	28.1273	76.6787
Lokra	10	28.2694	76.7717
Lot	11	31.5638	77.1180
Lot	11	31.5435	77.1441
Lodera	24	28.2755	73.9103
Lodhuwas	10	29.7886	75.4689
Lohgarh	10	29.6767	75.3487
Lodas	10	29.1555	75.6471
Lohakhera	10	29.6723	75.9077
Lochap	10	29.6358	75.9880
Lohar	11	31.4413	77.0463
Loharli	11	31.3017	77.2597
Lotal	11	31.4245	77.3220
Lohshte	11	31.4830	77.3292
Loharla	11	31.4234	77.3372
Losti	11	31.2662	77.3634
Lohala	11	31.2792	77.4733
Loshta	11	31.3090	77.4663
Loharla	11	31.3888	77.4648
Lobanianwali	23	30.5805	74.5583
Lohara	23	30.3671	74.6571
Loham	23	30.8139	74.8406
Lohag	11	31.1389	77.2921
Loli	11	31.2357	77.3560
Loharab	11	31.0266	77.3428
Lohala	11	31.0790	77.4491
Loharia	11	31.4530	77.5111
Lohrigad	11	31.3319	77.5089
Lot	11	31.4856	77.7477
Loti	11	31.3030	77.6017
Lorti	11	31.1141	77.6474
Lohanji	11	30.8835	77.0638
Lon	11	30.8993	77.1807
Logadhri Railway Colony	10	30.1371	77.2464
Lodia	11	30.7660	77.4680
Loarna	11	30.7759	77.4740
Lojla	11	30.9604	77.4158
Lohari	11	30.6030	77.3041
Lohara	11	30.6525	77.4306
Lohdiyon ki Dhani	24	27.5704	76.1035
Losal	24	27.2522	76.4706
Loharwari	24	27.5763	76.6829
Lopion	10	30.2977	77.3812
Lohgarh	11	30.4529	77.4332
Lohgarh	11	30.4409	77.4220
Lowa	11	30.5906	77.5662
Loiga	11	30.6063	77.6071
Lobhi	11	30.5444	77.7174
Lodpuri	24	27.5787	76.9177
Lodhaheri	24	27.4784	76.9207
Lolau	39	30.5841	77.9199
Lorli	39	30.7025	77.8337
Lodhamandi	39	29.9429	78.1445
Lodha	24	26.7155	76.6107
Loharpura Bagida	24	26.2410	76.6695
Loharkhera	24	26.7859	76.8093
Loharipur	36	29.3825	77.2952
Loi	36	29.3165	77.4041
Lohara	36	29.1044	77.2914
Loniya	35	22.1131	78.2256
Lodhipura	35	22.7691	78.7383
Loni Kalan	35	22.2382	78.7121
Lohangi	35	22.1946	78.9037
Lohardhana	35	22.0759	78.9309
Loni	16	21.3764	78.1862
Lohran	16	21.5153	78.3820
Lohana	35	21.5525	78.4622
Lohari Sawanga	16	21.2580	78.4004
Lonadei	35	21.8932	78.5853
Lohgarh	16	21.3426	78.7237
Lohangi	35	21.8748	78.7774
Lohangidhana	35	21.8750	78.7896
Lohangi	35	21.6868	78.9329
Lonhara	16	21.1942	78.8574
Lohia	36	29.1547	77.7286
Lohgarh	10	29.9015	74.5717
Lohara	23	29.9675	74.6396
Losing	24	24.7960	73.6262
Lohara	23	30.8762	75.1817
Lohara	24	24.6557	73.6594
Lohara ka Gurha	24	24.6310	73.6494
Logarh	23	30.9273	75.2603
Lodiwala	23	30.9367	75.4149
Lohgarh	23	30.9957	75.4445
Lodahera	24	24.8417	76.2118
Lohariya	24	24.6586	76.0657
Lohariya	24	24.5627	76.0803
Lopon	23	30.6715	75.3438
Lohara	23	30.6010	75.3414
Loha Khera	23	30.2169	75.6294
Lodiwala	39	29.8307	77.7921
Lohara	36	29.3398	77.7629
Lodi Colony	07	28.5838	77.2257
Lodi Estate	07	28.5925	77.2281
Lohara	36	28.9932	77.3957
Loharia	36	28.9151	77.5146
Lock	36	28.7072	77.5502
Lohar Kangan	23	31.5508	75.8340
Loharia	24	24.0207	73.9096
Lotiana	24	25.9009	74.1829
Lotiana	24	25.8952	74.1953
Lohron ki Rapat	24	25.8980	74.2488
Lorwara	24	27.2049	75.6837
Lohar Mazra	23	30.4241	75.9477
Loharwala	10	28.6316	76.3409
Lohana	10	28.2638	76.4102
Lohari	36	29.0760	77.1911
Loharwala	39	30.3958	78.0697
Loarkha	39	30.3483	78.1502
Loharigarh	39	30.4258	78.1363
Lohariwala	36	29.4427	78.5417
Loani	39	30.5539	79.5232
Lokpur	36	28.4474	79.2056
Lohari	36	28.3070	79.2176
Loha	40	19.2317	79.8369
Loraknera	24	24.2495	76.2611
Lolaheri	24	24.7839	76.6927
Lodpuriya	24	24.5641	76.7958
Lodhipura	24	24.3253	76.8401
Loha	16	18.9583	80.1715
Londapur	36	28.9515	77.8016
Lodhipur	36	28.7216	77.8065
Lohgra	36	28.5282	77.8494
Loharka	36	28.5044	77.9174
Lole	28	27.0711	88.5637
Lole	28	27.0641	88.5463
Lolegaon	28	27.0056	88.5418
Lolesara	37	21.6548	81.2112
Lohabasai	35	26.3151	77.9112
Longat ka Pura	35	26.4888	77.8834
Lodhe ki Pali	35	26.4948	78.3901
Lorhi	35	25.7692	78.0020
Lohgarh	35	25.8322	78.3197
Loharian	23	30.9405	76.2468
Loni Khurd	16	19.3370	76.1932
Lohar Mazra	23	30.3402	76.0739
Lope	23	30.4779	76.1459
Longaon	16	19.0709	76.2628
Loni Buzurg	16	19.1643	76.3962
Lohgram	16	19.0986	76.5875
Lohra	16	19.1968	76.5920
Lohgaon	16	19.1464	76.8033
Lohar Majra Khurd	23	30.7632	76.4015
Lohi	36	27.7773	77.7919
Lohagarh	36	27.9354	77.8619
Lodha	36	27.9028	77.9784
Loharwari	36	27.7064	77.3506
Lohari	23	30.8745	76.5732
Loha Kheri	23	30.4095	76.5886
Lochwan	23	30.4015	76.6142
Lokhandi Sawargaon	16	18.6930	76.3170
Loman Tanda	16	18.0580	76.5922
Lohgarh	23	30.4221	76.7672
Lohina	10	27.9475	77.3116
Lohagarh	24	27.7623	77.2944
Lohasar	24	27.6418	77.2146
Lohban	36	27.5111	77.7235
Loriyapatti	36	27.3889	77.5122
Lodhar	10	29.5674	76.2581
Lohara Khurd	16	17.9866	76.3551
Lohgaon	16	17.7590	76.2990
Lohakar Khurd	36	28.3650	77.7568
Loharli	36	28.4894	77.8673
Lohapat	36	28.0202	77.9960
Lotnapara	37	22.2554	82.4833
Lohrakot	37	21.2808	82.6334
Loharindongri	37	21.2721	82.6718
Loharsi	37	20.7278	81.5117
Loknayik Tanda	19	17.2843	76.9912
Lotgeri	19	16.2039	76.2813
Loharsitola	37	21.1008	81.4989
Lolesara	37	21.7568	81.5125
Loharsi	37	21.1069	81.5003
Lon Buzurg	16	19.2484	77.1112
Londhe Sangwi	16	19.0025	77.3085
Lodhai	36	27.3997	78.1655
Lodhai	36	27.0970	78.0697
Lodipur	40	17.0130	77.6600
Lodhepur	36	27.4588	78.4686
Lodhipur	36	27.4397	78.3592
Loki Garhi	36	27.3172	78.4092
Lokharia	36	27.2721	78.4386
Loni	16	20.2395	78.1394
Lonsavli	16	20.7856	78.4336
Loni	16	20.6448	78.3622
Loni	16	20.5204	78.2511
Lohara	16	20.3934	78.4269
Lonar	16	20.5698	78.9968
Longadga	16	20.2922	78.9023
Lohagarh	36	27.5959	77.7800
Loria	36	27.6076	77.8586
Lodha	36	27.6723	77.8748
Loni Kala	40	17.7671	77.8263
Lodhamai	36	27.7024	78.6585
Lochanpur	36	27.5772	78.7282
Lokapalli	40	16.7526	77.4642
Lohara	36	27.9889	78.1542
Lohasra Bisawan	36	27.8972	78.0027
Lokurti	40	16.8760	77.5254
Lohab Lakhera	36	27.2290	78.7844
Lokipar	35	22.8803	79.2008
Lohara	36	27.4367	77.8257
Loheta Khurd	36	27.4926	77.9913
Loheta Kalan	36	27.4924	77.9821
Lokera	36	27.4742	77.9860
Loyabhar	36	27.5178	78.8525
Lohari	35	26.5371	78.3702
Londa	35	22.9350	79.6049
Loria	36	27.0509	77.7987
Lohkarera	36	27.2159	77.8711
Loniya	35	22.1103	79.5197
Logpura	36	26.8521	78.9000
Lodhupura	36	26.7277	78.9017
Lokarwari	16	19.9604	78.0887
Lohari Khera	36	27.5561	79.0791
Lohari Gabhi	36	27.5504	79.0819
Lodhipur	36	27.5839	79.2092
Lochan	36	27.6959	79.1353
Lodhipur	36	27.2876	79.0495
Lothar Tanda	40	19.2432	78.6136
Lokaipura	24	26.5083	77.2934
Loharbatri	35	21.8529	79.0530
Loni Kalan	35	21.9509	79.1701
Loni Khurd	35	21.9615	79.1697
Loni Barra	35	21.9543	79.1791
Lonitola	35	21.9599	79.1830
Lonkhari	16	21.2776	79.0600
Lonara	16	21.2399	79.0572
Lohagadh	36	27.3415	79.3029
Lokharai	36	27.3723	79.4810
Lodhatola	16	21.6428	79.4922
Lohara	16	21.3791	79.4238
Lohara	16	21.0013	79.4332
Londajhir	35	21.9414	79.5713
Lochan Nagla	36	27.9069	79.5485
Londupura	35	26.0577	77.8170
Lohapani	36	27.4465	79.5432
Lothu	36	27.6025	79.9479
Loharkheda	16	21.1525	76.1133
Lokhri	35	25.4840	77.3479
Loikhera	36	27.8310	79.9546
Lodipur	36	27.8796	79.9277
Lonar	36	27.4044	79.9138
Lohadevi	35	25.4142	77.5050
Lodera	35	24.8365	77.0965
Lodhanpura	35	24.7613	77.1155
Lothra	36	27.3716	78.7773
Lodhakheri	35	24.1245	77.4585
Lohraiya	35	24.6922	77.5749
Lokya Tanda	40	17.9850	79.3153
Loka Nagla	36	27.7474	78.1254
Lodhi Nagla	36	27.7145	78.0958
Lohra	36	27.7109	78.0614
Lodhai	36	27.8805	78.4035
Lodhipur	36	27.6441	78.3033
Lodhe Ki Mandaiyan	36	27.0291	78.3223
Lohita	40	17.8372	79.6563
Lodhipur	36	27.7636	78.7335
Loyapalli	40	17.3105	79.6272
Lodhian Ka Purwa	36	26.4666	79.5372
Lona	36	26.2118	79.5042
Lohrana	36	26.9065	79.7669
Lodhipur	36	26.0474	79.9014
Lodhipur Jalalpur	36	25.7832	79.9417
Lodhipura	36	25.8638	79.7064
Lodhaura	36	25.7024	81.0060
Lodhi	35	25.2179	80.2589
Lonhara	36	25.1528	80.3891
Loras	35	22.5428	76.9462
Lohanpur	36	25.5544	81.0343
Loharpur	36	25.5905	81.1281
Lolaban	36	25.5422	81.0800
Lotiya	35	22.3500	76.8505
Loni	35	22.2033	76.9794
Lodhiyakheri	35	22.2104	76.8466
Lokapur	36	25.6713	82.0256
Lonh	36	25.6519	82.1525
Lori Dih	36	25.5717	82.1743
Lohargaon	36	25.4988	79.0619
Lohari	36	25.4151	79.6637
Lohenta	36	26.9800	78.0449
Lohari	36	26.9925	78.0940
Loni	35	21.2863	76.1681
Lohari	35	21.7785	76.3941
Lokhandia	35	21.2952	76.4383
Lodabar	35	22.8097	77.1893
Lodri	35	22.8134	77.1780
Lotia	35	22.9846	77.2020
Lohapathar	35	22.9068	77.3354
Lorhi	35	24.7253	82.2384
Loabir	36	25.5157	83.0482
Lohsar	36	25.5843	83.1626
Lohanjara	36	25.6116	83.1535
Lohra Khor	36	25.6465	83.0334
Lohara	36	25.3064	83.1311
Lolpur	36	25.3992	83.2073
Lohrai	36	26.9910	78.6465
Lokendrapur	35	26.1659	78.6595
Lohrajpur	36	25.0723	83.1038
Lodhwa	36	25.1359	83.0945
Lohar Purwa	36	25.0950	83.1673
Lohar Purwa	36	25.0929	83.2329
Lodhri Kalan	35	22.5606	77.4359
Lohari	35	25.7395	78.2037
Lonwadi	16	20.8619	76.1628
Lotanpur	35	25.4261	78.1619
Lohargarh	35	25.2810	78.1641
Lonepur	36	25.5105	83.4134
Lonwari	16	20.7920	76.4084
Lokanpur	35	25.7063	78.2874
Lokuan	36	25.4131	83.3101
Lokmanpur	36	25.2528	83.3593
Lorhwa	36	25.4015	83.4263
Lohara	34	25.2781	83.4781
Loharpur	35	22.3640	77.2099
Lohogad	16	20.4761	77.0832
Lohkhera	35	22.3599	77.4810
Lohdan Bazar	34	25.0543	83.4326
Lohdan	34	25.0597	83.4307
Lodipur	34	25.0663	83.4554
Lodhipura	35	25.8117	78.5832
Lohardhang	35	22.0059	77.6591
Lontek	16	20.9082	77.7095
Lohawar	36	25.7711	83.7341
Lotna	35	25.3264	78.6277
Loni Arab	16	20.5724	77.5966
Lohagaon	16	20.5988	77.6838
Lotawa	36	25.3803	83.5868
Lodipur	36	25.3764	83.5079
Lohardhana	35	21.7632	77.4150
Londu	35	21.7817	77.6116
Lohariya	35	21.8195	77.9264
Lophaidhana	35	21.6656	77.7916
Lohra	34	25.0025	83.5193
Lochain	36	25.5984	83.8591
Loharpur	36	25.5498	83.9100
Lohni	34	25.4395	83.9836
Lodipur	34	25.3071	83.9896
Lodipur	34	25.1847	83.8819
Loknathpur	34	25.1410	83.8626
Lohra	36	24.8943	83.0451
Lonajhiri	16	21.4472	77.3804
Lokardari	35	21.4668	77.4904
Lohrajpur	16	21.1001	77.2919
Loni	16	20.5322	77.8599
Lotkhed	16	20.9944	77.0790
Lotvada	16	20.9022	77.1758
Lohitkhera	16	20.8588	77.1936
Lohogaon	16	20.5274	77.3522
Lodhipur	16	20.6693	77.3718
Lohara	16	20.4706	77.3650
Lodhipur	16	20.9336	77.3188
Lonsana	16	20.8377	77.4737
Loni	16	20.1897	77.9304
Loni	16	20.0952	77.8524
Lodha	35	21.6440	79.5017
Lobhi	16	21.5756	79.7045
Lohara Kalan	16	21.4214	79.5994
Lohmaratola	35	21.8107	79.8028
Lohmara	35	21.8063	79.8035
Lohagri	35	21.7700	79.8986
Lodhi	36	24.6600	83.0490
Lohdeia	36	24.6704	83.0902
Loband	36	24.0951	83.1071
Lohra	34	24.9988	83.4625
Lodha	36	24.5920	83.4073
Lohbandha	38	24.4620	83.3972
Longa	36	24.4487	83.3313
Loharakholi	36	24.3491	83.3939
Lolki	38	24.1718	83.4601
Lohargawan	35	25.0812	78.6934
Lohagarh	36	25.9190	78.9877
Lohargara	38	24.4938	83.6987
Loka	38	24.3520	83.7352
Lohasur	38	24.3274	83.7045
Lowadag	38	24.2415	83.6797
Lowadoni	38	24.0676	83.6201
Lora	38	24.0602	83.6746
Lohara	16	20.8258	79.2507
Lonhara	16	20.6213	79.2729
Lonhara	16	20.8518	79.6651
Lohra	16	20.9041	79.8940
Lohargawan	36	25.5883	78.9178
Lonhara	16	20.4096	79.0564
Lohra	36	25.4174	80.2413
Lohara	16	20.3984	79.7376
Lonwahi	16	20.3003	79.6670
Lodhan Purwa	35	25.1783	80.1175
Lohar Purwa	35	25.0392	80.1961
Lohatvadi	16	20.4868	77.7930
Lodhan Purwa	36	25.5271	80.3234
Lodhan ka Purwa	36	25.4745	80.3721
Lodhan ka Purwa	36	25.3227	80.4538
Lodhan ka Dera	36	25.8240	80.6326
Loni	16	18.9342	76.5680
Lonarwadi	16	18.9060	76.5271
Loharpura	38	24.4663	83.9445
Lobandha	38	24.3887	83.9462
Lotra	38	24.3330	83.9336
Lonadi	16	20.4773	77.9310
Lohardaga	38	24.2661	83.8792
Loto	38	24.1043	83.8177
Loharsimi	38	24.0057	83.9867
Loni	16	19.7007	78.1593
Lohari	35	23.5888	78.2120
Lokhandwadi	16	19.3594	78.0243
Loharguan Bhat	36	25.3539	78.9516
Lochhmanpura	35	25.3124	78.8084
Lokirevu	40	16.9117	78.0644
Loni Buzruk	16	19.9145	76.6216
Loni Khurd	16	19.9139	76.6406
Lohari	36	25.6491	80.6198
Lohargarhwa	36	25.7350	80.7120
Lodha	24	24.7681	76.3500
Lotukunta	40	17.3678	79.0557
Loharra	35	23.9221	78.4640
Lodhan ka Purwa	36	25.3813	80.6162
Lodhan Purwa	36	25.2724	80.5413
Lohia	36	25.2564	80.7299
Lolsar	19	16.1153	76.1728
Loharra	36	24.4209	78.8833
Lokari	40	19.6005	78.6088
Lokari Kalan	40	19.5498	78.8557
Lohari	36	27.0280	79.0503
Lodhipur	36	27.0018	79.1509
Lodhantola	35	24.8295	81.3553
Loharantola	35	24.9097	81.4654
Lotna	35	23.8423	78.5860
Lotni	35	23.8386	78.5840
Lohi	35	24.5181	81.3552
Lohi	35	24.5077	81.3569
Lohadwar	35	24.6114	81.4428
Lohadwar	35	24.6274	81.4429
Lohi	35	24.5317	81.5264
Lohidand	35	24.5420	81.9881
Lonha	35	24.5084	81.9448
Lokhri	35	24.3635	81.0923
Lorhauta	35	24.3875	81.4770
Lohra	35	24.3076	81.8194
Lohjhar	35	24.2430	81.8846
Lotan	35	22.2297	78.2854
Lonapathar	35	22.2957	78.7738
Lowah	40	19.0636	78.8435
Lodhikheda	35	21.5251	78.7284
Lotaha	36	25.8746	80.8234
Lodhan Purwa	36	25.4308	80.7999
Lodhwara	36	25.2580	80.9204
Lohda	36	25.3865	80.9945
Lodhipur Tarai	36	27.5708	79.4584
Loni	16	20.2654	78.5427
Lohari	35	23.0733	79.0594
Lolri	35	23.1131	79.0207
Lohartara	36	25.8384	82.0976
Lowar	36	25.9080	82.1548
Lokman	35	24.5468	80.7185
Lohinda	36	25.8483	82.2828
Lohariaon	36	25.8214	82.3950
Lokapur	36	25.8838	82.3931
Lokatara	36	25.7517	82.5983
Lohta	36	25.8248	82.7084
Lorika	36	25.6724	82.5573
Lohran	36	25.5575	82.5814
Lohari	35	23.0033	79.3181
Lonia Maru	35	22.0713	79.1011
Lohara	35	22.1209	79.2115
Loujir	35	24.4302	80.5995
Lolgaon	35	22.5698	79.4768
Loharaora	35	24.5195	80.8094
Lohara	35	24.5562	80.9484
Lohnda	36	25.6979	81.2783
Loharpur	36	25.6855	81.3093
Lokia Janka	36	25.6709	81.2958
Lotia	36	25.5279	81.3208
Lolgaon	35	22.6223	79.6868
Lodhi	35	22.9614	79.8159
Lokapur	36	25.4326	82.2530
Lokmanpur	36	25.3688	82.2633
Lokmanpur	36	25.3950	82.3669
Lohra	36	25.2826	82.4641
Lohaindeo	36	25.0468	82.3500
Lokmanpur	36	25.3054	82.6040
Lohra Dih	36	25.3499	82.7221
Lonhdi Kalan	36	25.1293	82.5559
Lonhdi Khurd	36	25.1151	82.5678
Lodhpur	36	25.0359	82.6958
Lokapur	36	25.1084	82.7095
Loharpur	36	25.2479	82.6631
Lokapur	36	25.3986	82.8319
Lohia	36	25.3536	82.8805
Lohta	36	25.3105	82.9339
Lorhan	36	25.3796	82.9573
Lohrapur	36	25.3648	82.8970
Lohrapur	36	25.3546	82.9031
Lodhwa	36	25.4270	82.0315
Lohari	36	25.2855	82.0113
Lohargaon	35	24.4930	80.3224
Loharpur	36	25.2199	82.7801
Lohadhar	35	24.4746	80.4747
Lohi	35	24.1725	80.6831
Lohraun	36	24.9151	82.2750
Lolaipatti	36	24.9600	82.3965
Lorika	36	24.8486	82.7220
Lohartaliya	36	24.8753	82.9866
Lohandi	36	24.7064	82.8177
Lohdhara	36	24.7378	82.8747
Loco Colony	10	28.4251	75.8026
Lotiya	24	28.2934	75.7789
Lohradol	35	24.1198	82.1403
Lohara	35	24.2830	82.2660
Lotan	35	24.2452	82.5927
Lotan	35	24.2434	82.6050
Lojhara	36	24.2518	82.8168
Lokharidand	36	24.2534	82.9816
Lotar	36	25.1910	82.1044
Lohandi	36	25.2045	82.0271
Lohand Pura	36	25.1981	82.0024
Lokai Pura	36	25.1998	82.0164
Lotar	36	25.1853	82.0753
Lohrapur	36	25.7308	82.4201
Lohganjar	36	25.7495	82.4898
Lonha	36	26.7427	80.7909
Lonlan Khera	36	26.7178	80.7653
Lokhi Lal Khera	36	26.6074	80.7631
Lohli	36	26.5511	80.9607
Lodipur	36	26.3253	80.8967
Lodhan Khera	36	26.3582	80.8746
Lonepur	36	26.3701	80.8780
Lokia Khera	36	26.4368	80.8769
Lochan Khera	36	26.3937	80.9250
Lotna	36	26.3702	80.9374
Lohchap	10	28.2572	76.7477
Loharpur	36	25.6615	82.8573
Lohganjar	36	25.5989	82.7511
Lowah Khurd	10	28.6644	76.8736
Lohat	10	28.5414	76.8564
Lohramau	36	26.1294	80.8618
Lodhauni	36	27.8566	81.0293
Lodhan Purwa	36	27.9295	81.1968
Lohanjra	36	27.7286	81.0410
Lonian Purwa	36	27.6654	81.0898
Lodh Purwa	36	27.5982	81.1413
Lokharia	36	27.6428	81.1918
Lonian Purwa	36	27.7146	81.1978
Lonian Purva	36	27.7165	81.1948
Lodhan Purwa	36	27.5348	81.2137
Lodhaura	36	27.4621	81.0440
Londi Purwa	36	27.4627	81.0662
Lodhi Purwa	36	27.4302	81.0792
Lodnaura	36	27.3435	81.0258
Lonah	36	27.3584	81.0243
Lodhauri	36	27.3409	81.0328
Lodhansa	36	27.2967	81.0754
Lodhaura	36	27.2936	81.1874
Lon	36	27.3714	81.1210
Lohangpur	36	27.3881	81.1731
Losahaipur	36	27.4212	81.1716
Loghia Purwa	36	27.4653	81.1780
Lodhauni	36	27.3716	81.2176
Lodhauni	36	27.3551	81.2379
Lodhanpur	36	27.4074	81.2446
Lodhan Purwa	36	27.6722	81.5209
Lodhan Purwa	36	27.5307	81.5182
Lodhan Purwa	36	27.6002	81.5692
Lodh Purwa	36	27.6213	81.5640
Lodh Purwa	36	27.5214	81.5608
Loharan Purwa	36	27.6003	81.5998
Lodhan Purwa	36	27.6070	81.6293
Lodha Purwa	36	27.5046	81.6130
Lohraspur Nirha	36	27.6715	81.7345
Lontanda	36	27.4452	81.5625
Lokhar Purwa	36	27.3852	81.6499
Lohta	36	25.8508	83.9470
Lodi	36	27.7314	81.7793
Lohra Tara	36	27.6289	81.8486
Lohari	36	27.6226	81.8292
Lodh Purwa	36	27.5473	81.9678
Lohra Tara	36	27.5740	81.9446
Lon Purwa	36	27.5698	81.9641
Lohar Purwa	36	27.6607	81.9553
Lon Purwa	36	27.6929	81.8960
Lokha	36	27.5706	81.9909
Lobangarh	36	27.5028	81.9738
Loharnian	36	27.5159	81.9948
Lotawan Purwa	36	27.5800	81.8424
Lohangpur	36	27.0624	81.8517
Lodhan Purwa	36	27.0392	81.8346
Lohar Purwa	36	27.0319	81.8709
Lohangi Purwa	36	27.0986	81.9584
Lohsa	36	27.1576	81.8712
Lohar Purwa	36	27.1903	81.8892
Lohra Jot	36	27.1189	81.9842
Lodhan Purwa	36	27.1901	81.7486
Lokharia	36	27.0548	81.9032
Lohar Purwa	36	27.0089	81.9552
Lohra	34	24.6674	83.6633
Londa	34	24.6896	83.7085
Lolupar	35	22.3260	79.8697
Lopa	35	22.2972	79.8469
Lohandi	34	24.9471	83.7543
Lodhi	34	24.9011	83.8064
Lohara	34	24.8821	83.7709
Lohari	34	24.8706	83.8685
Lodhi	34	24.9717	83.9862
Lonapur	36	26.8254	81.0510
Lokharia Purwa	36	26.7568	81.0648
Lokharia	36	26.8276	81.1430
Lodi Khera	36	26.6041	81.0230
Lodhan Purwa	36	26.7316	81.1941
Loharpur	36	26.8325	81.4108
Lodh Purwa	36	26.8067	81.4129
Lodh Purwa	36	26.8775	81.4774
Lokuriha	36	26.8132	81.4635
Lohara	16	21.0815	79.5288
Lodipur Milak	36	29.0785	78.4269
Lodipur	36	29.0840	78.3894
Loni Katra	36	26.6618	81.2849
Lodhipur	36	26.6180	81.4522
Lohangpur	36	26.6788	81.3851
Lodhpurwa	36	26.7062	81.4562
Lodhitola	16	21.3832	79.9096
Lonhara	16	21.2749	79.8865
Lonhara Tola	16	21.2792	79.8769
Lokhandi	16	20.5831	79.0666
Lohar Chaur	39	29.6036	78.9964
Loharamau	36	26.4100	81.0205
Lohanipur	36	26.3637	81.0015
Loharan Purwa	36	26.2971	81.1038
Lohramau	36	26.2536	81.2058
Lonar Kadim	36	26.4534	81.2131
Lodhan Purwa	36	26.3208	81.2309
Lonhar	16	20.0810	79.1830
Lokharia	36	26.4461	81.3263
Lodipur	36	26.3281	81.3090
Lohnipur	36	26.3564	81.3079
Lodhan Purwa	36	26.3224	81.2575
Lodhwamau	36	26.3185	81.2597
Lodhpura	36	29.0701	78.7810
Lodhipur Patti	36	29.0706	78.8344
Lokai Purwa	36	26.4717	81.4118
Lodipur	36	26.4558	81.4263
Lodhipur Naik	36	29.0536	78.9977
Lodhipuri	36	29.0569	78.9988
Lodhauria Khurd	36	26.4019	81.4874
Lodhauria	36	26.4023	81.4951
Loharra	36	29.1200	78.9735
Lohara	16	20.6196	79.5331
Lohara Buzurg	16	20.5010	79.5151
Losai Purwa	36	26.3897	81.7858
Lorakpur	36	26.3410	81.9541
Lochai Purwa	36	26.5003	81.8856
Lohkhairi	16	20.2096	79.7021
Lokiapur	36	25.7708	81.0644
Lodhan ka Purwa	36	25.8670	81.2060
Loy	16	21.4232	74.1314
Lonkheda	16	21.4230	74.2083
Lodhan	36	25.2403	81.0714
Lohda	36	25.3966	81.0293
Lodhipur	36	28.9496	78.3397
Loi Tali Purwa	36	27.1502	80.8072
Lodh Purwa	36	27.0179	80.7958
Lohangpur	36	27.0470	80.9318
Lodh Purwa	36	27.0987	80.8952
Lokhra Purwa	36	27.2120	80.9954
Lonarpur	36	27.1606	80.9602
Loharipur	36	26.3516	80.4937
Lohar Purwa	36	27.1688	81.5758
Lodhan Purwa	36	27.2368	81.5701
Lohgaon	16	19.6875	77.0423
Lohra Khurd	16	19.5313	77.1689
Lohra Buzarg	16	19.5222	77.1476
Loharan Purwa	36	27.1148	81.6243
Lodh Purwa	36	27.1379	81.6644
Lodha Dih	36	27.1614	81.6968
Lohari	36	28.7412	78.3543
Loni	36	27.0582	81.7198
Lodnan Purwa	36	27.4746	81.7883
Lodhan Purwa	36	27.4564	81.7631
Lodhijot	36	27.2960	81.7930
Loharan Purwa	36	27.4483	81.8929
Lon Purwa	36	27.3077	81.8271
Loni	16	19.9415	77.5955
Londari	16	19.8049	77.5433
Lohara Khurd	16	19.7779	77.6913
Lohara	16	19.4715	77.7331
Lodhipur Banjara	36	28.8793	78.6066
Lodhipur Rajput	36	28.8218	78.6432
Lodhighur Jawaharnagar	36	28.8706	78.7121
Lohcha	36	28.1785	79.8043
Lohangpur	36	28.0946	79.7528
Lodhapur	36	28.1750	79.9200
Lohargawan	36	28.2211	79.8539
Lokhripur	36	25.8319	81.2640
Lohrani	36	25.9219	81.4088
Lohanda	36	26.2474	81.0184
Lotanaha	36	26.1438	81.0048
Lohari	36	26.0125	81.0302
Loharan Purwa	36	26.0258	81.1609
Lohanipur	36	26.2366	81.2193
Lodhaura	36	26.6608	81.7188
Lohti Saraiyan	36	26.6930	81.7250
Lotan Tiwari	36	26.9143	81.7971
Lodhan Purwa	36	26.9757	81.8550
Lotawan Purwa	36	26.8896	81.9280
Lokhariaganj	36	26.9894	81.9743
Loharpura	36	28.2164	78.6013
Loharpura	36	28.2481	78.6523
Lonra	36	26.2218	81.7755
Lokipur	36	26.2115	81.7962
Lokipur	36	26.1684	81.7627
Lokapur Mafi	36	26.1656	81.8633
Lonhgi	36	26.0221	81.8082
Lokhariapur	36	26.0099	81.7694
Lodipur	36	26.1838	81.9231
Lodhipur	36	28.5044	78.9834
Loharka	12	33.5502	74.2575
Loharnia	36	27.7333	82.0728
Lohania	36	27.7220	82.0393
Lohti	36	27.8210	82.0168
Lohrauri	36	27.7752	82.0703
Loduhwa	36	27.8300	82.0897
Lonur	12	33.9363	74.7070
Lodhpura	36	28.0321	78.8273
Lobata Pani	12	33.6555	74.5009
Lowa Pathri	12	33.4448	74.5451
Lowana Nala	12	33.4533	74.5387
Lolum	40	18.5817	78.2972
Lon Purwa	36	27.3780	82.0557
Lohsisa	36	27.2691	82.0606
Lohdua	36	27.1954	82.0562
Lorhia Ghata	36	27.0465	82.0192
Lodhan ka Purwa	36	25.4777	81.2784
Lokharia	36	27.2360	82.0932
Lodhaura	36	25.4315	81.3686
Lohkat	36	25.2856	81.3955
Lokaipura	36	27.1228	82.1130
Lohsa	36	27.0299	82.1257
Lokahwa Pande	36	27.4972	82.3376
Lokahwa Tiwari	36	27.4951	82.3512
Lokahwa	36	27.4926	82.3450
Lohra Dih	36	27.4225	82.3543
Lokahwa	36	27.4272	82.3622
Lohar Purwa	36	27.1189	82.3118
Lohar Purwa	36	27.0423	82.2780
Lohtipur	36	27.0058	82.2737
Lonian Purwa	36	27.0830	82.3193
Lonian Purwa	36	27.1749	82.3347
Lonian Purwa	36	27.1733	82.3533
Lonian Dih	36	27.2342	82.4634
Loniwan Dih	36	27.2053	82.4306
Lonian Dih	36	27.1983	82.4560
Lohrauli Tappa Hathni	36	27.0142	82.3700
Lonian Dih	36	27.1591	82.4588
Lotharpur	36	27.0475	82.4180
Lohrauli	36	27.2705	82.5814
Lohraula	36	27.2701	82.5742
Lohta	36	27.2504	82.6805
Lodhwa	36	27.0454	82.6145
Lohrauli	36	27.1687	82.6760
Lodh Purwa	36	27.1523	82.8082
Lodhpurwa	36	27.1577	82.9065
Lodhpurwa	36	27.1290	82.8967
Lout Purwa	36	27.0052	82.8810
Lodh Purwa	36	27.1187	82.9062
Lodhpurwa	36	27.1986	82.9471
Lohra	36	27.1550	82.9492
Lodh Purwa	36	27.0988	82.9520
Lohrauli Khurd	36	27.0440	82.8116
Lohar	36	26.9010	82.0636
Lodhradiha	36	26.9627	82.0848
Loharan Purwa	36	26.9661	82.1101
Lohra Dand	36	26.9348	82.2004
Lolpur	36	26.8370	82.2360
Lojur	12	33.9013	74.9544
Lodu	12	33.9985	74.9952
Lokepur	36	26.4117	82.0985
Lokharhiapar	36	26.3083	82.0586
Lolepur	36	26.2557	82.0871
Losaha	36	26.4276	82.1236
Lohari Palia	36	26.3250	82.2112
Loyus	12	33.6243	74.9524
Lodhipur	36	26.2099	82.0429
Loli Pukht	36	26.0580	82.0097
Loli Pukht	36	26.0495	82.0027
Loli Kham	36	26.0524	82.0068
Lohramau	36	26.2207	82.0916
Lodipur	36	26.1862	82.1252
Lohgarh	35	25.0327	81.2975
Loharauhi	35	25.0527	81.3917
Lokhajot	36	26.8677	82.2609
Lokhaipur	36	26.7835	82.4100
Loniapar	36	26.8230	82.4181
Lohar Purwa	36	26.9425	82.4011
Lohganjiri	36	26.9876	82.4070
Lohara	36	26.9943	82.4142
Lohar Purwa	36	26.9418	82.4953
Lohrauli	36	26.8795	82.4646
Lohani	36	26.5617	82.2568
Lokapur	36	26.5149	82.4251
Lohjara	36	26.4403	82.3758
Lodhwa	36	26.3876	82.3577
Loknathpur	36	26.3785	82.3913
Lohra	36	26.3672	82.4592
Lohra	36	26.3613	82.4715
Lorpur Palhan	36	26.3817	82.4815
Lokapur	36	25.9150	83.1886
Lotia	36	26.1699	82.2927
Lohanpur	36	25.8414	83.2092
Loda Imadpur	36	25.8613	83.0612
Loda	36	25.8548	83.0740
Lodhapur	36	25.7756	83.0718
Lohara	36	26.1776	82.4082
Longwa	36	26.1245	82.4434
Loharan Purwa	36	26.9522	82.5713
Lodhwa	36	26.8294	82.5825
Lonian Purwa	36	26.7872	82.6126
Lohrauli	36	26.7669	82.6466
Lodhwa	36	26.7385	82.5212
Lodipur	36	26.4922	82.5558
Lorpur Tajan	36	26.3909	82.5515
Lohra	36	26.3569	82.5258
Loknathpur	36	26.2496	82.5330
Losra	36	26.2014	82.5220
Lorpur	36	26.2244	82.6031
Lodhia	36	26.0438	82.5255
Lonra	36	26.1781	82.6618
Lonra	36	26.1800	82.5800
Lohraia	36	26.8650	82.7844
Lohrauli	36	26.8437	82.7984
Lohti	36	26.8041	82.8015
Lohrauli	36	26.9402	82.8183
Lodh Purwa	36	26.9914	82.8556
Lonha	36	26.9696	82.8519
Lohrauli Kalan	36	26.9890	82.8634
Lohdhar	36	26.7723	82.8952
Lohrauli	36	26.9609	82.9352
Loharjotia	36	26.9191	82.9440
Lohrauli Thakurai	36	26.9053	82.9733
Lonhan	36	26.6524	82.7503
Loyabhal Kalan	36	26.6632	82.8459
Loyabhar Khurd	36	26.6639	82.8485
Loharpur	36	26.5053	82.8752
Lohra Dandi	36	26.6008	82.9819
Lokaipur	36	25.7827	83.2978
Lohatikar	36	25.9314	83.4848
Lonianpur	36	25.8678	83.4804
Lohra	36	26.3657	82.8997
Lonidih	36	26.3927	82.9122
Loharana	36	26.0667	82.7599
Lottarana	36	26.0443	82.7594
Lorinar	41	34.0594	75.3798
Loharpurwa	36	27.1818	83.1623
Lodhpur	36	27.2358	83.2109
Lodhpur	36	27.2240	83.2164
Lohargarh Barhara	36	27.1917	83.1779
Lokutrur	12	33.7959	75.0680
Loharsan	36	27.2181	83.2185
Lodhpur	36	27.2267	83.2788
Lodhpur	36	27.1592	83.2958
Loharpurwa	36	27.0679	83.2642
Lokhwa	36	27.0677	83.2711
Lonia	36	27.0664	83.3878
Lonia	36	27.2332	83.4875
Lokpur	36	27.1551	83.5258
Lor	12	33.6606	75.0279
Lokut Gopalpur	12	33.7287	75.2082
Lokapur	36	25.8446	81.5322
Lodipur	36	25.7921	81.5737
Lokaiyapur	36	25.8075	81.6904
Lochangarh	36	25.8275	81.7149
Loharsan Bazar	36	26.9968	83.0185
Loharsan	36	27.0002	83.0244
Lohrauli Misr	36	26.9723	83.0417
Lohardewa	36	26.8152	83.1658
Lohsara	36	26.8220	83.1617
Loiabhar	36	26.6060	83.1047
Lohraiya	36	26.5319	83.1299
Lohraiya	36	26.5993	83.0793
Lohraon	36	26.3442	83.0455
Lonawe	36	26.2705	83.0364
Lonan Nagar	36	26.4107	83.1536
Loharia	36	26.3910	83.1832
Lohra Fattu	36	26.4450	83.2314
Lohra Tahir	36	26.4475	83.2339
Lohrauti	36	26.0687	83.2159
Lohria	36	26.0718	83.2088
Lohrauti	36	26.1926	83.1443
Loharpur	36	26.5366	83.2606
Londra	36	26.5024	83.2655
Lohra Jamal	36	26.4441	83.2631
Lohra Miran	36	26.4420	83.2495
Loharapar	36	26.3769	83.4307
Loharpur	36	26.3616	83.4601
Lohsi	36	26.8003	83.5777
Lonia	36	26.9823	83.6058
Lonia	36	26.9559	83.6098
Lohjhar	36	26.8089	83.6709
Loharan ka Pura	36	25.7302	81.5399
Lonakharan ka Purwa	36	25.7429	81.5465
Lodipur	36	25.6899	81.6051
Loharia	36	26.7242	83.6443
Lohara	36	25.5281	81.5914
Losnapur	36	25.7272	81.6478
Lonia	36	26.4746	83.6941
Lonia	36	26.4803	83.7095
Lonia	36	26.4401	83.6883
Lokia	36	26.1992	83.6979
Loni	12	33.3041	75.0365
Lont	12	33.0134	75.1438
Lodra	12	33.1680	75.1327
Lolanpat	12	33.1446	75.1884
Lotur	12	33.8594	75.2776
Loer	12	33.9362	75.2865
Logan Khil	12	33.2578	75.3007
Lorin	12	33.2836	75.3189
Lopar	12	33.2703	75.3683
Lohepar	36	26.8423	83.7534
Longrapur	36	26.7743	83.8378
Loniapura	36	26.2441	83.8051
Lohjara	36	26.1370	83.7599
Lohta	36	26.0695	83.7863
Loharpur	36	25.6115	83.5865
Loi	12	33.3809	75.6719
Lodu	12	33.4611	75.7007
Loded	37	18.6956	80.5532
Lohangi	35	23.1125	80.1390
Lohkri	35	23.1758	80.1137
Lohna	12	33.1418	75.5114
Lolru	12	33.0409	75.7418
Lohari	35	23.0201	80.3644
Lokampur	35	23.9985	80.6712
Lomarg	12	33.4914	75.7615
Lopor	12	33.4771	75.8287
Loharganj	35	23.5469	80.8357
Londajhir	35	23.2349	80.9589
Loharniund	12	33.4844	75.8543
Loline	12	33.3387	75.9364
Lole	12	33.3980	75.8955
Lotira	12	33.1311	75.7533
Lohari	12	33.1946	75.8935
Lope	12	33.1430	75.8114
Loakhi	12	32.5503	75.1718
Lon ka Pani	12	32.6567	75.2596
Loharli	12	32.5361	75.2556
Lora Mera	12	32.4998	75.3049
Loget	12	32.4375	75.4962
Lohi	36	25.4247	81.5535
Lohsain	35	25.0287	81.5991
Lonipar	36	25.0648	81.6790
Lohra	36	25.0536	81.7380
Lohgara	36	25.2239	81.6758
Lohgara	36	25.2131	81.6960
Lodha	23	32.1129	75.3418
Lole Nangal	23	32.0763	75.2905
Loali	12	32.6389	75.5368
Loai	12	32.7200	75.6626
Loa	12	32.7304	75.6652
Loa	12	32.7366	75.6043
Lohangpur	36	25.9604	81.9840
Lohra	36	25.5589	81.7702
Lokapur	36	25.6639	81.9030
Lokai ka Pura	36	25.6980	81.9715
Lodhwan	11	32.2604	75.7439
Lodhipur	36	25.4563	81.9686
Lotarh	36	25.1773	81.7886
Lokman ka Pura	36	25.1695	81.8498
Lohara	36	25.0935	81.8081
Lohar Purwa	36	25.0889	81.8867
Lohara Dhekaha	36	25.0548	81.7510
Lohara	36	25.0479	81.7574
Loni	35	22.1909	74.8100
Lohara	35	22.2302	74.8371
Lonsarai Khurd	35	22.0064	74.9866
Lonsarai Buzurg	35	22.0126	74.9837
Loharpur	11	32.3819	75.8715
Lola	23	32.4183	75.9250
Lot Drammas	11	32.4808	75.9233
Lohogaon	16	21.4034	74.6629
Londhra	16	21.3771	74.7407
Lohoner	16	20.5136	74.1990
Londhare	16	20.5978	74.5836
Londhe	16	20.6050	74.8674
Lonvadi	16	20.1612	74.0286
Londiya	35	22.7648	75.6794
Lohari	35	22.9688	75.9777
Lodhya	35	22.4847	75.8922
Lonara	35	21.9329	75.3903
Lon	16	20.6225	75.1442
Lon	16	20.7246	75.2869
Lohotar	16	20.6462	75.2708
Lohali	16	20.1083	75.0732
Loni	16	20.1534	75.2429
Lohogaon	16	20.4157	75.3920
Lonodi	16	20.2897	75.4978
Lokhandi Malegaon	16	20.2589	75.2683
Lohara	11	32.0570	75.9115
Lolar	11	32.2492	75.9525
Lohara	11	32.0862	75.9581
Lodhi Gujar	23	31.7405	74.5766
Londi	37	20.7702	81.2833
Lohattar	37	20.1053	81.3224
Loharpathra	37	20.8545	81.5612
Lotmara	35	22.2414	80.2671
Lodha	35	22.7793	80.7460
Lohartola	35	22.6076	80.7318
Lotna	35	22.4329	80.5327
Loharanwali	23	31.9210	74.9485
Longo Mahl	23	31.8932	74.8348
Lodi Nangal	23	31.8764	74.9897
Loharke	23	31.8576	74.8966
Lora	35	22.0218	80.6564
Lohta	35	22.4334	80.7810
Lomriwala	23	30.9428	74.6840
Lohari	10	29.3590	76.8387
Lohara	35	21.8177	80.0228
Lola	23	31.6317	75.0756
Lohgarh	23	31.5658	75.2064
Loharanwala	23	31.5616	75.1996
Lohchap	10	29.3608	76.4347
Lonkheda	16	21.5670	74.4859
Lohar	23	31.3086	75.0536
Lodhiwala	23	31.2146	75.1170
Lodhi Tola	16	21.5554	80.0250
Lohara	16	21.5322	80.1434
Lodhitola	16	21.4056	80.2366
Loditola	16	21.1961	80.2421
Lohara	35	21.7680	80.2587
Lodhangi	35	21.5823	80.4998
Lohara	16	21.1784	80.3859
Lohara	16	21.2455	80.4745
Lodipur	23	31.9295	75.3663
Lorapathra	35	21.7998	80.7321
Lolawas	24	25.7545	73.5903
Lodhama	35	21.5889	80.6643
Lodhitola	35	21.5722	80.5521
Lole	23	31.9157	75.6067
Lohara	35	21.4475	80.5446
Lodhitola	16	21.3621	80.5499
Lodhiwada	16	21.3295	80.6562
Lonkhedi	16	20.8998	74.5322
Lohar	23	31.5521	75.6177
Loharanwala	23	31.5053	75.5129
Lohar	23	31.5102	75.6772
Lode Chak	23	31.7125	75.6544
Lodibahara	37	22.5005	82.4672
Lohogad	16	20.8952	74.5328
Loharidih	37	21.9176	80.8500
Lormi	35	21.8658	80.8302
Londhre	16	20.2542	74.9199
Loharia	37	22.4140	82.2480
Lokhandi	37	22.1281	82.1127
Logandi	37	22.1956	82.0957
Lona	16	21.0252	75.2202
Lobatora	37	21.6357	80.9144
Loni	16	21.2237	75.4720
Loni Budrukh	16	20.8533	75.2390
Loni Sim	16	20.8533	75.2345
Loni Khurd	16	20.8498	75.2417
Lohjhari	37	21.2382	80.7795
Lonja	16	20.3865	75.0992
Lonja	16	20.4219	75.2070
Loharpara	37	22.3317	82.8404
Lorhabor	37	21.8250	82.2899
Loharsi	37	21.7758	82.5424
Loharakot	37	21.9476	82.8872
Loharpali	37	21.5372	82.8721
Lohardih	37	21.1711	82.1823
Lodh Kherwa	36	27.2487	80.5088
Lodhaura	36	27.2007	80.5057
Lomamau	36	27.1352	80.5303
Lohrai	36	27.1439	80.5262
Lohangpur	36	27.0953	80.6819
Lohar Khera	36	27.0231	80.6161
Lodhi Khera	36	27.0051	80.6423
Lodhan	36	27.9608	80.9038
Longhna	36	27.6966	80.7968
Lodhe Purwa	36	27.6664	80.8034
Lodhasa	36	27.6330	80.9737
Lohartali	36	27.6034	80.8502
Lodhwap	36	27.5484	80.9944
Lodhaura	36	27.3653	80.8222
Lodhauri	36	27.3685	80.8169
Lohangpur	36	27.2738	80.7837
Lokipur	36	27.3672	80.9415
Lohartali	36	27.3836	80.9611
Lohara	16	20.4004	80.0761
Lohar	23	31.2435	75.5280
Longeri	23	31.1760	75.9321
Lohar Patti	23	31.1595	75.7522
Lohgarh	23	31.1116	75.8675
Losen	12	33.2687	76.2029
Lorke	11	32.9051	76.2286
Loharog	11	32.8459	76.2301
Lohani	11	32.7305	76.0030
Loton	11	32.6683	76.1032
Loton	11	32.6827	76.0990
Lola	11	32.6104	76.1570
Loil	11	32.6477	76.2044
Loedar	11	32.5603	76.0439
Lola	11	32.5757	76.2335
Loa	11	32.4603	76.2001
Loa Jot	11	32.4198	76.1689
Loharka	11	32.3877	76.0352
Loharka	11	32.3439	76.0397
Lodhar	11	32.2824	76.1369
Lowari	11	32.9832	76.4978
Logaraon	11	32.5046	76.2731
Lohartola	37	20.6760	80.9741
Lohartola	37	20.6022	80.9263
Lodhitola	37	20.6077	80.9854
Lohattar	37	20.3375	80.8701
Lotra	35	22.2803	81.0608
Lohartola	37	22.1715	81.0532
Lohratola	35	22.9267	81.4035
Lodrantola	35	22.9068	81.3759
Lothal	11	32.4706	76.2976
Loharka	11	32.4607	76.2936
Loharada	11	32.4471	76.3262
Lotan	11	32.4713	76.4026
Lohra	37	22.2179	81.3739
Lohjhari	37	22.1286	81.3389
Lodhtola	35	22.8344	81.7112
Lonian Purwa	36	27.0625	81.1839
Lonian Purwa	36	27.0677	81.1332
Losari	36	27.1149	81.1300
Lohania	36	27.1859	81.1178
Lohanjar	36	27.0397	81.2341
Lobar	11	32.7203	76.6671
Lokhan	37	22.0974	81.5011
Loharjhorkhi	37	22.7718	81.9220
Lonani	11	32.1534	76.5417
Lohna	11	32.1208	76.5448
Lolani	11	32.0934	76.6838
Lot	11	32.1067	76.6349
Lokbandh	37	22.2672	81.9457
Lohara	11	31.7565	76.1322
Lohrakapa	37	22.1454	81.8448
Lohadih	37	22.1188	81.7973
Lochan	37	21.9921	81.4285
Lohdangia	37	21.8069	81.9110
Lohda	37	21.9225	81.9599
Lohari	37	21.6381	81.9452
Lodipur	23	31.1182	76.0519
Lohar Lahru	11	31.9444	76.3920
Loharkar	11	31.9521	76.3638
Lohar Lahri	11	31.9580	76.2953
Loharra	11	31.7663	76.4267
Lohar Khar	11	31.8055	76.3121
Loharra	11	31.8037	76.3303
Lothan	11	31.7817	76.3741
Lohgarh	23	31.0228	76.5631
Loharipur	37	21.4114	82.8927
Loharindipa	37	21.4538	82.9591
Lotkhar	11	31.8820	76.9659
Lohra	11	31.8640	76.8676
Lot	11	31.7557	76.9798
Lot	11	31.7049	76.8824
Lonhakhri	11	31.7112	76.8164
Lohara	11	31.5898	76.9470
Lohakhar	11	31.5523	76.8569
Lohar Mazra	23	30.6972	76.3318
Longo Majri	23	30.5691	76.4290
Loha Kheri	23	30.5828	76.5730
Lori	24	26.0212	74.5639
Lohan	11	30.8511	76.9942
Lohgarh	10	30.8057	76.8918
Lohora	23	30.7771	76.7735
Loghesara	24	26.8618	75.9344
Loharsingh	37	21.1453	82.7784
Lohangir	21	21.0532	82.9310
Loharpali	21	21.0241	82.9843
Lohjhar	37	20.9854	82.1607
Lohjhar	37	20.8391	82.1823
Lohara	11	31.0397	77.1484
Loha	11	31.0103	77.2107
Loharlari	37	20.6198	82.0355
Lohari	37	20.6058	82.2421
Lohari Khurd	24	25.6567	75.4135
Londamura	37	20.9211	82.4561
Lodra	21	20.6873	82.4274
Loharia Chhota	24	23.2002	74.3646
Loharia Bara	24	23.1993	74.3763
Lodwapara	21	20.1130	82.4357
Loharanbeli	21	20.7318	82.7314
Loharipali	21	20.6093	82.7197
Loharkoti	11	31.1784	77.7537
Loharapali	21	20.3171	82.7410
Lohrapali	21	20.1466	82.5777
Lodhi	37	23.8136	83.0614
Loja	11	30.9052	77.6297
Lohgarua	38	23.7392	83.7459
Lolki	35	23.8888	76.1279
Longri	35	23.9980	76.1771
Lodipur Shahpur	36	30.1751	77.5579
Lohari	39	30.7516	77.8132
Lodaru Dogri	39	30.9898	77.8182
Loich	39	30.9140	77.9022
Loria	39	30.8897	77.9145
Lodidih	38	23.7295	83.8185
Lodh	35	23.4255	76.0210
Loddipalem	02	17.4179	81.8314
Lotupalem	02	17.2891	81.7834
Loddipalem	02	17.2944	81.9627
Lohagarh	10	28.1236	77.3520
Lorhajhar	37	21.9703	83.2407
Lohkhan	37	21.9669	83.1732
Lohana	35	23.0766	76.0487
Loharwas	35	23.5104	76.2985
Lorakheri	35	23.5108	76.2854
Logmanipur	39	29.7868	78.4099
Lodali	39	29.8733	78.9991
Loharsingh	37	21.8291	83.3404
Loing	37	21.8559	83.4855
Lodhia	37	21.5953	83.2703
Lohakhan	37	21.7399	83.4495
Lodhipur	36	28.8469	78.0264
Lodhipur	36	28.8321	78.0048
Lohari	36	28.7332	78.0548
Lohari Khadar	36	28.7263	78.2445
Longa	36	28.6458	78.0944
Lohra	36	28.3707	78.0551
Lohgarh	36	28.0834	78.3601
Londiakhera	35	23.3903	76.2594
Londia	35	23.3861	76.2647
Lodhipur Basu	36	28.7600	78.8518
Lodia	35	23.0323	76.3558
Lohara	39	30.5078	79.1552
Lohakhandi	21	21.1575	83.7328
Loisingh	21	21.9131	83.9549
Loharapara	21	21.8020	83.9273
Lohakhani	21	20.9450	83.1478
Lodhi Purwa	36	27.9869	81.2853
Lodhpurwa	36	27.8492	81.3602
Lodhpura	36	27.8361	81.4307
Lonia	36	27.8896	81.3602
Lonian Khas	36	27.8927	81.4264
Lohari Purwa	36	27.9014	81.3768
Lonian	36	27.9412	81.3601
Lodhan	36	27.5067	81.3400
Lonian Purwa	36	27.7034	81.3511
Lodhan Purwa	36	27.7248	81.4036
Lodh Purwa	36	27.5895	81.3916
Lonian Purwa	36	27.7054	81.4273
Lodh Singh	36	27.5709	81.4759
Lodhan Purwa	36	27.4163	81.2787
Lodhan Purwa	36	27.2905	81.2957
Lochanpur	36	27.3244	81.3358
Lonian Purwa	36	27.4821	81.4289
Loharan Purwa	36	27.4142	81.4862
Loharuwa	36	27.0103	81.2818
Loharanpur	36	27.0572	81.3318
Lodhaura	36	27.1177	81.4153
Lohti Jai	36	27.1048	81.4487
Lohti Basai	36	27.1041	81.4373
Lodh Purwa	36	27.0464	81.4407
Lodhi Purwa	36	26.1861	81.2926
Lodan Purwa	36	26.1458	81.3170
Lodhwari	36	26.1582	81.3262
Lodipur	36	26.1345	81.4719
Lodh Purwa	36	26.9611	81.5412
Lohrimau	36	26.9811	81.6085
Lodh Purwa	36	26.9154	81.6054
Lodhan Purwa	36	26.8267	81.6307
Lotanbagh	36	26.8105	81.7224
Lodh Purwa	36	26.8695	81.6905
Lodh Purwa	36	26.8299	81.6698
Lodhapurwa	36	26.2696	81.7337
Lorikpur	36	26.3467	81.6912
Lodhipur	36	26.1698	81.7425
Lodipodoro	21	18.4427	82.8507
Lovalasa	21	18.4236	82.9769
Lobada	02	18.3132	82.9270
Loselput	02	18.1565	82.7738
Longuparti	02	18.1818	82.9815
Lododdi	02	17.5531	82.1277
Lokamudi	02	16.5453	81.2006
Lokavaram	40	17.2351	80.5075
Lotavaripakalu	02	17.4570	82.0772
Loddipalem	02	17.3437	82.2496
Lododdi	02	17.5107	82.3132
Losari	02	16.4012	81.4694
Losingi	02	17.7831	82.6338
Lova Kotturu	02	17.3591	82.5047
Lopudi	02	17.8233	82.8468
Lovapalem	02	17.4663	82.9615
Lotiaguda	21	19.6004	83.0280
Lodakachanchada	21	19.8626	83.4797
Loharapadar	21	19.8779	83.4727
Lohorachai	21	19.5065	83.3311
Lomda	21	19.6007	83.3801
Lottaguda	21	19.7104	83.4724
Loddingi	21	19.6587	83.4518
Lokitiguda	21	18.6649	82.1367
Lokitiguda	21	18.4122	82.1822
Lomtaput	21	18.5010	82.2527
Lohara Kuttili	21	19.0983	83.1834
Lottaguda	21	19.4899	83.3212
Logitaguda	21	19.3943	83.4798
Lottaguda	21	19.3868	83.6201
Loddiri	21	19.3572	83.6716
Lohamundi	21	19.3064	83.6911
Lokshmipuro	21	18.8490	82.5245
Loviriguda	21	18.8234	82.6230
Loyogondo	02	18.2498	82.7242
Lochiliput	02	18.0827	82.6702
Lochumoni	21	18.8363	82.8547
Lombotaputtu	21	18.8742	82.8723
Lochumoni	21	18.7662	82.9491
Lohoba	21	18.5958	82.8003
Lopudi	02	16.9191	80.9512
Loa	37	18.6411	81.1829
Lovaguda	21	19.1139	83.6528
Loharguda	02	19.1514	83.6229
Lobukona	21	19.2157	83.7232
Lovaguda	21	19.1147	83.7254
Lova Gummi	21	19.4369	83.7982
Lovaguda	21	19.4317	83.7985
Loddiguda	21	19.3990	83.8956
Lokanaguda	21	19.2084	83.8294
Lobba	21	19.1903	83.8683
Lovaguda	21	19.0761	83.7580
Lovaguda	21	19.0255	83.8224
Loharapara	37	18.6034	81.3766
Loharapara	37	18.6613	81.3656
Loharapara	37	18.7104	81.4851
Lochumoni	21	18.9221	83.0441
Lomara	21	18.7906	83.1240
Lovavalasa	02	18.5871	83.1957
Loddho	02	18.7250	83.1231
Lova	02	18.4487	83.0392
Loteru	02	18.3379	83.0521
Lova	02	18.2710	83.1108
Lokuvalasa	02	18.3428	83.1486
Lotugadda	02	18.3405	83.1999
Lollarpadu	02	18.4130	83.2103
Lovamukundapuram	02	18.0448	83.0000
Lopeta	21	18.8989	83.2743
Lodda	02	18.8943	83.3872
Lovavalasa	21	18.8151	83.3358
Loddalupadu	02	18.9273	83.4324
Lovarakhandi	02	18.7077	83.2899
Loharpara	37	18.7998	81.5466
Loharipara	37	18.5839	81.6497
Loharapara	37	18.6131	81.6857
Logisa Agraharam	02	18.2686	83.3955
Lotlapalle	02	18.0157	83.2668
Lova Lakshmipuram	02	18.9378	83.5697
Locherla	02	18.4832	83.5334
Lovidu Lakshmipuram	02	18.6393	83.7332
Loharijola	02	18.9537	83.7830
Loguda	21	18.9498	83.8504
Loaba	21	18.8501	83.9449
Lodasingi	02	18.7370	83.7835
Lokutavalasa	02	18.5827	83.8063
Lovaguda	02	18.7491	83.8162
Lokonda	02	18.6804	83.9866
Lotalapeta	02	18.5416	83.9566
Lotapeta	02	18.3647	83.7730
Loluga	02	18.3073	83.7818
Lopenta	02	18.1968	83.7913
Lotan	35	24.2948	82.7018
Loribandh	34	25.1450	84.3176
Lohartola	36	25.8049	84.5760
Lotia	35	23.7051	76.5393
Loras Kalan	35	23.1016	76.7179
Loras Khurd	35	23.1388	76.7139
Lodhipura	35	23.9250	76.9525
Lotia	09	23.1332	73.1726
Londi	35	22.3441	76.0333
Lohari	35	22.0577	76.1681
Londi	35	22.1691	76.1741
Lodwara	24	23.7705	73.6271
Lolakpor	24	23.7656	73.7758
Lokia	24	23.4926	74.0975
Lodelapara	24	23.3038	74.3506
Lotal	09	24.0970	72.8993
Lolawas	24	26.1090	73.3289
Lonera	24	26.1114	73.4164
Lolti	39	30.0561	79.5436
Lora	39	30.0455	79.5691
Loharkot	39	29.6557	79.2009
Lodipur	34	25.5105	84.7337
Lohara Inayatgani	36	29.0974	79.1094
Lohari	36	29.1024	79.1006
Lodhon Ka Mazra	36	29.1058	79.1220
Lor	24	25.3030	73.7310
Lohbagarh	39	29.9729	79.3500
Lohri Sevadri	24	25.4861	73.9096
Lotna	39	29.6829	79.3264
Lot	39	29.6251	79.3924
Lodni	35	22.1591	74.3194
Lohari	24	24.2304	73.2413
Lora Thamla	24	24.8546	73.9005
Lohriasal Talla	39	29.2269	79.4938
Lohriasal Malla	39	29.2307	79.4897
Lodipur	34	25.2215	84.5422
Lodipur	34	25.1543	84.5061
Lodipur	34	25.2119	84.7247
Lohar Bigha	34	25.1276	84.6840
Lodipur	34	25.0527	84.6656
Lodipur	34	25.0123	84.6923
Lohanri	34	25.0015	84.6072
Lohali	39	29.7235	79.5321
Lodar	39	29.6800	79.5803
Lohali	39	29.4935	79.5110
Lohna	39	29.7375	79.6789
Loha Chhapra	34	25.8563	84.7620
Lohra	34	25.8379	84.7721
Lohri	34	25.8177	84.7761
Loknathpur	34	25.8863	84.9371
Lohchha	34	25.8271	84.9776
Lohagal	24	26.5060	74.6543
Lodipur	34	25.7419	84.8237
Lodh	39	29.4575	79.6076
Lodipur	34	25.6548	84.9590
Lodipur	34	25.6153	84.9367
Lodipur	34	25.5374	84.9942
Lodipur	34	25.5100	84.9513
Lota	39	29.2402	79.6006
Loharchaura	39	29.9209	79.5768
Lohari Talli	39	29.8878	79.6146
Lobang	39	29.8743	79.5894
Loharkhana	39	29.9474	79.5429
Lod	39	29.7947	79.5299
Lohagarhi	39	29.9530	79.5128
Lohasil	34	27.0204	84.3479
Lobhani	16	21.5648	74.1394
Lodhiana	24	25.1971	74.0195
Lohariyakhera	24	25.4768	74.4234
Loataha	36	26.8862	84.1167
Loharpatti	36	26.8165	84.1200
Lohlangri	36	26.7037	84.1032
Lohraulia	36	26.5995	84.0718
Longiadih	36	26.5660	84.0409
Lohti	34	26.5137	84.1659
Loharan	36	26.7492	84.1088
Lohari Bari	36	26.3390	84.1070
Lohar	34	26.3236	84.2015
Lokai Chhapra	34	26.1722	84.1030
Loharpura	34	26.1173	84.1489
Loharpatia	34	26.9681	84.3904
Loharsiya	39	29.7322	79.8050
Loitha	39	29.7486	79.7596
Lohar Patti	34	26.5846	84.3109
Lohariya	24	25.1067	74.7982
Lohiaria	34	26.8918	84.5714
Lohiaria	34	26.8760	84.5686
Loknathpur	34	26.5034	84.5823
Lohiyar Ujain	34	26.6284	84.7452
Lohna	39	29.4947	79.8450
Lowar	39	29.2166	79.8081
Lodi Mehrun	24	25.7534	75.1448
Lohra	39	28.9657	79.4552
Lohdipur	36	28.7861	79.4896
Lohar Nagla	36	28.5143	79.3567
Lohindera	36	28.1001	79.4708
Lohangpur	36	28.2082	79.4938
Lohjra	34	26.3728	84.6561
Loknathpur	34	26.7017	84.8398
Loksa	34	26.6622	84.9355
Loknathpur	34	26.7182	84.9365
Lohara	16	21.5947	74.5779
Londhra	16	21.5269	74.5869
Lonkheda	16	21.0861	74.5197
Lohar Gawan	34	26.3689	84.8530
Lodia	34	26.2617	84.9354
Lokai Belwa	34	26.4585	84.9839
Lokaha Belwa	34	26.4645	84.9688
Lonkuta	16	21.0500	74.8144
Lon Pancham	16	21.1047	74.9479
Lon Sim	16	21.0927	74.9279
Lon Budrukh	16	21.0895	74.9322
Lon Khurd	16	21.0904	74.9323
Londhva	16	21.0068	74.9877
Lon Charam	16	21.0936	74.9294
Lohargawan	36	28.0594	79.6186
Lodhipur	36	28.2220	79.6041
Lodhpura	36	28.6128	79.8473
Lodhpuri	36	28.7219	79.8463
Lohta	36	25.9420	84.1449
Lodipur	34	25.2603	84.7561
Lodipur	34	25.2851	84.9734
Lodipur	34	25.0962	84.8224
Lodipur	34	25.0331	84.8246
Lohanipur	34	25.0146	84.8189
Lodipur	34	25.0795	84.8448
Lodhan Chak	34	25.1717	84.8555
Lohradih	34	24.8100	84.0525
Lotanian	38	24.5625	84.0361
Loharchak	34	24.6073	84.2191
Lodhas	34	25.4007	84.0520
Lohra	34	25.2974	84.1453
Lohanda	38	24.1553	84.0595
Lohandi	38	24.1627	84.0823
Lokea	38	24.0856	84.0273
Lokatanr	38	24.0551	84.1206
Loinga	38	24.1299	84.2385
Lohra	38	24.0802	84.2259
Lotwa	38	24.0641	84.2473
Lokaya	34	25.1897	84.2213
Lohratola	34	25.0409	84.2353
Lok Dehri	34	25.0185	84.1170
Lohbara	34	25.9755	84.3531
Lohain	34	25.4171	84.3162
Lokpur	34	25.3987	84.3050
Lohrabad	34	25.3263	84.3859
Lodia	38	24.4552	84.2488
Londa	34	24.4374	84.4714
Loinga	38	24.1095	84.2523
Lohradahatoli	38	24.2257	84.4674
Lohartola	34	24.9144	84.5119
Lodipur	34	24.7912	84.5364
Lohra	34	24.7739	84.7245
Lodhea	34	24.4108	84.5839
Lohanri	34	24.3666	84.5234
Lohradaha	38	24.3318	84.6346
Loharitanr	38	24.0988	84.6563
Lotwa	38	24.2062	84.6016
Lorja	38	24.0481	84.6981
Lodipur	34	25.1963	85.8011
Lodipur	34	25.1254	85.7721
Lohan	34	25.0179	85.8744
Lohri	38	24.2011	85.1007
Lodhaura	36	25.2411	80.5699
Lodhaura ka Purwa	36	25.2478	80.5744
Lodhan Purwa	35	25.0321	80.6255
Loharpatti	34	26.5789	86.0453
Locherla	02	14.1144	77.4543
Loluru	02	14.7977	77.6160
Locherla	02	14.1676	77.7331
Lohara	16	19.9877	79.3597
Lonoli	40	19.5475	79.6390
Loleswaram	19	14.7841	76.0992
Lohgani	34	25.2193	85.5191
Lohrajpur	34	25.0324	85.5935
Lodipur	34	25.0032	85.6932
Lodipur	34	25.6457	85.8249
Lodiahi	34	25.5673	85.8360
Lohara Chapri	34	24.7240	85.0722
Lodia	34	24.5333	85.0474
Loram	38	24.3008	85.1890
Lokhawar	38	24.3597	85.1927
Losigh Hani	34	24.9234	85.3514
Lodipurjafra	34	24.9196	85.4117
Lodipur Chak	34	24.7094	85.3925
Lohgarwa	34	24.5928	85.3447
Lodhi Chak	34	24.6575	85.3001
Lodhwe	34	24.6404	85.2913
Lohra	38	24.5049	85.3114
Lohandi Kalan	38	24.3409	85.2761
Lohandi Khurd	38	24.3489	85.2666
Lohratanr	38	24.4958	85.4749
Lonhri	38	24.0896	85.4703
Lokikere	19	14.6249	76.5020
Lohra	34	24.9108	85.5165
Lohani Bigha	34	24.9068	85.5304
Lodipur	34	24.8487	85.5984
Lohanipur	34	24.8036	85.5430
Lodipur	34	24.7635	85.5535
Loharpur	34	24.9446	85.5912
Lochanpur	38	24.4530	85.5829
Lohadanda	38	24.3807	85.6503
Loha	34	26.4222	86.0447
Lohariatola	34	26.3700	86.0737
Lohat	34	26.2850	86.1410
Lohna	34	26.2314	86.2095
Lodiami	34	26.1518	86.2376
Lohapipar	34	26.4481	86.2931
Lokadolalu	19	13.9909	76.2053
Lohiapatti	34	26.3415	86.4598
Londholi	16	19.9901	79.8927
Lohara	16	19.6415	79.9213
Lohni	34	25.9603	86.1345
Lodipur	34	25.3991	86.2122
Lorpalli	40	19.3044	79.7575
Lodia Bhagalpur	34	25.2087	86.1063
Lokanahalli	19	12.8165	76.5575
Loranga	34	25.3392	86.2894
Lokasara	19	12.4594	76.9230
Losghani	34	25.2190	86.3098
Longa	34	25.5018	86.7493
Lohchi	34	25.2467	86.5727
Lohara	34	25.0838	86.5663
Lohara	34	25.1797	86.6032
Lohar	34	25.7563	86.9032
Lohanda	34	24.9740	86.0341
Lohra	34	24.9368	86.1754
Lohsingna	34	24.8747	86.1823
Lochantika	34	24.8398	86.2431
Lodhaura	36	27.4497	80.5449
Loknapur	36	27.3764	80.5677
Lohangpur	36	27.4015	80.5426
Lodh Purwa	36	27.3514	80.5019
Lodh Kherwa	36	27.3597	80.6703
Lodh Purwa	36	27.3411	80.6759
Lohangpur	36	27.3512	80.7201
Lode	23	31.7435	74.8082
Loharka Kalan	23	31.7284	74.8636
Loharka Khurd	23	31.7206	74.8702
Lochhra	36	26.3294	79.1342
Lohi	36	26.1210	79.0805
Lona	36	26.0212	79.1669
Lokharha	36	26.9063	79.4451
Lodhpura	36	26.7894	79.4977
Lohra	36	26.8827	79.0705
Lokapet	40	18.5946	79.3124
Lokur	19	15.5983	74.9706
Loharbigha	34	24.6110	84.3679
Lohanibigha	34	24.7492	84.4530
Lodipur	34	24.8234	84.8723
Lodipur	34	24.9461	84.9827
Lodipur	34	24.8105	84.7698
Loki Khap	34	24.6985	84.8157
Loma	34	26.5147	85.8757
Lolokhur	34	26.4136	87.4012
Lodipur	34	26.0254	87.4822
Lodhabari	34	26.3593	87.6766
Lohagarha	34	26.3925	87.7745
Lohagara	34	26.3178	87.8871
Lohia Kandar	34	26.2575	87.9285
Lodhna Kharji	34	26.1936	87.9167
Lodha	34	26.1872	87.9138
Lohardanga	34	26.1551	87.9744
Lokmanpur	34	25.4268	87.0337
Lohni	34	25.5465	87.2614
Lohjar	34	25.6934	87.3302
Lohartola	34	25.5810	87.4976
Logain	38	25.0470	87.2945
Lohachinta	38	25.0810	87.3343
Lohachinta	38	25.0874	87.3280
Lohandiya	38	25.0511	87.3755
Lokani	34	25.7921	87.6346
Lodipur	34	25.6951	85.1092
Lohanipur	34	25.6004	85.1428
Lodi Katra	34	25.5943	85.2268
Lodipur	34	25.6800	85.2165
Lodipur	34	25.4994	85.1299
Lochna	34	25.4370	85.0532
Lodipur	34	25.3118	85.0904
Lodipur Lanjo	34	25.2651	85.0293
Lodipur	34	25.2763	85.2138
Lohanda Bedo	38	25.1998	87.6543
Lohagara	34	25.8513	87.8444
Lohagara	28	25.9351	87.9301
Lohajang	28	25.9507	87.9242
Lohadar	28	25.9886	87.9810
Loharia	34	24.9258	87.0054
Lobandha	38	24.8417	87.1581
Lotbana	38	24.9184	87.2011
Longbehra	38	24.4839	87.7155
Lodipur	34	25.1924	85.0692
Lodipur	34	25.1839	85.0252
Loha Bigha	34	25.1957	85.0738
Lohgarn	34	25.0300	85.0625
Lodipur	34	25.0774	85.1543
Lodipur	34	25.1214	85.1298
Lodipur	34	25.2407	85.1887
Lodipur	34	25.2496	85.2427
Lodipur	34	25.1987	85.1985
Lodipur	34	25.1187	85.0956
Lokaipur	28	24.5742	87.9745
Loharpur	28	24.6421	87.9871
Lolagram	28	24.3912	87.9388
Lohapur	28	24.2932	87.9679
Lodipur	34	25.9192	85.3228
Lotandev	35	21.8497	75.1200
Lovani	35	21.7548	75.1279
Loma	34	25.7363	85.3119
Lodipur	34	25.6793	85.4924
Lohra	34	25.3508	85.3023
Lodipur	34	25.3560	85.3664
Lodipur Usmanpur	34	25.3942	85.3538
Lodipur	34	25.4756	85.4035
Lodipur Purajit	34	25.3306	85.4834
Lodipur Bigha	34	25.3200	85.4900
Lodipur	34	25.2341	85.3162
Lodipur	34	25.0481	85.2973
Lodipur	34	25.1469	85.4270
Lohri	34	25.2444	85.4997
Lohanipatti	34	25.8298	85.6080
Lohra	34	25.3543	85.5714
Lohtan Chak	34	25.3185	85.6004
Lodipur	34	25.2579	85.6987
Lohara	35	21.7107	75.9285
Lonvadi Budrukh	16	20.8073	75.5091
Lonvadi Khurd	16	20.8061	75.5079
Londhri Budrukh	16	20.7083	75.7439
Londhri Khurd	16	20.7058	75.7423
Lodhkunta	40	17.4932	78.5149
Lokhra	34	26.2163	87.5854
Lodhawadi	16	20.0520	75.6145
Lonvadi	16	20.7961	75.9938
Loni	16	20.6609	75.8577
Loda	39	29.1911	80.1759
Lona	36	27.7707	80.1073
Lodianpur	36	27.7876	80.2109
Lokpur	36	27.6998	80.0850
Loni	36	27.6430	80.0055
Lodhaura	36	27.5360	80.1138
Lohkanpur	36	27.5296	80.1725
Lokhai Purwa	36	27.4522	80.1769
Lokharia Purwa	36	27.4882	80.1784
Lochan Purwa	36	27.3987	80.2401
Lonari Ranimpur	36	27.0667	80.0271
Lokharia Purwa	36	27.1932	80.1630
Lohraiya	36	27.9694	80.4418
Lohanan	36	27.8139	80.4431
Lohara	16	19.7916	77.4661
Lokanaikandoddi	19	12.6706	77.5698
Loddipalle	02	15.6845	78.0655
Lokki	02	15.6084	78.8685
Lomada	02	14.5996	78.2236
Lopatanutula	02	14.4999	78.0933
Lokayapalle	02	14.7091	78.8127
Lokojipalle	02	13.8729	78.0868
Lokkavoddipalli	19	13.4407	78.3477
Locheruvupalli	19	13.4076	78.2549
Lokkunta	02	13.4001	78.5727
Lodipur Phatikwara	34	25.6447	85.5452
Loma	34	25.7438	85.5133
Lodipur	34	25.6858	85.6387
Lodipur	34	25.6316	85.5906
Logma	34	25.6534	85.6920
Lokapuram	25	13.0093	79.4271
Lohra	38	23.9877	85.0303
Loi Sukwar	38	23.8635	85.0682
Lochar	38	23.8811	85.1153
Losadag	38	23.9775	85.0902
Lothmana	38	23.5964	85.0738
Loharsa	38	23.7090	85.1641
Loiyo	38	23.3562	85.0751
Lohagara	38	23.2323	85.1834
Lota	38	23.1732	85.1146
Loengkel	38	23.1170	85.1220
Lorubirutoli	38	23.0911	85.1245
Loadih	38	23.5660	85.4130
Lowadih	38	23.3605	85.3608
Lowatutoli	38	23.3405	85.2761
Lodhma	38	23.2904	85.3694
Lowatoli	38	23.2810	85.4729
Lotor	38	23.0714	85.4708
Loahatu	38	23.1248	85.4995
Lothe	38	23.9014	85.5458
Loiyo	38	23.7928	85.6321
Lorwatanrtoli	38	23.7822	85.5574
Lohsingna	38	23.6544	85.6032
Lodhma	38	23.6221	85.5907
Lolotoli	38	23.5771	85.5597
Lolo	38	23.5714	85.5640
Lohratoli	38	23.5357	85.5042
Lotwa	38	23.4916	85.5363
Loahatu	38	23.2422	85.7153
Lotehatu	38	23.2001	85.5917
Lotangidih	38	23.1941	85.5340
Lowadih	38	23.0919	85.5571
Lohri	38	23.0300	85.7083
Londra	38	23.0260	85.7238
Lodhi	38	23.8780	85.7524
Lotoberatoli	38	23.8914	85.9565
Lowagaratoli	38	23.6749	85.8187
Lodkiari	38	23.5484	85.9056
Lowadag	38	23.4255	85.8172
Losera	38	23.4153	85.8310
Lota	38	23.3755	85.7745
Lowapiri	38	23.3549	85.8342
Loadih	38	23.1914	85.7679
Lowadih	38	23.1116	85.7959
Lowatoli	38	22.8921	85.2335
Lohagara	38	22.8355	85.0295
Lotahumbatoli	38	22.7679	85.0194
Loa	38	22.7765	85.0279
Loasokra	38	22.6451	85.0001
Losodtoli	38	22.6658	85.1385
Longabera	38	22.6057	85.1045
Loguntola	38	22.5265	85.0211
Loasokra	38	22.5316	85.1465
Lorponda	38	22.4683	85.0966
Lowadih	38	22.9474	85.3163
Loajagda Mamla	38	22.8042	85.3611
Lota	38	22.7628	85.3453
Lota	38	22.7699	85.4206
Loahatu	38	22.7931	85.3936
Longkata	38	22.8593	85.3799
Longa	38	22.8515	85.4430
Lohsingna Kalan	38	24.3389	84.8014
Lohsingna Khurd	38	24.3455	84.8018
Lobga	38	24.0952	84.9604
Longabera	38	22.7398	85.2926
Lorai	38	22.6463	85.3330
Lorai	38	22.6541	85.3375
Lonjo	38	22.6314	85.4805
Loapi	38	22.2239	85.6086
Lokesai	38	22.2199	85.5760
Lohochi	34	25.2536	86.5709
Lochnadih	38	24.1539	86.7708
Lorwadangal	38	24.1264	86.8549
Lohargara	38	23.6602	84.2488
Lonhara	38	23.1475	84.0768
Loki	37	23.0632	84.1112
Lohrapokhri	38	23.9353	84.2512
Lotachuma	38	23.3906	84.4931
Longa	38	23.3352	84.3469
Loramba	38	23.1916	84.2567
Lotakonatoli	38	23.0842	84.4012
Lowadag	38	23.2349	84.4461
Lodhpa	38	23.7494	84.6501
Lohanjara	38	23.2744	84.6451
Lodgo	38	23.2139	84.6455
Lodamdagtoli	38	23.8939	84.7856
Lohsinghnatoli	38	23.7837	84.7741
Lohasinghwatoli	38	23.9791	84.8845
Lohsinghnatoli	38	23.6929	84.7984
Loharsi	38	23.6456	84.8099
Longa	38	23.2523	84.8160
Lodhma	38	23.1828	84.9292
Lorantoli	38	23.0895	84.8113
Loharatoli	38	23.1518	84.9177
Londra	38	23.1121	84.8415
Lohagara	38	23.0856	84.9065
Lohrakura	38	23.0720	84.9326
Lodma	37	22.7873	83.9996
Loro	37	22.7534	84.1516
Lodanrtoli	37	22.7110	84.1829
Lokandih	37	22.9077	84.2571
Lohradera	38	22.7632	84.3725
Longapani	38	22.7765	84.3741
Longapani	38	22.7466	84.3190
Lomhatoli	38	22.6536	84.2613
Lohartoli	38	22.6115	84.3674
Lohratoli	38	22.7357	84.4569
Lohratoli	38	22.7041	84.4553
Lohratoli	38	22.5074	84.4775
Loki	38	22.9283	84.5225
Lohratoli	38	22.7781	84.5201
Lotowa	38	22.8651	84.5912
Lodhma	38	22.8074	84.6869
Lototoli	38	22.4412	84.6535
Lorgotoli	38	22.4458	84.6039
Lohratoli	38	22.4493	84.6275
Lorobahar	38	22.4484	84.6676
Lonhri	38	22.9923	84.7979
Louakera	38	22.9105	84.7782
Loyangkel	38	22.7754	84.8616
Loenga	38	22.8830	84.8816
Lotwa	38	22.9110	84.8378
Lorwatoli	38	22.9399	84.9174
Lohratoli	38	22.9261	84.9441
Longatoli	38	22.7460	84.8134
Lorojortoli	38	22.4747	84.9482
Lohakhand	21	21.9557	84.0468
Lohamani	21	21.6605	84.0610
Lohakhand	21	21.6853	84.1530
Lokur	25	11.9210	78.1656
Lo	38	22.3446	85.2971
Lotahorang	38	22.9086	85.5230
Lohaharang	38	22.8682	85.5504
Lotaburu	38	22.8247	85.5508
Loboda	38	22.9652	85.6390
Lowaria	38	22.6630	85.6064
Lota	38	22.6407	85.5546
Lota	38	22.6307	85.5469
Loharda	38	22.6527	85.6895
Loharda	38	22.6417	85.6811
Lododih	38	22.7315	85.6767
Lodhma	38	22.9742	85.8358
Lokehatu	38	22.5757	85.8539
Lodha	38	22.5719	85.9129
Loahatu	38	22.4585	85.9301
Loatandir	38	22.4311	85.9604
Loasai	38	22.3502	85.9604
Loari	38	22.1744	85.7641
Loasai	38	22.2000	85.8418
Lokesai	38	22.0182	85.8895
Loari	38	22.2053	85.8686
Loahatu	38	22.0605	85.9516
Londamurda	21	21.8268	85.0587
Lodapani	21	21.7689	85.1048
Loiboga	21	21.8368	85.4029
Loniposi	21	21.9424	85.4590
Lokanathpur	21	21.3906	85.3643
Lokea	38	24.2125	85.6809
Lodhi	38	24.0713	85.5714
Lohsinghani	34	24.8597	85.8230
Losinghani	34	24.9071	85.9708
Lohar	38	24.7360	85.8174
Loriatanr	38	24.6866	85.9239
Lodhipur	38	24.4284	85.8597
Lohiriatanr	38	24.4883	85.9386
Lohrio	38	24.4112	85.8179
Lowabar	38	24.1507	85.8039
Lowabar	38	24.1121	85.9776
Lodhipur	34	25.8495	86.2508
Lohar	34	25.9092	86.4578
Lohra	38	24.7182	86.0589
Lokai	38	24.6498	86.0084
Lohatna	38	24.6000	86.1215
Lohitoli	38	24.5750	86.2326
Lohriapahari	38	24.2230	86.0552
Lotan	34	24.9134	86.2811
Loha	34	24.7279	86.3487
Lohthara	34	24.7218	86.3555
Loka	38	24.5505	86.2758
Losinghna	34	24.6077	86.4293
Lodhratari	38	24.3563	86.4481
Lohari	38	24.1998	86.4160
Lorhia	38	24.1454	86.4786
Lothratoli	38	24.0419	86.4390
Lodhitoli	38	24.1406	86.2761
Lokhari	38	24.1896	86.2797
Lobpiti	38	24.2126	86.2502
Lohakhandi	21	21.0327	84.0017
Lodhapara	21	21.8626	84.3237
Lodhaposi	21	21.6809	84.3176
Loharapara	21	21.5877	84.2500
Loira	21	21.4145	84.2580
Loisingha	21	21.3114	84.3529
Lokapali	21	21.0815	84.3356
Loindamal	21	21.0018	84.3533
Lotaimundi	21	21.8839	84.9411
Lodani	21	21.9386	84.8795
Lochana	21	20.6852	84.0886
Lohrakata	21	20.7132	84.2266
Londrumunda	21	20.5008	84.1406
Loijari	21	20.3294	84.0045
Lokebadi	21	20.0772	84.1683
Lokodih	21	20.0296	84.0020
Lohragaria	21	20.7458	84.3315
Lokapara	21	20.6027	84.4568
Londruvida	21	20.4055	84.4580
Loharangia	21	20.1366	84.2935
Lokadei	21	20.0865	84.3668
Lohandiguda	37	19.1501	81.7567
Longmatra	20	25.7920	94.7328
Lotsu	20	26.0777	94.0841
Longkhim	20	26.2181	94.6713
Longshen	20	26.6741	95.1147
Longo	30	26.9769	95.4210
Longchem	20	26.6109	94.4900
Lodur	12	34.2720	74.2470
Lohara	16	21.2701	78.4063
Lohara	36	29.1698	77.2214
Lodhoma	28	27.0837	88.0816
Lohai	36	26.3327	79.5013
Lodhpurwa	36	27.1599	83.0259
Lonian Purwa	36	27.4082	81.2619
Lodh Purwa	36	26.7656	81.5556
Lohba	39	29.9664	79.3354
Lohia	36	26.8572	79.1140
Lodipur	34	24.9871	84.8149
Lodipur	34	25.6221	85.0186
Lodipur	34	25.5151	85.0169
Lodipur	34	25.4742	85.0439
Lodipur	34	25.2700	85.0308
Lodipur	34	25.2437	85.0054
Lodipur	34	25.7005	85.5445