Lucknow	36	26.8393	80.9231
Ludhiana	23	30.9120	75.8538
Luckeesarai	34	25.1765	86.0947
Lunglei	31	22.8925	92.7422
Lunavada	09	23.1284	73.6104
Lumding Railway Colony	03	25.7490	93.1700
Luwangsangbam	17	24.8696	93.9222
Luwarsal	09	22.0945	70.1311
Lutu	24	28.2148	75.2506
Lus	09	22.3181	69.9023
Lunsara	24	27.0039	74.0377
Lunsar	09	22.6626	71.1042
Lunkaransar	24	28.5013	73.7553
Lunkagar	21	20.0500	83.6167
Luni Junction	24	26.0037	73.0059
Luni	09	22.8714	69.8122
Lungtian	31	22.7176	92.9721
Lungthung	26	23.2163	91.5719
Lungthu	29	27.2715	88.7991
Lungsen	31	22.8777	92.5872
Lungsachung	20	26.0550	94.2596
Lungphunlian	31	23.7576	93.3051
Lungpho	31	23.3804	93.0014
Lungkam	20	26.2709	94.4527
Lungiya	09	21.4064	70.9260
Lungding	03	25.5793	93.1880
Lungdar	31	23.6382	92.5942
Lungchem	31	23.1366	92.6137
Lundra	37	23.1237	83.4078
Ludarwan	12	34.5476	74.1622
Lunda	24	24.3892	74.3257
Lunawa	24	25.1335	73.3199
Lunar	24	26.6055	70.2272
Luna	24	26.6846	71.5806
Luna	09	23.7132	69.2513
Lumsu	41	34.5238	76.3831
Lumpo	30	27.7167	91.7000
Luliani	00	31.2667	74.4167
Lukwasa	35	25.1048	77.5996
Lukung	41	34.0000	78.4000
Lukarganj	36	25.4429	81.8113
Lukami	20	25.9833	94.6667
Luharu	24	27.1616	77.3145
Luhara	24	26.4658	75.9729
Luhara	09	21.6732	72.5538
Luhagudi	21	19.4641	84.3573
Lugasi	35	25.0771	79.5688
Lugam	16	19.5432	79.9054
Ludesar	10	29.3683	75.0988
Luari	52	20.1875	72.9731
Lu	20	26.9560	95.2253
Lunchh	24	28.0332	74.6647
Lund Solban	12	34.3748	74.8096
Lulipur	12	34.2154	74.5370
Luigpur	12	34.0306	74.5270
Lulipur	12	34.0103	74.5733
Ludur	12	34.2546	74.3927
Lugirwalpur	12	34.2805	74.3804
Lundial Gala	12	33.2250	74.3667
Lunwali	12	33.9571	74.2832
Luhakhi	12	32.8918	74.8367
Lulo	41	34.6611	76.0125
Lusipur	39	30.3204	77.9309
Luintha	39	29.8181	78.7114
Luna	24	28.1998	75.3406
Lukhi	10	30.0316	76.7291
Luharra	35	24.0227	78.0901
Luharra	35	24.0735	78.3180
Lukatpur	36	27.1177	79.3303
Lukatpur	36	27.0638	79.4112
Ludiapur	36	27.5860	79.7492
Lukat Purwa	36	27.1694	79.7883
Lukharia Purwa	36	27.1972	79.9075
Lukutpura	36	26.8639	79.1936
Luharan ka Purwa	36	26.4235	79.3585
Ludhpura	36	26.4888	79.4556
Lutawali	36	26.3849	79.2729
Luhari	36	26.2873	79.4028
Lukhar Daura	36	26.8098	79.5553
Luriyao	35	24.7417	79.0965
Luharra	35	24.7054	79.0235
Luriyakhera	35	24.6875	79.0497
Ludhwans	35	24.7709	79.4164
Lundait	24	27.7842	71.9447
Lunasar	24	28.8865	74.1893
Lunas	24	28.7144	74.9572
Lunasar	24	28.6028	74.2544
Lumshken	18	25.3208	92.2552
Lung Chhuan	31	24.0242	92.7731
Lukhambi	17	24.8929	93.6115
Lungithang	20	26.0302	94.3377
Lunghan	17	25.1739	94.4404
Luktara	36	25.6136	80.3202
Lunawas Khara	24	26.1605	72.8081
Ludhaya	35	24.5552	78.2302
Ludung	21	21.8201	84.2756
Luhari	39	30.7581	77.8213
Luhar Majra	10	29.9526	76.7275
Ludhana	10	29.2387	76.5095
Luhain	11	31.5071	77.0049
Luri	11	31.5551	77.1630
Luhij	11	31.6944	77.1959
Ludniya	24	28.8648	75.0150
Luhareri	10	28.6856	76.1004
Lurkot	12	33.2736	74.2736
Lunjhei	12	33.3378	74.4644
Luharli	11	31.3118	77.1691
Lun Hare	12	34.5195	74.0928
Lundibal	12	34.5929	74.4365
Lundibal Forest	12	34.5070	74.3223
Luan	11	31.3395	77.4292
Luhri	11	31.3419	77.4301
Lunalot	11	31.4077	77.4727
Luthubil	11	31.4149	77.4540
Lundewala	23	30.3087	74.5567
Luhlwali	23	30.1543	74.6662
Luggo	11	30.8969	77.0044
Lunian	11	30.7493	77.0964
Luharon	10	30.6317	77.1015
Lulyon	11	30.7079	77.1422
Lufand Majra	10	30.2687	77.1155
Luli	11	30.5896	77.3891
Ludhiyana	11	30.7154	77.4510
Luwali	11	30.6815	77.4866
Lunaji ki Dhani	24	27.5879	76.1898
Lust	11	30.7254	77.5122
Luhadera	24	27.9611	76.8321
Luharu	39	30.6817	77.7955
Ludhera	39	30.5612	77.9864
Luharoa	39	30.5536	77.9501
Luhari	39	30.5539	77.9574
Luhun	39	30.5430	77.9447
Luhari	39	30.5138	77.9446
Lumas	24	28.0536	75.2297
Lumas ka Naya Bas	24	28.0641	75.2304
Luna ka Bas	24	28.1805	75.2425
Luddijhabar	24	28.6688	75.4387
Lutana Raju	24	28.6680	75.4422
Lutana Magni	24	28.6670	75.4534
Lutana Kumharwala	24	28.6711	75.4632
Lutana Amichand	24	28.6959	75.4579
Lutana Maliyawala	24	28.6974	75.4447
Lutana Puranwala	24	28.6953	75.4653
Lunera	24	26.4698	76.0902
Luloj	24	26.3630	76.7451
Lundhari	24	26.1630	76.6291
Lundhi	36	29.8716	77.4257
Lundha	36	29.8676	77.4144
Luhsana	36	29.3110	77.4585
Lukadri	36	29.6450	77.5514
Luhari	36	29.5264	77.6267
Luhardhana	35	22.0366	78.0175
Lukkadhana	35	22.4107	78.5758
Lukkadhana	35	22.4242	78.6766
Luadamma	35	21.9320	78.5634
Luhawad	24	25.4754	76.4817
Luhar	35	25.5137	76.5991
Lunkri	24	25.1436	74.5297
Lukadhari	36	29.5351	77.9841
Lulton	23	30.8432	75.7786
Luksar	36	28.4158	77.5567
Luharli	36	28.4925	77.6256
Lud	23	31.6155	75.7689
Lunol	24	24.6135	72.5840
Lusen	41	33.4102	76.3622
Lukhi	10	28.3870	76.3711
Lulah	10	28.3763	76.4511
Lulah	10	28.3677	76.4309
Lukuc	24	24.6663	76.3284
Luhariya	24	24.4252	76.5883
Luhari	35	24.9791	76.9654
Lulgarhi	36	28.1233	77.5222
Lutfullapur Baksar	36	28.9726	77.8551
Lukhrara	36	28.6547	77.8926
Luhrara	36	28.5918	77.8794
Lungchauk	29	27.1310	88.3862
Lungsel	28	27.0085	88.6355
Lungsel	28	27.0147	88.6285
Lusing	29	27.2183	88.6030
Lukhegaon	16	19.1773	76.2490
Lutheri	23	30.8377	76.4322
Luharra	36	27.8842	77.9292
Lukhmipur	23	30.9303	76.5510
Luhand	23	30.4718	76.7177
Ludhwara	24	27.2760	77.5039
Luhara	24	27.2626	77.6237
Ludhiana	36	28.4960	77.8574
Lukaupali	37	21.3597	82.6493
Luk	37	21.5630	81.2676
Lukaipur	37	21.9962	81.7142
Lukawali	36	27.1338	78.0753
Lukhatia	36	27.6756	77.9043
Luhagar	35	23.7007	79.0960
Luharra	35	23.8238	79.2983
Luharra	35	23.8837	79.5425
Luti	35	23.1639	79.6029
Luhari	35	23.1960	79.6681
Luhari	35	23.3093	79.7579
Luhari	35	23.4691	79.9030
Luhari	35	23.3935	79.8188
Luhari	35	23.2004	79.8561
Ludhauli	36	27.0381	78.7159
Lurhata	35	22.9064	79.3423
Lukhrihal	35	26.7368	78.3262
Lungsa	35	22.3128	79.6316
Lugharbara	35	22.1134	79.5420
Luhara	35	22.0114	79.7007
Lungsa	35	22.1253	79.7447
Lundaia	36	27.5864	79.0961
Lutf Ullahpur	36	27.5058	79.1330
Luthnagar	40	17.1100	78.0371
Ludhpura	24	26.9170	77.7417
Ludhaya	35	26.3195	77.5836
Ludhpura	24	26.8158	77.7701
Lukba	36	27.5396	79.7928
Lukmanpur	36	27.5241	79.8179
Luhinga Khurd	10	27.8219	77.0764
Luhinga Kalan	10	27.8321	77.1343
Ludhawali	35	25.4061	77.6641
Lutsan	36	27.6672	78.1144
Luhari	36	27.0883	78.4384
Luhari Fatehabad	36	27.0433	78.4202
Luhri	36	27.8445	78.6740
Luhiapur	36	26.4680	79.5763
Luhargaon	36	26.0442	79.7217
Lunjipur	36	26.8513	79.8687
Lukayan	35	24.0524	79.3715
Luheri	36	25.1471	79.6359
Luhani	35	24.3887	79.1559
Ludyara	35	24.3781	79.1395
Ludyara	35	24.3833	79.1298
Luhsa Mubarakpur	36	25.9735	82.9691
Lulka	35	23.0579	77.8248
Lundipur	36	25.5590	83.2065
Ludhaoli	35	26.8215	78.2995
Lunewatpura	36	25.4937	83.0187
Lutha Kalan	36	25.4206	83.1579
Lutha Khurd	36	25.4201	83.1471
Luharpura	35	26.2032	78.5344
Luchgaon	35	22.5759	77.2779
Luhariya Kalan	35	22.6494	77.8278
Luharpura	35	24.4291	79.5549
Ludhora	35	24.1824	79.5647
Ludhni	35	24.1857	79.5605
Luhari	35	24.0739	79.5556
Luharra	35	24.0453	79.5648
Luharband	35	24.1171	79.7022
Lukhranpurwa	35	24.9542	79.8446
Lur Purwa	34	25.2010	83.5724
Lur Purwa	34	25.2295	83.6138
Lugura Sugura	34	25.3761	83.8988
Lukatola	38	24.4531	83.6691
Ludhiai	36	25.6249	78.8983
Ludgain	35	25.0590	80.1358
Luma Satbahini	38	24.3718	83.8278
Lukumbar	38	24.0354	83.7532
Luhari	36	25.3575	78.9063
Luhari	35	24.3984	78.1317
Luk	36	25.2508	80.7256
Lukharia	36	27.0883	79.1674
Luk	35	24.9115	81.4251
Luchki	35	24.9795	81.4693
Luhari	35	23.9675	78.6170
Ludhaura Buzurg	36	25.4614	80.9202
Ludhaiya	36	27.5099	79.3333
Lurihai	35	24.8738	80.5205
Luniyapur	36	25.9191	82.1757
Lungsi	35	22.0886	79.2258
Ludhao	35	24.3059	80.6204
Luchaipur	36	25.3974	82.8923
Luka	35	24.4573	80.3697
Lutmara	35	22.5522	79.9870
Lutmara	35	22.5941	79.9396
Lurhauti	35	24.1716	80.7361
Lumb	36	29.2620	77.2200
Ludki	36	24.7925	82.5184
Lurkutia	36	24.9031	82.6620
Lusa	36	24.8875	82.8113
Luti	35	24.2599	82.1134
Luri	35	24.0908	82.5454
Lunyan Khera	36	26.3898	80.7883
Lunihar	36	26.3475	80.8122
Lunja Khera	36	26.2730	80.8385
Luhari	10	28.3731	76.7152
Lurkhuri	36	25.7166	82.8419
Lutipur	36	25.6392	82.9306
Luksar	07	28.6183	76.8707
Lunian Khera	36	26.1855	80.8567
Luharpura	36	29.0887	78.2204
Lukadhri	36	29.6378	78.3837
Luthipura	36	29.5659	78.3661
Lujhera	36	24.2414	82.8040
Lunian Purwa	36	27.6650	81.5181
Lunia Purwa	36	27.5105	81.5064
Lunian Purwa	36	27.5524	81.5483
Lunian Purwa	36	27.5653	81.5310
Lunran Purwa	36	27.6622	81.5719
Lunian Purwa	36	27.6648	81.6423
Lunian Purwa	36	27.6009	81.6426
Lunian Purwa	36	27.5102	81.6482
Lunian Purwa	36	27.6137	81.7215
Lunian Purwa	36	27.5181	81.7706
Lunian Purwa	36	27.5073	81.7991
Lunian Purwa	36	27.5516	81.9724
Lunian Purwa	36	27.6741	81.9465
Lunian Purwa	36	27.5387	81.9780
Lunian Purwa	36	27.1821	81.7929
Lunian Purwa	36	27.0885	81.9879
Lunian Purwa	36	27.1344	81.8765
Lunian Purwa	36	27.2199	81.9632
Luain	36	27.1980	81.9648
Luawan	36	27.1956	81.9687
Lunian Purwa	36	27.0275	81.9804
Lutawan Purwa	36	27.1986	81.7506
Lutru	34	24.8566	83.8892
Lud Purwa	36	26.6317	81.0598
Lunaripar	36	26.5589	81.1575
Luintha	39	29.7098	78.8405
Luintha	39	29.6871	78.8771
Luintha	39	29.6422	78.9725
Lutani	35	24.9240	80.9334
Lunia Purwa	36	26.3240	81.1801
Lunian Purwa	36	26.2854	81.2604
Lunian Purwa	36	26.2816	81.3215
Lula Purwa	36	26.2692	81.3870
Lunjapur	36	26.2724	81.7908
Lunia Purwa	36	26.2813	81.9360
Ludhaura Khurd	36	25.3092	81.0666
Luksmipur	36	25.2509	81.0457
Ludhwan	36	25.1068	81.2252
Ludhaura	36	25.2181	81.2372
Ludhauli	36	27.1062	80.8884
Ludhauli	36	26.3340	80.2969
Lunian Purwa	36	27.0160	81.5584
Lunian Purwa	36	27.2152	81.6099
Lunian Purwa	36	27.2047	81.6866
Ludhanpur	36	28.5243	78.4978
Lunian Purwa	36	27.1454	81.7003
Lunian Purwa	36	27.4686	81.7561
Lunanwan Dargah	36	27.3667	81.9257
Lulupur	36	27.4685	81.9285
Lunian Purwa	36	27.4180	81.8148
Lunian	36	27.2515	81.9792
Lunian Chak	36	27.3366	81.8058
Lunian Purwa	36	27.3839	81.8018
Luhawai	36	28.2582	78.5710
Lunian Purwa	36	27.0000	81.9927
Lunianpur	36	26.2037	81.8780
Lurianpur	36	26.1462	81.7862
Luniamau	36	26.0422	81.8927
Lunianpur	36	26.2137	81.9036
Lun Buta	12	33.6434	74.3538
Luni Draman	12	33.3338	74.5748
Lunpurwa	36	27.4906	82.0688
Lunpurwa	36	27.4638	82.0549
Lunia Jot	36	27.3953	82.0687
Lunia Jot	36	27.3797	82.0902
Lunia Purwa	36	27.3369	82.1137
Luchaiya Pirthipal	36	27.3972	82.1800
Luchaiya Pandit	36	27.3958	82.1828
Luchaiya	36	27.3881	82.1882
Lunia Jot	36	27.2961	82.2431
Lunian Purwa	36	27.4582	82.2607
Lunian Purwa	36	27.4339	82.2648
Lunian Puwra	36	27.2548	82.4106
Lunian Purwa	36	27.0332	82.2872
Ludhewa	36	27.0093	82.2740
Lunia Purwa	36	27.0184	82.4877
Lugri Dih	36	27.2850	82.5285
Lunian Dih	36	27.1325	82.5599
Ludhan Purwa	36	27.1142	82.7775
Ludhan Purwa	36	27.1056	82.8469
Lutai Purwa	36	26.9318	82.0852
Lunia Purwa	36	26.9108	82.0456
Lunian Purwa	36	26.8657	82.0753
Lukai Purwa	36	26.9244	82.0846
Luta Bazar	36	26.8407	82.2168
Luswain	12	33.9020	74.8601
Lulipur	12	33.9699	74.8796
Lutfabad	36	26.6214	82.1103
Luhangi	36	26.4441	82.0350
Lundur	12	33.7043	74.9193
Lunian	36	26.1163	82.1403
Lunian	36	26.0973	82.1963
Lunianpur	36	26.0482	82.2250
Ludhar Mar	12	33.3589	74.9784
Lukhri	36	25.1936	81.2526
Luniapara	36	26.7641	82.4097
Lunia Purwa	36	26.8697	82.4961
Lunian Purwa	36	26.1895	82.3676
Luhrautia	36	26.0883	82.3475
Luniana	36	26.2804	82.6969
Luniana	36	26.2829	82.6285
Luniana	36	26.4796	82.7240
Luniana	36	26.3200	82.7422
Luniana	36	26.1712	82.5708
Lunia Patti	36	26.0262	82.6247
Luniana	36	26.0961	82.6728
Luniana	36	26.1261	82.6574
Luniana	36	26.1489	82.6606
Luniana	36	26.1613	82.7258
Lunia	36	26.6380	82.8584
Lunia Tola	36	26.5136	82.8654
Lutuhi	36	26.6502	82.9262
Luniana	36	26.5062	82.9938
Luniana	36	26.5480	82.9898
Ludohi	36	25.9263	83.4843
Lula Mathia	36	25.9027	83.4347
Lunianpur	36	26.3612	82.9190
Lunhar	36	26.1928	82.8153
Luniana	36	26.1004	82.8522
Luniana	36	26.0453	82.8441
Luniana	36	26.0246	82.8415
Lutpurwa	36	27.0396	83.1101
Ludramar	12	33.8306	75.0371
Luragom	12	33.9691	75.0960
Lurao	12	33.9779	75.0889
Lukabawar Larikpur	12	33.6425	75.1717
Lunia	36	26.8079	83.1187
Luchui	36	26.7668	83.2129
Lunian	36	26.5219	83.0952
Lunia Tola	36	26.4953	83.1555
Lunia Korar	36	26.4823	83.2395
Lunia Pura	36	26.0070	83.1826
Lunia Tola	36	26.9284	83.4655
Lunia Pura	36	26.2552	83.3482
Lunia Purwa	36	26.3672	83.3897
Ludohi	36	26.0642	83.6291
Lukhni	12	33.3361	75.1451
Luru	12	33.3541	75.2082
Lun Kot	12	33.2985	75.2238
Lugirpur	12	33.8496	75.2850
Lutharwan	12	33.7613	75.5294
Lukhnapar	36	26.0215	83.9930
Luthangot	12	33.4631	75.5006
Luni	12	33.2823	75.6356
Ludhagma	35	23.9501	80.3596
Lungri	12	33.0201	75.5805
Luhara	12	33.0637	75.6749
Ludna	12	33.2249	75.6305
Lurmi	35	23.8981	80.7330
Luharwara	35	23.7996	80.6997
Luli	35	23.9572	80.7843
Luhkhan	35	23.7196	80.6171
Luharwara	35	23.6221	80.5861
Lugdara	35	23.2695	80.9384
Lungiun	12	33.5815	75.8581
Lundri	12	33.1776	75.8911
Lutath	12	32.6108	75.2783
Ludotu	12	32.6884	75.6541
Lurotu	12	32.6803	75.7408
Ludriari	12	32.6816	75.7349
Lusnapur	36	25.5886	81.8543
Luniyan	36	25.7136	81.9941
Lurptu	12	32.4675	75.5998
Lundra	36	25.2751	81.7959
Luhari	35	22.2112	74.9051
Lurun	11	32.3994	75.9130
Lundar	11	32.2997	75.9871
Lundar Uparli	11	32.3117	75.9937
Lunoh	11	32.4274	75.9860
Ludhiar	11	32.1697	75.9861
Luhar Beh	11	32.1903	75.9853
Lunwa	09	24.2236	72.4242
Lurhia	35	22.6636	80.3669
Lutia	35	22.5656	80.5450
Lutgaon	35	22.8936	80.9298
Luri	35	22.4508	80.9055
Luthar	23	30.9243	74.5595
Lugmanian	23	31.9504	75.1399
Luchgarh	23	31.0685	75.1126
Lulijhiria	35	21.8053	80.4849
Lukmatola	35	21.7953	80.4854
Lud	35	21.8859	80.4883
Luchgarh	23	31.5130	75.2995
Lutna	35	21.9058	80.6170
Lundawas	24	25.9741	73.6200
Ludhiani	23	31.8324	75.6218
Lusda	37	22.5687	82.1383
Lule	16	20.7537	74.4993
Lufa	37	22.4643	82.0205
Ludukhet	37	22.3479	82.9922
Lukapara	37	21.6514	82.7044
Lukman Khera	36	27.1230	80.5343
Lukhera	36	27.8254	80.8749
Ludaipur	36	27.8112	80.9824
Lutera Kalan	23	31.3662	75.7710
Lutera Khurd	23	31.3625	75.7787
Lumlie Galm	11	33.0193	76.4499
Lutias	11	32.9280	76.1481
Lujnda	11	32.8653	76.1132
Lunsar	11	32.8196	76.1286
Ludroa	11	32.8196	76.0779
Luni	11	32.6456	76.0602
Lunet	11	32.6088	76.1726
Luchor	11	32.5917	76.2046
Luharka	11	32.5818	76.2070
Lutna	11	32.5881	76.0815
Lutnu	11	32.5459	76.0062
Ludu	11	32.5496	76.1471
Lunhu	11	32.5173	76.1648
Lushwar	11	32.5973	76.2058
Luhani	11	32.4632	76.0483
Lukrolu	11	32.4804	76.1866
Luhaka	11	32.4751	76.1841
Luharka	11	32.4769	76.2478
Lun	11	32.3617	76.0179
Luharka	11	32.2864	76.2051
Lukhotola	37	20.8087	80.6882
Lulikasa	37	20.8915	80.6367
Lurkabor	37	20.8910	80.5953
Ludret	11	32.0258	76.0978
Ludhiara	11	32.0396	76.0447
Lunhaik	11	32.7201	76.2721
Lukampur	35	22.9471	81.0921
Lutgaon	35	22.9526	81.1358
Lup	37	22.1561	81.0360
Lungwani	11	32.4585	76.3280
Lunla	11	32.4179	76.4116
Luni	11	32.3833	76.4901
Lun	11	32.4529	76.3877
Lundra	35	22.9987	81.5077
Luharitola	35	22.9200	81.6287
Lunt	11	32.2080	76.3825
Lulehr	11	32.1098	76.2924
Ludhran	11	32.0931	76.4337
Lun	11	32.4542	76.5302
Lulwa	24	26.0625	74.4037
Luharal	11	32.0988	76.5035
Ludhana Jhikka	23	31.2144	76.0251
Ludhana Uncha	23	31.2243	76.0395
Lukau	37	21.9648	81.9978
Lulehr	11	31.9852	76.4515
Lulehr	11	31.9718	76.4813
Lulehr	11	31.9422	76.4298
Lukapara	37	21.3210	82.9619
Lundra	11	31.9516	76.8615
Lun Graon	11	31.7902	76.7820
Luni Uparli	11	31.9090	76.8707
Luharid	11	31.7778	76.8786
Luhnun	11	31.4707	76.8493
Luhnu	11	31.3438	76.7547
Lulon	23	30.7305	76.5017
Luniawas	24	26.9565	75.5851
Luniawas	24	26.8709	75.8930
Luhurakot	21	21.1256	82.9820
Lunsu	11	31.2464	77.1914
Lukupali	37	20.9744	82.4577
Lunawada	24	23.2464	74.4059
Lukupali	21	20.7747	82.5594
Lukupali	21	20.9909	82.5992
Lurgi	37	23.8145	83.6626
Ludhni	35	24.2394	79.8838
Lutti	37	23.6700	83.7016
Lurghuta	37	23.6660	83.6607
Luniakheri	35	23.2724	76.1286
Lulwari	10	28.0750	77.4097
Lurka	37	21.4450	83.1740
Luintha	39	29.9742	78.9785
Luintha	39	29.9409	78.9104
Lubabaga	21	21.7615	83.4856
Lukapara	37	21.6423	83.3993
Lurupali	21	21.5827	83.4555
Lutfalipur	36	28.2666	78.0707
Ludhpura	36	28.1862	78.1685
Luhurapali	21	21.1077	83.4653
Lurupali	21	21.3986	83.7259
Lurkibera	21	21.1011	83.6080
Luhurapara	21	21.7608	83.9540
Luharapara	21	21.7453	83.9855
Luisira	21	21.2520	83.8433
Lurukhai	21	21.4137	83.8685
Lupursingha	21	21.2419	83.7973
Ludhagura	21	21.1844	83.9692
Ludhauni	36	27.5147	81.3790
Lunian Purwa	36	26.1069	81.2659
Lunian Purwa	36	26.1547	81.3593
Lusanpur	36	26.4333	81.6347
Luhianwan	36	26.4438	81.6440
Lunia Oripur	36	26.2668	81.6741
Luniapur	36	26.2428	81.6679
Lugri	36	26.1862	81.6525
Lusam	02	17.7058	82.2131
Luvvakota	02	17.9217	82.3189
Lubbarti	02	17.6491	82.2801
Luthanagudem	40	17.0996	80.8059
Luvvapalle	02	17.9621	82.5202
Luvvapadu	02	17.7840	82.6829
Luhurakoni	21	19.9567	83.0990
Luba	21	19.8106	83.3591
Lundrubaru	21	19.9086	83.5041
Luhakhola	21	19.9322	83.6616
Lulleru	21	18.7241	82.1206
Lundurukona	21	19.3359	82.9998
Lugutiguda	21	19.2882	83.4747
Lunga	21	19.1157	83.2948
Luvakhallu	21	19.1196	83.3543
Lumbesu	21	19.0331	83.4655
Lukamba	21	19.4968	83.7041
Luasingi	02	18.0482	82.3576
Lumburu	02	18.0311	82.4267
Luasingi	02	18.0400	82.4720
Lugumu	21	18.5536	82.5829
Lunjangi	21	18.5508	82.7136
Luasingi	02	18.2462	82.5379
Lubsalput	02	18.1701	82.5266
Luapalem	02	18.2025	82.7465
Lunjaguda	21	18.8157	82.9016
Lula	21	18.9954	82.8648
Lungiri	21	18.6956	82.8815
Lubha	37	19.8158	81.8285
Lubha	37	19.7518	81.8055
Lunkampeta	02	18.3152	83.2772
Ludkiras	37	18.7186	81.7992
Lunkapeta	02	18.1701	83.7222
Lukulam	02	18.4145	83.9561
Luggala	21	17.9712	81.5872
Lulakhal	35	23.5489	76.9295
Lukmanpur	39	29.3439	79.0872
Lutabar	39	29.3818	79.1073
Lukmanpur	39	29.3271	79.1434
Lunria Ganja Khatta	39	29.2729	79.1480
Ludhpura	39	29.1722	79.1011
Ludara	24	24.9322	73.0572
Luni	24	24.8541	73.2174
Lukharia	09	22.6508	74.0773
Luni	09	22.2263	74.0195
Luharia	35	22.9050	74.6624
Luchseni	39	29.3215	79.4471
Lunro	24	24.7623	73.8712
Lumba ki Baria	24	26.0419	74.2087
Lungsari	35	22.2949	74.8771
Lunera	35	22.2967	74.8641
Lusgiani	39	29.4618	79.5790
Lugar	39	29.2321	79.6915
Luisal	39	29.8379	79.5972
Lutan Rai	36	26.7182	84.1216
Luhsi	34	26.4284	84.1589
Luith	39	29.6906	79.9950
Luathaha	34	26.9358	84.6390
Luniawas	24	27.0569	75.7864
Luali	39	29.4987	79.8063
Luitokra	39	29.3806	79.9445
Luchhi	36	28.1458	79.1738
Luathaha	34	26.6316	84.9079
Lukat Kua	39	28.8333	79.9457
Ludhpura	36	28.2519	79.8436
Lutfullah Chak	34	25.2903	84.9789
Lutaipur	36	25.7301	84.4700
Luka	34	24.8885	84.4920
Lungraha	34	24.4410	84.3321
Lutitanr	34	24.5053	84.5445
Lutua	34	24.5394	84.6110
Lutua	38	24.3459	84.7082
Lukuwa	38	24.0400	84.5095
Lukuia	38	24.1728	84.5974
Lupugarah	38	24.2023	84.5997
Lutaut	34	25.0127	85.8978
Lubudhiatola	38	24.1854	85.0879
Lukharia Purwa	36	25.1494	80.7345
Lukshmumpalle	02	14.5961	77.9961
Luddigura	40	19.4716	79.2570
Lukkunda	19	13.0338	75.8547
Lumbi Bari	12	33.4641	74.2180
Luttanakere	19	14.8558	76.2350
Lutudag	38	24.3468	85.0523
Lunri	38	24.0288	85.2884
Lupung	38	24.0620	85.3028
Luta	38	24.0045	85.3099
Lungi Jungi	34	24.8484	85.6765
Lutfullahpur	34	26.0900	86.1098
Lutfullahpur	34	26.0712	86.1271
Lulhaul	34	25.8787	86.1386
Lurban	34	25.4211	86.1128
Lutnur	40	18.8389	79.1304
Luckeesarai Inglis	34	25.1905	86.1023
Lurba	34	25.8594	86.5558
Lurdipur	34	25.3248	86.8680
Lukhri	34	24.9377	86.1786
Lukia Purwa	36	27.4382	80.5955
Ludhaura	36	27.3197	80.5266
Ludhaura	36	27.3291	80.5686
Lurgi	35	22.3706	79.4778
Ludhiani	36	26.6923	79.2099
Lutraha Bari	34	26.0760	87.2679
Lukatola	38	25.0208	87.2988
Lutipur	34	25.7474	87.8963
Lutipathar	38	24.7556	87.2102
Lutiapahari	38	24.1355	87.5513
Luharkama	34	25.9244	85.5083
Lumkheda	16	21.0738	75.9313
Ludianpur	36	27.8797	80.0966
Ludiapur	36	27.7610	80.1623
Ludhna	36	27.5970	80.2093
Lukmana Purwa	36	27.3965	80.0802
Lukhtia	36	27.7688	80.4868
Lutfullahpur	34	25.7292	85.6211
Lutchmipuram	25	12.5986	77.9278
Lunisara	21	20.3055	84.9381
Luni	21	20.0105	84.8722
Luharkhani	21	20.0980	84.8924
Lundapalli	21	20.1131	84.9172
Lupunga	38	23.9851	85.1381
Lupunga	38	23.2728	85.1150
Lusatoli	38	23.1584	85.1595
Ludru	38	23.1015	85.1330
Lupunga	38	23.5187	85.4611
Lupung	38	23.4063	85.4905
Lukhattoli	38	23.2654	85.4768
Lupungtoli	38	23.2852	85.4406
Lusatoli	38	23.1844	85.3060
Lupungdih	38	23.0555	85.3626
Lumluma	38	23.0326	85.3805
Lukuiyatoli	38	23.8588	85.5345
Lukuhiatoli	38	23.7257	85.6579
Lumkitoli	38	23.5065	85.6185
Lupung	38	23.3888	85.5010
Lupungdih	38	23.1903	85.6526
Lupungdih	38	23.1018	85.6849
Lungtu	38	23.0086	85.6600
Lukubad	38	23.8237	85.8683
Lukuiya	38	23.6392	85.8756
Lutahitanrtoli	38	23.5808	85.8761
Ludmu	38	23.4196	85.8393
Lupungdih	28	23.3911	85.9846
Lupung	38	23.3554	85.8221
Lupungdih	28	23.2212	85.9547
Lushadih	38	23.0219	85.9287
Ludumkel	38	22.9622	85.0343
Lupungkel	38	22.8048	85.1720
Ludamkel	38	22.9300	85.2988
Lumbai	38	22.8748	85.3309
Lukadda	38	22.8438	85.4849
Lutua	38	24.2783	84.9139
Luta Phatta	38	24.3845	84.8959
Luta	38	24.3817	84.8868
Lutatoli	38	24.3443	84.9677
Lutu	38	24.1789	84.7747
Lutu	38	24.0867	84.7502
Lupunga	38	24.1450	84.9761
Luhur	38	23.8486	84.1198
Lukumkhar	38	23.8494	84.2329
Luhurtanr	38	23.6759	84.2414
Luchutpat	38	23.2213	84.0723
Lupungtoli	38	23.2260	84.2487
Lutida	38	23.6167	84.3071
Lunri	38	23.6969	84.4142
Lundutola	38	23.3589	84.4800
Lupungpat	38	23.2283	84.2667
Lungatoli	38	23.0188	84.3317
Luru	38	23.0323	84.4098
Lurkutoli	38	23.1141	84.3573
Luru	38	23.1545	84.3957
Luto	38	23.1822	84.4955
Lurukonatoli	38	23.0247	84.4144
Lunribar	38	23.8031	84.6603
Luti	38	23.8210	84.6182
Lukuia	38	23.6377	84.7142
Lukera	38	23.0343	84.6889
Lukuiatoli	38	23.6833	84.9160
Lukuia	38	23.7347	84.9985
Lurngi	38	23.5479	84.8957
Lupunga	38	23.4912	84.9462
Lundri	38	23.4673	84.9879
Lulhua	38	23.1223	84.7522
Lukaltoli	38	22.4809	84.2169
Lunga	38	22.9718	84.4368
Lurkutoli	38	22.5354	84.3577
Lukibahar	38	22.6392	84.4181
Ludamkothatoli	38	22.9758	84.5407
Lungtu	38	22.9723	84.7518
Lurkutoli	38	22.7973	84.9075
Lumbatoli	38	22.6487	84.7684
Ludhapali	21	21.6577	84.1029
Lutheroet	25	11.7660	78.2098
Lurunga	38	23.7789	85.3274
Lupunghatu	38	22.9802	85.5363
Lupungpirhi	38	22.8730	85.5096
Ludubera	38	22.8433	85.5705
Lunkai	38	22.8853	85.6853
Lupungdih	38	22.8954	85.6844
Lupungkuti	38	22.6865	85.7563
Lupunggutu	38	22.5415	85.7732
Lupung	38	22.6639	85.9562
Lupunghatu	38	22.3723	85.8348
Lupungpi	38	22.2092	85.7523
Lunti	38	22.1337	85.8875
Lusi	21	21.7886	85.1770
Lunga	21	21.6304	85.0620
Ludhabandh	21	21.0831	85.0761
Luhundi	21	21.0174	85.1809
Lunga	21	21.7726	85.8843
Lutaposi	21	21.6010	85.7985
Lunionti	21	20.2274	85.1874
Ludhuni	21	20.8726	85.3137
Lundru	38	24.0955	85.5330
Lukniatola	38	24.0425	85.6859
Lutiyano	38	24.1483	85.8264
Lukuiya	38	24.1116	85.7933
Lutiyano	38	24.1479	85.8424
Lurki	34	24.6975	86.1783
Lukia	38	24.2068	86.1111
Lutuatanr	38	24.0855	86.1029
Lukalatoli	38	24.0677	86.0940
Lusio	38	24.0531	86.0530
Lupi	38	24.3663	86.4221
Lukuisokra	38	24.0440	86.4731
Lukaia	38	24.0589	86.4755
Lushiadih	38	24.0145	86.2688
Lukrua	38	24.0336	86.2923
Lungposi	21	21.8512	84.4195
Lunbhet	21	21.4051	84.2882
Lundurudihi	21	21.7446	84.5550
Luhabir	21	21.2467	84.3237
Lusra	21	21.1793	84.4926
Luhapank	21	21.0758	84.4081
Ludar	21	21.6575	84.5685
Ludar Sinkuli	21	21.6474	84.5837
Luburi	21	21.1154	84.6529
Lugapuda	21	21.2789	84.7698
Lualoi	21	21.3933	84.8701
Lulang	21	21.2918	84.7507
Luturponk	21	20.9825	84.0706
Luturponk	21	20.9688	84.0700
Ludumunda	21	20.9355	84.0586
Lumorjena	21	20.8485	84.0469
Luchabandh	21	20.9290	84.0503
Lumurjena	21	20.7240	84.0699
Luhurvali	21	20.4617	84.2050
Ludhubondha	21	20.0340	84.0554
Lunhandi	21	20.7532	84.4074
Lundrujore	21	20.5719	84.4076
Ludludi	21	20.6324	84.2908
Lubirimaha	21	20.2332	84.2667
Luda	21	20.3065	84.3702
Lujuramunda	21	20.2380	84.3205
Lubiri	21	20.0504	84.2849
Luhamunda	21	20.9432	84.7199
Lundrujhari	21	20.5284	84.6070
Luhasingha	21	20.6350	84.6626
Lukaijula	21	20.2777	84.5168
Lumla	30	27.5308	91.7237
Luniana	36	26.0558	82.7528