Meerut	36	28.9800	77.7064
Medinipur	28	22.4211	87.3226
Medininagar	38	24.0397	84.0658
Mettupalayam	25	11.2997	76.9348
Mettur	25	11.7880	77.8008
Metpalle	40	18.8472	78.6256
Medak	40	18.0453	78.2608
Merta	24	26.6486	74.0341
Meddappakkam	25	12.9166	80.1938
Mehkar	16	20.1505	76.5684
Memari	28	23.1765	88.0975
Melmadai	25	9.9264	78.1503
Melur	25	10.0324	78.3393
Medchal	40	17.6297	78.4814
Mehidpur	35	23.4888	75.6580
Meerpet	40	17.3210	78.5305
Mehsi	34	26.3557	85.0925
Mechcheri	25	11.8341	77.9439
Mehndawal	36	26.9758	83.1099
Meenambakkam	25	12.9846	80.1747
Methukummal	25	8.3075	77.1521
Mendarda	09	21.3211	70.4408
Meppadam	13	9.3242	76.4934
Merta Road	24	26.7227	73.9176
Mennanyam	13	11.5579	75.7596
Mehnagar	36	25.8789	83.1161
Meethari Marwar	24	27.5761	74.6866
Meppayyur	13	11.5389	75.7351
Meghnagar	35	22.9066	74.5416
Medankarwadi	16	18.7477	73.8691
Meghraj	09	23.4980	73.5135
Mehmood Pora	12	33.6874	74.9952
Medpalli	40	17.4061	78.6044
Mettuppalaiyam	25	11.1681	78.4494
Mehatpur Basdehra	11	31.4071	76.3423
Mettuppalaiyam	25	11.4503	77.5682
Medziphema	20	25.7576	93.8654
Mel Seval	25	8.6722	77.6147
Mehmand	37	22.0372	82.1961
Meru	38	24.0097	85.4673
Mera	38	23.7556	86.7944
Mel Pattambakkam	25	11.7882	79.6284
Meghahatuburu	38	22.0724	85.2692
Melpedu	25	13.1564	80.0414
Mettamalai	25	9.3955	77.8946
Mercurim	33	15.4270	73.8996
Medha	16	17.7941	73.8287
Melukote	19	12.6626	76.6486
Mevalurkuppam	25	13.0320	79.9995
Men	34	25.0295	84.8919
Met	16	19.6147	77.8491
Mewa Nagar	24	25.8009	72.1526
Merpur	24	24.6434	73.2375
Mewasa	09	21.8742	70.5950
Mewali	09	23.6167	73.3167
Mevasa	09	22.2928	71.2571
Mehatwara	35	22.9822	76.4906
Metwan	41	33.6973	75.8521
Mettur	25	8.8652	77.3666
Metpanjra	16	21.2590	78.6987
Metikumi	17	25.5833	94.5833
Metia Bruz	28	22.5500	88.3000
Methraipara	26	23.7451	91.7938
Methavi	09	24.6417	71.4448
Methan	09	22.9855	71.6451
Meswan	09	21.2595	70.2818
Meshing	30	28.0237	94.5385
Mesaria	09	22.4709	71.0964
Mesar	09	24.0346	72.2241
Merpalli	16	19.0833	80.1500
Mero	37	23.1343	82.2618
Merikot	21	19.7144	84.2847
Merces	33	15.4833	73.8500
Merapani	03	26.3195	94.0927
Merangkong	20	26.6144	94.6694
Merak	41	33.8070	78.5895
Mepumna	30	28.1084	96.6045
Meppadi	13	11.5534	76.1326
Menur	40	18.4783	77.6569
Mentada	02	18.3101	83.2612
Mengni	09	22.0873	70.6799
Mendwas	24	26.0730	75.7127
Menduka	37	22.8561	81.8965
Mendki	16	20.4697	79.8304
Mendhar	12	33.6104	74.1388
Mendah	21	20.8333	83.6167
Mencurem	33	15.7000	73.8833
Menambedu	25	13.0713	80.0407
Memunda	13	11.5982	75.5960
Melusar	24	28.2090	74.5368
Meluri	20	25.6751	94.6195
Melpatti	25	12.8607	78.7927
Melpadi	25	13.0630	79.2811
Mel Nilidanallur	25	9.1085	77.5995
Mel Mattur	25	11.1904	79.0405
Mel Marudur	25	10.4626	79.6836
Melmandai	25	9.0734	78.2909
Melli Bazar	29	27.0912	88.4574
Meliyaputtu	02	18.7768	84.1561
Meli	24	25.7243	72.4693
Melchhamunda	21	21.0865	83.2454
Melattur	13	11.0641	76.2751
Melapalayam	25	8.7007	77.7066
Melaghar	26	23.4955	91.3298
Mekha	30	28.1391	95.8393
Mejia	28	23.5673	87.1080
Mejedihi	28	23.5500	87.2500
Meja	24	25.4097	74.5539
Meja	36	25.1430	82.1047
Meiti	17	24.6997	94.4853
Meiring	17	24.7462	94.3379
Mehunbare	16	20.5708	74.9466
Mehun	16	20.3695	75.2032
Mehrun	24	25.7666	75.1441
Mehrawan	36	25.8720	82.6885
Mehnar	34	25.6082	85.4853
Mehnajpur	36	25.6752	83.1148
Mehlav	09	22.5677	72.8176
Mehidpur	24	23.8167	75.6667
Meharwada	09	23.8576	72.4622
Mehergaon	16	20.9738	74.6256
Mehegam Bangal	09	21.6742	72.7594
Mehdia	36	26.4375	83.4491
Mehda	35	26.4127	78.9149
Megnanapuram	25	8.4737	77.9964
Megna	09	22.3217	69.9409
Meghpur	09	22.6584	70.6590
Meghpal	21	21.3504	84.2435
Meghatari	38	24.5798	85.5714
Megarvalli	19	13.6215	75.1501
Mengalwa	24	25.2994	72.2040
Mega	30	28.4947	94.6727
Medsi	16	20.3274	76.9410
Mednipur	34	25.0876	84.3660
Medlacheruvu	40	16.8221	79.9280
Medkanhal	19	15.9257	76.5653
Medikurti	02	13.7087	78.7724
Medhasan	09	23.5441	73.2291
Medha	16	17.2006	73.9196
Medarametla	02	15.7248	80.0197
Medapadu	02	17.0044	82.1001
Medana	21	19.5578	82.4043
Mechangbung	03	25.3321	93.5233
Mebu	30	28.1681	95.4150
Mendli	24	27.4123	73.7914
Mel Kasakkudi	22	10.9545	79.7933
Mehrasar	24	28.3695	74.5409
Mehrawansar	24	28.4353	74.7148
Melusar	24	28.5034	74.7328
Mehri	24	28.6434	74.7066
Meghsar	24	28.2008	74.9147
Meghsar	24	28.7965	74.9413
Meghana	24	28.9844	74.8378
Medinagar	28	21.8069	87.9094
Meria	28	22.9746	88.3267
Mele	28	22.8271	88.1352
Metia	28	22.7098	88.8428
Meliari	28	22.4642	88.7025
Metekora	28	22.1189	88.5772
Methan	12	34.0283	74.8142
Megewala Kot	12	32.9708	74.5047
Meli	12	32.9394	74.5814
Mera	12	33.2041	74.2780
Mela	12	33.1170	74.4019
Meshiani	12	32.9495	74.7627
Mehar	12	32.9307	74.9272
Meloala	12	32.6184	74.7742
Mela	12	32.7353	74.9711
Mehr	12	34.6544	73.9935
Mehunwala	39	30.4819	77.8114
Mednipur	39	30.3965	77.7622
Meharkot	39	30.3953	77.9852
Mehunwala Mafi	39	30.3067	77.9851
Meghan Majra	36	29.8191	77.2373
Mewar	39	29.9851	78.6081
Merwa	39	29.8443	78.6395
Meddagudam	40	17.3094	78.0733
Medpalli	40	17.3721	78.2005
Medalli	40	17.2324	78.0098
Medpalli Nakkerta	40	17.0033	78.6544
Mehtarpalli	40	17.5367	78.8250
Melur	40	17.8981	78.4020
Mettuppalaiyam	25	13.1766	80.1567
Mettupalaiyam	25	13.1464	80.2978
Mehtanagar	25	13.0689	80.2281
Mettuppalaiyam	25	13.2413	80.2396
Mettuppalaiyam	25	13.2272	80.2083
Mettupalaiyam	25	13.1584	80.2085
Meyyur	25	13.2425	79.9440
Melkandigai	25	13.2183	80.0053
Mel Pakkam	25	13.1803	80.0694
Menhariyan	24	28.9902	75.5056
Meghsagarwali Dhani	24	28.2479	75.5175
Mehewan	23	30.2257	76.5794
Metlan	10	30.2315	76.6485
Megha Majra	10	30.0895	76.7128
Mewali	35	24.1290	78.1810
Menwara	36	24.9096	78.2651
Mendhai Nagla	36	27.8435	79.2156
Merapur	36	27.2029	79.4491
Mesarpur	36	27.0961	79.3662
Mekpur	36	27.6357	79.7276
Mewar	36	27.6041	79.5795
Menda Purwa	36	27.2035	79.9451
Meora	36	27.1310	79.9862
Mehdipur	36	27.0123	79.9775
Merhi Dudhi	36	26.7525	79.1528
Mehdipur	36	26.8582	79.2090
Megni	36	26.3077	79.1336
Meri ka Bas	24	26.9555	75.5214
Meghjal	36	26.7249	79.8190
Meronkhera	35	24.6316	79.0409
Melwara	35	24.0008	79.2335
Meghrasar Tibba	24	27.4064	71.0828
Mechpara	28	26.3904	89.8549
Mechpara	03	26.3320	89.9006
Meenangadi	13	11.6563	76.1696
Meghsar ki Dhani	24	28.8013	74.9515
Merasar Chhanna	24	28.4751	74.2965
Medum	30	27.1343	93.2673
Mesangpi	20	26.2048	94.1911
Merwadar	09	21.7278	70.1086
Menaura	34	26.4427	84.9040
Meo	24	26.0660	73.6195
Mera	24	24.7681	72.7357
Mega	24	24.0188	73.6537
Melantabettu	19	12.9989	75.2551
Metri	19	15.3102	76.6206
Metriki	19	15.0379	76.7527
Merkunda	19	17.7283	77.3736
Mettu Marudur	25	10.9015	78.4464
Mendki	35	23.4433	77.7130
Methi	16	21.2454	74.6393
Mendhasal	21	20.2950	85.7189
Menwar	35	24.0574	79.4057
Metyal Sahar	28	23.4768	86.7592
Mellim	18	25.4964	90.0902
Mehanda	37	21.9411	82.5429
Merai	37	22.6891	82.2638
Melkalma	35	22.8049	76.0348
Meruattari	03	26.3036	91.3783
Merbil Grant	03	27.3068	95.2280
Mehndi	35	21.5612	78.9051
Mehngora	35	22.1172	79.2348
Mentapur	21	19.8918	84.6976
Merudandi	28	22.6846	88.8911
Meramandali	21	20.7832	85.3369
Melriat	31	23.6466	92.7246
Meoli	10	29.8157	76.5685
Melawas	10	28.1812	76.5219
Medpur	10	28.1182	76.5151
Meoli	24	28.0084	76.7034
Meoka	10	28.4090	76.9167
Meoli Khurd	10	28.0325	76.9630
Meoli Kalan	10	28.0401	76.9704
Meghsinghpura	24	29.1683	74.7214
Mena Toki	24	28.3305	74.3257
Mehunwala	10	29.4104	75.3188
Mehliya	24	28.9608	75.0451
Megal	11	31.4893	77.0672
Mehran	11	31.3201	77.1790
Mehno	11	31.4556	77.3663
Mehog	11	31.4277	77.3358
Melan	11	31.3011	77.4809
Mehrajwala	23	30.3504	74.5219
Mehr Singhwala	23	30.9737	74.9240
Meha	11	31.0571	77.4679
Mehana	11	31.0598	77.4619
Meri	11	31.1782	77.4355
Mehani	11	31.1586	77.4934
Mehnda	11	31.3950	77.5268
Mel	11	31.2217	77.5160
Melth	11	31.1627	77.5127
Mehana	11	31.1165	77.7092
Metasa	11	31.1465	77.7369
Mekrari	11	31.1498	77.7246
Mehra	11	31.2142	77.7113
Meli	11	30.8369	77.0958
Mehan	11	30.7813	77.0600
Mehrar	10	30.6423	77.1109
Meharwala	10	30.6127	77.1270
Menthapal	11	30.5075	77.2177
Mehwa Kheri	10	30.3328	77.0981
Mehra	10	30.0352	77.0733
Mela	11	30.9425	77.3787
Mewag	11	30.8294	77.3041
Mehrog	11	30.6040	77.3561
Methli	11	30.7460	77.3423
Mejorh	24	27.3367	76.2805
Menon Ka Bas	24	27.3411	76.6606
Meghowala	10	30.3366	77.4624
Mehlanwali	10	30.2052	77.2763
Mehr Majra	10	30.1575	77.3968
Mesnal	11	30.5586	77.5603
Mem	11	30.5803	77.6136
Mehrana	24	27.9088	76.8598
Meda Ka Bas	24	27.7721	76.8509
Merko	24	27.7011	76.8211
Meghabas	24	27.6732	76.8511
Meokhera Kalan	24	27.5347	76.8046
Meokhera	24	27.5392	76.8049
Mehruwala	11	30.4948	77.7404
Melkheri Ka Bas	24	27.4387	76.8773
Meklheri	24	27.4429	76.8744
Mendal	39	30.7257	77.9056
Mewa	39	30.5058	77.9423
Meharadasi	24	28.1137	75.1717
Medar Kalan	24	26.4007	76.1193
Mendki	35	23.2709	78.3720
Merki	35	23.5918	78.5121
Menhdi	35	23.5049	78.5806
Medpura	24	26.2677	76.3342
Medpura	24	26.3072	76.7182
Mehka	35	23.3428	78.7259
Merki	35	23.4964	78.8005
Mehka	35	23.4608	78.8779
Mehgawan	35	23.2256	78.5391
Mehgawan	35	23.2258	78.6552
Mehanda	35	23.1273	78.9266
Mena Semla	24	26.9626	76.7795
Menhdipur	24	26.9629	76.8095
Mehndwara	24	26.9127	76.8165
Merara	24	26.8924	76.8925
Merara	24	26.8970	76.8870
Mede ki Dhani	24	26.7402	76.7676
Merhi	24	26.6083	76.9615
Mende ki Jhonpri	35	26.0709	76.9701
Mehendi	24	25.2428	76.1493
Meghrajpur	36	29.7277	77.6577
Meghli	35	22.6822	78.0631
Mendwari	35	22.6464	78.0156
Mendikhera	35	22.5826	78.4387
Meli	35	22.5978	78.4365
Mehgawan	35	22.8403	78.5007
Mehandavir	35	22.1272	78.5011
Mendhidhana	35	22.1401	78.6031
Mendamalkhapa	35	22.0897	78.6348
Mendki	35	22.0936	78.6511
Mehgawan	35	22.9674	78.8506
Mehgawan Khurd	35	22.8726	78.7706
Mehgawan Kalan	35	22.8651	78.7758
Mengawadi	16	21.3628	78.0453
Meghnathdhana	35	21.9189	78.4693
Mendhla	16	21.3310	78.3789
Mendi	16	21.3980	78.3418
Met	35	21.7676	78.6221
Mehlari	35	21.9826	78.6752
Mendki	16	21.3535	78.6302
Mendhepathar	16	21.1789	78.6163
Met	16	21.0424	78.6343
Mendhepathar	16	21.2462	78.6854
Medi	35	21.5665	78.8983
Medi Berdi	35	21.5749	78.8981
Meta Umri	16	21.0916	78.8922
Mendhla	16	20.4660	78.2355
Mehbar	11	31.4916	78.2403
Mei Khurd	24	25.9569	76.5757
Mei Kalan	24	25.9417	76.5738
Mewara	35	25.8206	76.7139
Meran	09	24.2777	73.1144
Mer	09	24.0832	73.3746
Mehron	23	30.7619	75.2107
Mehmewala	23	30.8059	75.2075
Mera ka Gurha	24	24.6548	73.7412
Mekhlaheri	35	25.5306	76.6879
Medora Thori	24	24.2981	73.9574
Mewasa	24	25.5377	74.2086
Mewasa	24	25.0797	74.6377
Mehwar Kalan	39	29.9036	77.9113
Mehwar Khurd	39	29.9121	77.9084
Meghakheri	36	29.5042	77.7717
Megha	36	29.6812	77.8787
Mehramnagar	07	28.5637	77.1260
Mehrampur	36	28.8989	77.3230
Meola Bhatti	36	28.7781	77.3565
Meola Maharajpur	10	28.4418	77.3035
Mehmudpur	10	28.3793	77.4339
Mewasa	24	25.7821	74.0436
Medpura	24	25.7457	75.1725
Menuwana	23	29.8725	75.1399
Meda Bas	23	30.0224	75.7787
Mehad	12	33.0009	76.0638
Megha Mazra	10	29.9299	76.2459
Mehrana	10	28.5568	76.3236
Mehndipur	10	29.0449	77.1181
Mebakcho	11	31.5739	78.2355
Meghpur	36	29.3862	78.6879
Mehdinagar	36	28.9528	79.1692
Mehdinagar Shimali	36	28.8675	79.0872
Meori	36	28.7878	79.2046
Metham	40	19.1905	79.8055
Mehndi	24	24.5065	76.3420
Meiki	24	24.3700	76.3322
Menakheri	24	24.3636	76.4912
Melkheri	35	24.0376	76.3529
Menakheri	35	24.0534	76.3648
Mermatalav	24	24.9034	76.6017
Mermachah	24	24.9153	76.6311
Methun	24	24.4050	76.5021
Mekayenkayyapalli	40	18.6677	79.0927
Medaram	40	18.7237	79.2267
Metpajli	40	18.9988	79.5932
Medaram	16	18.8585	79.9944
Meripalli	40	18.6327	79.9818
Mehndipur	36	28.2421	77.5531
Meola Gopalgarh	36	28.0940	77.5620
Medpur	36	28.9671	77.7982
Meghrajpur	36	28.9001	77.8382
Mellidanda	29	27.1008	88.4367
Menjong	28	27.0974	88.5896
Mena Basai	35	26.3515	77.9443
Mehripura	35	25.8623	78.0285
Mehgaon	35	25.9214	78.0564
Meghpur	24	28.1746	75.9930
Meskhoda	16	19.6928	76.3664
Mehgran	10	30.1058	76.4132
Mendha	16	18.2254	76.2654
Mehraipur Sihawali ka Bas	24	27.6063	77.0391
Mehraipur Sihawali	24	27.6036	77.0339
Mewgarhi	36	27.9470	77.5736
Mehndipur	36	27.8174	77.7356
Mehnda	10	29.0469	76.0605
Mehnda Dhani	10	29.0389	76.0686
Mehrara	10	29.1649	76.4820
Melkunda Buzurg	19	17.3174	76.6615
Melkunda Khurd	19	17.3127	76.6967
Mehandi Bagh	24	27.2150	77.5380
Merpar	37	21.9778	82.0104
Mendra	37	21.8472	82.0001
Mekri	37	21.7870	82.1813
Mekri Gondpara	37	21.7902	82.1724
Mendh	37	21.7191	82.2326
Metkula	37	21.3493	82.5344
Memra	37	21.2773	82.5959
Menrki	37	20.7558	81.2183
Melin Tanda	19	16.4899	76.4377
Melgaddi	19	16.2124	76.3514
Medanapur	19	16.3942	76.8093
Meresara	37	21.3761	81.3607
Mendki	37	21.8605	81.7164
Meharsakha	37	21.4615	81.7354
Mewapur	16	18.5210	77.2596
Methi	16	18.6210	77.4278
Melgaon	16	18.9344	77.6226
Medan Kallur	16	18.5731	77.7231
Medpalli	19	18.1753	77.5305
Mehrara	36	27.4165	78.1742
Meoli Khurd	36	27.0535	78.2134
Mejda	16	20.0157	78.3834
Metikheda	16	20.2486	78.4182
Menkhat	16	20.9087	78.6685
Medni	16	20.0574	78.6949
Menkhat	16	20.6275	78.8998
Mendhula	16	20.4928	78.9978
Mevnagar	36	27.5764	77.9101
Mehtapur	36	27.6488	77.9126
Medkonda	40	17.9213	77.8902
Meghpur	36	27.6323	78.6757
Mehguwan	35	23.9332	79.7298
Mehgawan	35	23.3046	79.7177
Mehguwan	35	23.0589	79.5832
Mehka	35	23.0205	79.5009
Mehguwan	35	23.0148	79.5489
Mela Sangam	40	17.6767	77.8008
Mehrabad	36	27.0929	78.5784
Meuli	36	27.0366	78.5580
Medak	19	16.9821	77.4638
Mengadda	19	16.3745	77.4962
Mettimalkapur	19	16.1416	77.3977
Meldoddi	19	16.0493	77.4888
Medigaldinni	19	16.0307	77.4502
Merogaon	35	22.9554	79.0470
Mehgaon	35	22.8403	79.1472
Mehanda	35	22.6626	79.1533
Mehlon	35	22.3228	79.1020
Meghpur	36	27.2679	77.7795
Medua	36	27.4577	77.8859
Mekh	35	22.9785	79.3726
Memra	36	27.6330	78.8346
Mehmantsingh ka Pura	35	26.7497	78.4820
Mehgaon	35	22.9319	79.6640
Mehlon	35	22.2845	79.6711
Mehrabori	35	22.0225	79.6081
Medipalli	40	16.9862	77.9749
Melacheruvu	40	16.1959	77.8149
Mekhwan	36	24.5221	78.3357
Merti Kalan	36	24.5855	78.3824
Medupura	36	27.5469	79.0221
Medpur	36	27.5887	79.1300
Medanpur	40	19.1997	78.0686
Medegudam	40	19.3697	78.4970
Mediguda	40	19.4939	78.3869
Merapur	36	27.2628	79.2306
Mehdia	36	27.2548	79.2306
Merapur	36	27.2522	79.1264
Mekhera	36	27.4278	79.1504
Mehuta	36	27.4568	79.1858
Meglin	24	26.4810	77.0111
Mehtonpura	24	26.4645	77.0583
Medampalli	40	19.0067	78.6339
Mendhari	24	26.5165	77.2588
Meghdon	35	21.8648	79.1777
Mehandi	16	21.3427	79.1914
Medical College Colony	16	21.1268	79.0974
Mek Jinsi	16	21.1407	79.1780
Mek Jin	16	21.1450	79.1817
Merapur	36	27.3727	79.2798
Mehlai	36	27.4049	79.4823
Medpalli	40	17.1597	78.0011
Metsiwadoli	16	21.3350	79.4656
Mendegaon	16	21.0054	79.3014
Mehra Saleh	35	21.9663	79.7411
Mertha	24	26.9938	77.7118
Meola	36	26.8812	77.6287
Meoli	36	26.8841	77.6285
Merhe ka Pura	24	26.8452	77.9942
Meharwani	35	25.4670	77.1211
Meda Shiampur	36	27.2862	79.5673
Menrai	36	27.6433	79.7555
Meghpur	36	27.5551	79.8247
Meghyanadu Tanda	40	17.1537	78.2999
Metpalli	40	16.3375	78.0771
Meda Ka Bas	24	27.8100	77.0675
Mendhode	16	21.1269	76.0537
Melsangawe	16	21.0925	76.0150
Medakpalli	40	16.8362	78.4188
Mendipur	36	27.0746	79.5578
Meharupur Rabi	36	27.2494	79.6339
Mehra	35	25.6135	77.3429
Menhadiarpur	36	27.4314	79.8778
Meonra	36	27.2755	79.9461
Merakheri	35	24.3585	77.1719
Merukheri	35	24.1387	77.2160
Meriakheri Khurd	35	24.1097	77.0228
Meghona Bara	35	24.8961	77.6894
Mehmuda	35	24.8212	77.5324
Menai	35	24.5017	77.5723
Menkheri	35	24.1179	77.9603
Mehaluwa	35	24.0882	77.9639
Mehaluwa Chouraha	35	24.1031	77.9660
Meoli	36	27.5397	78.2087
Mehmadpur	36	27.6306	78.4551
Mehari	36	27.1627	78.3066
Memri	36	27.7805	78.5963
Menduvarigudem	40	16.9452	79.0799
Mer	36	26.7279	79.6276
Mekalagudem	40	16.7133	79.1038
Meghavat Tanda	40	16.5887	79.0395
Medawaram	40	16.6895	79.1327
Mendon	36	26.8296	79.9138
Mejo	36	26.7971	79.9036
Mehgani	36	27.4199	78.7114
Mehri	36	27.2686	78.5903
Mellakunta Tanda	40	16.6908	79.2924
Mendhawa	36	25.0754	80.3259
Mewa Khera	36	25.1701	80.4600
Merhipur	36	25.6924	81.2224
Meda	35	22.4794	76.9042
Melpipliya	35	22.4411	76.7917
Mehandgaon	35	22.3401	76.8168
Mendhipur	36	25.6196	82.1080
Merki	36	25.2972	79.1026
Mehron Kalan	36	25.7824	82.9801
Mehadpura	24	26.7005	78.0770
Meharkheri	35	23.5494	77.9112
Mehrukheri	35	23.6080	77.9318
Mehander	35	23.6577	77.9010
Mehgaon	35	23.4552	77.7725
Meonri	36	25.3806	83.0458
Meghpura	35	26.5260	78.5778
Merpura	35	26.0924	78.6364
Mehra Khurd	35	26.3693	78.8624
Mehra	35	26.2843	78.7679
Meoli	35	26.2516	78.7540
Mehrugaon	35	22.7209	77.2847
Mehraghat	35	22.6736	77.8418
Mendhli	16	20.7793	76.3098
Menrhwa	36	25.4861	83.4019
Mehrauli	36	25.4971	83.4290
Medanipur	36	25.4726	83.4609
Mendhan	36	25.4117	83.4648
Menguwa	35	24.2191	79.6357
Medhi	36	25.2062	83.3314
Merh	34	25.0182	83.4430
Mendhakhera	35	22.1540	77.7312
Melajpur	35	22.0204	77.7294
Mendhapani	35	22.0332	77.8890
Meondi	36	25.9468	83.7265
Mekh	36	25.7751	83.6643
Mehri	36	25.4769	78.6043
Meha	16	20.6289	77.6433
Mera	34	25.2722	83.6025
Mendhadhana	35	21.8882	77.6016
Mendha	35	21.7891	77.6371
Meghnathdhana	35	21.8227	77.6268
Meghnath Dhana	35	21.5070	77.5096
Mendha	35	21.7486	77.8179
Megnathdhana	35	21.5319	77.9039
Mendha	35	21.5186	77.8597
Mehron	34	25.1830	83.5511
Medaura Kalan	36	25.6453	83.9442
Medaura Khurd	36	25.6398	83.9421
Mehan Purwa	34	25.4643	83.8916
Meura	34	25.2061	83.9606
Merharipur	34	25.0388	83.9379
Meura	34	25.0220	83.7988
Memna	16	21.4283	77.3183
Meghnathpur	16	21.1952	77.5596
Mendar	16	20.1164	77.3945
Mendhi	16	20.0818	77.8564
Mehegaon	16	21.4026	79.7296
Mendatola	35	21.7875	79.8955
Mehuri Kalan	36	24.6771	83.0885
Mehuri Khurd	36	24.6796	83.0842
Mendha	16	21.1020	79.8191
Mendha	16	21.0381	79.8629
Medanikhal	36	24.2200	83.3513
Meghnathdaritola	37	24.0053	83.2589
Medidapalli	40	17.3307	79.9306
Mehuna	36	25.7480	80.2163
Merauni Chherhat	38	24.4962	83.6869
Melawantola	38	24.4316	83.5224
Meral	38	24.1876	83.7076
Mendha	16	20.7103	79.4629
Metepar	16	20.5546	79.4811
Mendha	16	20.8885	79.6204
Mendha	16	20.9499	79.9298
Mendha	16	20.7072	79.9206
Mesa	16	20.3180	79.1181
Mendha Mal	16	20.3137	79.6540
Mendha	16	20.4223	79.6499
Mendha Usral	16	20.4083	79.6984
Meha Khurd	16	20.2537	79.8880
Meha Buzurg	16	20.2213	79.8847
Metegaon Mukta	16	20.1646	79.7782
Mehandiya	36	25.9662	80.3903
Mehadpuri Tanda	16	18.9885	76.6932
Mehadpuri	16	18.9981	76.7003
Meona	36	25.9675	80.5734
Mevli	36	25.8198	80.6472
Mendwadi	16	18.7654	76.5756
Medinapur	19	16.2026	76.6222
Mendaki	16	19.7379	78.0387
Merhna Khurd	38	24.1828	83.8895
Merhna Kalan	38	24.1942	83.8861
Melkundi	19	18.0045	77.2885
Mettakadigudem	40	17.5298	78.4280
Mehdipatnam	40	17.3898	78.4449
Medigadda Tanda	40	16.9773	78.1564
Mehgawan	35	23.2053	78.0957
Merinagar	40	16.6935	78.2669
Merepalli	40	16.6623	78.2622
Medipur	40	16.5643	78.4287
Mekua	35	24.4569	78.0066
Mellavai	40	16.8263	78.9696
Menhadri	24	24.8321	76.3417
Mekalgattu Tanda	40	17.8438	79.2004
Mekalgattu	40	17.8367	79.1997
Medikuntapalli	40	17.5718	79.0510
Mehtarajpalli	40	17.6776	79.7358
Menwara	35	23.8291	78.2530
Menwara Khurd	35	23.8220	78.4980
Mehendri	35	23.8049	76.3560
Mehri	35	23.7890	76.4449
Medinapur	19	16.1536	76.0006
Metguda	40	19.6574	78.6531
Mesala Khurd	40	19.6622	78.7347
Mesala Buzurg	40	19.6849	78.7365
Mendholi	16	19.9437	78.9512
Mehindi	16	19.7324	78.9028
Medepur	36	27.1777	79.0983
Merapur	36	27.1100	79.0881
Mewra	36	27.2057	79.1602
Merapur Gujrati	36	27.2136	79.1378
Merhi	35	24.5782	81.0328
Mehar	35	23.9867	78.6588
Meharwanganj	35	24.7401	81.5470
Methauri	35	24.6348	81.5487
Mehana	35	24.5202	81.6971
Mela	35	24.5819	81.8893
Megurahai	35	24.4828	81.2673
Merara	35	24.1507	81.6411
Merki	35	24.0212	81.7627
Mendka	35	22.1141	78.3071
Menidhana	35	21.7237	78.5861
Mehrasar	24	28.2154	73.1368
Medpur	36	27.5868	79.2993
Mengapur	16	20.4623	78.5263
Mehidwa	35	24.6543	80.4656
Mehugawan	35	23.2155	79.1928
Mehka	35	23.2264	79.2376
Mehdipur	36	25.9104	82.1145
Mendauli	36	25.8344	82.0758
Mehhaona	35	24.6301	80.6782
Mendha	36	25.9751	82.4778
Merhamair	36	25.8568	82.6534
Meja	36	25.6181	82.5683
Menhdi	36	25.6842	82.5270
Meghupur	36	25.6007	82.7320
Meragaon	35	23.1486	79.3726
Mehka	35	23.0011	79.2641
Mehgawan	35	24.4709	80.0430
Mehgawan	35	23.5222	79.6652
Mendki	35	22.0876	79.0267
Mendhawani	35	22.0595	79.1866
Mehgora	35	22.1218	79.2421
Mehgaon	35	22.6754	79.3185
Mendki	35	22.5040	79.2712
Meoti	35	24.7236	80.9284
Mehgaon	35	22.0147	79.4628
Meohara Khas	36	25.6788	81.3569
Mekdon	35	22.5729	79.5872
Mekdon	35	22.5590	79.5983
Mendara	36	25.2289	82.5059
Merhi	36	25.4372	82.4132
Mehan	36	25.0102	82.2853
Merahra	36	25.0111	82.3357
Meonri	36	25.0356	82.4296
Merha	36	25.2766	82.5999
Meoli	36	25.1976	82.6020
Mednipur	36	25.2493	82.6263
Mehaura	36	25.1084	82.6289
Mehdiganj	36	25.2942	82.8290
Mehdiganj	36	25.2792	82.8367
Mendra	36	25.2520	82.0513
Medeora	36	25.3969	82.2457
Meghupur	36	25.1200	82.8341
Meriyan	36	25.1378	82.8680
Mehta	35	22.6305	79.8636
Mehdi Tola	35	22.6170	79.8901
Meri Goga	24	28.3103	75.9420
Meraraich	35	24.1774	82.0445
Merhiya	35	24.3427	82.2668
Melauhi	35	24.2031	82.3770
Merhauli	35	24.1794	82.6587
Merardah	36	24.3152	82.8780
Mejia	36	25.1606	82.1150
Mehariaon	36	25.7434	82.3231
Mehdro	36	25.5779	82.2945
Medpur	36	25.5579	82.3865
Memaura	36	26.6524	80.8617
Mendauli	36	26.2824	80.9582
Mehmanpur	36	25.6355	82.7606
Mehmanpur	36	25.6211	82.7676
Mehandipur	10	28.6786	76.8405
Meoli Buzurg	36	26.0101	80.7634
Meman	36	29.5404	78.2720
Medpura Sultan	36	29.5221	78.3727
Meghawala	36	29.3695	78.4844
Meharpur	36	29.3248	78.3522
Memla	36	29.2551	78.3538
Mehar Alipur	36	29.2522	78.3846
Merai Purwa	36	27.9640	81.1835
Mela	36	27.9417	81.1678
Mehtipur	36	27.6437	81.0748
Meondi Silhwa	36	27.5028	81.1779
Mehramau	36	27.2586	81.0848
Mehrban Khan	36	27.6876	81.5155
Mer Gurian Purwa	36	27.6665	81.5570
Mehrabad	36	27.5611	81.5614
Meharbahabad	36	27.3007	81.6923
Megal Purwa	36	27.1502	81.7815
Merai Ahir	36	27.0816	81.8066
Meharwan Shukul	36	27.0204	81.8007
Meharban Purwa	36	27.0184	81.8666
Meghutoli	34	24.5217	83.7268
Mendipur	36	26.8535	81.2345
Medhia	36	26.9854	81.2100
Mewa Lal Purwa	36	26.5471	81.2435
Meharban Khera	36	26.5321	81.2049
Meharia	36	26.9542	81.4907
Mendua	36	26.8390	81.4434
Mendha Tola	16	21.0580	79.6420
Merha	16	21.0219	79.6110
Mendipur Tola	16	21.4166	79.9742
Mendipur	16	21.4035	79.9866
Mendha	16	21.3522	79.9506
Mehnda	12	34.0153	74.2479
Menkhat	16	20.7747	79.0046
Mewla Mafi	36	29.1438	78.5658
Mewa Jat	36	29.1198	78.5996
Mewa Nawada	36	29.1229	78.5994
Meldhar	39	29.6950	78.9077
Merwarhi	39	29.6573	78.9970
Meghawala	39	29.3025	78.8461
Mehi Lal Khera	36	26.4516	81.0209
Mehi Khera	36	26.4991	81.1198
Mesand Khera	36	26.4887	81.2105
Medi Singh Purwa	36	26.2999	81.2806
Meola Dharu	36	29.0779	78.9544
Meola Kalan	36	29.0883	78.9640
Medhegaon	16	20.7088	79.5590
Mehrbanpur	36	26.3265	81.7719
Mehmau	36	26.4978	81.8332
Meharban Purwa	36	26.4639	81.8361
Mehrbanpur	36	26.3241	81.8503
Megar Pada	16	21.1773	74.1312
Mewa	36	27.1062	81.6489
Meskot	36	27.1256	81.6999
Mehndi Ahata	36	27.1254	81.7036
Menhdipur	36	28.6695	78.4199
Mesgohan	16	19.5837	77.2747
Medpur	36	28.4318	78.3290
Mewa Hasanganj	36	28.2995	78.4027
Mehandri	36	28.9932	78.6449
Metpalli	40	18.8025	78.0909
Mehmanpur	36	25.9194	81.2564
Medapalli	40	18.3603	78.0228
Mehtra	36	28.3686	78.6485
Mehtra Dharampur	36	28.3632	78.6485
Mehtra Alpur	36	28.3545	78.6480
Mewapur	36	26.5846	81.7297
Mewa Singh	36	26.8942	81.8241
Mehra	36	26.1422	81.7964
Mehdipur	36	26.2438	81.8918
Mesanpalli	40	18.1855	78.0362
Merai Dih	36	27.5758	82.1747
Mekhowali	12	33.7961	74.6085
Mewli	36	28.2254	78.7845
Medaram	40	18.9518	78.4025
Metpalli	40	18.5932	78.2577
Mendraha	36	25.3507	81.4261
Mendwa Salempur	36	25.3252	81.4571
Meghwa	36	27.1874	82.2032
Meldhar	39	29.9298	79.0925
Merai Dih	36	27.3790	82.3410
Merai Dih	36	27.2107	82.4031
Medpalli	40	18.8363	78.5918
Menhin Hardo	36	27.1661	82.7416
Medaram	40	18.7178	78.5047
Mehdauna	36	27.0267	82.9188
Mendhuwa	36	27.0566	82.9539
Mehdauna	36	26.6675	82.0360
Mehndia	36	26.3346	82.2393
Meharam	36	26.3285	82.2210
Medpalli	40	18.7987	78.8147
Melacheru	40	18.2471	78.8774
Metpalli	40	18.1833	78.8995
Medpalli	40	18.1712	78.9565
Meduliha	36	25.1354	81.4512
Medhain	36	26.8563	82.3623
Mendi	36	26.9606	82.3992
Mendia	36	26.9207	82.4899
Medhnipur	36	26.6186	82.2917
Medapur	36	26.5825	82.4233
Mehr	36	26.4821	82.2662
Merhwa	36	26.4986	82.4115
Meopur	36	26.0622	82.4581
Mehdia Kharg	36	26.9511	82.5515
Mehdia Pande	36	26.9562	82.5529
Meharbanpur	36	26.9731	82.6534
Mehaura	36	26.9101	82.6802
Medh Badhni	36	26.7954	82.7105
Merhwa	36	26.7109	82.5960
Meghupur	36	26.6632	82.5701
Merari	36	26.5009	82.5754
Metan Jot	36	26.7323	82.6447
Merwa	36	26.2524	82.5619
Merwa	36	26.2604	82.6345
Meuria	36	26.3786	82.6721
Meoria	36	26.1529	82.6752
Mednipur	36	26.2472	82.6882
Medha Manjharia	36	26.7588	82.8508
Mehdauna	36	26.6593	82.7868
Meghwa	36	26.5395	82.7988
Merhi Sulempur	36	26.5060	82.7905
Mewari Jot	36	26.7451	82.8231
Mehra	36	26.7448	82.8625
Metwapur	36	26.5161	82.9853
Menhdipur	36	25.7773	83.4292
Mejwan	36	26.0739	82.8521
Mehandwara	36	26.2245	82.9455
Mehianpar	36	26.2159	82.9331
Mehndia Khurd	36	27.2005	83.1314
Mehndia Buzurg	36	27.1991	83.1281
Mendhupar	36	27.0865	83.1010
Melahur	12	33.8082	75.0545
Meharbanpur	36	27.1027	83.2295
Mehria	36	26.7187	83.0418
Medhanwan	36	25.9622	81.6477
Mehan Khor	36	26.9985	83.0970
Mendhu Khor	36	26.8156	83.1473
Mehawar	36	26.9498	83.1728
Meonri	36	26.6577	83.1943
Meoria	36	26.2538	83.1898
Menhmoni	36	26.1683	83.0731
Mehdi Khas	36	26.1087	83.0600
Meharwa	36	26.2104	83.2453
Merari	36	26.4269	83.2765
Mehra	36	26.2694	83.2674
Mehra	36	26.3234	83.3824
Mehdraon	36	26.3412	83.4085
Mehabar	36	26.9807	83.6362
Mednipur	36	26.9964	83.7071
Mehra	36	26.8991	83.6853
Mehra	36	26.9062	83.6838
Mehdipur	36	26.7174	83.5987
Mehian	36	26.6265	83.5957
Medan ka Purwa	36	25.5899	81.6505
Medau ka Pura	36	25.5791	81.7333
Mednapur	36	26.4587	83.6401
Mehdia Kund	36	26.1955	83.6662
Meta	12	33.0170	75.1476
Metra Bagar	12	33.2354	75.2393
Metra	12	33.2295	75.2453
Merpalli	16	19.4158	80.6282
Mehndua	36	26.0603	83.9119
Medaram	40	18.3182	80.2451
Medni Chak	36	25.5024	83.5819
Mehar Alipur	36	25.6364	83.5918
Mednipur	36	25.5728	83.6099
Metlacheru	37	18.7489	80.3232
Mejar	12	33.4010	75.6277
Mettapara	37	18.9692	80.6627
Mehgawan	35	23.8634	80.2263
Mehgawan	35	23.6485	80.0035
Mehgawan	35	23.5410	80.1072
Mettupalli	37	18.7097	80.6247
Menhgawan	35	23.4768	80.2376
Menhgawan	35	23.3310	80.2314
Mehgawan	35	23.1709	80.0065
Mehgawan	35	23.1836	80.1291
Mehgawan	35	23.2344	80.1422
Medhi	35	23.0944	80.2026
Mehner	35	23.5046	80.2951
Mehgawan	35	23.6555	80.3687
Menpathari	35	23.1299	80.4677
Merhki	35	23.7052	80.8283
Mer	35	23.1079	80.8984
Merul	12	33.3903	75.7760
Medhar	12	33.0030	75.7716
Merweri	12	33.2344	75.8212
Mela	12	32.6732	75.2161
Med	12	32.5474	75.2993
Mela Wada	12	32.5025	75.2982
Mela	12	32.5006	75.3046
Mehriyala	12	32.7099	75.4133
Mehesha Chak	12	32.3999	75.3032
Mela	12	32.4668	75.3853
Merath	12	32.4607	75.4500
Meter	12	32.4930	75.5501
Medhri	16	19.9120	80.3259
Mekawahi	16	19.9309	80.4778
Melwan	11	32.0831	75.6198
Meadi	11	32.0727	75.7327
Mehlri	11	32.2858	75.9898
Mehia	11	32.3808	75.9351
Mehtar	11	32.4351	75.9953
Mehun	16	20.5628	74.9488
Mehune	16	20.4472	74.5356
Mendakwas	35	22.9632	75.5281
Melkheri	35	22.2950	75.5191
Men	35	22.4143	75.7122
Merkheri	35	22.8699	75.8078
Mehmangarh	35	22.5475	75.8910
Memdi	35	22.5349	75.8927
Methwa	35	22.2940	75.8829
Mehta Khedi	35	21.4289	75.9600
Mehegaon	16	20.2904	75.2580
Mehgaon	35	22.6418	80.0564
Mehgaon	35	22.5478	80.0714
Mekar	11	32.2436	75.7658
Mera	11	32.1540	75.9704
Meda	09	24.3967	72.2855
Melkhed	16	20.1536	75.8139
Merwara	09	24.1438	72.4792
Meta	09	24.0440	72.3431
Methan	09	24.0327	72.2874
Mehgaon	35	22.4573	80.1372
Mehgaon	35	22.4634	80.1497
Megha	23	31.0159	74.6544
Mehdipur	23	31.1125	74.5845
Memonwas	09	24.1477	72.6554
Mepda	09	24.0110	72.5585
Mendarka	37	20.8677	81.7469
Medhatal	35	22.4806	80.5494
Mehta	23	31.9968	74.9445
Mehta Nangal	23	31.8824	74.8858
Mehdipura	23	31.8279	74.9441
Mendki	35	22.0182	80.5790
Medha	35	22.4312	80.9070
Mehrbanpur	23	31.5826	75.0046
Mehar Singhwala	23	31.3069	75.2331
Mehruwala	23	31.0461	75.1882
Mewa Singhwala	23	31.2490	75.1895
Mehdiwara	35	21.7438	80.0412
Mendki	35	21.6989	80.1015
Mendki Tola	35	21.7027	80.1175
Mengatola	16	21.3467	80.1499
Mendki	16	21.0500	80.1466
Mettewal	23	31.7494	75.4715
Metla	23	31.7214	75.5089
Mendhra	35	21.6128	80.5167
Meharu	23	31.0897	75.4589
Meda	23	31.1198	75.2699
Megian	23	31.9970	75.5258
Melawas	24	25.8485	73.7968
Meora	24	25.7941	73.8787
Melap	24	25.7524	73.8138
Mehr Bhatoli	23	31.8610	75.7329
Mehra	23	31.7820	75.5909
Metla	23	31.5291	75.5347
Merian	24	25.7232	73.9856
Mehriai	11	31.8560	75.9965
Medlipara	37	22.7347	82.3664
Mendrapara	37	22.2812	82.1110
Meldih	37	22.2823	82.2180
Mendra	37	22.0797	82.0901
Mendka	35	23.1615	75.3963
Methwara	35	22.6599	75.5560
Mehergaon	16	21.1270	75.1068
Mendra	37	22.8843	82.7206
Merja	35	21.8141	75.6661
Methakhedi	35	21.6646	75.7434
Mehu	16	20.8443	75.1172
Meregaon	37	21.1262	80.7993
Medha	37	21.1173	80.7870
Merha	37	21.0201	80.9402
Mekri	37	21.8100	82.4344
Meu	37	21.8270	82.4690
Mehadi	37	21.8326	82.4942
Menapur	36	27.1822	80.6449
Menhdipur	36	27.7419	80.8894
Mendipur	36	27.6604	80.8430
Mehdi Purwa	36	27.4245	80.8912
Menapur	36	27.4872	80.9517
Mendhabori	16	20.4446	80.1158
Mendha	16	20.4142	80.1094
Mendha	16	20.4974	80.2192
Mendha	16	20.1849	80.0723
Mendha	16	20.1708	80.2052
Mehsuli	16	20.9620	80.2984
Mehsuli	16	20.9525	80.3055
Mehsuli	16	20.9352	80.3144
Meht	23	31.2426	75.7353
Meghowal	23	31.4681	75.8108
Mehgowal	23	31.4232	75.9741
Mehtiana	23	31.3743	75.8197
Mehrmu Got	11	33.0578	76.4467
Meas	11	32.9181	76.2163
Mendha	16	20.4569	80.3493
Meru	11	32.7464	76.0555
Mendha	16	20.3990	80.2650
Metajangda	16	20.3457	80.2932
Mendha	16	20.2432	80.2792
Meharna	11	32.3875	76.0219
Mehtoli	11	32.3325	76.0742
Mehra	11	32.2952	76.1334
Mehtiari	11	32.2840	76.1538
Merindu	11	32.2681	76.0827
Mendha	37	20.1910	80.4166
Metepar	37	20.8966	80.6093
Merab	24	25.1184	73.7883
Metepar	37	20.7436	80.7386
Mendha	37	20.3759	80.6661
Mesh Got	11	32.9911	76.4608
Meregaon	37	20.7901	80.7598
Meregaon	37	20.2794	80.8549
Mero	37	20.1698	80.9280
Meta Bodli	37	20.0618	80.9742
Merhakhar	35	22.9797	81.4157
Mendar	11	32.4651	76.4368
Merhi	11	32.4439	76.3669
Merhakhar	35	22.8586	81.7453
Medhakhar	35	22.7356	81.5804
Medhakhartola	35	22.7387	81.5771
Meti	11	32.2117	76.2767
Mehalu	11	32.1160	76.2589
Menjha Buhla	11	32.0968	76.4814
Meghapara	37	22.2426	81.5532
Mena	11	32.3900	76.5026
Melam	11	32.3079	76.5529
Meria	24	26.1273	74.3288
Mewar Gate	24	26.0942	74.3187
Mehot	11	32.0666	76.8004
Mera	11	31.9443	76.2147
Mendpar	37	22.0119	81.9664
Mehma	37	21.8605	81.7614
Mendipur	23	31.1429	76.1261
Mehdipur	23	31.0208	76.1479
Mehdipur	23	31.0153	76.1962
Meharpura	11	31.8161	76.4830
Mehndwan	23	31.2352	76.5487
Mehla	11	31.2476	76.6767
Mehla	11	31.2221	76.7413
Merhapali	37	21.3809	82.9355
Megal	11	31.7597	76.9471
Metli	11	31.3401	76.8044
Men Mazra	23	30.6989	76.5235
Menda Mazra	23	30.5859	76.6659
Melin Sarkuli	19	14.5187	74.7577
Menkeri	19	14.7034	74.8799
Melin Targod	19	14.6692	74.8355
Mendla	24	26.8177	75.8812
Mednipur	37	21.2116	82.8071
Medpura	24	25.9659	75.2731
Meria	24	25.5591	75.3597
Mechka	37	20.2410	82.0989
Merana	24	23.2463	74.2328
Mehdikhera	09	23.1812	74.2324
Melania	09	23.0791	74.1662
Mehilia	09	23.0090	74.0790
Medkidabri	37	20.6909	82.3153
Menkamura	21	20.7312	82.7211
Meratal	21	20.6912	82.6740
Merhari	37	23.7998	83.2448
Meghuli	37	23.7957	83.5315
Melin Agiari	19	14.4012	74.8157
Mensi	19	14.2775	74.8219
Mendi	35	23.9899	76.1674
Meharwani	36	30.0486	77.5708
Meghakheri	35	23.6880	76.2126
Mekota Khera	39	30.8242	77.8535
Mettugudem	02	17.4487	81.5422
Mettavidi	02	17.3483	81.6274
Mekalavalasa	02	17.7162	81.8649
Meil	36	29.0932	77.7982
Methna	36	29.0597	77.7644
Mewan	36	29.0742	77.9601
Merkheri	35	23.4077	76.2037
Merkheri	35	23.4156	76.2094
Mendhapali	37	21.7706	83.1612
Meling Ghat Dogri	11	31.5201	78.3075
Mel Manji	19	14.0659	74.7554
Mel Yerur	19	14.1128	74.7584
Menasagaru	19	14.1561	74.8808
Merukheri	35	23.2105	76.0743
Merkheri	35	23.1855	76.0321
Merki Dhakar	35	23.0351	76.0757
Mehtabpura	35	23.7284	76.4502
Mekra	37	21.4585	83.2448
Mehrgaon	39	30.1633	78.7935
Mehlchauri	39	30.1779	78.8491
Melgaon	39	29.9092	78.9267
Mewa	39	29.9006	78.9247
Mendhapali	21	21.5146	83.3656
Merra	37	21.5282	83.2974
Meharpur	36	28.6259	78.2286
Mewali	36	28.0666	78.1336
Mewan	36	28.0748	78.1863
Memri	36	28.0384	78.2173
Mendauli	36	28.2167	78.4977
Mewasa	35	23.4376	76.3626
Mehdi	35	23.4312	76.4143
Mednipur	36	28.8823	78.8205
Merkheri	35	23.1929	76.2592
Mendhapali	21	21.5338	83.5164
Meri Moti	35	23.7790	76.5844
Meghla	21	21.0109	83.7270
Mehena	21	21.1361	83.8469
Meghnad	21	21.0377	83.9232
Mep	19	13.5870	74.7113
Meori Chhulha	36	27.6549	81.2714
Mehin	36	27.5598	81.4033
Meharban	36	27.6595	81.4936
Mehrgaon	36	27.5689	81.4941
Meku Purwa	36	27.4230	81.2954
Melalpur	36	27.4921	81.2907
Merai Tewari Purwa	36	27.4478	81.4895
Meharban Singh	36	26.1079	81.3253
Meku Purwa	36	26.0955	81.4624
Metara	36	26.0772	81.4949
Medhauna	36	26.3907	81.5415
Mehanpar	36	26.2058	81.6445
Mettauru	02	18.3067	82.8223
Messaguda	02	18.2757	82.8855
Mekalmetta	21	18.4511	82.8566
Metavalasa	21	18.4809	82.9250
Meta Kandel	21	18.4459	82.9212
Mersipadu	21	18.4191	82.9366
Mettaguda	02	18.2730	82.9609
Merkasinta	02	18.1136	82.7852
Mettagudem	02	18.1872	82.8943
Mettavalasa	02	18.1807	82.9979
Meba	02	18.1389	82.7511
Mettupalaiyam	25	12.7370	80.0555
Melur	25	12.7367	80.0951
Meleripakkam	25	12.6551	80.0072
Mettukuppam	25	12.6286	80.0193
Merkandai	25	12.5257	80.1183
Meyyur	25	12.5295	80.1660
Melakuppam	25	12.6037	80.1332
Melappattu	25	12.6355	80.0920
Melkanakkampattu	25	12.6494	80.1047
Mettukuppam	25	12.7439	80.1837
Mettuteruvu	25	12.7148	80.1875
Melur	25	12.6531	80.0228
Mettagudem	02	16.9337	81.2345
Mediniraopalem	02	16.8332	81.1875
Mettuchinta	02	17.3488	82.2070
Mera Kachamavaram	02	17.3345	82.3633
Medavaram	02	16.5620	81.4364
Melleswaram	02	16.3546	81.2686
Melamvaripalem	02	16.3653	81.5902
Merkapalem	02	16.3727	81.6280
Meduvayi	40	17.6830	80.9077
Mettapalem	02	17.5992	82.5752
Merakapudi	02	16.2682	80.1721
Medivada	02	17.7845	82.7812
Medacherla	02	17.9363	82.8459
Merahi	34	26.0712	84.4043
Melupaka	02	17.5860	82.9065
Meduru	02	16.9961	80.4955
Medanipur	21	19.9628	83.2081
Medanipur	21	19.9228	83.2078
Melanda	21	19.8890	83.2482
Merghara	21	19.6986	83.0419
Merkatra	21	19.6297	83.0814
Melguda	21	19.8725	83.3973
Merangpadar	21	19.8116	83.4000
Melbandi	21	19.6329	83.2887
Mellikajubba	21	19.5368	83.3211
Merkabondili	21	19.6342	83.4319
Merkadondili	21	19.6038	83.4743
Meragudi	21	19.7545	83.6317
Medavaripalem	02	16.1186	80.3706
Metawada	37	19.1432	82.0191
Melrapa	21	19.4888	83.2069
Mettaguda	02	18.3822	82.4459
Mellakatunda	21	19.0550	83.2529
Mendinguda	21	19.0338	83.3746
Melindra	21	19.0713	83.4292
Mendemguda	21	19.0600	83.4554
Meridi	21	19.3262	83.5039
Meranda	21	19.3954	83.6668
Mediputtu	21	18.6383	82.7056
Metta Sikari	02	18.2485	82.5716
Merkasinta	02	18.1294	82.6037
Mettaguda	21	18.5043	82.8284
Messangiputtu	21	18.7142	82.8832
Mettapodoro	21	18.5175	82.9338
Mettagudem	02	16.9692	80.7876
Meduru	02	16.2776	80.8452
Mehrapara	37	18.9991	81.0634
Metapal	37	18.7843	81.0845
Mettabadi	21	19.0532	83.5377
Mettaguda	37	18.4554	81.1624
Messiguda	37	18.4757	81.2365
Meramaha	21	19.8343	83.9688
Mediaputtu	21	19.5517	83.8402
Mettikhilagarai	21	19.3358	83.8179
Mettikhilagaraiguda	21	19.3367	83.8265
Meranda	21	19.3396	83.8825
Merangi	21	19.1404	83.8648
Meranda	21	19.0453	83.9730
Mendoli	37	18.8670	81.4977
Metapara	37	18.5750	81.3652
Mehrapara	37	18.7481	81.4215
Medpal	37	18.4957	81.3312
Messiguda	37	18.4560	81.3716
Metingi	21	18.9196	83.0660
Medangi	02	18.6576	83.1312
Mettavalasa	02	18.6342	83.1295
Mettavalasa	02	18.5499	83.0368
Mettuvalasa	02	18.3370	83.0835
Mettuvalasa	02	18.3445	83.0967
Medaparti	02	18.3714	83.1031
Mettavalasa	02	18.4029	83.1877
Meliyakanchuru	02	18.3530	83.1493
Medavaya	37	18.1293	81.4356
Mehombavalasa	02	18.2456	83.0349
Medaparti	02	18.2016	83.0117
Mettapalem	02	18.0693	83.0428
Mettupalem	02	18.1795	83.1197
Mettapalem	02	18.1985	83.1551
Mekada	21	18.9140	83.2689
Mettu Karada	21	18.9794	83.4499
Melapuvalasa	02	18.6498	83.2770
Mettavalasa	02	18.5405	83.3293
Metapal	37	18.8804	81.5339
Mendoli	37	18.8783	81.5151
Mehrapara	37	18.8812	81.5045
Metapal	37	18.8585	81.5382
Mehrapara	37	18.8952	81.7083
Meechvar	37	18.6490	81.5649
Mettagudiam	37	18.3839	81.5492
Mesipada	37	18.3786	81.5737
Merakamudidam	02	18.4118	83.4617
Medapalle	02	18.3882	83.2985
Mekabeda	37	18.6133	81.8198
Mettapal	37	18.6626	81.8391
Mendiguda	21	18.5432	81.9383
Mekava	02	18.7521	83.7161
Medgada	02	18.8738	83.6332
Menakota	02	18.6963	83.7151
Mettapalle	02	18.2987	83.6279
Mentipeta	02	18.4469	83.6467
Mettavalasa	02	18.3896	83.7135
Mettavalasa	02	18.2084	83.7371
Mentada	02	18.1011	83.6894
Menduguda	02	18.8791	83.7953
Mettuguda	02	18.7248	83.8194
Metturu	02	18.7433	83.9049
Mettapeta	02	18.5873	83.9679
Meriyampayi	02	18.5971	83.8713
Medamarti	02	18.4609	83.8147
Mendapeta	02	18.2848	83.9865
Medigudem	40	17.4524	81.0300
Medugudem	40	17.4826	81.1334
Medupalli	40	17.4494	81.1799
Medacharla	02	17.8955	83.0167
Mettuvaripalem	02	15.6229	80.1673
Mettagudem	37	17.8987	81.4138
Mettapalem	02	14.4693	80.0906
Melpakkam	25	13.4418	80.0593
Medunattam	25	13.4424	80.1075
Medipalaiyam	25	13.4944	80.1153
Melakkalam	25	13.4723	80.1758
Mettukuppam	25	13.4756	80.1851
Mettupalaiyam	25	13.4655	80.1945
Medur	25	13.3842	80.2183
Mettupalaiyam	25	13.2929	80.2182
Mettupalaiyam	25	13.2964	80.2406
Melmudalambedu	25	13.3586	80.1174
Melmaligaipattu	25	13.2867	79.9999
Merattur	25	13.3131	80.2562
Mettagudem	40	17.5952	81.3303
Mettagudem	40	17.4840	81.2762
Mettagudem	02	17.1864	81.3766
Merakagudem	02	17.2119	81.4258
Mehediganj	34	25.8425	84.5677
Methawalia	34	25.7936	84.6954
Methwalia	34	25.8097	84.7490
Men	24	24.3815	72.8863
Mendkichauki	35	22.9677	76.0249
Merkheri	35	22.9188	76.1729
Melan Muwara	09	23.0810	73.0541
Memadpura	09	23.1221	73.1065
Mendal	35	22.5069	76.0228
Menhdi Khera	35	22.5200	76.2023
Mevasi	09	23.1045	73.2792
Meghlia	09	23.0109	73.3823
Mekhari Muwara	09	23.0961	73.4210
Mehegaon	35	22.4995	76.1173
Mehdikhera	35	22.3980	76.1841
Mehtakheri	35	22.2305	76.0304
Metali	24	23.9162	73.7147
Mewara	24	23.6618	73.5295
Metibor	24	23.6671	73.5914
Melana	09	23.5520	73.6155
Meruwa	24	23.5043	73.7478
Metral	09	23.0688	73.8110
Mehelan	09	23.0195	73.7581
Methan	09	23.0046	73.9205
Menah	24	23.3638	74.0011
Meravas	09	24.2450	72.9427
Metral	09	24.0329	72.9730
Melmunda	39	30.0524	79.6531
Melkhet	39	30.0294	79.7817
Methantola	34	25.4064	84.5033
Meghariya	34	25.3522	84.6808
Mehdaura	34	25.3209	84.6913
Meghji ka Gurha	24	25.4638	73.5062
Mewi Khurd	24	25.4775	73.6449
Mewi Kalan	24	25.4668	73.6551
Melchauri	39	29.9822	79.3257
Mehalchaura	39	29.8403	79.3938
Mehalkhali	39	29.8425	79.4324
Mehalkhand	39	29.6777	79.3151
Meloti	39	29.6747	79.3521
Mendhri	09	22.5841	74.0862
Menpur	09	22.6479	74.1176
Mendara	35	22.5699	74.2363
Medi Para	09	22.8789	74.3048
Menli Para	09	22.8816	74.2534
Mesia Para	09	22.8213	74.4390
Meheni	35	22.2299	74.2534
Mendwal	24	24.2136	73.1080
Meri	24	24.2002	73.1660
Meharjia	39	29.3001	79.4902
Mengtia	24	24.9706	73.9505
Mertha	24	24.6353	73.8582
Meri	24	24.5968	73.9556
Meras	24	26.4678	74.1531
Meras Dhani	24	26.4269	74.1691
Meriganj	34	25.0670	84.6174
Megarda	24	26.0509	74.0878
Mewaria	24	26.3477	74.3401
Mehala	39	29.6872	79.6382
Mehian	34	25.7966	84.7769
Merti	35	22.3499	74.8852
Meronwalapura	24	26.5905	74.5286
Meora	39	29.4675	79.6179
Melkhutia	39	29.4363	79.6314
Mehdawan	34	25.6462	84.9027
Mehrauli	34	25.7302	84.8500
Meldob	39	29.4341	79.7290
Mer	39	29.4956	79.7078
Mehal	39	29.2158	79.6970
Mewarigaja	39	29.2211	79.7352
Mehal	39	29.2213	79.6894
Meldungri	39	29.9229	79.6186
Melti	39	29.8179	79.6286
Merraul	34	27.1743	84.4138
Mehnaul Khurd	34	27.2310	84.4142
Meghwal	34	27.2415	84.3484
Mechnauli	34	27.2323	84.4759
Mendpur	09	21.5396	74.0598
Mendvad	16	21.5634	74.0962
Merniyakhera	24	25.3642	74.1049
Megakhera	24	25.0703	74.0357
Mehandi	24	25.1050	74.1900
Melonikhera	24	25.2215	74.2594
Mehdia	36	26.6984	84.1314
Merhwa	34	26.4361	84.0558
Mehraur	36	26.3718	84.0214
Medakheri	24	25.1916	74.4987
Mehrauna	36	26.1725	84.0068
Meu	39	29.7488	79.8250
Mehdia Khurd	36	26.7064	84.2542
Meroli	39	29.5108	79.9398
Merwali	39	29.5158	79.9996
Mehdia	34	26.5306	84.4630
Megpura	24	25.0362	74.8107
Mehtaji ka Khera	24	25.2241	74.9491
Meghia Khargauli	34	26.9368	84.5537
Mewal	24	27.2290	75.9360
Meldob	39	29.4575	79.7556
Mendia	35	22.8917	76.3708
Merukheri	35	22.8197	76.3953
Mendia	35	22.8776	76.4501
Meghaunia	36	28.0812	79.1589
Meoda Khurd	24	25.9408	75.0618
Meoda Kalan	24	25.9967	75.2197
Mehdipur	39	28.9614	79.2876
Meondi Buzurg	36	28.6235	79.2520
Mehma Nagla	36	28.5919	79.3659
Memaur	36	28.5928	79.4879
Mehman Patti	36	28.5628	79.4686
Meghwar	34	26.2725	84.5367
Mesan	09	23.7771	73.1243
Medh	09	23.9569	73.1036
Mendi Mal	35	21.9640	74.5304
Menruka	34	26.0531	84.6701
Menruka	34	26.0556	84.6822
Merath	36	28.7632	79.6283
Merwa	34	26.8519	84.8932
Meiawal	34	26.5648	84.8385
Mendrana	35	21.6573	74.6657
Melan	35	21.6616	74.6244
Meghua	34	26.4288	84.9687
Megha	35	21.9375	74.7993
Menimata	35	21.8246	74.8803
Methaura	34	26.1766	84.8592
Melana	16	21.1827	74.8478
Meondi Rani Mewa Kunwar	36	28.4113	79.5424
Meondi Khurd	36	28.3503	79.5728
Meondi Kalan	36	28.3550	79.5674
Mehtarpur Karor	36	28.3122	79.5352
Mewa Patti	36	28.1236	79.5781
Mewati	36	28.1119	79.5817
Mehtarpur Tija Singh	36	28.2162	79.6213
Mewa Sharfapur	36	28.2213	79.6417
Meonan	36	28.1313	79.7069
Mewatpura	36	28.6788	79.8770
Methi Sadullahganj	36	28.6923	79.8892
Methi Nawadia	36	28.4922	79.7569
Meoli Kanaspur	36	25.9252	84.0306
Mehandra	36	25.9595	84.2014
Mewatpur	36	28.3853	79.9423
Mera	34	25.2827	84.7956
Mewa Bigha	34	25.1492	84.7845
Medni Chak	34	25.1919	84.9606
Megharia	34	25.1942	84.9761
Meh	34	24.8167	84.1617
Mednipur	34	24.9097	84.0923
Melanbandh	38	24.5027	84.0022
Meghubigha	38	24.5118	84.0819
Mehdibigha	34	24.5080	84.1061
Mehian	34	24.5760	84.1668
Mednipur	34	25.3592	84.1491
Meyari	34	25.0287	84.1121
Megha Math	36	25.7865	84.2713
Medan	34	24.9029	84.3264
Mehda	34	24.9052	84.3444
Mednipur	38	24.4098	84.2795
Meghuadih	34	24.4168	84.4906
Memdakheri	35	22.9472	76.6766
Mendul	35	22.5444	76.6165
Mehripurwa	38	24.0994	84.2907
Menghua	34	24.7547	84.6483
Meghathan	34	24.3651	84.5179
Meghrania	38	24.1602	84.6182
Medwadih	38	24.2370	84.6780
Mekra	34	25.4705	85.8406
Mehuns	34	25.2048	85.8347
Meramgara	38	24.0720	85.1339
Meral	38	24.0718	85.1558
Mehtarpatti	34	26.5929	86.0505
Meghwari	34	26.5790	86.1192
Megani	19	13.8909	74.7545
Mekartigadli	19	13.8987	74.9695
Merdi	19	13.6669	74.8470
Mekodu	19	13.6009	74.8887
Mennabettu	19	13.0547	74.8583
Melangadi	19	12.8187	74.8449
Meramajalu	19	12.8925	74.9590
Megur	19	15.7835	75.5748
Menasgi	19	15.8246	75.5837
Melmath	19	15.7251	75.6109
Meundi	19	15.2682	75.8312
Melinamane	19	14.1289	75.0213
Melina Sampalli	19	14.0070	75.0901
Melanduru	19	14.0854	75.2267
Menase	19	14.0347	75.1710
Mellegatti	19	14.8843	75.3642
Melkunta	02	14.3911	77.2661
Medimakulapalle	02	14.5625	77.8408
Medur	19	14.3534	75.4901
Melmari	19	14.9266	75.5185
Meundi	19	14.9455	75.6815
Medleri	19	14.6697	75.7338
Mensinhal	19	14.4220	75.6122
Melavayi	02	13.9397	77.2256
Mekalaghatta	02	13.9281	77.1456
Melekote	19	13.3294	77.0787
Mensandra	19	13.2533	77.0276
Melangavimatta	19	13.1650	77.2347
Melapuram	02	13.8422	77.4976
Melehalli	19	13.4669	77.2963
Menashi	19	13.2874	77.4890
Melekattiganur	19	13.1620	77.2773
Melya	19	13.7214	77.5433
Melinjuganhalli	19	13.4299	77.5222
Melnayakanhalli	19	13.3838	77.5103
Melekote	19	13.3658	77.6260
Medhalli	19	13.3403	77.5549
Medagrahar	19	13.1017	77.5304
Medhalli	19	13.0272	77.7191
Meruvapalli	19	13.7781	77.8692
Medur	19	13.1989	77.9240
Melanaikankatte	19	14.0577	75.8505
Melinakoppa	19	13.7946	75.2376
Mettani	19	13.6303	75.2037
Melinakurvalli	19	13.6702	75.2478
Melsunka	19	13.6280	75.0385
Melinkoppa	19	13.7134	75.0345
Menaskodagi	19	13.3294	75.1372
Megadde	19	13.4323	75.1096
Mel Wanajar	19	13.4283	75.1000
Mel Chavadi	19	13.4366	75.0761
Meljeddu	19	13.4763	75.0327
Megnamani	19	13.0262	75.1238
Mettukal	19	13.2353	75.0352
Melina Kadkod	19	13.8387	75.2631
Melina Arasi	19	13.7769	75.4627
Melina Padaravalli	19	13.7693	75.4801
Melinakoppa	19	13.7360	75.3543
Melina Kodagi	19	13.7096	75.3495
Melina Kuruguli	19	13.5587	75.3576
Melina Hadlu	19	13.6371	75.4076
Melina Arsitota	19	13.6795	75.3794
Mel Narasipur	19	13.5655	75.4974
Melbelre	19	13.4947	75.2806
Menase	19	13.4195	75.2700
Megunda	19	13.3340	75.3111
Mendalagaru	19	13.3499	75.4318
Megaramakki	19	13.4247	75.4748
Melbalulu	19	13.4600	75.4740
Megalu	19	13.2128	75.3218
Megur	19	13.1592	75.4647
Melina Chetnahalli	19	13.9507	75.6024
Melina Hanasavadi	19	13.9729	75.6160
Melbangadi	19	13.2527	75.5115
Melaholagadde	19	13.3901	75.6551
Melkunti	19	13.4332	75.6673
Melahulavati	19	13.4847	75.7035
Menasinamalledevarahalli	19	13.2696	75.7339
Metinkele	19	13.0738	75.6420
Mensumakki	19	13.0931	75.6300
Medi	40	19.2861	79.2694
Metpalli	40	19.3647	79.3888
Medagondanahalli	19	13.9228	75.9792
Medihalli	19	13.7433	75.9044
Medu	19	12.7767	75.0057
Melpadapu	13	12.5050	75.2314
Menal	19	12.6005	75.2414
Melparambu	13	12.4668	75.0081
Megoth	13	12.3699	75.1047
Mepat	13	12.4284	75.1140
Meluru	19	12.8141	75.3319
Medjna	19	12.8521	75.4436
Mehar	34	25.1821	85.5138
Mehnaur	34	25.1511	85.5267
Metpalli	40	19.1831	79.7296
Medakerehalli	19	14.5142	76.2100
Mesarahalli	19	14.4411	76.1052
Medakere	19	14.2213	76.0170
Medakeripura	19	14.2433	76.1803
Megalahalli	19	14.2305	76.2193
Mehsari	34	25.7554	85.8478
Mehsari	34	25.7432	85.8358
Mehsari	34	25.7334	85.8496
Mehsi	34	25.7337	85.8879
Meharban Chak	34	24.7376	85.0906
Mehiyan	34	24.6049	85.0705
Mero Khap	34	24.5259	85.0386
Meyapur	34	24.7334	85.2199
Meru Chak	34	24.6934	85.1226
Meari	34	24.7012	85.2626
Meharpur	34	24.7007	85.2571
Meksaur	34	24.7404	85.3592
Merhkuri	34	24.7414	85.3871
Merawal	38	24.0277	85.3748
Merkuri Kalan	38	24.0461	85.4978
Mesarahatti	19	14.4441	76.4499
Megalahalli	19	14.2494	76.3909
Medakeripura	19	14.2281	76.4397
Melinahatti	19	14.7553	76.7240
Mesarahatti	19	14.5075	76.6039
Metakurike	19	14.0037	76.5864
Medikerinaikanakote	19	14.1463	76.5943
Melinakanave	19	14.9743	76.7521
Melur	19	12.5867	76.2962
Mellahalli	19	12.6001	76.4102
Mettakere	19	12.4140	76.3793
Meanpur	34	24.8216	85.5465
Meanpur	34	24.8097	85.5585
Meghipur	34	24.9444	85.6917
Mehdipur	34	24.9209	85.6798
Meran	34	26.4271	86.1277
Meharajganj	34	26.4171	86.2053
Melina	19	12.5609	75.2781
Melinachakote	19	12.5290	75.2895
Melinakanakur	19	12.5109	75.3126
Medinadka	19	12.5406	75.3562
Metarkabail	19	12.6004	75.4993
Medubail	19	12.6121	75.4997
Mekna Baida	34	26.0924	86.0464
Meghaul	34	26.2286	86.1208
Melinahalli	19	13.6691	76.0146
Mesarhatti	19	13.6654	76.2446
Mellagannahalli	19	13.3584	76.0018
Melinahosahalli	19	13.3670	76.0959
Mettinahole	19	13.7451	76.2827
Menasinadu	19	13.7441	76.3448
Mengasandra	19	13.6840	76.4203
Menarahi	34	26.1957	86.3847
Melerangattumale	19	12.4984	75.3749
Melinabettangayi	19	12.4751	75.3538
Meladka	19	12.4527	75.4413
Mesmari Khap	34	26.0728	86.8965
Merhid	34	26.1429	86.9115
Menachore	13	12.0870	75.3350
Megulia	34	25.8923	86.0594
Meghaul	34	25.6510	86.0206
Mehdauli	34	25.5495	86.0009
Mellahalli	19	12.9393	76.2425
Melur	19	12.5061	76.1715
Melur	19	12.5168	76.1757
Mettimellahalli	19	12.9463	76.6565
Metikere	19	12.9667	76.5870
Mellahalli	19	12.9398	76.7165
Melehalli	19	12.3480	76.1100
Melukotekoppal	19	12.6713	76.6587
Melapura	19	12.3987	76.7236
Megalapura	19	12.3823	76.5509
Metagalli	19	12.3465	76.6335
Meti Kuppe	19	12.1086	76.2456
Menhan	34	25.5202	86.2663
Meghauna	34	25.6904	86.3809
Mednipur	34	25.2873	86.3175
Melahalli	19	12.3234	76.7726
Megalapura	19	12.2541	76.8089
Megalhundi	19	12.2654	76.8953
Megala Koppal	19	12.3164	76.8991
Menasi Kyatharahalli	19	12.4144	76.9146
Megadahalli	19	12.2186	76.9336
Melajipura	19	12.0014	76.8694
Medehalu	02	15.2788	77.1697
Mekadona	02	15.7433	77.3031
Medikunda	40	15.9581	77.6095
Meruguddodi	02	15.7717	77.6984
Menuan	34	25.7949	86.5464
Menuan	34	25.7684	86.6339
Menasmakki	19	12.9537	75.8845
Megatvalli	19	12.9919	75.8852
Merve	19	12.8755	75.9978
Menasa	19	12.6989	75.9422
Meharpur	34	25.0547	86.7165
Mettupalle	02	15.2905	77.8086
Melbara	34	25.8748	86.9416
Mettapalli	40	18.8559	79.2821
Medapalli	40	18.7829	79.4816
Melana	09	23.4060	73.5458
Mena	09	23.2897	73.6746
Meni Mota	09	23.1914	73.5413
Merji Mota	09	23.0912	73.6269
Mehetana Chaklia	09	23.1820	73.6853
Mehndi Purwa	36	27.3965	80.5832
Mewa Khera	36	27.2541	80.5710
Meruvambayi	13	11.8685	75.5713
Mettadi	13	11.9530	75.5547
Meladi	13	11.5117	75.6141
Menapram	13	11.7207	75.5780
Melur	13	11.4240	75.7098
Menappuram	13	11.8252	75.9807
Mehoka	23	31.6153	74.9696
Mehdipur	36	26.5893	79.2108
Medpalli	40	18.0541	79.4517
Medarametta	40	18.2970	79.6717
Mettupalli	40	18.2798	79.5787
Mellikeri	19	15.2681	76.1815
Metri	19	15.0071	76.2884
Medarahalli	19	15.1840	76.4376
Melnad	19	12.6667	75.5977
Mendil	19	15.5313	74.3244
Metyal	19	15.6198	74.8451
Menkeri	19	14.8284	74.2341
Melin Ben	19	14.7722	74.2988
Melgadde	19	14.8341	74.3508
Megankeri	19	14.4609	74.4153
Melin Savle	19	14.6010	74.6438
Mensigadde	19	14.6814	74.6766
Medankeri	19	14.3481	74.5304
Medini	19	14.3868	74.6278
Melin Bilekalmane	19	14.4379	74.7011
Mettangadde	19	14.2838	74.7061
Mettinahole	19	13.7954	74.6802
Men Kurdru	19	13.3936	74.7484
Meghpur	34	26.5954	85.7604
Metan	34	26.2215	87.4566
Mehengaon Milik	28	26.0695	87.8896
Mehengaon	34	26.0723	87.8832
Meherganj	34	26.2400	87.9217
Medhitola	34	25.4986	87.1840
Meghnath	38	25.1069	87.3493
Mehrma	38	25.2005	87.3673
Meghchatar	38	25.1997	87.4134
Mehdipokhar	38	25.2037	87.4727
Meghi	38	25.0539	87.4579
Merdade	38	25.0221	87.4754
Meharpur	34	25.2615	87.3516
Merhwan	34	25.3942	85.2343
Mehdipur	34	25.4527	85.1823
Mehdai	34	25.5961	87.5832
Merhaul	34	25.6598	87.6819
Mehdipokhar	38	25.1826	87.7401
Mesurpara	28	25.4353	87.8585
Meghdumra	28	25.3081	87.9897
Medni Chak	38	24.9869	87.2470
Metiachua	38	24.2881	87.6641
Mehiatola	34	25.0176	85.1247
Mehdi Chak	34	25.1559	85.0964
Mehdipur	34	25.1750	85.1155
Metara	34	25.1948	85.1507
Medni Bigha	34	25.2402	85.1867
Metiapahari	38	24.6402	87.7997
Meladanga	28	24.1500	87.8778
Mehegram	28	24.2488	87.8535
Meghpur	34	25.7789	85.4621
Merkhedi	35	21.6737	75.0687
Mehatgaon	35	21.7020	75.1548
Mehtarwan	34	25.3019	85.3716
Mear	34	25.2506	85.4825
Merhi	34	25.1279	85.2627
Meghi	34	25.1521	85.4769
Mehsi	34	25.9218	85.5323
Meharchandtola	34	25.4842	85.5365
Meora	34	25.4413	85.6494
Mehun	16	21.0979	75.9832
Medapi	02	16.0347	79.4993
Meharun	16	20.9944	75.5731
Mekaladinne	02	16.3388	79.6141
Mellavagu	02	16.3455	79.7381
Meerpet	40	17.3252	78.5316
Mednipur	40	17.9076	78.8037
Mehkaranwala	24	25.5816	70.7468
Mebe ki Dhani	24	25.5102	70.6960
Mehdipur	34	26.1757	87.7275
Mehdinagar	34	26.0753	87.6758
Mehuna	16	20.0356	75.7107
Mehegaon	16	20.6795	75.8716
Meru	36	27.3695	80.0832
Meoni	36	27.2815	80.1656
Mendwa	36	27.4576	80.1379
Mehani Khera	36	27.0505	80.2023
Menhdi Piparia	36	27.8742	80.3742
Mehda	36	27.8840	80.3825
Medibandal Penta	40	16.0397	78.7659
Melnariyappanur	25	11.6182	78.8096
Memnagar	09	23.0522	72.5338
Mezhathur	13	10.7843	76.1280
Medpalli	02	19.1322	78.4120
Mekalollapalli	19	13.6839	77.8147
Medimakalahalli	19	13.6417	77.7683
Mellur	19	13.3470	77.8260
Medardoddi	19	12.8229	77.1457
Megadhalli	19	12.2120	77.0679
Megalpura	19	12.3929	77.1322
Menasigeri	19	12.4708	77.0606
Melahalli	19	12.4853	77.0325
Melahalli	19	12.4766	77.0365
Medini	19	12.2070	77.1209
Melahalli	19	12.0526	77.0001
Melahalli	19	12.0336	77.0337
Melinhalli	19	12.9261	77.2543
Melahalli	19	12.8176	77.2778
Medmaranhalli	19	12.7012	77.4515
Melindoddi	19	12.7392	77.3741
Megaderdoddi	19	12.7013	77.3184
Menasinhalli	19	12.5753	77.2952
Melikota	19	12.5574	77.4137
Meganaikadoddi	19	12.4216	77.4323
Mettaigaudandoddi	19	12.2268	77.3041
Medhalli	19	12.7147	77.6774
Medhalli	19	12.7336	77.7395
Menasiganhalli	19	12.6633	77.7015
Medumutukottai	25	12.5037	77.6958
Mellemuttukottai	25	12.5087	77.7094
Mettupalle	02	15.2413	78.1158
Medidinne	02	14.9379	78.4375
Medikurti	02	14.7474	78.0742
Mekavaripalle	02	14.8379	78.9982
Menpalavandlapallle	02	14.1206	78.8696
Mekalapalli	19	13.7730	78.0678
Mekalavaripalle	02	13.7230	78.1194
Mekalavandlapalle	02	13.6615	78.2017
Mekalavandlapalle	02	13.6687	78.0825
Medihala	19	13.1847	78.0509
Mekalavandlapalle	02	13.8308	78.4510
Mekalavandlapalle	02	13.7959	78.4479
Merikelavandlapalle	02	13.7620	78.4843
Medipalle	02	13.5879	78.4229
Meleri	19	13.1726	78.2934
Melagani	19	13.1108	78.4172
Mel Yayilur	19	13.0744	78.4065
Mekalavaripalle	02	13.4682	78.6316
Mekanswamipalle	02	13.4133	78.7225
Melupatla	02	13.3740	78.5801
Melamdoddi	02	13.3382	78.5470
Mekalaswamipalle	02	13.3245	78.5237
Melumayi	02	13.2417	78.7378
Mekalanagireddipalle	02	13.0818	78.6492
Medhalli	19	12.8236	77.7867
Menasandoddi	25	12.7569	77.9652
Medhatti	19	12.9693	77.9867
Medhalli	19	12.9684	77.8448
Medmalsandra	19	12.9523	77.8300
Medapalli	25	12.6819	77.7619
Mettarai	25	12.5789	77.9748
Medhatti	25	12.4526	77.7771
Melpuram	25	12.4593	77.7930
Menandoddi	25	12.7863	78.0236
Medepalli	25	12.6314	78.0323
Melumalai	25	12.6113	78.0962
Medinaikanpalaiyam	25	12.6718	78.0905
Mettur	25	12.5343	78.1971
Mekalanayakkanhalli	25	12.2836	78.0795
Melkallur	25	12.2361	78.1423
Mekalanayakkanhalli	25	12.2306	78.1543
Melur	25	12.2360	78.2121
Medduru	02	12.7764	78.3294
Metakapalli	19	12.9658	78.4173
Melpi	19	12.9190	78.4231
Medugampalli	25	12.6178	78.3269
Mekalachinnampalli	25	12.5992	78.2566
Mestrigavunduru	25	12.6399	78.4593
Melappatti	25	12.2676	78.3643
Meylampatti	25	12.3452	78.3716
Meduhalli	25	12.1946	78.2599
Mettuttangal	25	12.2270	78.4206
Melachchamangalam	25	12.5272	78.5341
Mettusakkaraikkuppam	25	12.5761	78.5864
Mettupalaiyam	25	12.6901	78.6120
Melkuppam	25	12.7279	78.6350
Melur	25	12.9880	78.8101
Mettuppatti	25	12.2579	78.5879
Merkathiyanur	25	12.4167	78.6207
Melur	25	12.3801	78.6909
Melpattu	25	12.3562	78.6623
Melpallipattu	25	12.2644	78.7397
Melchengam	25	12.2776	78.7244
Melvayattanankuppam	25	12.8496	78.7755
Melmurungi	25	12.8479	78.7745
Melkottakuppam	25	12.8472	78.7555
Melur	25	12.7732	78.7883
Melmuttukur	25	12.9232	78.8623
Melalattur	25	12.9118	78.8825
Melur	25	12.9819	78.9587
Melmayal	25	12.9889	78.9931
Melsilambadi	25	12.5115	78.8410
Melpallipattu	25	12.7397	78.8303
Melarasampattu	25	12.6867	78.8774
Melchippalli	25	12.5526	78.9792
Metmarathur	25	12.6532	78.9542
Melnambiyapattu	25	12.6812	78.9819
Melkuppachchiyur	25	12.7239	78.9548
Melninjamanthai	25	12.7408	78.9696
Melkappur	25	12.0694	78.7665
Meikot	25	12.1764	78.9740
Meyyandappatti	25	12.1818	78.5382
Melsengampadi	25	12.1080	78.6164
Melvanakkambadi	25	12.2469	78.7476
Melravandavadi	25	12.2065	78.7053
Melappasar	25	12.1044	78.7426
Melvalasai	25	12.0199	78.7053
Metta	02	15.4474	78.9012
Melamdevarapalle	02	14.1959	78.2690
Mekalacheruvu	02	14.0397	78.3104
Meruguvaripalle	02	14.2574	78.6342
Mekalavandlapalle	02	14.2536	78.5349
Mettuvaripalle	02	15.5704	79.4797
Mekalavaripalle	02	15.6631	79.3516
Mekapadu	02	15.8857	79.7166
Mekapadu	02	15.3601	79.6800
Mettavaripalem	02	15.1616	79.5664
Medarametlapalem	02	15.0248	79.7945
Mettamanepalli	02	14.5339	79.1965
Mekavaripalli	02	14.1416	79.1632
Merkinpeta	02	14.5566	79.9460
Mekamuru	02	14.0768	79.8359
Mekalavanipalli	02	13.8213	79.0807
Mellavandlapalli	02	13.7907	79.0416
Metharapalli	02	13.7032	79.1471
Medesanivandlapalli	02	13.6775	79.0734
Merevaripalli	02	13.6710	79.1492
Mekalavandlapalli	02	13.6442	79.0239
Mettapalli	02	13.2310	79.0570
Melireddikhandrika	02	13.1878	79.0646
Meturu	02	13.0874	79.1215
Mestrikhandrika	02	13.2237	79.1606
Metur	25	13.0096	79.2286
Metturu	02	13.4616	79.2687
Melapundi	25	13.3137	79.4728
Meddenattam	02	13.1490	79.3364
Melvenkatapuram	25	13.0447	79.4041
Melvalasai	25	13.0804	79.3331
Melandaparai	25	13.0841	79.3566
Melvenkatapuram	25	13.0975	79.4458
Melchuru	02	13.9034	79.7303
Merlapakkam	02	13.7003	79.6069
Metlegunta	02	13.4092	79.5629
Mettupalaiyam	02	13.3135	79.5464
Melapattu	02	13.3006	79.5624
Mettukhandigai	02	13.2844	79.6484
Melbakkam	02	13.3605	79.6707
Mettavadi	25	13.1181	79.5122
Melkalattur	25	13.0440	79.5733
Mettur	25	13.0072	79.5167
Meleri	25	13.0234	79.5678
Melanturai	25	13.0400	79.6415
Melkadu	25	13.0439	79.6119
Melpakkam	25	13.0665	79.6450
Melandaikhandigai	25	13.0928	79.6282
Melkesavarajapeta	25	13.1290	79.5934
Mettukuppam	25	13.1929	79.6379
Medipalagunta	02	13.7670	79.8032
Menskura	02	13.9162	79.8420
Menskura	02	13.9184	79.8463
Mettupalem	02	13.9951	79.9963
Mettukuppam	02	13.5406	79.9372
Melakkaramanur	02	13.3256	79.8715
Mettupalaiyam	25	13.2240	79.8141
Mettur	25	13.2184	79.8265
Melvilagam	25	13.1310	79.8208
Melnallattur	25	13.0888	79.9072
Melsembedu	25	13.2349	79.9773
Melanur	25	13.2030	79.9482
Melkuppamchinnavur	25	12.6987	79.0038
Melsanarkuppam	25	12.6730	79.0022
Melmurukkamandai	25	12.6498	79.0292
Melpuligankuppam	25	12.6420	79.0191
Melkanavayur	25	12.6400	79.0053
Melkuppam	25	12.7189	79.1302
Melnagar	25	12.6967	79.1949
Meppatturai	25	12.4119	79.0326
Mel Vanniyanur	25	12.4572	79.0648
Mekalur	25	12.2980	79.2355
Melserupakkam	25	12.1819	79.0106
Melsettipattu	25	12.1907	79.0286
Meyyur	25	12.1726	79.0325
Melkachirayampattu	25	12.1754	79.0564
Melandal	25	12.0468	79.0138
Melputtiyandal	25	12.1945	79.0695
Melnakkarai	25	12.2029	79.0693
Meltikkan	25	12.2176	79.0776
Mettupalaiyam	25	12.2374	79.2356
Mettur	25	12.8896	79.2547
Melathangal	25	12.8032	79.2941
Mettugudisai	25	12.7934	79.2978
Melkuppam	25	12.9894	79.3495
Mettur	25	12.8965	79.3839
Melmodu	25	12.9057	79.4034
Melapattai	25	12.7688	79.4142
Mechcheri	25	12.8007	79.4574
Melviranam	25	12.9816	79.4648
Melbuderi	25	12.7675	79.4914
Melpuravadai	25	12.4830	79.2516
Mettuvailamur	25	12.4209	79.2652
Melvallamur	25	12.4122	79.2602
Meyyur	25	12.7108	79.2840
Melpuduppakkam	25	12.6615	79.3733
Melsishamangalam	25	12.6342	79.3462
Melputtur	25	12.6093	79.3713
Melanur	25	12.5989	79.3433
Melpundi	25	12.5136	79.3692
Melpalaiyam	25	12.5155	79.4109
Melsattanmangalam	25	12.5700	79.3854
Melapandai	25	12.6565	79.3943
Melnagarambedu	25	12.6423	79.4105
Melpulam	25	12.7298	79.4065
Melnelli	25	12.7293	79.4510
Melmattai	25	12.6139	79.4343
Melnemmilli	25	12.5585	79.4839
Melkolattur	25	12.6050	79.4909
Melsevalambadi	25	12.4139	79.3028
Mettupalaiyam	25	12.2632	79.2740
Melarungunam	25	12.2831	79.3098
Melpuduppattu	25	12.2923	79.3174
Melmampattu	25	12.3199	79.3267
Melmalaiyanur	25	12.3396	79.3256
Melnemali	25	12.4139	79.3460
Melvillivalam	25	12.4536	79.3723
Melatangal	25	12.4951	79.4073
Melnandivambadi	25	12.4428	79.3907
Mettur	25	12.4300	79.4108
Melkaranai	25	12.3921	79.3841
Melmannur	25	12.3166	79.3765
Melacheri	25	12.2840	79.3925
Melachcheri	25	12.4623	79.4175
Melolakkur	25	12.3387	79.4888
Melkuppam	25	12.2206	79.3040
Melvalai	25	12.0250	79.3274
Medu	25	12.0355	79.4185
Melkaranai	25	12.0802	79.4323
Melpulam	25	12.9146	79.5431
Melkanjankuzhi	25	12.8158	79.5585
Melappettai	25	12.8342	79.5620
Mettuteruvupudunattam	25	12.9944	79.5550
Mettuvettangulam	25	12.9596	79.5919
Melvenbakkam	25	12.9133	79.6111
Melbangaram	25	12.9004	79.6258
Melottivakkam	25	12.8564	79.6236
Mettupalaiyam	25	12.8244	79.6377
Melkadirpur	25	12.8389	79.6549
Mettukuppam	25	12.8537	79.6395
Melambi	25	12.8726	79.6409
Menallur	25	12.7454	79.7075
Melkodunkalur	25	12.5053	79.6877
Melma	25	12.5903	79.6401
Melnarama	25	12.5673	79.6597
Menallur	25	12.5833	79.7418
Meltuli	25	12.5516	79.7300
Melolukarai	25	12.6777	79.7383
Melpakkam	25	12.6616	79.7008
Melsembedu	25	12.5480	79.5076
Mettuteruvu	25	12.5259	79.5647
Melpadi	25	12.5174	79.5107
Melapattu	25	12.7320	79.5412
Mettuteruvu	25	12.5162	79.5960
Mettur	25	12.5571	79.5799
Meleri	25	12.9713	79.7907
Melattipakkam	25	12.3253	79.5380
Melattur	25	12.2812	79.5165
Melsittamur	25	12.2714	79.5136
Melsiviri	25	12.3592	79.5542
Meladanur	25	12.3316	79.6350
Melmavilangai	25	12.3266	79.6011
Melpettai	25	12.2661	79.6867
Melpakkam	25	12.2809	79.6618
Melnattam	25	12.4291	79.7388
Melkondai	25	12.0652	79.5310
Mettunattam	25	12.1263	79.6633
Mettupalaiyam	25	12.1637	79.7494
Melmaduramangalam	25	12.9364	79.7917
Melputtur	25	12.7580	79.7818
Melmanapakkam	25	12.7785	79.8950
Melacheri	25	12.7789	79.8991
Melacheri	25	12.7728	79.8960
Mettupalaiyam	25	12.8676	79.9153
Mettupalaiyam	25	12.5607	79.7591
Melma	25	12.5681	79.8928
Melvalam	25	12.5409	79.9130
Mettupalaiyam	25	12.5526	79.9161
Melamayyur	25	12.6729	79.9891
Melmaruvattur	25	12.4283	79.8303
Melvasalai	25	12.3728	79.9274
Melkandai	25	12.4547	79.9485
Melati	13	11.8950	76.0128
Metkathundi	19	11.8723	76.1638
Melmuri	13	11.0716	76.0708
Mel Attipali	25	11.5222	76.4805
Mellalmab	13	11.6296	76.2987
Melkavai	25	11.3856	76.6583
Melur	25	11.4718	76.6979
Mettucheri	25	11.4085	76.6953
Melodayaratti	25	11.3648	76.7163
Melkoderu	25	11.3224	76.7169
Melur	25	11.2973	76.6976
Melekandiyur	13	11.0743	76.5905
Mele Ummathumpadika	13	11.1562	76.6330
Melkundah	25	11.2499	76.6316
Melhundi	19	11.9772	76.8234
Metlavadi	25	11.7707	76.9417
Menalcher	25	11.3674	76.7537
Mendarai	25	11.3680	76.9340
Mettukal	25	11.4166	76.9716
Mel Farali	25	11.2316	76.7701
Mettuppalaiyam	25	11.0930	76.9757
Melmuri	13	10.9588	76.0444
Melazhiam	13	10.8250	76.0389
Melmuri	13	10.8087	76.0220
Melmuri	13	10.8581	76.1698
Melur	13	10.8289	76.3816
Melakka	13	10.6106	76.2912
Melur	13	10.2943	76.3551
Meladur	13	10.2330	76.2942
Mettanam	13	10.0976	76.2909
Mekkad	13	10.1717	76.3597
Mekaladi	13	10.1732	76.4551
Mednipur	34	25.3353	87.6376
Mepparamba	13	10.7754	76.6164
Mettuveni	13	9.2740	76.4651
Mela Perundurai	13	9.6193	76.9598
Melila	13	9.0049	76.8303
Mepperur	13	8.7863	76.8253
Memanakonam	13	8.8275	76.7543
Mevarkala	13	8.7322	76.8148
Meltonakkal	13	8.6495	76.8538
Menamkulam	13	8.5646	76.8593
Mettuppalaiyam	25	11.2097	77.1621
Mettuppalaiyam	25	11.0861	77.2479
Metala	13	10.0687	76.5458
Mettur	25	10.9521	76.9897
Menampalli	13	9.2158	76.5197
Memana	13	9.1238	76.5229
Mel Vettikkad	13	9.0408	76.5920
Mengara	13	9.0794	76.5787
Meddad	13	8.9977	76.5265
Mekkumbhagam	13	8.9802	76.5526
Mettuppudur	25	11.4528	77.2766
Meduganai	19	11.9991	77.5973
Mettupudur	25	11.4980	77.2869
Mettuppalaiyam	25	11.3848	77.3341
Mettur	25	11.3923	77.4408
Mettuppalaiyam	25	11.3159	77.3612
Mettuvalavu	25	11.2776	77.3771
Mettuvalavu	25	11.3014	77.4225
Merkuppadi	25	11.2655	77.3577
Mettuppudur	25	11.2520	77.4976
Mettuppalaiyam	25	11.2020	77.2538
Mettuppudur	25	11.1841	77.4267
Melakkavundanpalaiyam	25	11.1889	77.4731
Mettuppudur	25	11.1797	77.4937
Mettuppalaiyam	25	11.1154	77.3403
Mettukattupudur	25	11.1144	77.3562
Mekala Chennampatti	25	11.8802	77.7207
Mettur	25	11.5862	77.5783
Mettur	25	11.5870	77.7106
Mettur	25	11.5667	77.5696
Mettur	25	11.5167	77.6068
Mettur	25	11.5383	77.6992
Mettuppalaiyam	25	11.5447	77.7457
Mettuppalaiyam	25	11.5060	77.7133
Mettuppalaiyam	25	11.4348	77.5033
Mevani	25	11.4996	77.5307
Mepudur	25	11.3357	77.6319
Mettuppalaiyam	25	11.2749	77.5335
Mettuppalaiyam	25	11.2754	77.6418
Mettuppalaiyam	25	11.2535	77.6639
Mettuppalaiyam	25	11.2581	77.7063
Mettur	25	11.3093	77.5224
Mettuppalaiyam	25	11.1911	77.7023
Mettuppalaiyam	25	11.2238	77.7408
Merkupalaiyam	25	11.1497	77.5180
Melappalaiyam	25	11.1660	77.5953
Mettur	25	11.1353	77.6574
Mettuparai	25	11.0088	77.5002
Melappalaiyam	25	11.0611	77.6725
Mettangadupudur	25	11.0282	77.7023
Mettumaranur	25	11.7161	77.9506
Mettur	25	11.7247	77.9611
Mettuppatti	25	11.6882	77.9566
Mettuppalaiyam	25	11.6288	77.9401
Meyyampalaiyam	25	11.6116	77.8830
Mettur	25	11.5106	77.8337
Mettukkadu	25	11.5116	77.9406
Metturkottayi	25	11.8929	77.7774
Mettutinnur	25	11.8562	77.7611
Mettuttandavanpatti	25	11.8329	77.8835
Mettuppatti	25	11.8307	77.9550
Mettuppalaiyam	25	11.3982	77.9645
Mettuppalaiyam	25	11.3700	77.9512
Melakattur	25	11.3879	77.7585
Melsattambur	25	11.2249	77.9919
Mettuppalaiyam	25	11.2096	77.9718
Mettumarnattam	25	11.1548	77.9299
Mettupudur	25	11.1119	77.8619
Mettur	25	11.0757	77.9347
Mettubavi	25	10.8404	77.1219
Mettuppalaiyam	25	10.7478	77.0105
Mettampalaiyam	25	10.8782	77.4860
Merku Kullampalaiyam	25	10.8865	77.2799
Merku Sadaiyapalaiyam	25	10.7998	77.2837
Mettuppalaiyam	25	10.7434	77.2986
Mettuppalaiyam	25	10.7437	77.4674
Metratti	25	10.6571	77.3376
Melkaraipatti	25	10.5974	77.4738
Meppuliyur	25	11.6548	79.3161
Mettuppalaiyam	25	11.6790	79.3871
Merkiruppu	25	11.6184	79.4172
Mel Kuppam	25	11.5745	79.4366
Mel Padi	25	11.5320	79.4894
Mel Papanappattu	25	11.5338	79.4866
Mettukkuppam	25	11.5650	79.4996
Mel Kangayankuppam	25	11.6644	79.4786
Melur	25	11.2521	79.3475
Mel Neduvaynattam	25	11.3288	79.3527
Mel Kavaraippalaiyam	25	11.3468	79.3819
Melavallam	25	11.3881	79.3817
Mel Puliyangudi	25	11.4131	79.3934
Melpalaiyur	25	11.4682	79.3798
Mettukkuppam	25	11.4803	79.4063
Mel Kandiyankuppam	25	11.3617	79.4210
Mettukkuppam	25	11.3563	79.4318
Melanikkuli	25	11.2664	79.4906
Melurtattanur	25	11.1497	79.2667
Melmakkolpatti	25	11.1137	79.3322
Mel Attukkurichchi	25	11.0322	79.3503
Melakkudikkadu	25	11.0813	79.4033
Mekkolpatti	25	11.1024	79.3527
Mel Chintamani	25	11.1033	79.3714
Melappatti	25	11.1127	79.3342
Mel Kudiyiruppu	25	11.2076	79.3546
Mettutteru	25	11.2492	79.4012
Mel Sambuodai	25	11.2098	79.4575
Meyyaputtur	25	11.1936	79.4696
Mel Vembugudi	25	11.1633	79.4358
Mel Vakkaramari	25	11.1251	79.4128
Mettuteru	25	11.0244	79.4937
Mel Kattur	25	11.1126	79.4832
Mel Amaravati	25	10.8465	79.3879
Mel Korukkai	25	10.9291	79.3832
Melakkaveri	25	10.9725	79.3692
Mel Puliyampettai	25	10.9756	79.4045
Mel Innambur	25	10.9925	79.3364
Mel Mattur	25	10.9060	79.4375
Mel Nagappadi	25	10.8836	79.4594
Mel Adichchamangalam	25	10.8064	79.4818
Mel Karai	25	10.7856	79.4779
Mel Karai	25	10.7599	79.4667
Mel Vannippattu	25	10.6171	79.3084
Medayakkollai	25	10.5111	79.2819
Mel Nattam	25	10.5367	79.4333
Mel Vasal	25	10.6701	79.4176
Melalavandaseri	25	10.7306	79.4633
Mel Karnavur	25	10.6978	79.4631
Mel Nattam	25	10.6126	79.4575
Mel Nammankurichchi	25	10.4378	79.4540
Melamayanur	25	10.7000	79.5611
Melakottagam	25	10.5552	79.5391
Mela Korukkai	25	10.5442	79.6914
Melvalaikkarai	25	10.6433	79.7413
Mel Kavattankurichchi	25	10.9600	79.0596
Mettutteruvu	25	10.9180	79.0488
Mettutteruvu	25	10.9148	79.0015
Melur	25	10.9337	79.2220
Mel Chittakkadu	25	10.8011	79.1910
Mel Kalakkudi	25	10.8068	79.2113
Mel Mahanam	25	10.7846	79.2342
Mel Kadukaval	25	10.7975	79.1691
Mekkaraippatti	25	10.6159	79.0143
Mettuppatti	25	10.6694	79.0870
Mel Perumalai	25	10.4420	79.5888
Melaiyur	25	10.9903	79.5024
Mel Paruttikkudi	25	10.9848	79.5495
Mel Tirumadikkunnam	25	10.7681	79.5473
Melanangarai	25	10.7609	79.6001
Melenangudi	25	10.8805	79.6718
Mel Odiyattur	25	10.7690	79.7236
Mel Budanur	25	10.8469	79.7311
Menangudi	25	10.9480	79.7036
Mel Kadagam	25	10.9726	79.7118
Mel Nagore	25	10.8250	79.8197
Mel Vanjiyur	22	10.8372	79.8396
Merhitoli	38	23.6955	85.1481
Merhi	38	23.5627	85.2320
Mesal	38	23.4425	85.1361
Meral	38	23.3578	85.2192
Menha	38	23.1666	85.1343
Merle	38	23.0936	85.1248
Memratoli	38	23.6396	85.2947
Mehagberatoli	38	23.6153	85.2729
Melani	38	23.5953	85.3076
Mesra	38	23.4339	85.4152
Merha	38	23.2096	85.3395
Meral	38	23.0214	85.2544
Menjurnachuatoli	38	23.8850	85.5882
Meretongritoli	38	23.4151	85.5326
Mednichhapartoli	38	23.4192	85.7047
Merha	38	23.3296	85.5919
Merudaru	38	23.6509	85.7836
Merha	38	23.5600	85.8917
Meramhara	38	23.5351	85.9505
Medni	38	23.3957	85.8126
Merend	28	23.4052	85.9242
Metyala	28	23.3599	85.9262
Mesya	28	23.3294	85.9170
Merambir	38	22.7849	85.0181
Mermenda	38	22.5963	85.1783
Meral Ikir	38	22.4684	85.0861
Mednisai	38	22.3505	85.2074
Meramgutu	38	22.8653	85.3201
Mendisoya	38	22.5238	85.2764
Mehdipur	34	25.3902	86.7324
Metaria Manjhi	38	24.1973	86.8828
Metalia Majhli	38	24.1933	86.8770
Metaria Panre	38	24.1920	86.8998
Merhaura	38	23.5247	84.1591
Medaritoli	38	23.0340	84.4117
Meral	38	23.8983	84.6488
Merle	38	23.4446	84.5999
Merho	38	23.3621	84.6735
Meryatoli	38	23.1260	84.6579
Mehdiatanr	38	23.8695	84.9099
Merle	38	23.5073	84.8479
Melani	38	23.4619	84.9307
Menjhurchundih	37	22.6779	84.0187
Meromloya	38	22.5981	84.3226
Medatoli	38	22.6129	84.4200
Mehdatoli	38	22.5798	84.4384
Merdartoli	38	22.8434	84.9545
Merhakai	21	21.7158	84.0095
Menjurgarha	38	22.4593	84.9323
Mednipur	21	21.9678	84.1134
Mendhabahal	21	21.6218	84.1864
Mel Tattiyappatti	25	9.5475	77.6504
Mel Gopalapuram	25	9.6121	77.6549
Mettumullikkulam	25	9.5077	77.6956
Melpatti	25	9.6980	77.7422
Mel Pattam Karisalkulam	25	9.4750	77.5706
Mel Sendattiyapuram	25	9.3432	77.5848
Mel Marattoni	25	9.2648	77.6086
Mel Kulasekharrankottai	25	9.2852	77.5994
Mettuvadakarai	25	9.3475	77.6251
Mettupatti	25	9.3649	77.6698
Mel Kodangipatti	25	9.4191	77.6647
Mel Kalingal	25	9.0281	77.5038
Mel Vayali	25	9.2498	77.5701
Mel Marikalankulam	25	9.0272	77.6080
Mel Narikkudi	25	9.0309	77.6353
Mel Nalantila	25	9.0917	77.7153
Melpattu	25	8.7212	77.3675
Melmukasankudi	25	8.6836	77.4644
Mekkekulikkod	25	8.2656	77.2694
Mekkemandapam	25	8.2821	77.2991
Mela Mattur	25	8.3357	77.2871
Mekkod	25	8.3075	77.3173
Melkara	25	8.3027	77.4383
Melkara	25	8.2101	77.2620
Melaperuvila Vaniyakudi	25	8.1821	77.3945
Melaperuvila	25	8.1790	77.3850
Melapudur Saharkudi	25	8.1183	77.3942
Mellamkumaranvila	25	8.1501	77.4305
Melaramanpudur	25	8.1741	77.4199
Melacheri	25	8.1909	77.4406
Mel Ilandaikkulam	25	8.9446	77.6871
Mettu Pacheri	25	8.8920	77.7499
Mel Karuvelangulam	25	8.5300	77.5584
Mel Pattai Sanarkudi	25	8.5310	77.5391
Mel Kallur	25	8.7098	77.5827
Melur	25	8.5481	77.5910
Mel Kallikkulam	25	8.5345	77.6107
Mel Kaduvetti	25	8.5670	77.6193
Mel Tidiyur	25	8.6212	77.6472
Mel Sengulam	25	8.6164	77.6663
Mel Tiruvengadanathapuram	25	8.6910	77.6660
Mel Viraraghavapuram	25	8.7206	77.7011
Mel Nattam	25	8.7097	77.7003
Mel Munnirpallam	25	8.6809	77.6849
Merankulam	25	8.4755	77.6333
Mela Kallikulam	25	8.3494	77.6560
Melakkaravila	25	8.1012	77.5256
Mettukudi	25	8.1438	77.5782
Melaottayalvilakudiyiruppu	25	8.0951	77.5549
Melapavaniseri	25	8.1712	77.5943
Mel Pattam	25	8.7621	77.7768
Mel Maniyachichi	25	8.8571	77.8767
Mel Mangalam	25	8.9581	77.9568
Mel Mudiman	25	8.9577	77.9862
Mel Puttaneri	25	8.7214	77.8207
Melachiriyandur	25	8.5932	77.7993
Mel Vagaikkulam	25	8.7366	77.9969
Mel Palaiyam	25	10.9613	78.1293
Mel Kattalai	25	10.9529	78.1708
Mel Mayanur	25	10.9501	78.2067
Mettunagaram	25	10.9140	78.2016
Meladai	25	10.8707	78.2127
Mel Muniyanur	25	10.8938	78.2426
Mettaippatti	25	10.6279	78.1431
Mettuppatti	25	10.7011	78.1807
Mettur	25	10.6739	78.1824
Mettur	25	10.3420	78.0117
Mettuppatti	25	10.2617	78.0796
Mettuppatti	25	10.3212	78.1212
Mettuppatti	25	10.4539	78.1314
Merkuppatti	25	10.3493	78.2320
Mettupatti	25	10.1113	78.0446
Melachinnampatti	25	10.0473	78.0416
Meriyampatti	25	10.0478	78.0519
Mettuppatti	25	10.0323	78.1300
Mettuppatti	25	10.0468	78.1103
Mettuppatti	25	10.1387	78.1418
Mela Mettuppatti	25	10.1408	78.1379
Melmettuppatti	25	10.2042	78.2260
Mettuppatti	25	10.1849	78.2054
Mettu Mahadanapuram	25	10.9406	78.3064
Mel Kuppureddipatti	25	10.9150	78.3000
Mel Komatteri	25	10.8636	78.3167
Mel Mettuppatti	25	10.8160	78.4105
Melappatti	25	10.8707	78.4295
Mettuppatti	25	10.8891	78.3596
Melappalaiyam	25	10.9486	78.3898
Mettuppatti	25	10.9809	78.4369
Melappatti	25	10.7898	78.4998
Mettur	25	10.7455	78.3066
Mettuppatti	25	10.5450	78.3438
Mettuppatti	25	10.5096	78.3868
Mettuppatti	25	10.5027	78.4110
Mettuppatti	25	10.7428	78.4054
Merku Sevalpatti	25	10.5731	78.4661
Meyampatti	25	10.4586	78.3555
Mettuppatti	25	10.4210	78.3654
Mettuppatti	25	10.4093	78.3576
Merku Ullaikkattuppatti	25	10.3970	78.2920
Mettuppatti	25	10.4049	78.2602
Mel Puduppatti	25	10.3341	78.4290
Melur	25	10.3751	78.3514
Mettuppatti	25	10.4811	78.4705
Mettu Chowki	13	10.1373	77.2547
Mel Paravu	25	10.0655	77.3230
Mettuppalaiyam	25	10.9998	77.7264
Mettuvalasu	25	10.7734	77.6668
Mettuvalasu	25	10.7652	77.5679
Mettuvalasu	25	10.6218	77.5264
Mettuppatti	25	10.6013	77.5792
Meyampatti	25	10.2180	78.2501
Melappatti	25	10.1227	78.3080
Melvalaivu	25	10.1006	78.3191
Melappatti	25	10.0838	78.3111
Melappatti	25	10.1457	78.3937
Menmettuppatti	25	10.2110	78.4044
Mel Patti	25	10.2357	78.4028
Mettuppatti	25	10.2191	78.4705
Melpallam	25	10.3360	77.5640
Melmangalam	25	10.1015	77.5811
Mel Vadippatti	25	10.0842	77.6868
Mekkudi	25	10.8526	78.6255
Mel Chintamani	25	10.8371	78.6917
Mel Kannukulam	25	10.9527	78.5927
Mel Mullakkudi	25	10.8340	78.7218
Mel Nangavaram	25	10.8784	78.5260
Mel Puduppatti	25	10.7539	78.5233
Mel Vayalur	25	10.8288	78.6287
Melappatti	25	10.7548	78.5380
Melappatti	25	10.7819	78.6342
Melappatti	25	10.8095	78.6282
Melpattu	25	10.8891	78.6463
Melsidevimangalam	25	10.9052	78.7042
Melur	25	10.8711	78.6650
Melur Nattam	25	10.9578	78.7130
Mettuppatti	25	10.9821	78.5503
Mettur	25	10.9877	78.6689
Mel Tiruvilappatti	25	10.7381	78.8805
Mel Kamakshipuram	25	10.7445	78.8989
Mettuppatti	25	10.6746	78.5250
Mel Pachchakkudi	25	10.6516	78.6021
Meppudugudi	25	10.6269	78.5366
Medukattanpatti	25	10.5876	78.5687
Medukattanpatti	25	10.5577	78.5392
Mettuppatti	25	10.5310	78.5516
Mettukkattanpatti	25	10.5050	78.5899
Meyyakavundanpatti	25	10.5183	78.5976
Melappatti	25	10.5220	78.6125
Mettuppatti	25	10.5382	78.6371
Mel Sengalakkudi	25	10.6546	78.6762
Mel Alambadi	25	10.7066	78.6339
Mekkudi	25	10.7110	78.6545
Mettuppatti	25	10.5867	78.7014
Melpatti	25	10.7195	78.5615
Mel Taniyam	25	10.4131	78.5809
Melappatti	25	10.3987	78.5129
Mettampatti	25	10.3550	78.5091
Mettuppatti	25	10.3519	78.5897
Memanappatti	25	10.3916	78.6603
Mettuppatti	25	10.4386	78.6226
Mekkinippatti	25	10.3098	78.6344
Melanilai	25	10.2971	78.6059
Mettuppatti	25	10.3304	78.7262
Mettuppatti	25	10.4576	78.6749
Melur	25	10.2427	78.7330
Meyyappatti	25	10.1530	78.6040
Melur Ayyapatti	25	10.1242	78.5052
Mettuppatti	25	10.0614	78.5592
Melkudi	25	10.0446	78.6629
Melmahanam	25	10.0465	78.6922
Mel Olaikkudi	25	10.0259	78.5576
Mettutteruvu	25	10.9490	78.8170
Mettur	25	10.9335	78.8195
Mettuppatti	25	10.8896	78.8746
Mel Perungavur	25	10.8921	78.7684
Melvalai	25	10.8626	78.8062
Mettangadu	25	10.8648	78.8695
Mekalattur	25	10.8217	78.9078
Melatteruvu	25	10.7678	78.8767
Mettuppatti	25	10.6846	78.9142
Mettuppatti	25	10.6424	78.8053
Melappuduvayal	25	10.5840	78.7603
Mettuppatti	25	10.5029	78.9260
Melur	25	10.4642	78.7716
Mel Muttukkadu	25	10.4889	78.8072
Mekkudippatti	25	10.4481	78.8317
Meppivayal	25	10.4205	78.8876
Melavidudi	25	10.4264	78.9597
Melappatti Rasimangalam	25	10.3713	78.9937
Mettuppatti	25	10.3641	78.8430
Mel Palinji	25	10.3736	78.7532
Mel Temittanpatti	25	10.3355	78.7771
Meykkoluppatti	25	10.3487	78.9320
Melakkottai	25	10.3470	78.9502
Menampatti	25	10.2709	78.8255
Melanilaipatti	25	10.1919	78.8544
Mettukkanakkanvettivayal	25	10.1719	78.9340
Mel Panjatti	25	10.1326	78.9917
Melakkarambai	25	10.0317	78.9805
Mettukkudiyiruppu	25	10.0517	78.7974
Melmattur	25	9.9654	78.0173
Melpanangadi	25	9.9749	78.1155
Mettupatti	25	9.9982	78.2151
Melkuyilkudi	25	9.9150	78.0318
Mel Karisalkulam	25	9.8472	78.1361
Mel Vellur	25	9.8147	78.2065
Mel Rangiyan	25	9.7758	78.2265
Mel Uppilikkundu	25	9.7494	78.0577
Mel Kallankulam	25	9.7311	78.1621
Melakkalpatti	25	9.6969	78.0914
Mel Kanjirangulam	25	9.6233	78.1758
Mel Puliyampatti	25	9.6267	78.0723
Mel Tulukkankulam	25	9.6167	78.0395
Mettuttottiyankulam	25	9.5278	78.1220
Mel Kandamangalam	25	9.5103	78.1737
Mel Konraikkulam	25	9.4885	78.1732
Mel Mudimannorkottai	25	9.4233	78.2256
Mettupatti	25	9.3368	78.0092
Mettilpatti	25	9.3348	78.0946
Mel Arunachalapuram	25	9.3085	78.1743
Mel Venkateswarapuram	25	9.3032	78.1703
Melappatti	25	9.3169	78.1227
Mel Karandai	25	9.2960	78.0636
Mel Kallurani	25	9.2379	78.1719
Mel Nambipuram	25	9.2039	78.0627
Mettuppatti	25	9.1414	78.1467
Melappatti	25	9.9949	78.3299
Mel Vellalur	25	9.9939	78.3981
Mel Pungudi	25	9.9585	78.4667
Mel Kovanur	25	9.8240	78.4070
Mel Nedungulam	25	9.7936	78.4806
Mel Sorikkulam	25	9.7659	78.2994
Melappatti	25	9.2491	78.3073
Mettumadai	25	9.7167	78.3907
Mel Melkudi	25	9.6985	78.4084
Mel Pasalai	25	9.6461	78.4413
Mel Sigangulam	25	9.5720	78.4594
Mel Perungarai	25	9.5735	78.4876
Mel Paruttiyur	25	9.5528	78.3663
Mel Endal	25	9.5647	78.2770
Mel Puliyandakottai	25	9.5393	78.3256
Mel Nariyan	25	9.4829	78.3872
Mettunariyan	25	9.4969	78.3791
Mel Ramanadi	25	9.4142	78.2954
Melappannaikkulam	25	9.4084	78.4825
Mel Paralachchi	25	9.3432	78.2740
Mettuppatti	25	9.3498	78.4318
Mel Achchakulam	25	9.3308	78.4919
Mel Kallakkari	25	9.3156	78.3391
Mel Taraikkudi	25	9.1576	78.3736
Mel Ramarayapuram	25	9.0683	78.3298
Medarajapuram	25	9.0791	78.2939
Mel Vellanji	25	9.9970	78.5763
Mel Puduvetti	25	9.9341	78.6763
Mel Pungudi	25	9.9512	78.6682
Mel Mangalam	25	9.9353	78.5326
Mel Sakkirvartti	25	9.9208	78.5871
Melakkottai	25	9.9024	78.6881
Meppal	25	9.8721	78.6032
Melvakottai	25	9.8029	78.7093
Melandaikulam	25	9.7963	78.5375
Mel Pillakkarai	25	9.7887	78.7195
Mel Settur	25	9.6907	78.6759
Mel Pidavur	25	9.7127	78.5209
Mel Perrankarai	25	9.6921	78.5396
Mel Aiyur	25	9.6359	78.5720
Meyyanendal	25	9.6134	78.6032
Mel Kottai	25	9.6077	78.7104
Memangalam	25	9.5694	78.7060
Mel Karadandakudi	25	9.5661	78.7341
Melendal	25	9.5361	78.6684
Mel Kavanur	25	9.4934	78.5658
Meyyanendal	25	9.4904	78.7006
Mennandi	25	9.4481	78.7234
Mel Tuval	25	9.4129	78.5324
Mel Pettan	25	9.3779	78.6854
Mel Manangarai	25	9.3296	78.5191
Mel Panaiyur	25	9.3096	78.5816
Mel Sirupodu	25	9.2797	78.5805
Mel Madai	25	9.2775	78.7420
Mel Vayal	25	9.7291	78.7671
Mel Visuvanur	25	9.6823	78.7663
Mel Seluvanur	25	9.2082	78.5495
Mel Kidaram	25	9.2012	78.5896
Mettupalayam	25	9.2075	78.7112
Mel Mundal	25	9.1350	78.5758
Mel Kavanavayal	25	9.9460	78.7931
Mel Chenbonmari	25	9.9920	78.8174
Mel Sendani	25	9.9971	78.8297
Mel Pudukkudi	25	9.9605	78.9082
Meyanur	25	9.9992	78.9876
Mel Tuttakkudi	25	9.8787	78.9087
Melavankudi	25	9.9009	78.9156
Mel Kottai	25	9.8806	78.9312
Mel Kudi	25	9.8395	78.8118
Meyyanendal	25	9.8717	78.8528
Mekkarakkudi	25	9.8057	78.8120
Mel Karai	25	9.7678	78.8071
Mel Vayal	25	9.8140	78.9317
Mel Kudi	25	9.7591	78.8760
Mel Madai	25	9.6799	78.8250
Mel Panaiyur	25	9.7186	78.8875
Mel Arumbur	25	9.7277	78.9340
Mel Kottai	25	9.7265	78.9730
Mel Endal	25	9.5963	78.8133
Mel Vayal	25	9.6053	78.9024
Melapandarapuram	25	8.4070	77.8299
Melaramasayapuram	25	8.4514	77.9728
Melavur	25	8.4784	77.9968
Melanochikulam Sanarkudi	25	8.4922	77.8874
Melasettikulam	25	8.4746	77.8350
Mettanavilai	25	8.5201	78.0662
Melattur	25	8.6124	78.0657
Mela Tiruchendur	25	8.4941	78.0686
Mettukkuppam	25	11.7705	79.0536
Mel Palangur	25	11.8499	79.0283
Mel Tenur	25	11.8720	79.0695
Melappalaiyam	25	10.9927	77.9827
Meyyur	25	11.9038	79.0931
Merkuppalaiyam	25	10.9464	77.9339
Melarippattu	25	11.9752	79.1147
Memalur	25	11.8593	79.1768
Mel Tayanur	25	11.9307	79.1813
Merkupalaiyam	25	10.7936	77.7520
Melappatti	25	10.7621	77.9562
Mettuppatti	25	10.7421	77.9167
Mettuppatti	25	10.6782	77.9372
Mettuppatti	25	10.6463	77.9954
Mettuppatti	25	10.6083	77.9565
Mel Pundi	25	11.7348	79.0652
Melkurichchi	25	11.5841	79.0995
Memattur	25	11.5646	79.2291
Mettukkalingarayanallur	25	11.3786	79.1449
Melur	25	11.4559	79.1967
Melnemali	25	11.4331	79.2176
Mengnanapuram	25	10.4023	77.8538
Mettuppatti	25	10.3851	77.9771
Mettu Rajakkapatti	25	10.3654	77.9823
Melappatti	25	10.3426	77.9081
Mettuppatti	25	10.3492	77.9670
Mettuppatti	25	10.3155	77.9758
Mettuppatti	25	10.2894	77.9134
Mettal	25	11.0941	79.0347
Mel Paluvur	25	11.0412	79.0371
Mel Husain Nagaram	25	11.1441	79.0484
Melavannam	25	11.0148	79.0665
Melkudimi	25	11.1030	79.1008
Mettuppalaiyam	25	11.2036	79.1566
Mel Kondur	25	11.9625	79.2721
Mettattur	25	11.7797	79.3954
Mettattur	25	11.7971	79.2994
Mettuppalaiyam	25	11.9623	79.4876
Meyyur	25	11.9312	79.2915
Mettukkuppam	25	11.8782	79.3107
Mel Mangalam	25	11.8671	79.4149
Mettuppalaiyam	25	11.7898	79.4585
Mel Arungunam	25	11.8003	79.4928
Mel Medu	25	11.8974	79.4967
Mel Padi	25	11.9576	79.5543
Melteruvu	25	11.2343	79.5041
Mel Kadambur	25	11.2371	79.5271
Mel Kavarappattu	25	11.7903	79.5986
Mettuppalaiyam	25	11.8478	79.5914
Mettuveli	22	11.9672	79.7064
Mel Padi	25	11.7617	79.6665
Mel Kuppam	25	11.8687	79.6911
Mel Kumaramangalam	25	11.8323	79.5874
Mel Radhamur	25	11.2545	79.5699
Mel Paruttigudi	25	11.2870	79.6348
Mel Vanniyur	25	11.3210	79.6028
Meyyattur	25	11.3335	79.6218
Mel Nedumbur	25	11.3300	79.5948
Melakkarai	25	11.3782	79.5893
Mel Vanniyur	25	11.4220	79.6484
Mel Bhuvanagiri	25	11.4380	79.6328
Mel Manakkudi	25	11.4789	79.6479
Mel Mungiladi	25	11.4393	79.6734
Mel Anuvambattu	25	11.4292	79.7008
Mel Chokkanathanpettai	25	11.4264	79.6843
Mel Mattur	25	11.2645	79.6908
Melaiyur	25	11.0478	79.5834
Mekkirimangalam	25	11.0446	79.5497
Melamarudandanallur	25	11.1605	79.6531
Mel Nallur	25	11.1785	79.6509
Meltenur	25	11.2267	79.6636
Melaiyur	25	11.1167	79.7222
Melaipakkam	25	11.0924	79.6791
Mel Parasalur	25	11.0934	79.7107
Melakattalai	25	11.0968	79.7342
Memattur	25	11.0622	79.7376
Melappatti	25	11.1118	79.7352
Mel Alinjippattu	22	11.8438	79.7643
Mekarai Madam	25	9.0599	77.2285
Mettuppatti	25	9.8842	77.2845
Mettupatti	25	9.2810	77.4420
Mettupatti	25	9.4052	77.4849
Mela Chintamani	25	9.2068	77.3674
Mekkalarpatti	25	9.9723	77.6425
Mel Tirumanikkam	25	9.8453	77.7289
Meyyampatti	25	9.9547	77.7447
Melappatti	25	9.8131	77.5019
Mettur	25	11.8358	78.0244
Mettur	25	11.8270	78.0488
Mel Tirukkalippalai	25	11.3760	79.7500
Mel Salai	25	11.1940	79.7626
Mel Nangur	25	11.1654	79.7665
Melaiyur	25	11.1535	79.8171
Mel Perumpallam	25	11.1421	79.8071
Melattur	25	10.3632	79.0161
Melpanaikkadu	25	10.2599	79.1169
Mettuvayal	25	10.4040	79.2442
Mel Valasam	25	11.5267	78.1453
Mettur	25	11.5418	78.1609
Mettur	25	11.6525	78.1037
Mettuppatti	25	11.6799	78.2426
Melur	25	11.5428	78.2116
Melur	25	11.6126	78.1972
Mettuppalaiyam	25	11.3881	78.0583
Mettuppalaiyam	25	11.4030	78.0969
Mettukattampalaiyam	25	11.4391	78.1010
Mettukkadu	25	11.4588	78.2052
Melpatti	25	11.3774	78.2334
Melur	25	11.3489	78.2110
Melpatti	25	11.2169	78.0066
Mettur	25	11.2100	78.0007
Merkkupudur	25	11.1978	78.0064
Melpatti	25	11.1207	78.0776
Megalaiyur	25	11.0717	78.0476
Mettuppalaiyam	25	11.0635	78.0594
Mettur	25	11.1503	78.1768
Melappatti	25	11.1518	78.1885
Mettuppatti	25	11.1083	78.2325
Mettuppatti	25	11.0952	78.2383
Mettur	25	11.0457	78.1978
Melur	25	11.0493	78.1748
Mettukkadu	25	11.8563	78.4903
Menisi	25	11.9759	78.3647
Melur	25	11.8649	78.2622
Mel Kovilur	25	11.8723	78.3077
Mettuppatti	25	11.6679	78.3124
Melur	25	11.6793	78.3910
Mettur	25	11.5943	78.4174
Menur	25	11.3880	78.3244
Mekkanikkadu	25	11.3748	78.3307
Melur	25	11.2529	78.3839
Mel Kalingam	25	11.2808	78.3763
Mettukkadu	25	11.3939	78.3677
Melkombai	25	11.4146	78.4026
Mettur	25	11.2519	78.4727
Mekkulandai	25	11.2216	78.3308
Mekkalnayakkanpatti	25	11.0678	78.2636
Melur	25	11.0858	78.3795
Melur	25	11.1783	78.4123
Mettuvilaram	25	11.2151	78.3849
Mel Velampatti	25	11.2045	78.4387
Mel Tottiyapatti	25	11.0137	78.4635
Mettuvalavu	25	11.7700	78.5522
Mel Mulipatti	25	11.7882	78.6682
Melamutti	25	11.8430	78.6543
Meladukuli	25	11.8658	78.6710
Mel Nilaiyur	25	11.9034	78.7134
Mel Alatti	25	11.8365	78.7240
Mel Valappadi	25	11.7909	78.7275
Mel Kandikkollai	25	11.7739	78.7135
Mel Venniyur	25	11.7691	78.6808
Mel Madur	25	11.7572	78.7169
Melvellam	25	11.7265	78.5711
Mel Pundi	25	11.7229	78.6133
Mekkipillaiyur	25	11.5913	78.5551
Mel Kidar	25	11.6754	78.6688
Mettur	25	11.5186	78.6637
Mettur	25	11.5833	78.5371
Mel Tombe	25	11.5117	78.5166
Mel Turuppatti	25	11.7451	78.6978
Melambur	25	11.7133	78.6872
Melur	25	11.1016	78.6458
Mel Kunnupatti	25	11.1324	78.6373
Mettur	25	11.1373	78.6209
Membatti	25	11.1488	78.5449
Mettur	25	11.0766	78.6286
Melur	25	11.2022	78.5971
Mel Parigam	25	11.8010	78.7805
Mettuppalaiyam	25	11.7664	78.8674
Mel Pattu	25	11.8423	78.9542
Melpachcheri	25	11.7035	78.7556
Melur	25	11.6570	78.9380
Mettuppalaiyam	25	11.4352	78.7643
Mel Puliyur	25	11.2656	78.7674
Mettuppalaiyam	25	11.3541	78.9195
Mettur	25	11.4622	78.9004
Mettu	25	11.4980	78.9403
Melkalpundi	25	11.4376	78.9435
Mettur	25	11.2510	78.7799
Mettur	25	11.2125	78.8292
Melur	25	11.2072	78.8166
Mel Arasur	25	11.0219	78.9592
Meyatu	38	23.9902	85.2673
Mermera	38	22.6644	85.5953
Merelchandi	38	22.9957	85.8271
Merki	38	22.6129	85.9191
Meramhonar	38	22.3641	85.8945
Merlepi	38	22.2276	85.8507
Mekmelpur	21	21.9759	85.7201
Medinipur	21	21.6055	85.5624
Mettu Vanjarai	25	11.3596	78.5848
Mettur	25	11.3695	78.7251
Mel Konangudi	25	11.3901	78.6975
Mendhamundi	21	21.9669	85.8670
Medinipur	21	21.6780	85.9749
Metcalfpur	21	20.4964	85.0303
Melamba	21	20.1817	85.1495
Mendhapoda	21	20.8610	85.3297
Merhamunduli	21	20.7838	85.3286
Meramgarah	38	24.1962	85.5427
Merkuri Khurd	38	24.0384	85.5002
Medwapahari	38	24.3831	85.8081
Mehasimar	34	26.2251	86.7444
Menjura	38	24.0267	86.2186
Mednipur	34	24.9756	86.3852
Meghani	34	24.4968	86.4794
Mednisare	38	24.1986	86.4900
Mednipur	38	24.1526	86.4656
Merkhogundi	38	24.1411	86.3878
Menjaribahal	21	21.4382	84.5518
Medinipur	21	21.3722	84.6578
Mellipali	21	20.9650	84.0834
Mendamal	21	20.9113	84.0404
Menhimal	21	20.6992	84.2287
Meniapaju	21	20.6469	84.2443
Menda	21	20.6417	84.1285
Melupara	21	20.3542	84.0195
Melumaha	21	20.2929	84.1604
Medubadi	21	20.0454	84.0551
Mendaserpa	21	20.3392	84.4052
Metipria	21	20.4913	84.3727
Meru	21	20.3655	84.4380
Mengari	21	20.3824	84.6862
Metkoli	21	20.3847	84.7244
Metengliang	30	28.2187	96.5205
Mechuka	30	28.5975	94.1318
Mengio	30	27.5178	93.4971
Meomey Sullong	30	27.4654	93.1988
Mednipur	36	26.2402	82.7818
Mehdinagar	36	29.0276	79.1483
Mettur	25	11.8403	77.7631
Mettur	25	11.8253	77.8573
Mettur	25	11.7544	77.8614
Mettuppalaiyam	25	11.5809	77.7804
Mettuppalaiyam	25	11.4425	77.9893
Mettuppalaiyam	25	11.1946	77.7725
Mettuppalaiyam	25	11.4807	78.0442
Melur	25	11.2554	78.6708