Mhow	35	22.5589	75.7654
Mharal Bk	16	19.2459	73.1771
Mhaswad	16	17.6336	74.7877
Mhasla	16	18.1334	73.1116
Mhasal	16	20.7504	78.6363
Mhasva	16	20.8799	75.1490
Mhasurna	16	17.4200	74.4401
Mhasla	16	20.3429	75.9552
Mhasdi	16	20.8938	74.4233
Mhalas Jaula	16	19.0535	75.8649
Mhaisgaon	16	18.1274	75.4986
Mhasa Jogi	16	18.7511	75.9556
Mhasala	16	21.1099	78.6937
Mhauri	09	24.2555	73.0300
Mhauri	24	24.1209	73.5017
Mhauri	24	24.1776	73.8740
Mhatargaon	16	18.9122	76.3398
Mhasola	16	20.1368	78.0590
Mhasala	16	20.8596	78.5824
Mhaisdodka	16	20.0595	78.7371
Mhendipur	36	27.5064	79.8714
Mhaiswadi	16	20.9682	76.2246
Mhaispur	16	20.6137	77.0107
Mhaispur	16	20.9606	77.5637
Mhasla Lodhipur	16	20.6645	77.5207
Mhat	16	21.2268	77.1266
Mhasala	16	20.8452	77.7673
Mhasala	16	20.7716	77.8388
Mhasona	16	21.3576	77.5126
Mhaispur	16	20.9161	77.2006
Mhaisang	16	20.8504	77.1918
Mhatodi	16	20.8092	77.0542
Mhasola	16	20.3813	77.3226
Mhasol Khurd	16	20.2336	77.3337
Mhowatola	36	24.0904	83.1356
Mhowatola	36	24.0672	83.1531
Mhasepathar	16	21.3107	78.8207
Mhola	35	24.7414	80.9136
Mhasli	16	20.6282	79.7262
Mhasala	16	21.0779	74.4424
Mhohiria	36	26.0370	81.9841
Mhor	12	33.3145	74.8570
Mhalangaon	16	20.5604	74.6133
Mhasawad	16	20.8696	75.4526
Mhasekotha	16	20.5822	75.3530
Mhaismal	16	20.0802	75.1871
Mhasla Buzurg	16	20.3387	75.9762
Mhasla Khurd	16	20.3462	75.9868
Mhaisalge	16	17.3548	76.0070
Mhasavad	16	21.6431	74.4793
Mhasla	16	21.0300	75.2078
Mhalpur	16	20.9132	75.0460
Mhaithi	11	31.2043	76.7298
Mhaisa Tibba	11	31.0174	76.6513
Mhegan	36	30.1400	77.6712
Mhalpur	16	21.2012	74.7221
Mhanandpur	34	25.3741	85.3368
Mhaidvadi	16	21.1322	75.7877
Mhasas	16	20.7278	75.5274
Mhasola	16	20.0380	75.6847