Nellore	02	14.4499	79.9870
New Delhi	07	28.6214	77.2148
Neyveli	25	11.6088	79.4994
Neyyattinkara	13	8.3985	77.0859
Neelankarai	25	12.9495	80.2592
Nedumangad	13	8.6027	77.0014
Nerkunram	25	13.0619	80.2094
Nerupperichchal	25	11.1610	77.3740
Nellikkuppam	25	11.7755	79.6702
Nelamangala	19	13.0998	77.3936
Neem ka Thana	24	27.7398	75.7865
Neduva	13	11.0567	75.8668
Nepanagar	35	21.4538	76.3933
Nedumbassery	13	10.1565	76.4017
Nedumpana	13	8.9080	76.6930
Ner	16	20.4897	77.8663
Nellimarla	02	18.1562	83.4473
Neral	16	19.0248	73.3169
Neelagiri	25	10.7594	79.0934
Neb Sarai	07	28.5084	77.2006
New Bongaigaon Railway Colony	03	26.4772	90.5360
Neyyur	25	8.1983	77.3038
Nedumpura	13	10.7328	76.2644
Neykkarappatti	25	11.6225	78.1058
Neykkarappatti	25	10.4489	77.4627
Nemili	25	12.9783	79.6172
Needamangalam	25	10.7738	79.4188
Neykuppai	25	10.2214	78.5360
Neemrana	24	27.9919	76.3854
Nerinjippettai	25	11.6543	77.7586
Nelluvayi	13	10.6807	76.1820
Nerul	33	15.5103	73.7809
Neturhat	38	23.4746	84.2678
Newa Talai	24	24.3522	73.7480
Net	24	25.5852	75.5709
Neran	24	26.8021	71.4724
Nelogi	19	17.0599	76.6066
Neyveli	25	13.2101	79.8984
Neyveli	25	10.9674	78.5471
Neyvasal	25	10.6970	79.2956
Newari	35	22.8573	76.2508
Newada	36	25.7639	83.8633
Nevra	16	17.1138	73.3040
Nevasa	16	19.5526	74.9258
Neura	33	15.4426	73.9174
Neur	37	22.3987	81.3076
Neupur	16	20.3896	75.3370
Netrang	09	21.6383	73.3604
Netra	09	23.4125	69.0541
Netorlim	33	15.0833	74.2167
Nethersole Dam	16	18.8636	73.5575
Nerur	16	15.9876	73.6452
Ner Pinglai	16	21.1830	77.9828
Nermand	11	31.4246	77.5753
Nerla	16	17.0906	74.2246
Neriyamangalam	13	10.0530	76.7771
Nerijamupalle	02	14.5429	78.0141
Neri	16	20.8484	75.6542
Nerhema	20	25.7795	94.1201
Nereducherla	02	15.2056	77.9077
Neredikonda	40	19.2993	78.4076
Nerabylu	02	13.7496	79.1633
Ner	16	20.9429	74.5145
Neoria Husainpur	36	28.7365	79.8945
Neora Nadi	28	26.7250	88.7436
Neora	37	21.5599	81.8137
Nengkhra Agalgiri	18	25.5167	90.6942
Nemmara	13	10.5936	76.5964
Nemawar	35	22.4960	76.9810
Nemalladinne	02	14.9633	78.4859
Nellurapalem	02	14.6474	79.6139
Nelligere	19	12.9599	76.7599
Nellayi	13	10.4000	76.3000
Nellaturu	02	14.1514	79.8245
Nellakottai	25	11.5525	76.4176
Nelang	39	31.1083	79.0075
Nelahalu	19	13.5096	77.0069
Nekonda	40	17.7945	79.8026
Nekarikallu	02	16.3717	79.9424
Neihdawn	31	23.5059	93.2410
Neihbawi	31	23.8374	92.7437
Neghereting	03	26.7333	94.1167
Nedungadu	22	10.9709	79.7717
Nedumbalam	25	10.5137	79.6305
Nedra	09	23.8901	72.3187
Neddiguda	21	20.1908	84.5682
Nechhwa	24	27.6167	74.7667
Nechanpur	21	21.2333	86.8500
Neazipur	34	25.6763	84.1532
Nearan	24	26.1800	74.6692
Neamati	03	26.8333	94.3000
Nethwa	24	28.1651	74.9253
Nethwa	24	28.7585	74.9881
Netra	28	22.2141	88.2578
Nekowal	12	32.4983	74.6872
Nejeke	04	30.1986	73.9708
Nerian	12	33.8057	74.2347
Neka	12	33.6993	74.1418
Nerian	12	33.7361	74.2422
Neako	12	33.4234	74.2021
Nekpur	12	33.2665	74.0610
Nesbal	12	34.2342	74.6488
Neriah	12	33.9114	74.3136
Netra Kothe	12	32.7611	74.7944
Neprana Talav	24	28.0056	73.7861
Neril	41	34.6667	76.0139
Nera	12	34.1535	73.9838
Nerian	12	34.2766	73.9641
Negaria	24	25.8709	75.5066
Nehra	11	31.2425	77.0208
Nerti	11	31.2181	77.0231
Neri Chamaran	11	31.2100	77.0047
Nehwat	11	31.1922	77.1239
Nendnur	40	17.0357	78.4509
Nemargomla	40	17.4809	78.7306
Neronbhavi	40	17.2908	78.9983
Nehru Nagar	25	13.0644	80.2806
Nesapakkam	25	13.0401	80.1916
Neman	25	13.0671	80.0180
Nelyady	19	12.8387	75.4045
New Hubli	19	15.3460	75.1422
Nehru Nagar	19	15.3556	75.1510
Nehru Nagar	19	12.9855	77.5761
Neta ki Dhani	24	28.1194	75.4161
Nehron	35	24.2414	78.1239
Nenwara	36	24.5090	78.7395
Negawan	35	24.6051	78.7563
Newara	36	27.7702	79.2841
Nekamau	36	27.1985	79.3407
Nekpur Nawada	36	27.1891	79.9381
Nekpur Khatri	36	27.0955	79.8575
Nekpur	36	27.0888	79.7776
Nekpura	36	25.4525	79.3955
Nekpur	36	26.9956	79.5937
Netram ki Dhani	10	28.5583	75.6310
Nellikunnu Beach	13	8.3710	77.0028
Neeleshwar	13	12.2644	75.0982
Neemuch	24	24.2500	74.9100
Nepalipara	03	26.4689	89.8821
Nepalpara	03	26.4595	89.9802
Nepaligaon	03	26.9689	93.9761
Nellipaka	40	17.7388	80.8184
Nelgora	02	19.0148	81.2111
Nelali	25	10.9282	77.4832
Neogha	16	19.5843	77.5618
Ner	16	19.7636	76.1970
Nettinampalli	13	10.1830	76.4547
Neri	16	20.4692	79.4457
Nemili	25	12.5958	78.5153
Neturia	28	21.9943	87.6988
Newsa	37	22.0874	82.1439
New Tehri	39	30.3739	78.4325
Neturia (community development block)	28	23.6631	86.8269
Newa	34	25.4775	85.0308
Newar	37	21.8957	83.3953
Neemuch	24	24.4764	74.8624
New Deoraj Nagar	35	24.6318	81.0831
Negipali	21	20.9205	83.5257
Negipali	21	21.7163	83.8963
New Dawn	31	22.9025	92.8287
Nedumkandam	13	9.8419	77.1527
Nehchana	10	28.1079	76.5639
New Colony	10	28.1883	76.6179
Nezakhera	10	29.4640	75.0821
Nehra	10	29.6091	75.9929
Nedha	11	31.3704	77.0246
Neori	11	31.2792	77.0062
Neginal	11	31.4342	77.2067
Nehcha	11	31.3211	77.2951
Newal	11	31.2659	77.3125
Nehal	11	31.3684	77.3405
Neshani	11	31.3975	77.4014
Nehri	11	31.2675	77.4683
Nehri	11	31.1198	77.2615
Nehra	11	31.1122	77.3840
Neri	11	31.0203	77.3802
Nehog	11	31.1405	77.4429
Nehara	11	31.0218	77.2641
Neokundar	11	31.5336	77.6996
Neshani	11	31.4561	77.5916
Nenta	11	31.3782	77.5029
Nehra	11	31.1357	77.5236
Nerua	11	31.0247	77.5032
Neri	11	30.9711	77.0423
Neri	11	30.9869	77.0313
Neri	11	30.9801	77.0468
Neri	11	30.9563	77.0478
Nedog	11	30.9253	77.1149
Neri	11	30.8568	77.1060
Neri	11	30.8066	77.0507
Neri	11	30.8963	77.1897
Neri	11	30.8945	77.2154
Neri	11	30.9361	77.1492
Neknanwan	10	30.3890	77.0880
Nehi	11	30.9206	77.2584
Neti	11	30.9222	77.3868
Neri	11	30.8673	77.2829
Neri	11	30.8860	77.3456
Nehri	11	30.8244	77.3084
Neri	11	30.7635	77.2931
Newal	11	30.7938	77.4412
Neti	11	30.9179	77.2562
Neti	11	30.9145	77.2538
Neond	11	30.6424	77.3429
Nelri	11	30.7386	77.3359
Ner Baga	11	30.6781	77.4607
Nerabag	11	30.6800	77.4667
Nehalla	11	30.5414	77.3439
Neniwala ki Dhani	24	27.5260	76.0481
Negiwala	11	30.4834	77.3964
Ner Dochi	11	30.7457	77.5551
Neri	11	30.5746	77.5401
Nerun	11	30.6591	77.6363
Nera	11	30.6427	77.7218
Newi	39	30.6146	77.8846
Neri	24	26.6630	76.2999
Neri ki Dhani	24	26.6541	76.2899
Nesal Chhoti	24	28.4136	75.4100
Nesal Bari	24	28.4066	75.4085
Nehandpur	39	29.7474	78.1266
Nenebilas	35	23.5579	78.3783
Nehri	24	26.4679	76.5592
Neguwan Ratan	35	23.4083	78.9809
Nengawan	35	23.2495	78.8936
Newal	10	29.7261	77.0556
Nenia ki Gwari	24	26.2081	76.8140
Nekasa	35	22.5728	78.5133
Neri	16	21.1156	78.8473
Neknanpur	16	20.7874	78.0040
Neri	16	20.9270	78.2238
Newaj	24	24.3384	73.3069
Nelau	09	24.0269	73.3796
Nerach	24	24.8221	73.6929
Newar	23	30.4020	75.0565
Nepoli	24	26.2792	74.9533
Nerhi	24	25.7248	74.1119
Nevriya	24	25.1677	74.5223
Negdiya Bara	24	25.0326	74.7271
Negdiya Chhota	24	25.0323	74.7387
New Multannagar	07	28.6806	77.1068
New Rajendranagar	07	28.6329	77.1801
Netajinagar	07	28.5739	77.1858
New Layalpur Colony	07	28.6501	77.2878
New Friends Colony	07	28.5672	77.2725
Nehrunagar	07	28.5709	77.2536
New Simapuri	36	28.6891	77.3274
Nekpur	36	28.8253	77.4109
Nek	36	28.9743	77.5345
Neknampur	36	28.4965	77.6645
Negria	24	25.7549	74.0000
Nethaula	24	24.6745	74.0716
Newania	24	24.6377	74.0526
Negria	24	24.6253	74.2057
Nepewala	10	29.7540	76.1469
Nethla	10	29.0058	77.2046
Nehru Colony	39	30.2986	78.0555
Nehrugram	39	30.2904	78.0754
Nenwas	35	24.2812	76.9721
Nemda	16	18.9866	79.9802
Nekpur	36	28.1492	77.7014
Nezi	28	27.1188	88.2113
Ner Tanda	16	19.7732	76.2264
Ner Tanda	16	19.7755	76.1717
Ner Tanda	16	19.7750	76.2041
Nehra	36	27.8097	77.8704
Nehra	36	27.8984	77.9716
Nevla	10	30.0025	76.3728
Nepran	23	30.4990	76.6419
Negla Nabtauli	36	27.8147	77.7276
Nethla Hasanpur	36	28.3638	77.8064
Nehrupur	36	28.2724	77.8618
Nellur	19	17.4980	76.6468
Neosa	37	22.2552	82.2549
Newari	37	21.5372	82.0117
Newari Kalan	37	20.7774	81.2319
Newari Khurd	37	20.7590	81.2438
Nelsor	37	20.1429	81.0166
Neginala	37	20.4312	81.7992
Nerabenchi	19	16.2750	76.1941
Newai	37	21.1480	81.3641
Neosa	37	21.9150	81.5515
Neur	37	21.8691	81.6914
Neonara	37	21.4221	81.5408
Newardih	37	21.3472	81.7198
Nerli	16	19.2271	77.2844
Nehrunagar	16	18.8166	77.0499
Nehru Colony	16	18.7978	77.1539
Nenal	16	18.5758	77.4982
Neoli	16	18.5372	77.3403
Nerli	16	18.8370	77.8518
Nehrunagar	40	18.5535	77.9180
Nemlimet	40	18.0573	77.8351
Nekpur	36	27.2898	78.0566
New Kurla	16	20.7147	78.3247
Neri	16	20.6431	78.6399
Neta	16	20.1176	78.8739
Neorai	36	27.6173	78.6907
Nehchalpur Arthra	36	27.5816	78.5897
Neradgum	40	16.5290	77.4588
Nelahal	19	16.1452	77.2886
Nemillapalli	40	16.7699	77.6225
Nera	36	27.2885	77.9133
Nepalsingh ka Pura	35	26.5078	78.4089
Negawan	35	22.8699	79.5511
Nellikonda	40	16.5171	77.7920
Nekpur	36	27.3123	79.0140
Newarwada	16	21.4415	79.1888
Nerla	16	21.3025	79.3451
Neri	16	21.1877	79.2750
Nerla	16	21.0719	79.3507
Neori	16	21.0383	79.4316
Nekse ka Pura	24	26.8487	77.9753
Nekpur	24	26.7813	77.8711
Nelgarha	35	25.7528	77.4727
Nekpur Khurd	36	27.3987	79.5517
Neodhapur	36	27.3331	79.5683
Nekpur Kalan	36	27.3747	79.6109
Nela Bekkam	40	16.0494	78.1059
Nehate	16	21.2071	76.1141
Neknampur	36	27.0090	79.6257
Nerkhera	35	25.8480	77.5634
Newar	36	27.9518	79.8689
Neoradeo	36	27.4029	79.9663
Neharwara	35	25.1347	77.5001
Newaj	35	24.0675	77.0605
Neoli	35	24.0634	77.0501
Nensuhala	35	24.6094	77.3919
Neb	35	24.2963	77.5800
Nehkai	35	24.3255	77.8889
Neh Pipariya	35	24.1746	77.9576
Nehra	35	24.1424	77.9339
Neredgummu	40	16.6202	78.9787
Nerada	40	17.1862	79.1269
Nehroi	36	27.5782	78.0329
Nepai	36	27.2007	78.4331
Neori	36	27.7969	78.7146
Nelamarri	40	17.0405	79.7589
Nelpatla Tanda	40	17.2179	79.9855
Nelpatla	40	17.2029	79.9972
Nelpatla Tanda	40	17.2035	79.9802
Nehchand Purwa	36	26.6841	79.6759
Nemilipuri	40	16.7275	79.1492
Nera	36	26.9668	79.9239
Neorakhera	36	26.8177	79.9486
Neoraj	36	26.7924	79.8797
Nera Kirpalpur	36	26.3066	79.7792
Neoria	36	25.6530	79.9398
Neoli Bansa	36	25.8698	79.7089
Nelikal	40	16.6406	79.3339
Netapur	40	16.7244	79.4227
Netapur Tanda	40	16.7371	79.4225
Newada	35	25.2062	80.3246
Neksawa	36	25.0346	80.3112
Neguawan	35	25.1004	79.6096
Neguwan	35	24.3421	79.1443
Ner	35	21.2606	76.1920
Newali	35	23.3718	77.8251
Neharya	35	23.4862	77.9097
Nevri	35	21.3666	76.3586
Nengawan	35	24.7927	79.6705
Newada	36	25.5494	83.0770
Newada	36	25.5441	83.1266
Nehula	36	25.6568	83.1380
Newada	36	25.5552	83.1975
Newada Arazi	36	25.3577	83.0776
Newada	36	25.3532	83.0840
Newada	36	25.0865	82.9989
Newazganj	36	25.0157	83.1588
Neknampur	36	25.1645	83.1847
Nehlai	35	22.6274	77.4222
Netankheri	35	22.8355	77.8821
Newada	36	25.5623	83.3149
Newada	36	25.7105	83.3874
Nesilpur	36	25.4461	83.2938
Negura	36	25.4318	83.3832
Negura	36	25.2448	83.2708
Newada	36	25.2251	83.3637
Neura Harnampur	34	25.1271	83.4860
Nenwa Khurd	36	25.0783	83.2997
Neura	34	25.0166	83.3931
Netuapura	35	25.8815	78.5540
Newari	35	22.0319	77.6962
Newada	36	25.8475	83.5064
Neruwa Dih	36	25.9997	83.6961
Neguwan	35	25.2557	78.6732
Netpur	34	25.4475	83.9871
Neoras	34	25.0698	83.8007
Newari	36	24.6508	83.2852
Neruiyadamar	36	24.3197	83.3729
Neurapur	34	24.9957	83.5975
Neri	16	20.8011	79.5463
Nerla	16	20.9687	79.6851
Nehrunagar	36	25.7233	78.9585
Neri	16	20.0020	79.2770
Nelsani Petgaon	16	20.0602	79.9694
Newatganj	36	25.9135	80.4959
Newada	36	25.3818	80.3932
Newazipur	36	25.9746	80.6060
Neradgi	19	16.8357	76.6951
Nelakolla	19	16.1291	76.7231
Nenua	38	24.0722	83.8979
Nehrunampuram	40	17.3910	78.3760
Nehrunagar	40	17.4113	78.4935
Nerallacheruvu	40	16.9546	78.2220
Nerallapalli	40	16.9450	78.1496
Nekkonda	40	16.7803	78.2261
Neralapalli	40	16.6726	78.2921
Nellikuduru	40	16.5670	78.4105
Nellikonda	40	16.4680	78.3312
Nellikudru	40	16.4081	78.4389
Netar	35	24.3866	78.1370
Nerallapalli	40	16.9381	78.9693
Nelvalpalli	40	16.8234	78.9012
Nellutla	40	17.7034	79.1956
Nernamula	40	17.3165	79.0936
Neta Tanda	40	17.6213	79.6187
Negwa	35	24.3604	78.5331
Netna	35	24.0653	78.6845
Nekora	36	24.4827	78.9009
Nerad	16	19.8687	78.8960
Nemua	35	24.5317	81.0385
Nebuha	35	24.7108	81.4189
Newaria	35	24.8818	81.6282
Nevrhiya	35	24.8852	81.8917
Nevrhiya	35	24.8796	81.8974
Negura	35	24.5083	81.9352
Newari	35	24.4029	81.0206
Newlapur	36	25.9286	80.7495
Negawan	35	23.4904	79.1286
Neora	36	25.9871	82.0733
Newada	36	25.8355	82.2548
Newada	36	25.7811	82.2529
Neuriha	36	25.7583	82.2708
Newariha	36	25.7675	82.4368
Newada Mukhlispur	36	25.8628	82.4614
Newada	36	25.9794	82.6056
Newada	36	25.9110	82.5217
Newada	36	25.8204	82.5337
Newada	36	25.8284	82.5618
Newada	36	25.8364	82.6128
Newada	36	25.8317	82.6107
Nekrozpur	36	25.7591	82.5945
Newada	36	25.7695	82.7131
Newarhia	36	25.5215	82.6633
Newarhia Bazar	36	25.5170	82.6826
Ner	35	22.1296	79.0429
Newari	36	25.5099	81.4591
Newaritola	35	22.6206	79.5869
Newadhia	36	25.0529	82.3281
Newada	36	25.4779	82.5963
Newada	36	25.4274	82.5153
Newada	36	25.4002	82.6065
Newada	36	25.2817	82.5050
Newada	36	25.2904	82.6341
Newadia	36	25.3100	82.7374
Newada	36	25.3490	82.7455
Neorhia	36	25.4512	82.6819
Newada Bazar	36	25.4833	82.7324
Nevadhia	36	25.0983	82.6585
Newarhia	36	25.2208	82.5901
Newari	36	25.4958	82.8718
Newada	36	25.4198	82.7636
Newada	36	25.3891	82.8319
Newada	36	25.4008	82.8128
Newada	36	25.3254	82.8744
Newada	36	25.2821	82.9794
Newada	36	25.2791	82.9731
Newadi	36	25.4578	82.8915
Neknampur	36	25.4756	82.1065
Newadhia	36	25.1063	82.7874
Newada	36	24.9078	82.2431
Neri	36	24.9266	82.2121
Newaria Bayalis	36	24.9649	82.1671
Newaria Bayalis	36	24.9597	82.1640
Newaria Bayalis	36	24.9753	82.1621
Nebawal	36	24.9156	82.2844
Newaria	36	24.9365	82.5467
Newari	36	24.7746	82.8191
Newari	36	24.5812	82.8081
Netrampura	24	28.3227	75.8054
Neknampatti	36	25.2230	82.2209
Newari	36	25.0079	82.1970
Neri Lapar	36	25.0303	82.0092
Newar Khera	36	26.6917	80.8192
Newan	36	26.6804	80.8700
Newal Khera	36	26.6724	80.9679
Neoti	36	26.3047	80.8713
Nehal Khera	36	26.4104	80.9719
Neolah	10	28.4258	76.5872
Newada Kalan	36	25.6066	82.7829
Newada Khurd	36	25.6038	82.7889
New Rashanpura	07	28.6014	76.9921
Nekpur	36	29.0351	78.1980
Nezawala Bag	36	29.6209	78.3240
Nekpur	36	29.5481	78.3787
Newarhia	36	24.7450	82.2969
Nejuwali Gaonri	36	29.4295	78.4339
Newari	35	24.6589	82.4613
Negipur	36	27.4205	81.0512
Neknampur	36	27.2696	81.0396
Neri	36	27.2581	81.1588
Neoria	36	27.6704	81.7944
Nehram Purwa	36	27.0832	81.8632
Newalganj	36	27.1241	81.9284
Nepal	36	27.1855	81.9618
Neurus	34	24.6308	83.6908
Neuri	34	24.8608	83.8389
Neoli	36	26.8306	81.2437
Newal Khera	36	26.7203	81.0842
Neri	16	21.2472	79.6029
Neochhanan	36	26.8152	81.3937
Newalpur	36	26.6152	81.2619
Nerian	12	34.0415	74.1709
Newal Purwa	36	26.2526	81.3853
Neora	36	26.3660	81.9910
Neripur	36	26.3748	81.9947
Nehdua	36	25.3283	81.0935
Nekpur Mukhtarpur	36	28.7573	78.4532
Nekpur Milak	36	28.7534	78.4457
Neori	36	26.3680	80.2986
Neoli	36	27.1234	81.5564
Neoti	36	27.0490	81.6568
Neza	36	27.4537	81.8634
Neolapur	36	27.3463	81.8586
Nevala	16	19.6063	77.4974
Neorwari	16	19.5425	77.4648
Neori	16	19.5395	77.4930
Neora	36	28.3524	78.4294
Nekalpuram	40	18.9550	78.1502
Neknampur	36	25.9739	81.3683
Newada	36	25.9298	81.2667
Neoli ka Purwa	36	25.8695	81.3944
Newada	36	25.9798	81.2937
Nehta	36	28.4374	78.7240
Neora	36	26.7271	81.6356
Nechal Purwa	36	26.9531	81.9411
Nehnaul Baghwala	36	28.1316	78.6466
Neoria	36	26.1988	81.9649
Nerian	12	33.5423	74.4358
Newari	36	27.0683	82.0388
Neorar	36	27.0067	82.1313
Newada	36	27.4458	82.2897
Neosha	36	27.4180	82.3001
Neori	36	27.4087	82.4163
Neori	36	27.4048	82.4173
Nepal Jot	36	27.2041	82.3773
Nepal Kurmi	36	27.0614	82.4008
Nebuwa	36	27.2169	82.6433
Neusa	36	27.1325	82.9335
Nepal Goshain Purwa	36	26.9781	82.1117
Neori Manorathpur	36	26.3956	82.1596
Neora	36	26.4290	82.1188
Neonan Pachchhim	36	26.4871	82.1694
Neonan Purab	36	26.4866	82.1716
Nengarpur	12	33.5932	74.9644
Nela	12	33.5251	74.9378
Neoji Purwa	36	26.0369	82.1675
Neralla	40	18.2978	78.8200
Neora	36	25.1877	81.2736
Newada	36	25.1142	81.4845
Newada	36	26.9176	82.2518
Neori Ram Bakhsh	36	26.8830	82.3055
Neuri	36	26.8641	82.2545
Neon	36	26.6019	82.3350
Neora	36	26.2792	82.2642
Neorahi	36	25.9879	83.1175
Newara	36	25.9798	83.1972
Netaura	36	26.9658	82.5237
Netauri	36	26.9627	82.5214
Newada	36	26.8822	82.7176
Nempur	36	26.2787	82.5697
Nempura	36	26.0188	82.5384
Newari	36	26.6792	82.8493
Newada	36	25.9023	83.2912
Netpur	36	25.8820	83.3039
Newpur	36	25.8691	83.3050
Newada	36	25.8983	83.4057
Newada	36	25.9477	83.3548
Newadasani	36	25.7719	83.4229
Neori	36	26.3703	82.8653
Neotara	36	26.3168	82.8452
Newari	36	26.4315	82.9767
Nexabatun	41	34.0511	75.3468
Neota	36	27.1383	83.0119
Netari Kalan	36	27.0379	83.0126
Netari Khurd	36	27.0418	83.0144
Newas Pokhar	36	27.0197	83.4786
Neta	36	27.1022	83.5254
Netpur	12	33.5827	75.2121
Neknampur	36	25.9066	81.5982
Newada Khurd	36	25.8600	81.5543
Newada Kalan	36	25.8593	81.5439
Neosa	36	26.8187	83.1740
Netwar	36	26.9892	83.2287
Neosa	36	26.6178	83.1760
Neora	36	26.5148	83.2302
Neosa	36	26.6243	83.2409
Newas	36	26.7343	83.2843
Newas	36	26.5759	83.3328
Newas	36	26.4925	83.2971
Neosa	36	26.3679	83.3682
Nepal	36	26.4998	83.4023
Neora	36	26.4583	83.3857
Neori	36	26.5310	83.5221
Newali ka Pura	36	25.7377	81.5527
Nedaura	36	25.6567	81.6187
Nerui Amwa	36	26.6312	83.7434
Newada	36	25.6793	81.6369
Newaji ka Purwa	36	25.7381	81.6757
Netiwada	37	19.2822	80.4795
Nelgunda	16	19.3288	80.6983
Nelgunda	16	19.3195	80.6970
Netikakler	37	19.2632	80.5191
Newada Gopalpur	36	26.1776	83.7625
Nemdand	36	26.0992	83.7519
Nema	36	26.1479	83.9116
Nekbakhtpur	36	25.6731	83.6075
Nelampalli	37	18.9005	80.3268
Nelampalli	37	18.8967	80.3147
Nengai	35	23.4254	80.0580
Negwan	35	23.6952	80.3036
Negwan	35	23.4633	80.2922
Nelar Bhat	12	33.2393	75.7638
Neju	12	33.1795	75.8713
Ned	12	32.6247	75.1789
Nehri	12	32.7167	75.4062
Nekehen	12	32.6720	75.4602
Newaria	36	25.0958	81.6439
Newada	36	25.8636	81.7870
Nekuha	36	25.9001	81.9255
Newada	36	25.6155	81.8883
Newada	36	25.6108	81.9788
Newador	36	25.7486	81.9332
Nepal Estate	36	25.4975	81.8734
Newada	36	25.2120	81.9764
Nera	11	32.3861	75.8893
Neurgaon	16	20.0376	74.3698
Nevari	35	22.7893	75.6056
Newari	35	22.9126	80.0196
Neri	16	20.5167	75.1660
Nerna	11	32.2082	75.9090
Neshta	23	31.5829	74.6113
Newargaon	35	22.3116	80.0373
Newari	35	22.4408	80.1247
Newargaon	35	22.0082	80.0158
Newargaon	35	22.0485	80.1349
Neosa	35	22.5622	80.7117
Neosa	35	22.4262	80.7401
Newargaon	35	22.0248	80.6029
Nekum	35	22.1049	80.7413
Newargaon	35	22.0576	80.7018
Neosa	35	22.8391	80.9450
Neosa	35	22.3599	80.9449
Nekanwala	23	30.8738	74.5875
Netra Tola	35	21.8683	80.0078
Netra	35	21.8535	80.0032
Newargaon Tola	35	21.8367	80.0397
Newargaon	35	21.8302	80.0417
Newargaon	35	21.8109	80.0450
Newargaon Tola	35	21.9237	80.1693
Newargaon	35	21.9315	80.1543
Netra	35	21.7795	80.2225
Newargaon Kalan	35	21.6698	80.2396
Newargaon Khurd	35	21.7736	80.3691
Newarwahi	35	21.5750	80.6546
Neknama Sainsu	23	31.8737	75.7941
Newaspur	37	21.8600	80.8612
Neora	37	22.2096	82.0400
Nerpat	16	20.9740	75.0887
Newari	37	21.8825	82.2788
Neoraband	37	21.8698	82.4656
Negurdih	37	21.8142	82.6550
Negipali	21	21.0038	82.6188
Newada Bijai	36	27.1251	80.7402
Nemia	36	27.8632	80.9446
Neria	36	27.6692	80.9443
Nemianpur	36	27.6774	80.8938
Neorajpur	36	27.3621	80.9093
Neorajpur	36	27.4607	80.9196
Neoria Bank	36	27.4988	80.9316
Nera	11	32.8342	76.1905
Nehon	11	32.6352	76.1086
Nera	11	32.5148	76.1636
Nenog Paror	11	32.5095	76.2388
Neharpaili	16	20.5241	80.3094
Nega	11	32.4647	76.1975
Nertu	11	32.3109	76.1227
Newargaon	37	20.2200	80.4473
Netamsangwa	16	20.1255	80.4630
Nera	11	32.2334	76.0531
Nerti	11	32.1758	76.2091
Nera	11	32.1193	76.1114
Netamtola	37	20.6747	80.7009
Neosa	35	22.7346	81.1749
Nelchang	37	20.2218	80.7626
Netamtola	37	20.7269	80.9645
Nendgaon	37	20.3588	80.7984
Nendgaon	37	20.4099	80.9640
Newari	37	20.1777	80.9560
Neoratola	37	22.2017	81.1395
Neurgaon Kalan	37	22.1631	81.2615
Neurgaon Khurd	37	22.1392	81.2596
Newari	37	22.0216	81.2559
Neosa	35	22.7957	81.5005
Near	11	32.1097	76.4805
Nehar Khola	11	32.0909	76.3189
Nehar	11	32.0581	76.3630
Nera	11	32.0108	76.3674
Nehalpur	37	22.3281	81.5468
Newaskhar	37	22.4484	81.6851
Nebur	11	32.7079	76.6765
Neorgaon	37	22.1953	81.5057
Neosa	37	22.7506	81.8680
Neori	37	22.6969	81.9730
Ner	11	32.0606	76.8286
Neosa	37	22.2947	81.9595
Neosa	37	22.2658	81.7592
Near	11	31.8672	76.0525
Neodha	37	21.6061	81.8380
Neg Lahr	11	31.8387	76.3926
Nehr	11	31.7688	76.3981
Ner	11	31.9666	76.8007
Neola	11	31.7564	76.9439
Neri	11	31.7542	76.9501
Neol	11	31.7629	76.9420
Ner	11	31.7594	76.9980
Nela	11	31.7001	76.9554
Nehalag	11	31.6726	76.9689
Ner	11	31.6077	76.9091
Neri	11	31.4468	76.9134
Neri	11	31.4091	76.8037
Neri	11	31.3377	76.9481
Neri	11	31.3361	76.8746
Neo	11	31.3503	76.8773
Neri	11	31.2877	76.8448
Ner	11	31.2730	76.9440
Neralkuni	19	14.6674	74.7737
Neggu	19	14.5680	74.7642
Neralvalli	19	14.5433	74.7504
Neralmane	19	14.5186	74.8865
Neri	11	31.1754	77.1708
Ner	11	31.1080	77.0772
Nera	11	31.0871	77.7970
Neru Basa	11	30.9229	77.6347
Nerua	11	30.9158	77.6409
Newas	11	30.7665	77.5819
Neralmane	19	14.3938	74.8540
Neralmane	19	14.4543	74.8417
Nejjur	19	14.2539	74.9248
Newari	35	23.5986	76.0558
Netapeta	02	17.2936	81.5992
Nerellavalasa	02	17.3573	81.6567
Nerellagandi	02	17.4453	81.6257
Nelakota	02	17.2523	81.6940
Nehru	36	29.2006	77.8564
Nellipudi	02	17.3275	81.9297
Nerlige	19	14.2062	74.9894
Newari	35	23.0431	76.0283
Netnagar	37	21.7936	83.4559
Neknampur	36	28.7659	78.0384
Neknampur Nanai	36	28.6952	78.0968
Nehtaura	36	28.9789	78.7892
Neora	36	28.0818	78.3462
Negimunda	21	21.3604	83.3079
Nekpur	36	28.9314	78.8332
Nesri	35	23.9647	76.7028
Nelakaker	37	18.4083	80.8498
Newalganj	36	26.1734	81.3204
Neoriha	36	26.0830	81.2919
Neoli	36	26.8884	81.5005
Newaria	36	26.0526	81.7338
Neradavalasa	02	18.3386	82.8477
Nelakondavalasa	21	18.4925	82.9131
Netaput	02	18.1199	82.8300
Nemalpadu	02	18.1735	82.9334
Nemmali	25	12.6651	80.0195
Nerumbur	25	12.5218	80.0671
Nelvay	25	12.5054	80.0199
Neikuppi	25	12.5533	80.1273
Nelvay	25	12.6260	80.0948
Nemali	25	12.7279	80.2301
Nemalikuppam	25	12.7182	80.2309
Nellikkuppam	25	12.7501	80.1051
Nellimetla	02	17.5517	82.1873
Nellipudi	02	17.5811	82.3728
Nellipudi	02	17.2673	82.3469
Nelaturu	02	16.9924	81.6706
Nemali	02	17.0660	80.3969
Nemalipuri	40	16.7452	80.0434
Nellipudi	02	17.3682	82.6583
Neila	21	19.6664	83.0316
Nehela	21	19.7398	83.1511
Netrai	21	19.7102	83.3208
Nellubaru	21	19.9190	83.5163
Nenganar	37	19.2039	82.0164
Negiguda	37	19.0944	82.1013
Nelakamberu	21	18.1948	82.0322
Nettalagondi	21	18.6525	82.2142
Neredupalle	02	18.0422	82.1059
Nelliguda	21	18.5502	82.2503
Nellibadi	21	19.2963	83.4035
Nellibhadra	21	19.3112	83.4232
Neradiguda	21	19.3185	83.4806
Nellubadi	21	19.2058	83.2656
Nelliguda	21	19.1301	83.3962
Nelametta	21	19.0673	83.4291
Nellibadi	21	19.4401	83.5324
Neredupalle	21	18.0617	82.3273
Nereduvalasa	02	18.0941	82.5995
Nereduvalasa	02	18.1231	82.6103
Neraduvalasa	02	18.2494	82.6761
Nelapadu	02	16.2624	80.6832
Nerukonda	02	16.4621	80.4982
Nelapadu	21	18.5430	82.9503
Neppalle	02	16.4101	80.8072
Nemmikuru	02	16.2694	80.9979
Nelasnar	37	18.9885	81.1842
Negeti	21	19.6796	83.9944
Netapur	37	18.8244	81.4301
Nerli	37	18.7329	81.2679
Neradavalasa	02	18.6132	83.0786
Neliparti	02	18.5049	83.1817
Nerivalasa	02	18.3573	83.1057
Neradavalasa	02	18.3695	83.1713
Nerallapadu	02	18.1003	83.0165
Nerellavalasa	02	18.0478	83.3663
Nelivada	02	18.2061	83.3760
Neganar	37	18.9482	81.9019
Nelli Kikkava	02	18.9425	83.5393
Neradumanguda	02	18.9343	83.7375
Nelliguda	21	18.9826	83.7296
Nereduvalasa	02	18.9068	83.5885
Nemalam	02	18.5015	83.5613
Nellipaka	40	17.6598	81.0034
Nelivada	02	18.1659	83.5003
Nelivada	02	18.1620	83.6464
Neradi	21	18.9658	83.8149
Neradi	02	18.7368	83.9210
Nellimetta	02	18.3518	83.8600
Nelliparti	02	18.4548	83.8345
Netal Rammurtipeta	02	18.3481	83.9227
Neteru	02	18.1868	83.7783
Negaladoruvla	02	14.2399	80.0513
Nelaturu	02	14.3341	80.1313
Nellurupalli	02	14.0693	80.0465
Nellipudi	02	14.0037	80.0832
Nelvay	25	13.3315	80.0352
Neyveli	25	13.2589	80.0912
Neduvarambakkam	25	13.2872	80.1609
Nekkunram	25	13.2682	80.1863
Neidavoyal	25	13.3022	80.2733
Nelakota	21	17.8344	81.5921
Nelluru	02	17.6685	81.6449
Newajkheri	35	23.1391	76.5951
Neshborda	35	23.9129	76.7749
Netroria	09	23.1399	73.2794
Netangaon	35	22.1307	76.1955
Negaia	24	23.4965	73.7980
Netpur	24	23.8484	73.7986
Nedka	09	23.3220	73.7782
Nensawa	24	23.4463	73.9991
Nes Damorwali	09	23.2211	73.9784
Nenki	09	23.0807	73.9291
Nedardi	09	24.0859	72.7730
Newalgaon	39	29.6943	79.1476
Newalgaon	39	29.6104	79.1861
Newada	34	25.2786	84.6199
Netji ka Bagal	24	25.2914	73.8644
Nelsur	09	22.7404	74.1839
Newdhi	34	25.0049	84.7488
Netiawas	24	26.6953	74.5624
Nendgaon	35	22.3140	74.8085
Neora	34	25.5740	84.9887
Neuri	34	25.5621	84.9861
Newar Khera	39	29.2229	79.5543
Nevala	09	21.5018	74.1082
Negadion ka Khera	24	25.1701	74.0897
Neuri	34	26.5795	84.1008
Nehruwa Kalan	34	26.5729	84.1401
Nehruwa Khurd	34	26.5697	84.1570
Neoraha	36	26.3378	84.1315
Netwar	34	26.1685	84.1377
Nepura	34	26.1315	84.0702
Nemar Chak	36	26.0497	84.0296
Neoli	39	29.6561	79.9396
Nekpur	36	28.0196	79.1337
Nemode	24	25.9122	75.1405
Neodhana	36	28.5349	79.3972
Nekpur	36	28.3514	79.4057
Neuri	34	26.3491	84.5765
Newari	34	26.0393	84.8783
Neknampur	34	26.1282	84.9895
Nevada	16	21.3406	74.7770
Neoria Khurd	36	28.7010	79.9076
Nenua	34	25.5331	84.1104
Nekapur	36	28.2979	79.8341
Nemauwa	34	25.6454	84.1803
Neoranpur	36	28.3223	79.9191
Neriya	34	25.2571	84.8844
Neae	34	24.9919	84.0091
Nekara	34	24.9903	84.0124
Nenku Bigha	34	25.1324	84.8166
Nema Bigha	34	25.0195	84.8978
Nezampur	34	25.1346	84.8392
Nehalpur	34	25.1759	84.8419
Nerthua	34	25.1553	84.9988
Newari	34	25.1378	84.9181
Ner	34	25.0381	84.9687
Neura	38	24.0152	84.0204
Nenuan	38	24.2232	84.1028
Newari	34	25.9699	84.3376
Nem Chapra	36	25.7119	84.2807
Newari Inglis	34	25.4091	84.3167
Neurpokhar	34	25.4402	84.4405
Netlal Bigha	34	24.8045	84.4783
Nehuti Lapura	34	24.7957	84.4659
Nehuta	34	24.7765	84.4805
Neoriwartola	38	24.3589	84.2551
Neman Bigha	34	24.9889	84.5619
Nem Bigha	34	24.9184	84.6744
Nega Bigha	34	24.7128	84.5538
Nemalipuri	02	16.4403	79.9227
Nebhi	34	24.3274	84.5004
Newalband	38	24.1714	84.7176
Nethi	36	25.9195	80.0653
Newajpur	36	25.6282	80.9747
Nerlakatte	19	13.6707	74.7762
Nel Kudru	19	13.4629	74.7577
Netila	19	12.7872	74.8615
Nelliharvi	19	15.0856	75.0084
Nelgud	19	15.1499	75.2625
Nelogal	19	15.0707	75.5996
Nelawagi	19	15.1539	75.9971
Neralige	19	14.5850	75.1489
Nellikoppa	19	14.6176	75.1836
Negavadi	19	14.5102	75.1913
Nellekoppa	19	14.1265	75.0596
Nelagalale	19	14.0178	75.0637
Nedaravalli	19	14.1241	75.1409
Nevatur	19	14.0418	75.2444
Nellikop	19	14.8792	75.1521
Nelogal	19	14.7582	75.4377
Nellikop	19	14.6575	75.3708
Nemilivaram	02	14.4171	77.4867
Neralakunte	19	14.0070	77.3677
Nemallapalle	02	14.9578	77.5497
Nelitutti	02	14.6809	77.8224
Nelavagalu	19	14.2956	75.3735
Netivarampalle	02	14.4972	77.8698
Nelakota	02	14.3292	77.8473
Neglur	19	14.8951	75.6080
Nesvi	19	14.4961	75.5326
Neralekere	19	13.7494	77.1517
Negalala	19	13.5734	77.1290
Neralkere	19	13.0712	77.1134
Nethulapalle	02	13.8952	77.4911
Nerlakere	19	13.7411	77.2764
Nellikunte	19	13.3711	77.4867
Neralgatta	19	13.3158	77.4822
Nemilgurki	19	13.6205	77.7180
Nelagudige	19	13.3825	77.5569
Nellukunti	19	13.2213	77.5417
Nesevandlapalle	02	13.9136	77.8051
Nelvagal	19	13.2208	77.9350
Nelahonne	19	14.2685	75.7993
Nelavagalu	19	14.1656	75.7936
Nerli	19	13.9178	75.0251
Netrabail	19	13.8349	75.0186
Neralamane	19	13.7798	75.0706
Neralamane	19	13.7598	75.1181
Nerale	19	13.7918	75.1523
Nemve	19	13.6483	75.2343
Neralkodige	19	13.5348	75.1139
Neratur	19	13.7146	75.2162
Nemmar	19	13.3826	75.2238
Nelindur	19	13.4898	75.2146
Nerjala	19	13.2799	75.0229
Nellikarapet	19	13.1583	75.0939
Neleyil	19	13.1888	75.0697
Nelthadka	19	13.0964	75.2024
Nerli	19	13.9431	75.3204
Neralakoppa	19	13.7768	75.3267
Nellisara	19	13.7314	75.2649
Nellimakki	19	13.6208	75.3519
Neralekoppa	19	13.6540	75.4709
Nellihadlu	19	13.3164	75.3270
Nerunki	19	13.3110	75.3394
Nellibiru	19	13.2054	75.2777
Nelyalubail	19	13.0216	75.3698
Neranki	19	13.1865	75.4199
Neralakere	19	13.8711	75.6983
Nellisara	19	13.7280	75.6501
Nellemakki	19	13.4913	75.5018
Neradi	19	13.2154	75.7255
Nellike	19	13.0162	75.7362
Nerpalli	40	19.2909	79.3981
Netiwal	12	33.3818	74.2133
Nellihankalu	19	13.8764	75.9493
Neralakere	19	13.8664	75.7646
Nerlakere	19	13.7396	75.8750
Nettikere	19	13.1530	75.8948
Nekkiladi	19	12.8261	75.2305
Nekaraje	13	12.5478	75.0996
Nerampadi	13	12.5935	75.1204
Neralakeje	13	12.5212	75.2328
Nerodi	13	12.5042	75.2110
Nettadi	19	12.7482	75.2340
Neralakaje	13	12.5284	75.2410
Nejikadu	13	12.5859	75.1798
Nekrekadu	13	12.6187	75.1535
Nettanige	13	12.6058	75.1843
Nellithare	13	12.3528	75.1298
Nellukudiri	19	14.9730	76.1516
Nemakallu	02	15.0123	76.9377
Nelyadi	19	12.8166	75.3891
Newaji Bigha	34	25.1323	85.5508
Nepura	34	25.1276	85.5413
Nepura	34	25.0856	85.6600
Nezampur	34	25.2039	85.6122
Nepura	34	25.2259	85.6103
Nerut	34	25.2468	85.6792
Nem Chak	34	25.0921	85.7245
Nelagondanahalli	19	14.6413	76.0484
Nellikatte	19	14.1682	76.2284
Neori	38	24.3758	85.2128
Newal Chak	34	24.7624	85.2777
Nenaura	34	24.9522	85.4502
Neya	34	24.8979	85.4865
Neyamatpur	34	24.6883	85.2625
Negaichi	38	24.3238	85.2870
Nellikatte	19	14.4107	76.2617
Nellikatte	19	14.0606	76.3017
Nerlakatte	19	14.0104	76.2879
Netranahalli	19	14.6463	76.7277
Nerlahalli	19	14.6613	76.7258
Nemakallayyadoddi	02	14.6280	76.7822
Neljamhatti	19	14.2855	76.5842
Nerlagunte	19	14.4065	76.6020
Netrahalli	02	14.6487	76.9180
Nejanti	19	13.9984	76.8937
Neggalahalli	19	12.6758	76.3225
New Yedatore	19	12.4392	76.3828
Nemdarganj	34	24.8348	85.5667
Netnatola	34	24.8769	85.6371
Nerpur	38	24.4719	85.6663
Nekkiladi	19	12.7362	75.4966
Neuri	34	26.0076	86.1842
Nemua	34	26.2507	86.3873
Nerlige	19	13.3497	76.0674
Nerlakere	19	13.7870	76.4678
Nerlakere	19	13.6549	76.3958
Nelagondanahalli	19	13.3388	76.4446
Neori	34	25.7922	86.1809
Nellithalupura	19	12.0633	76.4941
Nelgalli	19	12.9888	75.6365
Nekanhalli	19	12.9939	75.6633
Neralakere	19	12.9678	76.0017
Neri	34	25.1691	86.0554
Nezai	34	25.2299	86.0146
Negerekoppal	19	12.7902	76.0773
Negere	19	12.7934	76.0808
Nellakkihalli	19	12.9327	76.2487
Nelamane	19	12.7796	76.0821
Nerale	19	12.6244	76.1891
Neralakere	19	12.8254	76.6690
Nerlakuppe Koppal	19	12.4041	76.0560
Nerlakuppe	19	12.3960	76.0533
Nelamane	19	12.4701	76.7001
Negathur	19	12.2078	76.1633
Nerlakuppe	19	12.2196	76.1349
Nenavadi	16	15.9160	74.0072
Nettakere	19	12.9590	76.4581
Neralakere Jodi	19	12.7831	76.7673
Nerlakere	19	12.4078	76.8668
Nenur	19	12.3724	76.9910
Nelasoge	19	12.1988	76.9341
Negarle	19	12.1472	76.7647
Nerle	19	12.0350	76.7569
Neraniki	02	15.4686	77.1542
Nettekallu	02	15.6209	77.3459
Nemakallu	02	15.2825	77.2887
Nelagonda	02	15.0991	77.4493
Neradupalla	02	15.6720	77.6085
Nellibanda	02	15.6243	77.6288
Nelatalamari	02	15.4969	77.5973
Nerehalli	19	12.9964	75.9096
Neragalale	19	12.8447	75.9307
Nelligere	19	12.8335	75.9973
Nelballi	19	12.7910	75.9759
Nerale	19	12.5558	75.9005
Nerhalli	19	12.6972	75.7511
Nerevada	02	15.7959	77.9658
Nemua	34	25.7076	86.9079
Nesda	09	23.3824	73.5586
Nesda	09	23.4134	73.6891
Nemah Purwa	36	27.4361	80.7146
Neduvalfur	13	11.9739	75.5477
Neilaccheri	13	11.6553	75.5874
Nellora	13	11.6529	75.7180
Nettra	13	11.9025	75.9950
Nedungottur	13	11.2905	75.7923
Nellikkod	13	11.2548	75.8179
Nelliyeri	13	11.4812	75.8222
Nediyanad	13	11.3774	75.8756
Neithallur	13	10.7976	75.9663
Nevelim	33	15.5276	74.0027
Nehra Bojh	36	26.8400	79.4044
Negaria	36	26.5045	79.4270
Nemanapalli	40	18.5978	79.3373
Nerala	40	18.1623	79.5724
Neregallu	19	15.3989	76.1494
Nellapuram	19	15.3015	76.5628
Nemmale	19	12.0088	75.9565
Nettana	19	12.7244	75.5493
Nerapu	19	12.6926	75.5106
Nekkara	19	12.5323	75.5244
Nekrajibail	19	12.6765	75.5461
Nerse	19	15.5998	74.4290
Nesarg	19	15.9085	74.7741
Neginhal	19	15.7518	74.7826
Nelekeri	19	14.4191	74.4751
Neturga	19	14.9728	74.5428
Negar	19	14.6480	74.7051
Negalgona	19	14.4446	74.6298
Neralmane	19	14.4708	74.7144
Negar	19	14.4526	74.7373
Nensuppe	19	14.3244	74.7004
Neura	34	24.6986	84.2739
Neura Surjmul	34	24.6668	84.2961
Neura Devi	34	24.6735	84.3012
Neura	34	24.6554	84.2794
Nehura	34	24.9411	84.7563
Nepa	34	24.8851	84.8740
Netupur	34	24.9453	84.9487
Neuri	34	24.9505	84.9806
Nekadih	38	24.5121	84.8000
Nehuta	34	24.5398	84.8547
Neuria	34	24.7273	84.8431
Neutapur	34	24.7144	84.9953
Nehalbhag	34	26.1948	87.7707
Nehuri	34	26.0926	87.8446
Nemua	34	25.9270	87.6344
Neamatpur	34	25.8850	87.7263
Newar Chak	34	25.4212	85.0561
Nemra	34	25.3180	85.1180
Nemra Pali	34	25.3210	85.1257
Nepra	34	25.6121	87.6711
Neamatpur	34	25.7593	87.7835
Nepra	34	25.8082	87.8415
Neamatpur	28	25.9654	87.8729
Neamatpur	28	25.9348	87.8936
Neamatpur	34	25.7280	87.8857
Nekula	34	25.6465	87.8779
Nepra	34	25.5316	87.8890
Nemua	34	24.9362	87.0024
Nepania	38	24.5139	87.7255
Nenur	28	24.0558	87.9920
Nehali	35	21.8156	75.0802
Nemnatola	34	25.3289	85.2713
Netar	34	25.4294	85.3604
Nemthu	34	25.0222	85.2825
Nekpur	34	25.0088	85.3531
Nehuwan	34	25.1938	85.3595
Nehusa	34	25.3949	85.5619
Nemit	35	21.7610	75.9722
Nekkantipenta	02	16.1126	79.0190
Nerjamala	02	16.1562	79.3162
Neradmet	40	17.4721	78.5368
Nerla	16	20.1205	75.5429
Nekyana	39	29.2182	80.0851
Neknampur	36	27.8437	80.0378
Neola	36	27.8870	80.1335
Neoli	36	27.0917	80.0793
Neolapur	36	27.9124	80.4882
New Bongaigaon	03	26.4638	90.5639
New Alipore	28	22.5246	88.3317
Neendoor	13	9.6851	76.5057
Neelamperoor	13	9.4965	76.5065
Nedungad	13	10.0633	76.2262
Neang	01	7.9838	93.5778
Neralemaradahalli	19	13.6217	77.8948
Neradaguttahalli	19	13.5472	77.9827
Nellimaradhalli	19	13.4823	77.8020
Nellimaradhalli	19	13.3811	77.8298
Netanahalli	19	12.9429	77.2207
Neralvadi	19	12.8501	77.2115
Nerlur	19	12.5026	77.1563
Nelamakalhalli	19	12.4937	77.1743
Nettikallu	19	12.3394	77.1554
Nenur	19	12.4329	77.0606
Nelmakanhalli	19	12.4241	77.0425
Nelekere	19	12.3089	77.0046
Nelpatna	19	12.9138	77.2956
Nettikeri	19	12.7589	77.4953
Nelaguli	19	12.7744	77.4888
Nelmalle	19	12.6297	77.3338
Nerlahalli	19	12.3926	77.4399
Nerlatti	25	12.5327	77.6860
Nellumaru Agraharam	25	12.5585	77.6223
Nelanutala	02	14.8422	78.2557
Neravada	02	15.4908	78.3755
Nelaturu	02	14.8231	78.6163
Nelampadu	02	15.0077	78.5239
Nedarpet	02	14.7973	78.1624
Nekunampeta	02	14.8066	78.2336
Nekanapuram	02	14.4311	78.9735
Neluvuratipalle	02	13.7345	78.1640
Nernakallu	19	13.3097	78.0209
Nernahalli	19	13.1503	78.2443
Nenamanahalli	19	13.1836	78.2073
Nernahalli	19	13.0113	78.1961
Nelliyampathi	13	10.5296	76.6840
Nettavarayanipalle	02	13.7397	78.2746
Nelavanki	19	13.4648	78.2771
Nernipalli	19	13.3473	78.3287
Nernahalli	19	13.1509	78.4933
Nenamanahalli	19	13.0879	78.2612
Nernahalli	19	13.0041	78.3666
Nernipalle	02	13.0175	78.4950
Netigutlavaripalle	02	13.4437	78.5229
Nernipalle	02	13.2735	78.6247
Nelapalle	02	13.3225	78.6826
Negavara	19	13.2228	78.5543
Negavara	02	13.2257	78.5652
Nellipatla	02	13.0694	78.6744
Nekkund Domsandra	19	12.9272	77.7764
Neriga	19	12.9117	77.7767
Nerabur	25	12.6597	77.9359
Nellukuntti	25	12.4386	77.8853
Nekkundi	25	12.0807	77.9819
Nerigam	25	12.8106	78.0376
Neralagiri	25	12.7520	78.1333
Nettibele	19	12.9511	78.1236
Nelahalli	19	12.9544	78.1109
Nerlekere	19	12.9965	78.2144
Neriyanakuppam	25	12.6319	78.1825
Nedumarudi	25	12.6149	78.1663
Nenjekavundanur	25	12.4253	78.0205
Neralamaradahalli	25	12.2538	78.1262
Nettadahalli	25	12.1330	78.0671
Nedimpalli	02	12.8573	78.3750
Neredumanupalli	25	12.5132	78.3378
Neralakota	25	12.5662	78.3748
Nekkundi	25	12.6504	78.5939
Nekkanamalai	25	12.6911	78.6714
Nelanur	25	12.5598	78.6401
Nelvasal	25	12.3309	78.6623
Nellipattu	25	12.3212	78.6453
Nellurpettal	25	12.9419	78.8572
Nemandapuram	25	12.7596	78.8742
Netteri	25	12.9343	78.9278
Nerkunni	25	12.0442	78.8452
Nedungavadi	25	12.2292	78.9488
Nerlahalli	19	12.3794	77.6056
Neladinnepalle	02	14.4407	78.4696
Nereducheruvu	02	14.0799	78.4383
Negulagadupalle	02	14.2185	78.5371
Nekunambadu	02	15.5543	79.1166
Nevalidinne	02	15.0121	79.1833
Neredupalle	02	15.2926	79.6280
Nekunampeta	02	15.0404	79.7182
Nekunambada	02	15.6467	79.9218
Nelaturu	02	15.6192	79.9781
Nelaturupalle	02	15.3426	79.4500
Nekunapuram	02	15.1838	79.8386
Nellipadu	02	14.6452	79.2479
Neredupalle	02	14.8029	79.6117
Nellepalli	02	14.2742	79.5643
Nelaballi	02	14.0856	79.8766
Nellurvandlapalli	02	13.6791	79.1534
Nellitlavandlapalli	02	13.6340	79.1135
Neladonipalli	02	13.4765	79.0859
Nendragunta	02	13.4542	79.1590
Nelampalli	02	13.3585	79.1184
Negandrapuram	02	13.0714	79.1756
Nevallaguntapalle	02	13.4921	79.2946
Nettakuppam	02	13.4964	79.3320
Nellepalle	02	13.2854	79.2969
Nelavay	02	13.3201	79.3889
Neluvarallakammapalli	02	13.4994	79.3487
Nediyam	02	13.3295	79.4944
Nerigelapalli	02	13.1563	79.2501
Nellikuppam	25	13.0017	79.3075
Nesanur	25	13.1195	79.3485
Nerinjitangal	25	13.0464	79.4897
Nesanuru	02	13.4593	79.5735
Nettam	02	13.4310	79.5273
Nedigallu	25	13.2565	79.5126
Nettamkhandriga	02	13.3032	79.5824
Netteri	02	13.3476	79.6788
Nemali	25	13.2510	79.6648
Netterikhandriga	25	13.1958	79.5492
Nedambaram	02	13.2186	79.7334
Neluballi	02	13.8103	79.7619
Nemmallapudi	02	13.9542	79.8659
Neluballe	02	13.8643	79.9343
Nelapattu	02	13.8469	79.9336
Nellurupalli	02	13.8493	79.9546
Nelapattu	02	13.8291	79.9583
Nevilimitta	02	13.7927	79.9508
Nelvay	02	13.6359	79.9006
Nelvay	25	13.2590	79.8703
Nemalur	25	13.4320	79.9939
Nemiliagaram	25	13.1217	79.8349
Nemmali	25	13.0010	79.9556
Nekkini	25	12.7284	79.0138
Nellimandai	25	12.5954	79.0095
Nelvaypalaiyam	25	12.6267	79.2347
Nellimodu	25	12.4204	79.0774
Neikuppam	25	12.1754	79.1433
Nedungampattu	25	12.0100	79.1497
Nedingampundi	25	12.2363	79.2385
Neivanattam	25	12.1402	79.2216
Neivanattam	25	12.1477	79.2380
Nethappakkam	25	12.7924	79.3899
Nesal	25	12.6275	79.3079
Nethapakkam	25	12.6686	79.3259
Nelvayi	25	12.6344	79.4971
Nedunkunam	25	12.4718	79.3851
Nerkunam	25	12.3624	79.4936
Nekanur	25	12.2927	79.4491
Nellimalai	25	12.1649	79.3657
Nemur	25	12.0960	79.4575
Nedumpalli	25	12.9273	79.5705
Nelli	25	12.7530	79.6063
Nelvay	25	12.9426	79.6391
Nemili	25	12.6903	79.6955
Nemalpattu	25	12.6548	79.7347
Nemili	25	12.5740	79.5566
Nedungal	25	12.6257	79.6266
Nedumparai	25	12.7103	79.5612
Nemali	25	12.3252	79.5485
Nedumtondi	25	12.3484	79.5738
Neikuppi	25	12.2917	79.6539
Nelliyankulam	25	12.4290	79.6466
Nedungal	25	12.3466	79.7470
Nedi	25	12.1261	79.5739
Nedimoliyanur	25	12.1404	79.5594
Nemali	25	12.0548	79.6561
Nerkunam	25	12.1908	79.7175
Nelvay	25	12.9313	79.7645
Neukuppam	25	12.8204	79.7909
Nelveli	25	12.7541	79.7766
Neykuppam	25	12.7737	79.8239
Neyyadippakkam	25	12.7296	79.8049
Neeradi	25	12.6014	79.7523
Nelli	25	12.5569	79.7604
Nelvay	25	12.6172	79.8237
Nelveli	25	12.6265	79.8259
Nerkunram	25	12.6900	79.8533
Nelli	25	12.6074	79.8687
Neykuppai	25	12.5809	79.9016
Nemam	25	12.4329	79.7978
Nekkunnam	25	12.3314	79.8242
Nettappakkam	25	12.4480	79.8797
Nettarambakkam	25	12.4150	79.9395
Nesappakkam	25	12.4239	79.9920
Nemali	25	12.2451	79.7971
Nesal	25	12.0567	79.8126
Nerkunam	25	12.2425	79.8201
Nelliyat	13	11.8030	76.0616
Nelliyambam	13	11.7331	76.0999
Nelhippatta	13	11.7423	76.2433
Nellikandam	13	11.6795	76.2152
Nenmem	13	11.5916	76.2477
Nellikkutt	13	11.1007	76.1773
Nenmini	13	11.0483	76.2121
Neligudu	19	11.8041	76.4422
Nerle	19	11.9965	76.3596
Nellikunnu	25	11.5551	76.4487
Nellivayal	13	11.6478	76.2881
Nelliyalam	25	11.5256	76.3589
Nedumbula	13	11.3340	76.2841
Nettikulam	13	11.4006	76.2536
Nellipoyil	13	11.3329	76.3156
Nechulli	13	11.0219	76.4274
Nellasingai	13	11.0784	76.7079
Nerikambe	25	11.4799	76.8242
Nerkodvalmund	25	11.4793	76.8034
Nellimanthu	25	11.4691	76.8066
Nellimarathur	25	11.2535	76.8038
Nellitturai	25	11.2856	76.8860
Nellur	25	11.3245	76.8847
Nedugula	25	11.4764	76.8905
Nellekkad	13	10.7966	76.0406
Nellissheri	13	10.7726	76.0235
Nellissherittara	13	10.7504	76.0374
Nedungottur	13	10.8891	76.1409
Nethirimangalam	13	10.8054	76.1877
Nellikkattiri	13	10.7684	76.1619
Neminikkad	13	10.6468	76.0253
Nenmini	13	10.5889	76.0573
Neentur	13	10.1584	76.2164
Nellaya	13	10.8654	76.2840
Nedungottur	13	10.7591	76.2550
Nellikkurisshi	13	10.7857	76.4207
Nettissheri	13	10.5401	76.2560
Neduvannur	13	10.1403	76.3806
Nettuvengai	13	10.8568	76.7237
Nellimedu	13	10.6437	76.8313
Nedumudi	13	9.4302	76.3954
Nedumcherimala	13	9.6358	76.7767
Nediyapala	13	9.6066	76.7904
Neduman	13	9.1349	76.7738
Neduyannur	13	9.0440	76.8577
Nedumkayam	13	9.0303	76.9084
Nedumkanda	13	8.6955	76.7431
Neduvattur	13	8.9938	76.7610
Nellikunnam	13	8.9753	76.7772
Nedumankavu	13	8.9522	76.7999
Nelliparambu	13	8.8995	76.7731
Nettayam	13	8.9043	76.7984
Neduveli	13	8.8813	76.8068
Nedumana	13	8.9295	76.7512
Nelakkamukku	13	8.6933	76.7731
Neduvankonam	13	8.7442	76.8893
Nettayam	13	8.7449	76.9093
Nedumkuzhi	13	8.7439	76.9898
Neduvell	13	8.6246	76.9141
Neduvam	13	8.5644	76.9582
Nedumpuram	13	8.5321	76.9613
Nedungappra	13	10.1208	76.5507
Nelladu	13	10.0134	76.5212
Nellikuzhi	13	10.0802	76.5859
Nellikkavundanpalaiyam	25	10.7739	76.9894
Nediattubhagam	13	9.7345	76.3672
Neyippillibhagam	13	9.6747	76.3393
Nettiyad	13	9.0102	76.5477
Nellimugal	13	9.1201	76.7003
Nedumpanaikkal	13	8.9193	76.6842
Neduvankavu	13	8.9224	76.7362
Nedungulam	13	8.8363	76.6862
Nelleti	13	8.7869	76.6880
Nellur	19	11.8909	77.4629
Nettichchipalaiyam	25	11.2904	77.4057
Nettakattipalaiyam	25	11.1476	77.3902
Nettichchellampalaiyam	25	11.2716	77.5094
Neikkaranpalaiyam	25	11.0322	77.5651
Neruppur	25	11.9649	77.7819
Netuvelampalaiyam	25	11.3982	77.8149
Neykarpatti	25	11.4056	77.9180
Nettaiyampalaiyam	25	11.1052	77.9425
Neikuppam	25	11.0621	77.9328
Nettigudi	13	10.0884	77.1093
Nerayurnattakkadu	25	10.8331	77.3914
Nerayur	25	10.8149	77.3039
Nemali	25	11.7419	79.2786
Nellikkuppam	25	11.6407	79.4405
Nemam	25	11.4653	79.3303
Neduvaynattam	25	11.3312	79.3561
Neduncheri	25	11.4043	79.4464
Nettalankurichchi	25	11.3045	79.4168
Neduntidal	25	11.0741	79.4778
Neduncheri	25	10.8617	79.2764
Nemmeli	25	10.8243	79.2539
Neduvasal	25	10.7943	79.3026
Neykkunram	25	10.8167	79.3012
Nemmelikkudi	25	10.8155	79.3561
Neppukkovil	25	10.8626	79.3368
Neduvasal	25	10.9000	79.3318
Neykkunram	25	10.9179	79.4966
Neydavasal	25	10.8571	79.4995
Neyvasal Tenpadi Akkarai	25	10.6886	79.3178
Nemmeli	25	10.6239	79.3885
Nemmeli	25	10.5547	79.3883
Neduvakkottai	25	10.6581	79.4265
Nemmeli	25	10.6396	79.4928
Nemmeli	25	10.5416	79.2906
Nemmeli	25	10.6376	79.5494
Nellichcheri	25	10.8718	79.1787
Neydalur	25	10.8372	79.1844
Nellittoppu	25	10.7963	79.2280
Neppugai	25	10.5281	79.0539
Neykkalinjankottai	25	10.7305	79.2070
Nellippatti	25	10.6882	79.1896
Neduncheri	25	10.8625	79.5356
Neykkuppai	25	10.8493	79.5719
Neykkuppai	25	10.8262	79.5166
Nemmeli	25	10.9972	79.6047
Nemmeli	25	10.9230	79.6061
Neduncheri	25	10.9394	79.7191
Nelambal	22	10.9452	79.7424
Nellalandur	22	10.9489	79.7416
Nedungulam	25	10.9807	79.7088
Neykkuppai	25	10.8403	79.7504
Nemmeli	25	10.7569	79.7522
Neliguda	21	20.3496	84.8145
Nerisahi	21	20.3021	84.7819
Newartoli	38	23.5158	85.0803
Neuri	38	23.4499	85.4202
Nengratoli	38	23.3139	85.4391
Nehaldih	38	23.1786	85.2983
Nehalgara	38	23.2092	85.5204
Nematoli	38	23.0067	85.5695
Nepra	38	23.1821	85.8226
Negain	38	23.7897	84.5353
Newribar	38	23.8119	84.7274
Nehalu Kapariya	38	23.2201	84.9799
Nedungulam	25	9.6651	77.5987
Nedunkulam	25	9.1479	77.5579
Nedumuri	25	8.4122	77.2668
Neyyurdesam	25	8.1959	77.2824
Nettur	25	8.9167	77.5318
Nellaiyapuram	25	8.7621	77.5963
Nellaittiruttu	25	8.8726	77.7101
Nedunkulam	25	8.5309	77.6755
Nerinjivilai	25	8.4612	77.5630
Nerur Agraharam	25	10.9968	78.1496
Nellambarampatti	25	10.6730	78.0507
Nelliyapatti	25	10.4236	78.4526
Neduvayal	25	10.2895	78.4776
Nellikkundupatti	25	10.1449	78.3850
Neydalur	25	10.8102	78.5258
Neykkuppai	25	10.8892	78.6960
Neyveli	25	10.9068	78.6247
Nerinjikkudi	25	10.3748	78.6349
Neyveli	25	10.3468	78.6548
Neyakonam	25	10.2823	78.7056
Nemminippatti	25	10.1950	78.5537
Nemam	25	10.1464	78.6884
Nedumaram	25	10.1392	78.6333
Nemam	25	10.1316	78.6866
Nemam	25	10.1346	78.6965
Neyvasal	25	10.1647	78.6787
Neykuppai	25	10.9237	78.7934
Nerinjilkudi	25	10.8803	78.7889
Nedungulam	25	10.8124	78.8740
Nemam	25	10.8431	78.9226
Neyveli	25	10.5999	78.9170
Nedunjeri	25	10.4883	78.7841
Nemmelippatti	25	10.4853	78.9621
Neringippatti	25	10.4731	78.9786
Neyvasalpatti	25	10.3158	78.8403
Nedungudi	25	10.1849	78.8240
Nemattanpatti	25	10.1861	78.7679
Nerpugappatti	25	10.1471	78.7731
Nenmeni	25	10.0240	78.8832
Nettendal	25	10.0662	78.8598
Nelliendal	25	9.9654	78.2129
Nedungulam	25	9.7875	78.1763
Nedumadurai	25	9.7959	78.0867
Nedungulam	25	9.7737	78.0327
Nettiyariruppu	25	9.7226	78.2187
Nedungulam	25	9.7175	78.2394
Nedungulam	25	9.6807	78.1094
Nedungulam	25	9.6534	78.2031
Neyvilakkunedungulam	25	9.6791	78.2044
Nenmeni	25	9.3227	78.0027
Nedungulam	25	9.0656	78.2424
Nedungulam	25	9.9508	78.2617
Nedungulam	25	9.7330	78.4485
Nedungulam	25	9.6445	78.4777
Neduganendal	25	9.5904	78.3412
Nedumpuli	25	9.5928	78.4799
Nelmadur	25	9.5773	78.4333
Nedungulam	25	9.5739	78.3929
Nellikkulam	25	9.5100	78.2671
Nedungulam	25	9.4254	78.4159
Nedungulam	25	9.3857	78.3309
Nedungulam	25	9.3813	78.2722
Nerinjippatti	25	9.2991	78.4289
Nedungulam	25	9.1848	78.3655
Nembukappatti	25	9.9571	78.6114
Nellippurusadiyur	25	9.8592	78.6284
Nedungulam	25	9.8552	78.6784
Nedodai	25	9.8433	78.7138
Neduvattavu	25	9.7898	78.6949
Neruvatti	25	9.8082	78.6153
Nellendal	25	9.7731	78.6810
Nettendal	25	9.7582	78.7492
Nemmeni	25	9.7421	78.5733
Nemam	25	9.7379	78.7302
Nenjattur	25	9.6850	78.6598
Nerur	25	9.7026	78.6313
Nettur	25	9.6266	78.5403
Nedungulam	25	9.6454	78.5122
Nedungulam	25	9.5124	78.5025
Nedungurichchi	25	9.5127	78.6910
Nenmeni	25	9.5021	78.6471
Neduvikkottai	25	9.9572	78.7652
Nediyamanikkam	25	9.3758	78.6571
Nedungulam	25	9.2994	78.5117
Nettendal	25	9.9717	78.8742
Neppiyal	25	9.9631	78.9179
Nettendal	25	9.9012	78.8350
Nemmeni	25	9.8806	78.8589
Nedumaram	25	9.8770	78.9647
Nettendal	25	9.8656	78.8787
Neyvayal	25	9.8680	78.8922
Nedumpulikottai	25	9.6084	78.8359
Neduntulasi	25	9.5263	78.8330
Nedungur	25	10.9438	77.9443
Nedumudaiyan	25	11.9181	79.1534
Neyvanai	25	11.7605	79.2392
Nerkunam	25	11.9574	79.2381
Nellikkombai	25	10.6807	77.9639
Nedumanur	25	11.6810	79.1757
Nedungulam	25	11.4590	79.1419
Neyvanam	25	11.2534	79.1766
Neyvasal	25	11.3823	79.1811
Nettiyapatti	25	10.3988	77.8814
Nerunjikkorai	25	11.0900	79.1427
Nerkunam	25	11.9187	79.4335
Nerkunam	22	11.9760	79.6710
Nettappakkam	25	11.8638	79.6345
Nellikkollai	25	11.4721	79.5320
Neduncheri	25	11.3551	79.5663
Neyvasai	25	11.3266	79.5813
Neduveli	25	11.4211	79.6179
Neykkannam	25	11.1553	79.5009
Neyvasal	25	11.1604	79.5677
Neykkuppai	25	11.1387	79.5277
Nemmeli	25	11.2343	79.7049
Nellittoppu	22	11.9303	79.8126
Neduvayal	25	9.0361	77.2980
Nelkattumseval	25	9.2374	77.4617
Neyppattur	25	11.2171	79.8126
Nemmeli	25	11.2048	79.7924
Nellichcheri	25	11.0529	79.7659
Neduvasal	25	11.0438	79.7643
Neidavasal	25	11.1688	79.8417
Neyvattali	25	10.2536	79.0969
Neduvasal	25	10.3535	79.1338
Neyveli Vadapadi	25	10.4287	79.1566
Neyveli Tenpadi	25	10.4253	79.1457
Neyvavidudi	25	10.4072	79.2352
Neykarappatti	25	11.1122	78.1483
Neimankade	25	11.8706	78.4885
Neyyamalai	25	11.7872	78.4770
Nedungapatti	25	11.2409	78.3695
Nelliripatti	25	11.7529	78.6540
Nedumanur	25	11.8436	78.9120
Nerkonam	25	11.4320	78.8383
Neykuppai	25	11.3617	78.8687
Nedungur	25	11.0632	78.8243
Neykulam	25	11.0566	78.8397
Neduvasal	25	11.2149	78.9100
Nepalsai	38	22.3529	85.8309
Neuti	21	22.0106	85.9858
Netrabahal	21	21.4901	85.1002
Nelung	21	21.6614	85.6579
Nelung	21	21.6683	85.6618
Nenankarai	25	11.3969	78.5588
Neyvasal	25	11.3507	78.5566
Nesakkulam	25	11.2907	78.6607
Neduapal	21	21.8365	85.9392
Nelibari	21	20.1365	85.0210
Newti	38	24.7612	85.7872
Nejai	34	24.9562	85.8561
Nemua	34	26.0870	86.5122
Nemadih	38	24.5366	86.1088
Newada	38	24.4675	86.2765
Nerho	38	24.2127	86.4603
Nedrimal	21	21.8517	84.3065
Nenden	21	20.6891	84.1980
Nedipadar	21	20.5450	84.0158
Nedipara	21	20.4910	84.1263
Nedipanga	21	20.4547	84.0894
Nedipader	21	20.4398	84.0103
Nedipader	21	20.3483	84.1334
Nedipara	21	20.2756	84.0667
Nedigora	21	20.5399	84.2953
Nedigora	21	20.4373	84.2713
Nedigura	21	20.3627	84.2536
Neddipaju	21	20.3556	84.3926
Nedisai	21	20.4491	84.3398
Nedrikhol	21	20.4511	84.4136
Neddiguda	21	20.3226	84.4776
Neddisai	21	20.0592	84.3249
Neddimahanaju	21	20.1076	84.3970
Neddiguda	21	20.2233	84.2887
Nedisahi	21	20.5873	84.5869
Nephari	21	20.3862	84.5702
Nembadia	21	20.1897	84.5626
Neddiponka	21	20.1503	84.5495
New Seren	03	27.7379	94.8843
Neredcherla	40	16.8859	79.6937
Nemalo	21	20.4347	86.1736
Neri	11	30.9905	77.4365
Neori	11	31.2607	76.9705
Neri	11	31.0392	77.0461
Neyveli	25	11.5346	79.4803
Nerur	25	11.0020	78.1500
Neddiguda	21	20.1959	84.5081