Nizamabad	40	18.6715	78.0988
Nimach	24	24.4595	74.8662
Nirmal	40	19.0968	78.3441
Nipani	16	16.3990	74.3829
Nimbahera	24	24.6217	74.6800
Nithari	07	28.7049	77.0529
Nihtaur	36	29.3242	78.3872
Nilambur	13	11.2727	76.2257
Nidadavole	02	16.9057	81.6722
Nilithi	07	28.6520	77.0564
Nildoh	16	21.1107	78.9891
Niwai	24	26.3607	75.9184
Nilanga	16	18.1167	76.7528
Nileshwar	13	12.2595	75.1352
Nivari	35	25.3491	78.7997
Nilakottai	25	10.1650	77.8502
Nimaj	24	26.1500	74.0009
Nirmali	34	26.3140	86.5854
Nimaparha	21	20.0576	86.0044
Nilokheri	10	29.8367	76.9319
Nichlaul	36	27.3125	83.7253
Nisang	10	29.6923	76.7546
Nilagiri	21	21.4624	86.7679
Niz-Hajo	03	26.2494	91.5243
Nirsa	38	23.7844	86.7069
Nilaiyur	25	9.8572	78.0598
Nizamabad	36	26.0529	83.0579
Ningthoukhong	17	24.5717	93.7641
Niwari	36	28.8761	77.5382
Nilpur	23	30.4689	76.5797
Nilambur	25	11.0590	77.0838
Niwas	35	23.0457	80.4447
Nidanpur Pt-II	03	26.0233	90.3037
Nizampur	16	21.1128	74.3307
Nimbhora Budrukh	16	21.0486	75.8419
Niz - Mankata	03	27.4642	94.9213
Niz Katigorah Pt III	03	24.8773	92.5700
Niramargar	19	12.8857	74.9151
Niz-Bahjani	03	26.3806	91.4159
Nihalpur Simba	12	32.6236	74.7819
Nizau	30	27.4500	92.6333
Nizampur	24	29.7763	73.5522
Nizampur	16	18.3184	73.3019
Nizampet	40	18.0921	77.8812
Nizampatnam	02	15.9049	80.6686
Nizamghat	30	28.2798	95.7117
Nizamabad	40	16.5416	78.6619
Nivali	35	21.6826	74.9220
Nituria	28	23.6333	86.8167
Nitur	16	18.2425	76.7779
Nittur	19	13.3222	76.8615
Nitrud	16	19.0217	76.1855
Nithrana	24	29.2333	75.0343
Nithor	24	26.9624	77.0379
Nisha	21	20.9250	85.0017
Nischu	41	34.5224	79.1081
Nisarpur	35	22.1088	74.8078
Nisapui	31	23.9394	92.7693
Niruna	09	23.6333	69.5167
Niru	12	34.5591	75.0274
Nirpar	09	20.6331	73.3981
Nirmali	09	23.1198	73.0638
Nirmal	16	19.4004	72.7651
Nirgundihi	21	21.8574	84.0939
Nirgunda	19	17.2929	77.3764
Nirgajni	36	29.5244	77.8746
Nirbana	24	29.4855	73.7654
Niranjanpur	34	25.1702	84.5543
Nirancal	33	15.3609	74.0860
Nirakarpur	21	19.9833	85.5500
Niphad	16	20.0794	74.1093
Nipani Dongri	35	21.5833	79.7333
Nipaniya	24	24.6194	76.8656
Nipania	37	21.8500	82.0333
Nipal	24	25.3980	73.5268
Nior Nis	41	33.4286	78.2042
Nioku	30	27.9311	94.1240
Ninor	24	23.6395	74.8714
Ninguani	35	23.3057	81.9984
Ningru	30	27.6301	95.8907
Ninging	30	28.9533	94.8332
Ningala	09	22.0211	71.7046
Nindali	02	14.1075	79.6977
Nindakara	13	8.9479	76.5383
Ninawad	35	23.3728	76.2218
Nimu	41	34.1957	77.3351
Nimtita	28	24.6500	88.0333
Nimsod	16	17.4538	74.4643
Nimsakhar	16	18.0257	74.7719
Nimbri Chandawatan	24	26.9263	73.9262
Nimpani	35	22.0754	77.8749
Nimora	24	26.5062	75.5153
Nimora	37	21.1333	81.7333
Nimon	16	19.7109	74.1933
Nimod	35	23.8615	75.0407
Nimnan	35	23.9760	82.8589
Nimmakhandipenth	21	19.3543	84.4724
Nimkhera	35	22.4392	75.1955
Nim Ka Khera	24	25.3381	75.4793
Nimia Dih	36	24.1939	83.2670
Nimiya	35	22.1930	77.6093
Nimgaon	16	20.4377	74.5581
Nimgachi	38	24.9667	87.7500
Nimera	24	27.5187	75.5296
Nimbola	35	21.3734	76.2595
Nimod	24	27.2487	74.7852
Nimbli Uda	24	25.8794	73.3436
Nimblana	24	25.4423	72.4563
Nimbi Jodhan	24	27.5323	74.3434
Nimbhora Budrukh	16	21.1660	75.9656
Nimbgaon Ketki	16	18.0849	74.9129
Nimbgaon Jali	16	19.5667	74.3833
Nimbgaon	16	18.5735	75.1422
Nimbavas	24	24.9964	72.1507
Nimbavda	16	17.4573	74.8502
Nimbarga	19	17.3861	76.5858
Nimbal Khurd	19	17.1000	75.8500
Nimbal Buzurg	19	17.1000	75.8500
Nimbala	16	18.0559	76.7584
Nimbal	24	26.1000	74.8500
Nimbal	16	17.3883	76.3868
Nimbal	19	17.1040	75.8542
Nimbagallu	02	14.8881	77.2084
Nimb	16	17.7917	74.0080
Nima	24	28.4648	75.4817
Nimakhandipenta	21	19.3667	84.4667
Nivaj	24	24.7318	72.4426
Nilvala	09	21.9178	71.2963
Nilsar	24	25.4408	71.2867
Nilkund	19	14.4548	74.7003
Nilkat	16	18.5000	76.2833
Nilkanth	24	25.6544	72.7129
Nilji	21	20.1023	82.5936
Nilguda	40	17.2500	80.4333
Nilgaon	36	27.2377	80.9448
Nileswaram	13	12.3333	75.1000
Nilamel	13	8.8237	76.8830
Nilambazar	03	24.7459	92.3499
Nikursini	28	22.0043	87.3017
Nikuran	10	29.4371	76.3737
Nikum	24	24.5648	74.4914
Niktak	30	27.9647	93.8729
Nikoda Mota	09	23.5082	73.0392
Nikora	09	21.7667	73.1167
Nikava	09	22.1922	70.5340
Nij Narajol	28	22.5667	87.6167
Nij Laluk	03	27.1188	93.9296
Nijhar	09	21.4773	74.1959
Nijgaon Paranpur	28	25.1500	87.9667
Nihal Singhwala	23	30.5851	75.2772
Nihalpur	24	27.0633	76.7259
Nihal Khera	23	30.2306	74.1321
Nihalamba	35	21.6153	74.7958
Nigudghar	16	18.1134	73.7327
Nigri	35	24.1517	81.9176
Nigari	35	23.0365	79.9100
Nigri	16	17.6468	74.2032
Nigohi	36	28.1068	79.8717
Nigohan	36	26.5618	81.0308
Nighoj	16	18.9600	74.2813
Nighwa	40	19.1854	77.8589
Nighasan	36	28.2359	80.8608
Nigda	16	17.2047	73.8927
Nigaria	35	22.8460	74.5046
Nigan	28	23.5099	87.9878
Nidumolu	02	16.2667	81.0333
Nidugal	19	14.1487	77.0853
Nidubrolu	02	16.0667	80.5667
Nidni	19	17.6817	77.3169
Nidjapla	40	17.8502	77.8781
Nidgundi	19	16.3583	75.9310
Nidagundi	19	15.6602	75.8645
Nichuguard	20	25.8056	93.7849
Nichinai	41	34.3500	75.1833
Nibua Raiganj	36	27.0720	83.8939
Nibnutvadi	16	17.4641	74.7200
Nibli	24	26.1723	70.8473
Nibia	00	28.0167	81.6167
Nibhora	35	22.8982	78.4986
Niaunyu	30	26.8536	95.3179
Niali	21	20.1351	86.0628
Niala Kondapalle	40	17.1025	80.0533
Nial	23	29.9699	76.0675
Nimrasar	24	28.7967	74.6038
Nilarpur	28	22.7834	88.1232
Nilgani	28	22.7609	88.4377
Nibria	28	22.6087	88.2441
Nimpot	28	22.1553	88.4475
Nij Khari	28	22.0929	88.4288
Nirman	28	22.8433	88.8811
Nitberia	28	22.4043	88.8836
Nila	12	34.2633	74.8894
Nishat	12	34.1232	74.8849
Nirhad	12	33.7608	74.1779
NiganaI	12	33.3853	74.2439
Nilipur	12	34.4529	74.2529
Nichahom	12	34.3915	74.1424
Nildogar	12	34.3892	74.1944
Nildori	12	34.3376	74.1017
Nilah	12	34.1714	74.5241
Nihalpur	12	34.1495	74.5247
Ningarpur	12	34.1125	74.5025
Nijul	12	34.0427	74.6543
Nihale Shah da Mohalla	12	32.9423	74.5625
Nilli Dabbi	12	33.2366	74.1662
Niladab	12	33.0322	74.4608
Nili	12	33.0002	74.4577
Nikkar	12	32.8163	74.4983
Niun Ban	12	32.9762	74.8700
Nikki Seri	12	32.8414	74.9109
Nizampur	23	30.6547	76.0252
Nizampur Majra	10	28.9826	76.8069
Nilothi	10	28.8097	76.8754
Nirthan	10	28.9550	76.8890
Nibali	12	32.7333	74.9014
Nimanarayan	24	28.1894	74.7060
Nimbu Tonk	24	28.2361	73.9694
Nizampur	36	29.7413	77.2897
Niwaria	24	25.8115	75.5134
Nizampur	10	29.4457	76.9840
Niwazpur	10	28.1116	76.0922
Nilwal	07	28.6673	76.9793
Niharag	11	31.2083	77.0369
Nichla Kangti	11	31.1939	77.0772
Nigana	39	29.7750	78.7415
Nizampet	40	17.1580	78.0066
Niralapalli	40	17.2585	78.7318
Nirmata	40	17.0063	78.9825
Nintur	40	17.8145	78.5991
Nizampet	40	17.5179	78.3828
Nizampur	40	17.6792	78.0035
Nidi	16	18.5266	72.9524
Nirmala Stores	19	12.9429	77.5606
Nimhans	19	12.9372	77.5959
Nimwali Dhani	24	28.1761	75.5189
Nizampura	24	28.0203	75.6103
Niamatpur	10	30.2304	76.6209
Nizampur	23	30.2144	76.5049
Niharsa	10	30.2281	76.6583
Niharsi	10	30.2153	76.6485
Nikka Siana	10	30.0267	76.5356
Nibwa	10	30.6024	76.9123
Nimta	35	25.1471	78.8378
Nibodiya	35	24.0694	78.1575
Nigoi	36	24.8739	78.4152
Nirtala	35	24.0724	78.2952
Nimkhera	36	24.5094	78.5275
Nimkhera	35	24.6776	78.7931
Niwari	36	24.6214	78.7532
Nimon	35	24.0162	78.7999
Nizampur	36	27.9594	79.0102
Nizamabad	36	27.9204	79.0735
Nidhanpura	36	27.9092	79.0273
Niazi Ka Nagla	36	27.8368	79.0727
Nibia	36	27.7693	79.0931
Nizampur	36	27.9116	79.0830
Nizampur	36	27.8585	79.4975
Niranjan Nagla	36	27.8132	79.3665
Nigoh Khas	36	27.1551	79.4550
Ninauli	36	27.0816	79.4352
Niwari	36	27.0543	79.4674
Niwada	36	27.0580	79.4856
Nikra	36	27.6992	79.4994
Nigar	36	27.5441	79.6436
Nibau Nagla	36	27.5199	79.6884
Nikawanpur	36	27.2311	79.7571
Nimapur	36	27.2229	79.9403
Nikauwan Purwa	36	27.1549	79.8121
Niwazi Purwa	36	27.0596	79.8728
Nihal Purwa	36	27.0689	79.9904
Niwari	36	26.9888	79.1365
Nihalpur	36	26.9711	79.2102
Nigo Ekarpur	36	26.7563	79.1746
Nigo Buapur	36	26.7562	79.1468
Nib Sai	36	26.9346	79.1061
Ninawa	36	26.7657	79.1739
Nibri	36	26.4672	79.2466
Ninaoli	36	26.3757	79.1515
Nitharwala ki Dhani	24	26.9760	75.5393
Niwaru	24	26.9732	75.7132
Nimnara	24	26.8993	75.6312
Niota	24	26.7972	75.6786
Ninawali	36	26.3873	79.3120
Nimgaon	36	26.3516	79.3431
Nizampur	36	26.3672	79.3892
Nibuja	36	25.6727	79.0508
Niswara	36	25.4304	79.4164
Nizampur	36	26.9707	79.5519
Nihalabad	36	26.8538	79.5636
Nibhar	36	26.7996	79.6581
Nigohya	36	26.5788	79.8602
Nijamatpur	36	26.5161	79.9766
Niwawari	35	24.9294	79.2099
Nipbal	35	24.7154	79.0700
Niwar	35	24.2138	79.0906
Nipaniya	35	24.1933	79.2276
Nihani	35	24.0909	79.0392
Nimkhera	35	24.0619	79.0622
Niwari	35	24.0397	79.1736
Nivariya	35	24.8413	79.4463
Niranjanpur	36	30.3018	78.0150
Nilai Jhora	03	26.3998	89.9441
Nidagatta	19	13.4018	76.0442
Nimla	24	29.0019	74.5554
Nij Charaibahi	03	26.2920	92.4548
Niausao	30	26.8198	95.2796
Niamatpur	36	26.2166	79.5504
Niyar Dih	35	25.5379	83.0563
Nirdapalli	40	18.3989	79.7207
Nimbora	24	27.4372	74.0112
Nimbolo	24	27.1876	73.3852
Nimbi Chhoti	24	27.3375	74.6241
Nigdi	16	18.4855	73.1165
Nilupara	37	20.2767	83.9444
Niladripur	21	19.4523	85.1243
Nirtu	37	22.2083	82.4292
Nischinta Pur	28	21.9896	88.2173
Nimbakhedi	35	23.6143	75.3587
Niz Saldah	03	26.4529	91.1857
Nidanpur	18	25.9325	90.1172
Nishiganj	28	26.3144	89.3013
Niz Chenga	03	26.3054	91.1713
Niz Barala	03	26.4531	91.1569
Nischintakoili	21	20.4790	86.1850
Nikashi	03	26.7294	91.3629
Niz Tengakhat	03	27.3806	95.1719
Nipaniya	35	22.9897	77.0251
Niz Namati	03	26.5285	91.3060
Niz chirakhowa	03	25.5947	89.9090
Niz Banekuchi	03	26.4731	91.3964
Nilakanthapur	21	21.9595	87.1809
Nijli	35	21.8722	80.0703
Nilji	35	21.8722	80.0703
Nichemaska	21	19.6054	82.9622
Nimdaria	28	22.7343	88.5795
Nimrani	35	22.1175	75.4583
Nijtaraf	28	26.3176	88.8767
Ningarpur	12	34.3824	74.7000
Nigdhu	10	29.8381	76.7381
Nizampur	10	29.2298	76.5063
Niganiawas	10	28.1689	76.7242
Nikhri	10	28.1862	76.7303
Nizampur Khurd	10	28.8292	76.9649
Nizampur	10	28.2099	76.9195
Nibaheri	24	28.0918	76.8747
Niyul	11	31.7159	77.0342
Nihri	11	31.6142	77.0926
Nirhali	11	31.5905	77.0385
Nihri	11	31.5608	77.1925
Niru	11	31.5869	77.2360
Nihlu	11	31.7139	77.1733
Nid	11	31.5376	77.0169
Nid	11	31.5457	77.2104
Nikhatia	10	29.5905	75.3429
Nimbri	10	29.6686	75.4777
Nitar	10	29.4958	75.0026
Nirhan	10	29.3978	75.0469
Ninan	24	29.1757	75.2724
Niradhanu	24	28.3014	75.2185
Nihalgarh	10	28.5081	76.0724
Nimriwali	10	28.7161	76.1413
Ninan	10	28.7978	76.1805
Nirojal	12	33.4427	74.3391
Nihar Kasi	12	33.3469	74.4704
Nihri	11	31.4089	77.0390
Nichla Barnog	11	31.4313	77.0985
Nira	11	31.3573	77.1943
Nikri Dudhi	12	34.6309	74.0309
Nildat	12	34.5571	74.0577
Niulkala	12	34.7267	74.3943
Nichli Balahni	11	31.3637	77.3113
Nindan	11	31.4497	77.3070
Nind	11	31.4311	77.3588
Nichla Kayalu	11	31.2539	77.3489
Nichla Ahar	11	31.2836	77.3814
Ninglu	11	31.4706	77.3693
Nilewala	23	30.9435	74.9096
Niul	11	31.1376	77.2904
Nin	11	31.0082	77.2792
Niari	11	31.0511	77.4746
Nichli Sharthi	11	31.3980	77.5140
Nichli Shain	11	31.4118	77.5249
Nichli Tarmidhar	11	31.4141	77.5566
Nirsu	11	31.3936	77.6067
Nirith	11	31.3699	77.5508
Ninnu	11	31.3520	77.5705
Ninu	11	31.3703	77.5554
Nihari	11	31.1073	77.5711
Nigah	11	31.0238	77.6786
Nilhog	11	30.9603	77.0411
Nishnash	10	30.7285	77.0375
Nibwala	11	30.6285	77.1697
Niog	11	30.6470	77.2484
Nihaoni	10	30.3063	77.0165
Nizampur	10	30.4590	77.1925
Niwarsi	10	30.0029	77.0196
Nigali	11	30.6547	77.2583
Nihari	11	30.6204	77.3912
Nihai	11	30.6971	77.4756
Nimtawali Dhani	24	27.5487	76.0902
Nimli	24	27.5262	76.0210
Nimwala Guarah	24	27.2718	76.2672
Nimbora	24	27.7609	76.6424
Nimlaka	24	27.9665	76.7391
Nirbalpura	24	27.4227	76.5202
Nithari	24	27.4275	76.6962
Nigali	11	30.6811	77.6320
Niwa	11	30.6297	77.7426
Nigali	11	30.5789	77.7252
Niana	24	27.7755	76.7940
Nimli	24	27.8602	76.9236
Nikach	24	27.7109	76.8113
Nibali	24	27.6158	76.8190
Nibalibas	24	27.6134	76.8284
Nizamnagar	24	27.5216	76.8585
Nithanandpur Nagal	36	30.2520	77.5490
Nihalgarh	11	30.4720	77.6331
Nithari	24	27.2563	76.8796
Nibhaira	24	27.4484	76.9097
Nigali	39	30.5790	77.7536
Nichiya	39	30.5640	77.8324
Nigai	39	30.6207	77.8660
Nithla	39	30.6388	77.8746
Niste	39	30.5163	77.9869
Nichuniya	24	26.7085	76.2900
Nizampura	24	26.6469	76.2899
Nijharna	24	26.5718	76.2713
Nimwaj	24	26.6748	76.4440
Nijabatpura	36	29.2617	78.1172
Nidhanpuri	36	29.2534	78.0386
Nilawala	36	29.2603	78.0423
Nimma ki Dhani	24	28.1915	75.0079
Nima ka Bas	24	28.4948	75.4272
Niranjanpur	39	29.6996	78.1106
Niyamatpur	39	29.7047	78.0158
Nibodiya	35	23.7185	78.2713
Nibodiyatola	35	23.7052	78.2715
Nigri	35	23.2740	78.4251
Nitarri	35	23.6841	78.7814
Nimnapur	35	23.2380	78.2848
Niwari	35	23.0726	78.4563
Nibawar	35	23.0020	78.4998
Nimod	24	26.3594	76.4155
Nishana	24	26.2716	76.7268
Nimoda	24	26.2964	76.5926
Nibhora	35	23.2754	78.7596
Niwari Khurd	35	23.2831	78.8696
Niwari Kalan	35	23.2922	78.8669
Nigahari	35	23.4310	78.9520
Niwari	24	26.1867	76.5328
Nimjhari	24	26.2416	76.6627
Niwajpur	24	26.6574	76.9397
Nisura	24	26.7452	76.9106
Nishura Ka Pura	24	26.7355	76.9117
Nibhera	24	26.1872	76.8904
Nimach	35	26.0663	76.9097
Nirpura	36	29.2305	77.3992
Niamun	36	29.5862	77.5489
Nirdhana	36	29.5131	77.5986
Nihalkheri	36	29.6286	77.6877
Nimanmurha	35	22.7538	78.2291
Nibhora	35	22.6624	78.1566
Nimdhana	35	22.0688	78.0666
Niwari	35	22.7362	78.2876
Nimghan	35	22.5199	78.3111
Nijarkhera	35	22.7113	78.4895
Nimach	35	22.9885	78.7434
Niwari	35	22.9641	78.7459
Nishan	35	22.4047	78.5345
Nimdhana	35	22.1913	78.5221
Nijor	35	22.9123	78.9694
Nibhora	35	22.7706	78.9821
Nikai	35	22.6403	78.8726
Nirgur	35	21.8529	78.1950
Nimjhiri	35	21.9492	78.0768
Nimbharni	16	21.1880	78.0943
Nimbhora Delwadi	16	21.0485	78.1026
Nimoti	35	21.9533	78.3960
Nilajhar	35	21.9254	78.4985
Nimboti	35	21.7302	78.3742
Nimthana	16	21.5987	78.3805
Nimbukhera	35	21.9290	78.6911
Nimni	35	21.6571	78.8481
Nimboli	16	21.2061	78.8424
Nimji	16	21.1674	78.8731
Nildoh	16	21.1036	78.8747
Nimla	16	20.8762	78.0151
Nimbhora Raj	16	20.7583	78.1952
Nimbhora	16	20.7521	78.2278
Nimboli	16	20.8018	78.2273
Nimboli	16	20.9236	78.1788
Nimgavhan	16	20.7022	78.0252
Niaddim Dogri	11	31.4935	78.1187
Nitura	24	24.6900	72.8956
Nilanwali	10	29.8956	74.7982
Nindri	24	24.0525	73.4358
Nidhanwala	23	30.8431	75.0581
Nihalgarh	23	30.9563	75.1211
Nimach Mata ka Khera	24	24.7348	73.5364
Nimoda Pir	35	25.6645	76.5160
Nimbu Nala	24	24.1914	73.6131
Nisharewala	23	30.9602	75.3220
Nimkhera	24	24.8859	76.0907
Niyana	24	24.9545	76.1471
Nimoda	24	24.5245	76.1129
Nimjhar	24	25.5224	74.0433
Nimbhera	24	25.5067	74.1452
Nimwahaida	24	25.0985	74.5935
Nimdikhera	24	25.0784	74.6910
Nizampur Ramunpur	36	29.6785	77.7889
Nizampur	39	29.7279	77.8845
Nirana	36	29.4160	77.7739
Nithari	36	29.3295	77.8064
Nizampur	36	29.3867	77.9822
Niwara	36	28.9835	77.2069
Nilhari	07	28.7058	77.0570
Niwada	07	28.6242	77.0279
Niwada Mazra	07	28.6238	77.0481
Nicholson Lines	07	28.6006	77.1527
Nizamuddin West	07	28.5894	77.2469
Nirankari Colony	07	28.7121	77.2060
Nithuri	36	28.5768	77.3438
Nibali	36	28.9814	77.2918
Nimka	10	28.3582	77.3729
Nizamuddin	36	28.8076	77.5649
Nidhauli Drain	36	28.6058	77.6330
Nidori	36	28.7201	77.6045
Nigrawathi	36	28.7309	77.6007
Nidhauli	36	28.6151	77.6354
Nizampur	36	28.7201	77.7148
Niloni Shahpur	36	28.2888	77.5743
Nizampur	36	28.4370	77.6860
Nithari	36	28.3385	77.7227
Nigrana	10	29.4924	74.7826
Nila Nalwa	23	31.6669	75.8706
Nikiwal	23	31.6362	75.8137
Nimri	24	24.0637	73.9023
Nimrikhera	24	25.9868	74.1708
Nim ka Khera	24	25.4989	74.5831
Nihal Singhwala	23	30.2709	75.7723
Niamatpur	23	30.4584	75.9798
Nilowali	23	30.0774	75.8046
Nikuwana	10	29.7399	75.6285
Niyana	10	29.1673	75.8486
Nimbora	24	24.5880	72.5556
Nihaigarh	23	29.9746	76.0019
Nimli	10	28.5750	76.4149
Nimaut	10	28.2707	76.3667
Nildong	11	31.5585	78.1442
Nimbuwala	39	30.3497	78.0214
Niwas	39	30.2676	78.0836
Niuni	39	30.2987	78.1738
Nihaldanda	39	30.3390	78.1626
Nikirpur Dami	36	29.4889	78.5301
Niadri	36	29.2802	78.6778
Nipanjan	36	28.7527	79.1512
Nisoi	36	28.2949	79.2466
Nilwal	40	19.0555	79.8268
Nimkhera	24	24.3078	76.3628
Nimoda	24	24.9087	76.5785
Nimoda	24	24.8138	76.7267
Nimkhera	24	24.2878	76.5582
Nimkhera	24	24.2659	76.6263
Nibheri	35	24.8154	76.9956
Nimera	35	24.8079	76.9914
Niyana	24	24.6409	76.7885
Nipani	24	24.5972	76.8605
Nimthur	24	24.6533	76.8555
Niyamatpur	24	24.6267	76.9717
Nilbeh	35	24.3538	76.8731
Nimkhera	24	24.4886	76.9196
Nilingapalli	40	18.7315	79.2168
Nimera	24	26.1102	75.3545
Nimka Shahjahanpur	36	28.1380	77.6071
Nigauna	36	28.0611	77.6581
Niazpur Khaya	36	28.8147	77.9422
Nitanandpur	36	28.8643	77.9790
Nimchana	36	28.5521	77.8989
Nimchana ki Marhaiyan	36	28.5383	77.8939
Nisurkha	36	28.5925	77.9386
Nim	28	27.0154	88.6826
Nim	28	27.0042	88.6861
Niwaspur	37	21.7029	81.1342
Nimtara	37	21.4283	81.0336
Nilaj	16	19.6796	76.8075
Nibhera	24	26.9937	77.4475
Nidhan	35	26.3727	77.7948
Nimas	35	26.3563	77.7502
Nidhan ka Pura	35	26.3574	77.7931
Nitehra	35	26.4031	77.9291
Nimbwas	24	28.2347	75.9812
Nibhera	35	25.9020	78.3755
Nibi	35	25.9705	78.4404
Nimkhed	16	19.9598	76.0395
Nimkhed	16	19.9225	76.1191
Nirkheda Tanda	16	19.8226	76.0785
Nirkheda	16	19.8161	76.0750
Nilon Khurd	23	30.8533	76.1148
Nilon Kalan	23	30.8526	76.1196
Nipani Takli	16	19.4387	76.4829
Nivli	16	19.2549	76.3397
Nipani Takli	16	19.1308	76.2887
Nirmalkot	23	30.0488	76.1762
Nizampur	16	19.9692	76.7865
Nisuja	36	27.8721	77.8420
Nithaori	36	27.7987	77.8227
Nigola	36	27.9202	77.8867
Nimkhera	36	27.9773	77.9136
Nibgaon	36	27.5196	77.4539
Ninansu	23	30.1740	76.3470
Nimwala	10	30.0084	76.4672
Nimwala	23	30.1130	76.4939
Nisimli	23	30.3565	76.7216
Nizampur	10	30.3894	76.7302
Nilkant	16	18.5099	76.2812
Nimbalwadi	16	18.4013	76.7911
Nimka	10	27.8757	77.3116
Niham ka Bas	24	27.5730	77.0066
Nimla	24	27.5932	77.1648
Nibsani	36	27.9433	77.7342
Nimbgaon	16	17.5252	76.2479
Nilegaon	16	17.7055	76.1913
Nimwala	10	29.6047	76.4456
Nidana	10	29.0095	76.3762
Nibkhera	36	28.3574	77.8651
Nibhera	36	28.3618	77.9767
Nirgudi	19	17.6397	76.4649
Nimbarga Tanda	19	17.4070	76.6038
Nilur	19	17.3473	76.6299
Nizampur	36	28.2471	77.8314
Niamatabad	36	28.2364	77.9246
Nilkant	19	17.8704	76.9205
Nilkantwadi	19	17.8500	76.8977
Nirgudi	19	17.7933	76.9629
Nithari	36	27.1648	77.6539
Nipania	37	21.9637	82.0483
Nithora	37	21.4155	82.6491
Niralguda	37	20.4263	81.1039
Nirachhindli	37	20.0404	81.6017
Nishanharra	37	20.1579	81.6272
Nirai	37	20.6728	81.9879
Nipani	19	17.3862	76.9838
Nizam Bazar	19	17.1119	76.9428
Niralagi	19	16.6026	76.3968
Niralkeri	19	16.1484	76.4471
Niwaspur	37	21.8969	81.2284
Nikum	37	21.0567	81.2006
Nikum	37	21.0638	81.2076
Ninwa	37	21.6817	81.4618
Nimtara	37	21.2871	81.4730
Niwaspur	37	21.8843	81.5215
Nimora	37	21.3489	81.6383
Ninwa	37	21.4797	81.7272
Nigdoni	19	16.1107	76.9418
Nigdoni Hosur	19	16.1116	76.9486
Nisda	37	21.1573	81.9954
Nila	16	19.1475	77.0108
Nila	16	19.2504	77.2261
Nijhampurwadi	16	19.2472	77.3172
Niwga	16	19.1804	77.4693
Nimbacha Tanda	16	18.7659	77.2343
Nila	16	18.9819	77.2034
Nilegavihar	16	18.9218	77.4831
Nimtek	16	18.9763	77.6631
Nizamsagar Colony	40	18.2161	77.9615
Ningnakpalli	40	18.0247	77.8345
Nim Kalan	36	27.2930	78.1311
Niwazpur	36	27.2713	78.2217
Nizamatpur	36	27.2839	78.1088
Nijalinganagar	19	17.1959	77.1618
Nilhalli	19	17.1877	77.2249
Nidvancha	19	17.7436	77.3697
Nirna	19	17.6820	77.3169
Nirnawadi	19	17.6707	77.3274
Nibri	36	27.0444	78.1816
Nittur	40	17.0507	77.5686
Nigha	36	27.3909	78.4351
Nib Khera	36	27.4097	78.3596
Nimbarda	16	20.0946	78.1860
Nijampur	16	20.7888	78.3201
Nimgavhan	16	20.6553	78.2627
Nimgaon	16	20.7154	78.4839
Nilaj	16	20.4844	78.3389
Nimgavhan	16	20.3521	78.4431
Nimbhora	16	20.4781	78.4131
Nibhsada	16	20.5662	78.6372
Niljai	16	20.0784	78.5709
Nirgudi	16	20.7232	78.9446
Niljai	16	20.2588	78.8859
Nimsad	16	20.2876	78.9934
Nilapur	16	20.0616	78.9964
Nimbhala	16	20.0944	78.8858
Nibgaon	36	27.6577	77.8245
Nihalpur	36	27.5097	77.8915
Nipaniya	35	23.8854	79.0798
Nilampalli	40	17.8228	77.7713
Nilkantapalli	40	17.9990	77.9466
Niwari	35	23.7025	79.0651
Niaznagar	36	27.7144	78.6449
Nidhauli Khurd	36	27.5137	78.6648
Nimarmunda	35	23.9643	79.6094
Nimkhera	35	23.8662	79.6964
Nibora	35	23.4801	79.5402
Nimi	35	23.3091	79.6816
Nimkhera	35	23.1291	79.5818
Nimtoro	35	23.1460	79.6217
Nimkhera	35	23.1129	79.5864
Nichi	35	23.0291	79.7367
Nigjhar	35	23.7280	79.9220
Nirandpur	35	23.3328	79.8761
Nichi	35	23.1877	79.8087
Nimkhera	35	23.1762	79.8034
Nimkhera	35	23.1004	79.9937
Nizampur	36	27.2382	78.5803
Nib Kheria	36	27.0886	78.5629
Nihalpur	36	27.0804	78.5115
Nizampur Garuma	36	27.0756	78.5836
Nilgal	19	16.2024	77.1310
Nirmanvi	19	16.0405	77.1078
Nilahalli	19	16.6214	77.2909
Nidhaula	36	27.8980	78.2063
Nijabatpur Borna	36	27.8683	78.1318
Nidijinta	40	16.8344	77.6695
Nidugurti	40	16.6786	77.5492
Niwari	35	22.8645	79.1292
Nimdhana	35	22.3405	79.1219
Nibala	36	27.3650	77.8066
Nichiabas	36	27.3923	77.9541
Niwaspur	36	27.6749	78.8460
Nibaua	36	27.5970	78.9043
Nigoh Hasanpur	36	27.5031	78.8017
Niwaji ka Pura	35	26.7100	78.4370
Nimdanda	35	26.5196	78.2610
Ninwaya	36	27.1489	77.7513
Niroli	36	26.9273	78.9788
Niloi	36	26.8921	78.9182
Nizampur	36	26.8879	78.8508
Nidarpur	36	26.8482	78.9620
Nilihalli	40	16.2870	77.6106
Nijalapur	40	16.5866	77.9869
Niwarkhera	35	24.5103	78.2284
Nilegaon	16	19.9411	78.0614
Nirala Tanda	16	19.7979	78.1667
Nirala	16	19.8143	78.1662
Nibauwa	36	24.5369	78.3972
Nibaho	36	24.5870	78.4178
Nibai	36	24.5830	78.4264
Nibalpur	36	27.6131	79.0406
Nim	36	27.6430	79.2020
Nizampur	36	27.4209	79.0048
Nizampur	36	27.2950	79.2260
Nihalpur	36	27.2982	79.2138
Nimbadewi	16	19.9178	78.6179
Nimni	16	19.9559	78.7435
Nindar	24	26.3106	77.1910
Nindar ka Pura	24	26.3176	77.1663
Nichli Badaria	24	26.6539	77.4548
Nilkanthi Kalan	35	21.8961	79.0446
Nishan	35	21.8858	79.0503
Nilkanthi Khurd	35	21.8897	79.0226
Nivari	35	21.6793	79.0754
Nimtalai	16	21.4239	79.0366
Nimbha	16	21.3995	79.0937
Nimbha	16	21.0428	79.1534
Nibkarori	36	27.3184	79.3635
Nisai	36	27.3329	79.4980
Nizampur	36	27.4123	79.4512
Niwari	35	21.8957	79.4643
Nimtola	16	21.5958	79.3698
Nimkhera	16	21.2905	79.2757
Nisatkhera	16	21.2565	79.3091
Nimkhera	16	21.2600	79.4117
Nilaj	16	21.2108	79.2788
Nimbha	16	21.0936	79.2899
Nisave ka Nagla	36	26.9794	77.7341
Nimena	36	26.9595	77.6782
Nisoriya Nagla	24	26.9048	77.7417
Nibdari	36	27.9379	79.5608
Nimkachcha	35	26.4269	77.7065
Nirara	35	26.2670	77.6165
Nitniwas	35	26.0718	77.6514
Nidhaura Kalan	24	26.8730	77.8661
Nimkhera	24	26.7617	77.7532
Nidhaura Khurd	24	26.8599	77.8683
Nirar	35	26.2079	77.7624
Nimaniyan	35	25.4265	77.1084
Niwari	24	25.2008	77.0206
Niamatpur	36	27.3923	79.5356
Niamatpur Thakuran	36	27.3009	79.5541
Niwa	36	27.3186	79.6026
Ninhua	36	27.3539	79.6036
Nirkasa	36	27.3867	79.5900
Nibalpur	36	27.4033	79.6040
Niswi	36	27.4495	79.7126
Nibia	36	27.4462	79.6767
Nizampur	36	27.5277	79.8218
Nikra	36	27.6846	79.8549
Nimapur	36	27.5442	79.9277
Nimli	24	27.7822	77.0591
Nimkhera	10	27.8006	77.1058
Niwana	10	27.8583	77.1586
Nimbhore	16	21.1757	76.0743
Nimbol	16	21.1792	76.0435
Nimkheda	16	21.0130	76.2131
Nidudavelli	40	16.9005	78.3485
Niamatnagar	36	27.2075	79.5617
Nikwa	36	27.0662	79.6492
Nizampur	36	27.1670	79.6458
Nishan Nagla	36	27.2459	79.6386
Nizampur	36	27.9150	79.7645
Nizampur	36	27.9138	79.8625
Nigauna Makrandpur	36	27.8404	79.9684
Niazpur	36	27.8553	79.9413
Nimkhera	35	21.8774	76.6504
Nizampur	36	27.4476	79.7892
Nikari	36	27.2881	79.8885
Nimdanda	35	25.4114	77.7444
Niboda	35	25.2936	77.6088
Nishankpura	35	25.4054	77.6069
Nizampur	35	24.3161	77.1055
Nimkheri	35	24.3515	77.1066
Nimkheri	35	24.2289	77.2070
Niwari	35	24.1014	77.2467
Nirbhaigarh	35	24.5764	77.3032
Nizamabad	36	27.4567	78.9383
Nilkanthpur	36	27.2816	78.7695
Nisobarri	35	24.1606	77.3726
Niboda	35	24.3599	77.5979
Nilidhurak	35	24.4325	77.8179
Nipaniya	35	24.2081	77.9524
Nizamnagar	40	16.6288	78.7817
Nimmani	40	17.2328	79.2271
Nirmala	40	17.5724	79.2526
Ninamal	36	27.7018	78.1667
Nijamatpur	36	27.6179	78.2443
Nisarpur	36	27.9602	78.2875
Ninamai	36	27.9308	78.4960
Nijra Khas	36	27.8419	78.4135
Nizampur	36	27.7847	78.4874
Nidhauli Kalan	36	27.5742	78.4930
Nikao	36	27.2077	78.4985
Niamatpur	36	27.0930	78.2733
Nijanapuram	40	17.4768	79.7062
Nirada	40	17.5320	79.9207
Niradavai	40	17.2468	79.8919
Nimmalagudem	40	16.9888	79.2367
Niranjnapur	36	26.6522	79.6064
Nimjana	36	26.6288	79.5899
Nidhwan	36	26.5298	79.7462
Niamatpur	36	26.6047	79.5118
Nitarra	36	26.4336	79.7279
Nihalpur	36	26.4585	79.6452
Nibahna	36	26.2952	79.6118
Nipanian	36	26.2062	79.6024
Nibahna	36	26.1766	79.6331
Niwari	36	26.0567	79.7271
Nizampur	36	26.9295	79.8297
Nistquli	36	26.9080	79.8498
Nibauli Buzuarg	36	26.4206	79.9695
Nigohi	36	26.3336	79.8684
Niranjanpur	36	26.3709	79.9805
Nizampur	36	27.4564	78.5414
Ninauli	36	27.4328	78.6197
Nizampur	36	27.3289	78.6453
Nidhan	36	26.0799	79.8986
Nirni	36	26.0684	79.9578
Nisbapur	36	26.0292	79.8702
Nipan	36	25.5610	79.3287
Nimgahna	36	25.5098	79.2959
Ningwa	36	25.9478	79.7534
Niwada	36	25.7796	79.9402
Nibhi	35	25.2420	80.3282
Nirmalpur	36	25.0894	80.3250
Nibhia Khera	36	25.0383	80.3657
Niranjanpur	35	25.0526	80.3715
Nigahra	35	25.0602	80.4270
Niwazipur	36	25.1770	80.4787
Nimani	35	24.3598	79.3543
Nimbora	35	22.5250	76.8531
Nihalpur	36	25.7093	81.0661
Niwara	35	22.4959	76.9463
Nimanpur	35	22.4964	76.9616
Nimkhera	35	22.2968	76.8982
Nimkhera Maufi	35	22.3072	76.9017
Nimsarai	35	22.2179	76.9259
Nihalpur	36	25.6600	82.0438
Nibhapur	36	25.6166	82.2381
Nimoni	36	25.2926	79.0523
Nibora	35	25.1259	79.1111
Nimseti	35	21.7981	76.0662
Nimkhera	35	24.1026	79.3718
Nibora	35	24.0163	79.2979
Nibora	35	24.1373	79.4783
Nimkhera	35	24.1955	79.3955
Niwahi	35	24.3260	79.0638
Nimchar	35	24.2733	79.0954
Nikasipur	36	25.9249	82.7917
Nidaura	24	26.9056	78.2109
Nimdanda	24	26.8783	78.1885
Nihalwari	35	21.7249	76.1701
Nimkhera	35	21.6808	76.1636
Nirul	16	21.2923	76.1163
Nimkhiriya	35	23.5433	77.7646
Nitarri	35	23.5114	77.9929
Nipaniyan	35	23.6074	77.9435
Nihalpur	35	23.4073	77.8522
Nilgarh	35	23.0079	77.9687
Nimna	35	21.3911	76.3126
Nimgaon	35	21.2555	76.2740
Nimapur	35	21.3125	76.3688
Niapura	35	22.9860	77.0071
Nilbar	35	22.9453	77.0008
Nidan	35	22.8961	77.1204
Niapura	35	22.7995	77.1549
Nima Kheri	35	22.5893	77.2079
Nimnagaon	35	22.7019	77.2142
Nimota	35	22.7353	77.1670
Niwari	35	24.9864	79.6414
Niman	36	25.5187	83.0401
Nichakhera	36	26.9741	78.2529
Nibohra	36	26.9584	78.2575
Nibupur	36	25.2990	83.0638
Nimdanda	36	26.8371	78.5118
Niranjanpura	35	26.7329	78.6967
Niwari	35	26.6699	78.6694
Nizamuddinpur	36	25.2055	83.0234
Nibi	36	25.0987	83.0050
Niwi Kalan	36	25.0911	83.1548
Niamatabad	36	25.2287	83.1358
Nibi Khurd	36	25.1227	83.2006
Nibua ka Pura	35	26.4770	78.8058
Nibsai	35	26.3952	78.8502
Nimdanda	35	26.2624	78.7812
Nilkanth	35	22.6075	77.2736
Nipaniya	35	22.7357	77.3572
Nimkheri	35	22.7014	77.4779
Nishankhera	35	22.9533	77.5490
Nimkheri	35	22.9093	77.8820
Nimton	35	22.9045	77.8532
Nimsariya	35	22.7088	77.8041
Nitaya	35	22.6880	77.7784
Nimakrad	16	20.9491	76.3557
Nikaura	35	25.6121	78.2117
Nikaura	35	25.6187	78.2147
Nianagar	35	25.5901	78.1192
Nimkhed	16	20.9964	76.0660
Nipan	16	20.8180	76.1268
Nimkhed	16	20.8906	76.0903
Nimbari	16	20.8428	76.1894
Nimghana	35	25.3399	78.2065
Nizampur	36	25.5646	83.2764
Nindopur	36	25.5177	83.3066
Nidhaura	36	25.5013	83.2680
Niaon	36	25.6892	83.4926
Nil Dih	36	25.5364	83.4403
Nimbari	35	25.1931	78.0969
Nimkhera	35	25.0757	78.1350
Nimkhed	16	20.7547	76.2768
Nimgaon	16	20.8650	76.4800
Nichrauli	35	25.6389	78.3999
Nirapur	36	25.4476	83.4036
Nimkhed	16	20.6373	76.2981
Nimkawhala	16	20.6574	76.4528
Nipan	16	20.7132	76.3961
Nichrauli	36	25.3422	78.3701
Nichrauli	36	25.3414	78.3512
Nipana	16	20.6923	77.1810
Nimbhora	16	20.5192	77.1646
Nimbi Khurd	16	20.5764	77.2144
Nimbi Buzurg	16	20.5774	77.2167
Niml	35	24.1797	79.5485
Niwai	35	24.1853	79.7133
Nimarmunda	35	24.2042	79.6775
Nimgaon	35	22.3384	77.0231
Nilgarh	35	22.3470	77.0036
Nimacha Kalan	35	22.3554	77.2481
Nimdhana	35	22.0434	77.1471
Nidhanpur	35	25.0910	78.2688
Nimbi	16	20.4638	77.0414
Nimyagaon	35	22.2818	77.2528
Nirkhi	35	22.4533	77.3470
Nipaniya	35	22.4637	77.4219
Niazpur	34	25.2396	83.4135
Nichot Kalan	36	25.0918	83.3363
Nindaur	34	25.0611	83.3644
Nibi	34	25.0605	83.3859
Niranianpur	34	25.0111	83.4558
Nikandopur	36	25.0283	83.2648
Nimona	35	25.9602	78.6790
Nimanpur	35	22.4735	77.5405
Nimkhera	35	22.4099	77.8252
Nishana	35	22.1664	77.8880
Nidodi	16	20.9960	77.5847
Nimbara Buzurg	16	20.8781	77.6703
Nimbhara	16	20.8799	77.7427
Nimbha	16	20.9207	77.6303
Nirawal	35	25.6703	78.5052
Nichroli	35	25.6357	78.6863
Niyamunpur	36	25.9701	83.5974
Nimkhera	35	25.3016	78.7416
Nibora	35	25.2680	78.6548
Nimbha	16	20.5703	77.6105
Nimbasvad	16	20.7059	77.6332
Nirahu ka Pura	36	25.4149	83.6664
Nipran	34	25.3091	83.5692
Nimpani	35	21.9984	77.5744
Nishana	35	21.8822	77.5458
Nipania	35	21.6424	77.7403
Nirgur	35	21.7215	77.9116
Nibi Khurd	34	25.1449	83.6007
Nibi Kalan	34	25.1416	83.6039
Nibi	34	25.1686	83.5088
Nimi	34	25.0083	83.6887
Nibi	34	25.0053	83.5795
Nihalpur	36	25.7479	83.8869
Nikrozepur	36	25.5582	83.8416
Nikris	34	25.4016	83.8188
Nimian	34	25.1852	83.9755
Nim Dihra	34	25.1262	83.9035
Nimura	34	25.1640	83.8549
Nimia	34	25.1063	83.7752
Nimia	34	25.0074	83.8694
Nilona	16	20.2785	77.6609
Nimbha	16	20.0669	77.7343
Nimkhed	16	21.1928	77.2380
Nimkhed	16	21.1384	77.1813
Nimdari	16	21.3355	77.4041
Nimkund	16	21.3787	77.4767
Nimbhora	16	20.8850	77.7549
Nimbhora Laya	16	20.8205	77.7559
Nirsana	16	20.7803	77.7988
Nimbhari	16	21.0514	77.3111
Nimbhari	16	21.0892	77.4953
Nirungi	35	21.4712	77.6130
Nimbhora	35	21.3680	77.5836
Nibhora	16	21.2612	77.6864
Nizampur	16	21.2052	77.5258
Nimkhera	16	21.2332	77.7241
Nirul	16	21.0615	77.5523
Nimkhera	16	21.0366	77.6894
Nimgavhan	16	20.5798	77.8366
Nimbha	16	20.6898	77.9543
Nimkhera	16	21.3078	77.8007
Nimbhi	16	21.2497	77.9617
Nimbhora Juna	16	20.8412	77.0284
Nimbhora	16	20.8377	77.0141
Nihid	16	20.4996	77.2730
Nimbha	16	20.6336	77.3720
Nimbhi	16	20.2779	77.2725
Niwaritola	35	21.9607	79.7626
Niwari	35	21.9665	79.7578
Nimtola	35	21.6417	79.7537
Nipraj	36	24.6809	83.0324
Nipanian	36	24.6883	83.1817
Nisogi	36	24.6167	83.1428
Nipartola	16	21.1761	79.9090
Nilagondi	16	21.1231	79.9088
Ninga	36	24.4254	83.0156
Nipnia	36	24.7556	83.3369
Nibi	36	24.7517	83.3580
Nimiya Dih	36	24.4524	83.3105
Nigain	36	24.4324	83.2667
Nimdamar	36	24.3605	83.3610
Nimiya Sukath	36	24.3066	83.2627
Nilkurti	40	17.4151	79.8253
Nimiatola	38	24.1294	83.4027
Nirbispur	34	24.9714	83.6943
Nimiyan	34	24.9526	83.6225
Nimyatikar	38	24.1130	83.6582
Nirwah	16	20.9576	79.3232
Nirgudi	16	20.8815	79.6842
Nighawi	16	20.8263	79.7394
Nimgaon	16	20.9492	79.8793
Nibi	36	25.6163	78.8066
Nilaj	16	20.5087	79.9346
Nimdela	16	20.4200	79.2119
Nimbala	16	20.0629	79.4425
Nimbughat Dhonda	16	20.4237	79.9512
Nigwapokhari	35	25.1746	80.2087
Niphandra	16	20.2054	79.9248
Nimgaon	16	20.1763	79.9019
Niwaich	36	25.6834	80.4119
Nimnipar	36	25.4652	80.3360
Nidhauli	35	25.3501	80.2723
Nihalpur	36	25.2857	80.3601
Nibhaura	36	25.3555	80.4362
Nizamat Purwa	36	25.4589	80.4950
Nibawar	36	25.9533	80.5502
Nila	16	18.9436	76.6329
Nikalkod	19	16.9633	76.6744
Nilakantharayagudda	19	16.3337	76.5762
Nilogal	19	16.1541	76.6699
Nisunpur	38	24.4627	83.8864
Nimbha	16	20.2792	77.8747
Nimiyandih	38	24.1154	83.8207
Nigartoli	38	24.0552	83.8898
Nimia	38	24.1386	83.9621
Nimla	38	24.2141	83.9621
Nidoda	19	18.1287	77.3336
Nittur Khurd	19	18.1145	77.3526
Nittur Buzurg	19	18.1033	77.3522
Nichpur	16	19.7260	78.1070
Nigni	40	19.3365	78.2058
Nimmaguda	40	17.2213	78.5346
Ninaura	36	25.2981	78.7976
Nimchauni	35	25.3252	78.8829
Nimchauni Khirak	35	25.3221	78.8908
Niwari	35	23.2371	78.1409
Nimoda	35	24.9139	78.0904
Nidanpur	35	24.7933	78.1243
Nilgiri	40	16.2560	78.6717
Niboda	35	24.2878	78.2044
Nimkhed	16	19.8782	76.2867
Nibiha	36	25.5206	80.6245
Nibhaur	36	25.6446	80.6962
Nindwapur	36	25.7283	80.7215
Nimmatotagudem	40	17.5598	79.1235
Nidigonda	40	17.7312	79.2339
Nidigonda	40	17.7150	79.2338
Nidigonda	40	17.7176	79.2189
Nidigonda	40	17.7288	79.2399
Nidhanpalli	40	17.3212	79.0779
Nimmekal	40	17.2372	79.6633
Niwari	35	24.2588	78.3341
Nilathu	36	25.4835	80.6307
Nipanyakhenchi	35	23.7848	76.2681
Nipanyatrula	35	23.7705	76.4579
Nimkhera	36	24.8933	78.6152
Nimtoriya	36	24.2943	78.7264
Nimkhera	36	24.2979	78.6781
Nimkhera	35	24.2137	78.6648
Nivalkhodi	19	16.8661	76.0544
Nidasnur	19	16.0599	76.1674
Nipani	40	19.7487	78.4567
Nimuakhera	35	24.3520	78.9946
Nimuakhera	35	24.4929	78.9080
Nimar	16	19.8303	78.9767
Nigrala	40	19.7085	78.7983
Nizampur	36	27.0751	79.0763
Ninoli	36	27.0659	79.0084
Niranjanpur	36	27.1657	79.1646
Nihalpur	36	27.1739	79.2360
Nimaha	35	24.9162	80.1087
Nimihanpurwa	35	24.9889	81.3792
Niwa	35	24.9387	81.4946
Nipama	35	24.5229	81.2871
Niwi	35	24.7857	81.6903
Nibi	35	24.7274	81.6142
Nibi	35	24.7133	81.6180
Nibi	35	24.5711	81.5982
Nibi	36	24.9954	81.9505
Nipanian	35	24.0133	81.1238
Niga	35	24.4642	81.3549
Nimiya	35	24.2289	81.4230
Nibuha	35	24.1030	81.6268
Nibuha	35	24.3343	81.8930
Niwas	35	24.1361	81.9213
Nidhpuri	35	24.1125	81.8711
Nishan	35	22.3873	78.2636
Nirama	35	22.0803	78.4142
Nimanwara	35	21.7467	78.0401
Nilkanth	35	21.6055	78.5636
Nilgaon	16	21.3487	78.9078
Nira Nagla	36	27.7254	79.2738
Nigasi	36	27.7264	79.3105
Nizamuddinpur	36	27.6030	79.2693
Niamatpur Dhilauli	36	27.5218	79.2683
Nibalpur	36	27.5359	79.4019
Niamatpur Bhaksi	36	27.5717	79.4266
Niamatpur Bhakusi	36	27.5840	79.4113
Nibia Nagla	36	27.6323	79.4815
Nidha	16	20.3492	78.6015
Nitha	16	20.4580	78.6727
Niwari	35	24.5252	80.3256
Nisnora	35	24.2150	80.2962
Nimbi	35	24.9871	80.6592
Nirandpur	35	23.2292	79.0742
Nirbhaipatti	36	25.7768	82.1271
Nirbhaipatti	36	25.7866	82.1292
Nipania	35	24.6894	80.7013
Nina	35	24.7354	80.7360
Nidurpur	36	25.9613	82.3569
Nima	36	25.9888	82.3753
Nidhapur	36	25.5487	82.5205
Nindurpur	36	25.5697	82.6844
Nidanpur Chak	36	25.7044	82.7394
Nidanpur	36	25.7106	82.6584
Nimkhera	35	23.1035	79.3354
Nima	35	24.4310	80.2213
Nimuapati	35	23.6825	79.5118
Nimi	35	24.5858	80.8959
Nimi	35	24.6426	80.9145
Nidaura	36	25.6819	81.3098
Nizampur Naugira	36	25.5460	81.3356
Nighwawan	36	25.6024	81.4210
Nimi	36	25.4910	82.2775
Nimaksar	36	25.4894	82.3009
Nimi	36	25.4615	82.3341
Nigejpur	36	25.3968	82.3182
Nidaura	36	25.5001	82.3879
Nigura Bansingh	36	25.1867	82.3333
Nimi Gaharwar	36	25.2102	82.3637
Nigura Tejsingh	36	25.1764	82.3384
Nigura Dipchand	36	25.1788	82.3334
Nigura Rebaisingh	36	25.1822	82.3405
Nigura Chaube	36	25.1838	82.3363
Ninwar Dakkhin	36	25.0045	82.3174
Ninwar Uttar	36	25.0111	82.3191
Niphra	36	25.2468	82.4036
Nideur	36	25.3546	82.6247
Nizampur	36	25.2759	82.6557
Nimni	36	25.3423	82.7358
Nindewa	36	25.4730	82.7451
Nibi	36	25.1700	82.6026
Nimaich	36	25.4605	82.7753
Nidanpur	36	25.4585	82.8072
Nibah	36	25.4133	82.8687
Nidaura	36	25.2559	82.8905
Nidaura	36	25.4108	82.9964
Nihalapur	36	25.4331	82.8873
Nigatpur	36	25.2474	82.7716
Nimi	36	25.4342	82.1502
Niyasipur	36	25.2162	82.8808
Niyamatpur Khurd	36	25.1952	82.9609
Niyamatpur Kalan	36	25.1869	82.9712
Nidhani	35	22.6631	79.8194
Nidhani	35	22.6100	79.9955
Nichli	35	22.6558	79.9764
Nishchintpur	36	24.9855	82.1714
Nimbri	10	29.3817	77.0310
Nikarka	36	24.8821	82.8985
Nibia	36	24.8608	82.9347
Nishchintpur	36	24.7038	82.7580
Nichintpur	36	24.7394	82.9334
Nimer	10	28.4878	75.9880
Nigorikhari	35	24.2414	82.0929
Nigahi	35	24.1587	82.6344
Niranah	10	28.9598	76.4882
Nimari	10	28.7949	76.3212
Niganah	10	28.7780	76.4364
Nibaiya	36	25.2289	82.1168
Nimi	36	25.2358	82.1656
Niria	36	25.1810	82.0005
Nikamuddinpur	36	25.6907	82.3882
Nizamuddinpur	36	25.6740	82.4712
Nigoh	36	25.5459	82.4692
Nibhari	36	26.6630	80.7802
Nihal Khera	36	26.5263	80.7583
Nimaicha	36	26.5853	80.8530
Nimtikar	36	26.5959	80.8775
Nirha Khera	36	26.5387	80.9596
Nila Khera	36	26.3888	80.7694
Nidda Khera	36	26.4919	80.7523
Nilaheri	10	28.4898	76.5159
Nishan	36	25.7157	82.8254
Nihalapur	36	25.5920	82.8910
Nizampur Rashidpur	07	28.7178	76.9597
Nimana	10	28.5242	76.7840
Nizam Khera	36	26.1587	80.7592
Nibi	36	26.1186	80.7848
Nisgar	36	26.1093	80.7624
Nihali Khera	36	26.1929	80.8553
Nilikheri	36	29.0284	78.2343
Niamatpur	36	29.6667	78.2819
Niamatpur Ishkipura	36	29.5373	78.3951
Nizampur	36	29.5362	78.4703
Niamatpur	36	29.4679	78.3879
Nizampur	36	29.3675	78.4214
Nindru	36	29.2665	78.4907
Nizampur	36	27.8309	81.1714
Nihalpur	36	27.8347	81.2385
Nihal Das	36	27.6910	81.0153
Niranjan Purwa	36	27.6582	81.0367
Niamatpur	36	27.5313	81.0404
Nimba Dahra	36	27.5040	81.1262
Nim Purwa	36	27.6958	81.2218
Niranjan Purwa	36	27.6134	81.1595
Nizamabad	36	27.2568	81.0485
Nizampur	36	27.2550	81.1245
Niamatpur	36	27.2931	81.1938
Niamatpur	36	27.2677	81.1557
Niamatpur	36	27.3140	81.1298
Nilkant	36	27.4277	81.1154
Nindur Purwa	36	27.6731	81.5286
Nibhara Purwa	36	27.6596	81.5383
Nilkant	36	27.5844	81.5095
Nimbwari	36	27.5682	81.5596
Niranjan Purwa	36	27.7408	81.5417
Nibia Husain	36	27.6836	81.6455
Nizampur	36	27.5156	81.6474
Nirman Purwa	36	27.5648	81.7135
Niamatpur	36	27.3592	81.5315
Nikaundi Shahpur	36	27.3238	81.5815
Nikaunda	36	27.3310	81.5655
Nimbui Khurd	36	27.3588	81.6764
Nimbui Kalan	36	27.3712	81.6743
Nikasi	36	25.9571	83.7962
Nibu Kabirpur	36	25.8491	83.8072
Nirhupur	36	27.3294	81.7241
Nisf Nari	36	25.8970	83.9453
Nindura	36	27.4406	81.6386
Nil Kohnan	36	27.2882	81.5435
Niba Bhari	36	27.7119	81.8044
Nidha Purwa	36	27.5847	81.8442
Nipanian	36	27.5108	81.7916
Nihai Khan	36	27.0866	81.7846
Nihal Purwa	36	27.0366	81.8566
Nirpur Khiala	36	27.0316	81.8747
Nihalpur	36	27.0110	81.9605
Nibiha	36	27.0477	81.9051
Nibia	36	27.1482	81.9067
Nirpur	36	27.1524	81.9458
Nidhau Purwa	36	27.0361	81.9916
Nidhan Purwa	36	27.2215	81.7969
Nidhi Ram	36	27.0015	81.8746
Nidhi Purwa	36	27.1973	81.8949
Nisja	34	24.9450	83.7917
Niu	34	24.8971	83.9429
Nirgismau	36	26.9392	81.0527
Nizampur Malhaur	36	26.8557	81.0453
Niwannagar	36	26.8625	81.0916
Nizampur Majhgawan	36	26.7683	81.0184
Nizampur	36	26.7789	81.1311
Nindanpur	36	26.8187	81.1636
Nia Purwa	36	26.8216	81.1630
Nimapur	36	26.8190	81.2127
Niwaz Khera	36	26.6669	81.0708
Nihal Khera	36	26.5074	81.1452
Niwazganj	36	26.6678	81.2319
Nihal Khera	36	26.5814	81.2374
Nidhan Kunr Khera	36	26.5452	81.2447
Nirwa	36	26.5269	81.2375
Niola	36	26.9635	81.2789
Niamatpur	36	26.7700	81.2999
Niamatpur	36	26.7601	81.3911
Nihalpur	36	26.8205	81.4204
Nizampur	36	26.8441	81.3681
Nimbha	36	26.8521	81.4403
Niamatbagh	36	26.9292	81.3569
Niamatpur	36	26.9358	81.3590
Niskapur	36	26.7653	81.4820
Nimgaon	16	21.0157	79.6640
Nizamabad	36	26.6818	81.3333
Nimlapur	36	26.5760	81.2546
Nirthua	36	26.5416	81.3280
Ninduri	36	26.6374	81.4858
Nilaj Buzurg	16	21.3127	79.7934
Nilaj Khurd	16	21.2917	79.7980
Nikhaura	12	34.1662	74.0901
Nishanghat	16	20.8123	79.0934
Nimbha	16	20.5664	79.0139
Niamtabad	36	29.1727	78.5482
Nichalpur	36	29.1732	78.6176
Nigaura	35	24.7741	80.9827
Nimua	35	24.4829	80.9765
Nimua	35	24.4855	80.9841
Niwar Mandi	39	29.3089	78.8410
Nizamgarh	39	29.3235	78.8659
Nim Tikar	36	26.4986	81.0891
Niwan	36	26.4750	81.0061
Nirasapur	36	26.2746	81.0089
Nihal Khera	36	26.4991	81.2158
Nirwapur	36	26.3635	81.2863
Nihalpur	36	29.0095	78.7548
Nirmalpur	36	29.1339	78.8501
Nindpur	36	29.0674	78.9276
Nigohan	36	26.2583	81.4304
Nizam Pakar	36	26.3004	81.4956
Nijra	39	29.2153	78.9933
Nijra	39	29.2188	78.9809
Nijra	39	29.2225	78.9972
Nijra	39	29.2284	78.9814
Nilaj	16	20.7410	79.5390
Nishti	16	20.7449	79.5762
Nidha Purwa	36	26.4428	81.8058
Ninchanpur	36	26.2560	81.7657
Nidaura	36	26.4722	81.8818
Nima Purwa	36	26.4402	81.8470
Nizamuddinpur	36	26.4062	81.8414
Nisasan	36	26.4069	81.8833
Nimarpur	36	26.3276	81.9081
Ninawan	36	26.4452	81.9318
Nizamuddinpur	36	25.9500	81.0781
Nimiyapur	36	25.7968	81.2146
Nihalpur	36	25.8650	81.1472
Nihalpur Sani	36	25.8428	81.2213
Nimboni	16	21.2903	74.0342
Nimboni	16	21.3794	74.1372
Nimdarda	16	21.1701	74.0351
Nigaha	36	25.4395	81.1819
Nikhoda	36	25.4384	81.2485
Nipanian	36	28.8435	78.3468
Nizam Nagla	36	28.7991	78.4549
Nihi	36	25.0091	81.1008
Nikraudpur	36	27.0388	80.8411
Nihura	36	26.4230	80.3475
Nihalpura	36	26.3574	80.3009
Nishana	16	19.5932	77.1103
Nimia Purwa	36	27.1548	81.6208
Nihal Purwa	36	27.1827	81.6658
Nidura	36	27.1842	81.6911
Nibiha	36	27.3595	81.7856
Nithia	36	27.3358	81.8423
Nigoh	36	27.3301	81.8962
Nibiha	36	27.4743	81.9883
Nibiha	36	27.2728	81.9962
Nipani Gaula	16	19.6678	77.4575
Nimtok	16	19.5160	77.3193
Nimbi	16	19.9173	77.5338
Nizampur	36	28.4134	78.3941
Niryawali	36	28.4632	78.4772
Nir	16	19.8844	77.9219
Ningnur	16	19.6718	77.8462
Nighi	36	28.9781	78.5651
Nilikheri	36	28.8278	78.5499
Nibola	36	28.7616	78.5297
Nizampur Saindri	36	28.8851	78.5977
Nizampuram	40	18.8610	78.0532
Nibkhera Bajhera	36	28.6383	78.5748
Nimwalibasti	36	28.5972	78.5574
Nibora	36	28.5035	78.5213
Nimsar	36	28.5908	78.6034
Niyamatpur	36	28.5893	78.7179
Nidaura Payagpur	36	25.9663	81.3129
Nidaura Muafi	36	25.9604	81.3156
Nigohan	36	25.8758	81.3577
Nizammai	36	25.7675	81.3276
Nizam ka Purwa	36	25.7586	81.3587
Niranjanpur	36	25.9202	81.3212
Niral	40	18.4471	78.0702
Nimamau	36	26.5963	81.5051
Nirban Chak	36	26.5800	81.5182
Nihalgarh Saidapatti	36	26.5545	81.5750
Nimpur	36	26.5639	81.5829
Nirhigarh	36	26.5473	81.6223
Nipcha	36	26.5060	81.7160
Nibar Singh	36	26.9111	81.8642
Niawan Kalan	36	26.8789	81.9081
Niawan Khurd	36	26.8867	81.9133
Nilkanthpur	36	26.2450	81.8483
Nimha	36	26.0009	81.9857
Nimhara	36	26.0346	81.9229
Nimdabha	36	26.0352	81.9342
Nigolia Tilokpur	36	26.2474	81.9503
Niamatpur	36	28.7297	78.8052
Nimri	36	28.5920	78.8001
Niba	36	27.5696	82.0445
Niberhra	36	28.2871	78.8580
Nizamuddinpur Shah	36	28.3693	78.9513
Nibhia	36	27.7422	82.1252
Ninaunia	36	27.6412	82.2044
Nitua	36	27.5277	82.0869
Nizampur	36	28.0898	78.9928
Nila	12	33.4233	74.5796
Nili	12	33.3339	74.6151
Nidhnagar	36	27.3992	82.0440
Nibhia Shiu Bakhsh	36	27.2518	82.0717
Nisarupur	36	27.3132	82.1123
Niranjannagar	36	27.2647	82.1060
Nibkauni	36	27.4220	82.1789
Nibauria	36	27.1119	82.0373
Nizampur	36	25.4751	81.3568
Nimtapur	36	25.4306	81.4034
Nidaura	36	27.0276	82.0864
Niamatpur	36	27.0311	82.1300
Nimbiya ka Purwai	36	25.4154	81.2975
Nira	39	29.9015	79.0423
Niranjanpur	36	27.3361	82.3202
Niamat Jot	36	27.2907	82.4128
Nidauni	36	27.4974	82.4547
Nichalpur	36	27.4644	82.4245
Niamat Jot	36	27.2242	82.3641
Nihal Purwa	36	27.0311	82.4579
Nibar Purwa	36	27.0298	82.4480
Niamat Purwa	36	27.0746	82.4906
Nizamabad	40	18.4818	78.7328
Nizamabad	36	27.3588	82.5178
Nikorha	36	27.0200	82.6696
Nipania Khurd	36	27.0328	82.8130
Nishar	36	27.0861	82.8332
Nihalwa	36	27.2214	82.8940
Nikhoria Shukulpurwa	36	27.0278	82.9157
Ninbha	36	27.0067	82.9635
Nidha Dih	36	27.2249	82.9911
Nimapalli	40	18.5184	78.6664
Nirmal	40	18.2865	78.5541
Nirhupur	36	26.8188	82.0022
Nindura	36	26.7700	82.0313
Niawan	36	26.7862	82.1414
Nipuria	36	26.9322	82.1665
Niraupur	36	26.9072	82.2065
Nirharpur	36	26.9023	82.2091
Niria	36	26.8672	82.2076
Nirankar Purwa	36	26.7638	82.1796
Nilnag	12	33.9057	74.7863
Nikas	12	33.8128	74.8720
Nispur	12	33.7807	74.8823
Niu	12	33.9149	74.8858
Niklur	12	33.8057	74.9994
Nilur	12	33.8154	74.9870
Nighanwan	36	26.5992	82.2414
Nizampet Khurd	40	18.1465	78.5730
Nizampet	40	18.1288	78.5311
Niniyawan	36	26.4770	82.0741
Nirsahia	36	26.3513	82.0442
Nindua	36	26.4195	82.1372
Nindua	36	26.4238	82.1328
Nihawan	36	26.3354	82.2034
Nimpur	36	26.2846	82.2123
Niladur	12	33.7158	74.9265
Nilu	12	33.6653	74.9510
Nirbahanpur	36	26.1367	82.0408
Nirbhai	36	26.0233	81.9976
Niwar Dandopur	36	26.0939	82.1184
Ninwat	36	26.0423	82.0886
Nilojpalli	40	18.4200	78.9366
Nikki Kul	12	32.5283	74.8031
Nien Chak	12	32.5793	74.9450
Nibi	36	25.2222	81.3286
Nitwar Patti	36	26.7899	82.2965
Nidaon	36	26.7530	82.4317
Nim Dand	36	26.7782	82.3870
Nibhia	36	26.7800	82.3674
Nipanian	36	26.8518	82.3711
Nindaur Mafi	36	26.9131	82.4377
Nirgin Purwa	36	26.9267	82.4176
Nitwa	36	26.9450	82.4470
Nidhan	36	26.9689	82.4512
Niamatpur	36	26.8151	82.3142
Niamatpur	36	26.7033	82.4035
Nighiawan	36	26.5542	82.3351
Nidauri	36	26.7451	82.4299
Niazpur	36	26.4985	82.2913
Nindura	36	26.3271	82.3143
Nimawan	36	26.3041	82.2849
Nizampur	36	26.4943	82.4550
Nizamuddinpur	36	26.4011	82.4918
Nizampur	36	26.4056	82.4923
Nizamuddinpur	36	25.9517	83.1866
Niamatpur	36	25.9112	83.1305
Nizamuddinpur	36	25.9207	83.2041
Niamatabad	36	25.7697	83.0807
Nizampur Gobari	36	25.7941	83.0325
Nimar Purwa	36	26.0338	82.3235
Nipania	36	26.7808	82.5372
Nidhipur	36	26.9001	82.6622
Nibia	36	26.8971	82.7289
Niamatpur	36	26.8619	82.7017
Ninanwan	36	26.5538	82.5662
Nizampur	36	26.5452	82.5955
Niwarigara Kasraut	36	26.7462	82.7296
Nizampur	36	26.3014	82.6966
Niaipur	36	26.2041	82.5942
Nizampur	36	26.0377	82.6455
Nipahia Kalan	36	26.9815	82.8584
Nipanian	36	26.8398	82.8547
Nipanta	36	26.7497	82.7720
Nizampur	36	26.5512	82.8315
Nizampur	36	26.5749	82.8450
Nihalupur	36	26.6242	82.9621
Nibha Khargpur	36	26.5624	82.9245
Nihla	36	26.5688	82.9577
Nizampur	36	25.9312	83.2996
Nizampur	36	25.9014	83.3544
Nizamuddinpur	36	25.7965	83.4270
Nimtini	36	26.3494	82.8171
Nirahu Sarai	36	26.4910	82.8614
Niba	36	26.4309	82.8679
Nizampur	36	26.1730	82.8213
Nighra	36	26.2204	82.8607
Nizamuddin Patti	36	26.0078	82.8831
Niamatullahpur	36	26.2153	82.9350
Niawaj	36	26.0961	82.9510
Nikamuddinpur	36	26.0182	82.9409
Nilagrar	41	34.2914	75.3322
Nihata	36	27.1017	83.0132
Nighuri	36	27.0166	83.0251
Nibuiya	36	27.2447	83.1053
Niksauli	36	27.2159	83.0861
Nidhanpur	36	27.2119	83.2118
Nirnam	36	27.1006	83.2310
Niamatpur	36	27.1452	83.3036
Nirhupura	36	27.0891	83.2718
Nibha	36	27.0372	83.4932
Nibhewa	36	27.0839	83.5092
Niov	12	33.6276	75.1278
Nipor	12	33.6841	75.1261
Nilkenthapur	36	25.8118	81.6796
Nidai ka Pura	36	25.9577	81.6375
Nimi	36	25.9752	81.6108
Niwani	36	25.8720	81.5271
Nibihwa	36	26.8746	83.0005
Niamatganj	36	26.8091	83.1285
Nibhar	36	26.8072	83.1380
Nihwan Khurd	36	26.7513	83.0884
Nihwan Buzurg	36	26.7519	83.0939
Niwas	36	26.8805	83.1422
Nibi	36	26.8579	83.1660
Niwas	36	26.9713	83.2240
Nikhrapar	36	26.7298	83.0422
Niranjanpur	36	26.5792	83.0464
Niba Horil	36	26.6638	83.0513
Nichaura	36	26.7435	83.0892
Nimwadih	36	26.3077	83.0254
Nikaspur	36	26.3215	83.0584
Nizampur	36	26.3621	83.0705
Nizampur	36	26.2068	83.0263
Nibi	36	26.0381	83.1461
Nibi Khurd	36	26.0714	83.2318
Nibi Buzurg	36	26.0662	83.2396
Nirotampur Tiwari	36	26.2424	83.1970
Nibwa	36	26.9130	83.2669
Nimdanr	36	26.5111	83.4645
Nibi Tila	36	26.2952	83.4180
Nibi Seni	36	26.3017	83.4176
Nibi Dube	36	26.2965	83.4179
Niamatpur	36	26.8653	83.5034
Nibania	36	26.9890	83.6582
Nipania	36	26.9788	83.6799
Nipania	36	26.8569	83.7183
Nibahi	36	26.5069	83.5739
Nilami	36	26.5968	83.5786
Nibhi	36	26.5620	83.5979
Nibahi Dandi	36	26.4749	83.5745
Nitwarpatti	36	26.3024	83.6373
Nitwar	36	26.3590	83.6485
Niawipur	36	26.2109	83.5021
Nigahwan	36	26.0123	83.6949
Nimdand	36	26.0964	83.7442
Nikbare	12	33.4240	75.1516
Nijhai	12	33.7627	75.4215
Nimmagudem	40	18.5567	80.0954
Nibi	36	26.7779	83.8950
Nithuripura	36	26.0577	83.8095
Nichhoha	36	26.0191	83.8727
Nipania	36	26.2471	83.9221
Nizampur	36	25.6490	83.6228
Nilampalli	37	18.6488	80.3123
Nire	12	33.3800	75.6368
Nilsar	12	33.3800	75.7396
Nilsar	12	33.3730	75.7244
Nilamedu	37	18.9775	80.5122
Nipania	35	23.7727	80.1087
Nitarra	35	23.8518	80.2497
Niwans	35	23.6016	80.1579
Nimkhera	35	23.6445	80.1133
Nigwani	35	23.4400	80.0672
Nibhori	35	23.2782	80.0413
Nibhora	35	23.2891	80.0190
Nipania	35	23.2566	80.0075
Nimdhora	35	23.3668	80.1167
Nipania	35	23.4084	80.1892
Nigai	35	23.3509	80.3831
Niota	12	33.0371	75.6467
Niosi	35	23.0424	80.4591
Niosi	35	23.0318	80.4569
Nigahra	35	23.8572	80.5784
Nigahari	35	23.4109	80.6820
Nimha Tola	35	23.4056	80.6731
Niosi	35	23.2000	80.6739
Nipania	35	23.7758	80.8925
Nipania	35	23.3032	80.7734
Nipania	35	23.4080	80.9866
Niukund	12	33.4260	75.7720
Nibe	12	33.2592	75.7586
Nilarad	12	33.1873	75.7925
Nihaugar	12	33.1510	75.8552
Nikki Mutthi	12	32.5037	75.1547
Nihari	12	32.5882	75.1611
Nili	12	32.7045	75.2330
Nigal	12	32.7017	75.2741
Nihalpura	12	32.4128	75.4480
Nimha	36	25.4779	81.6217
Nizampur Puraini	36	25.4530	81.6448
Nigura	35	25.0233	81.5515
Nidura	35	25.0015	81.5405
Nibia Juhi	36	25.1167	81.6921
Nimi	36	25.2334	81.6809
Nikka	23	32.1830	75.3302
Nitthar	23	32.0501	75.4043
Niamta	23	32.1152	75.4210
Niwan Dhakala	23	32.1315	75.3765
Niderana	12	32.6734	75.5768
Niliw	12	32.6606	75.5783
Niali	12	32.5794	75.6640
Nilau	12	32.6988	75.6623
Niwari	36	25.8191	81.7898
Niyaipur	36	25.6893	81.7815
Nimi Khurd	36	25.5140	81.9469
Nihalpur	23	32.3180	75.6247
Niwan	36	25.4669	81.7898
Nim Sarai	36	25.4519	81.7618
Nibi Khurd	36	25.3383	81.8668
Nibi	36	25.2541	81.9771
Nibi	36	25.3904	81.9372
Nibaiya	36	25.3876	81.9623
Nichuna	36	25.1863	81.8285
Niraundha	36	25.1975	81.8123
Nidauri	36	25.2194	81.9455
Nimaha	35	24.7747	81.0511
Nimaha	35	24.7753	81.0643
Nidauntar	11	32.1306	75.6666
Nihatki Chowki	35	22.3264	74.3188
Nipnabari	35	22.2356	74.7234
Nimbol	35	22.1700	74.8893
Nihala	11	32.3632	75.8559
Niaypur	11	32.2979	75.8837
Nilahr	11	32.2520	75.9519
Niar	11	32.3763	75.9257
Nihata da Basa	11	32.3696	75.9600
Nighali	11	32.4299	75.9873
Nimgul	16	21.3931	74.5236
Nimbhora	16	21.4939	74.6022
Nikvel	16	20.6335	74.0942
Nirpur	16	20.6063	74.1201
Nirpurvadi	16	20.6048	74.1308
Nitane	16	20.7457	74.1809
Nilgavan	16	20.6069	74.5015
Nimbole	16	20.5246	74.3455
Nimshaodi	16	20.7135	74.4548
Nimkhedi	16	20.9333	74.8414
Nimgul	16	20.7520	74.9783
Nimgaon Wakada	16	20.1343	74.2526
Nilkhede	16	20.1474	74.3287
Nimbala	16	20.2387	74.3258
Nimbait	16	20.3977	74.5605
Nimgule	16	20.4508	74.6203
Nimgulevadi	16	20.4492	74.6381
Nipanya	35	22.7588	75.9306
Ningnoti	35	22.7934	75.9917
Nimsar	35	22.3169	75.8439
Nimtoka	35	22.3001	75.8547
Nilkanth	35	22.1415	75.9639
Nimgul	35	22.1911	75.8980
Nipana	16	20.5114	75.2111
Nimbhora	16	20.6288	75.1782
Nipani	16	20.8165	75.3548
Nimbhori Budrukh	16	20.6264	75.4147
Nimbhori Khurd	16	20.6257	75.4168
Nimbhora	16	20.5707	75.3354
Nimkhedi	16	20.5431	75.4585
Nirgudi Budrukh	16	20.1219	75.1830
Nirgudi Khurd	16	20.1247	75.1831
Nimdongri	16	20.1882	75.1825
Nigal	11	32.0436	75.9048
Niohewal	11	32.1969	75.9342
Nilpur	09	24.3320	72.3306
Nimbola	16	20.2873	75.8474
Nimkhed	16	20.1518	75.9408
Nivadang	16	20.0107	75.9429
Nilgar ka Khera	24	24.8917	72.5531
Ninbora	24	24.8814	72.5604
Nizamwala	23	31.0462	74.7150
Nijampur	09	24.0412	72.6125
Nilbahara	35	22.9813	80.3292
Nipani	37	20.7592	81.3457
Nichli	35	22.7290	80.2693
Niwargaon	35	22.5700	80.3640
Nilijhar	37	20.1135	81.3076
Nilegondi	37	20.1663	81.3337
Nipani	37	20.9031	81.5237
Nidhani	35	22.6991	80.5343
Nizampura	23	31.8256	74.9245
Nizamuddinwala	23	31.1193	74.9406
Nihalke	23	31.1028	74.8989
Nihalewala	23	30.9378	74.5069
Niwas	35	22.2468	80.8026
Niko Sarai	23	31.9482	75.0015
Nibbarwind	23	31.6840	75.1277
Nijjar	23	31.5253	75.2134
Nirjan	10	29.3363	76.3724
Nirmana	36	29.3825	77.6165
Nirmani	36	29.3936	77.6217
Nizampur	36	29.3468	77.6306
Nimdari	16	21.8235	74.2624
Nigdi	16	21.7914	74.3265
Nimbhora	09	21.5297	74.2738
Nimgaon	35	21.6722	80.1417
Nilagondi	16	21.5206	80.1114
Nilaj	16	21.5629	80.1677
Nibera	24	26.0821	73.9104
Nimgaon	16	21.3946	80.0130
Nilajtola	16	21.0206	80.0640
Nilaj	16	21.0222	80.0762
Nivane	16	20.4763	74.0701
Nimgavan	16	20.2896	74.2452
Niharwani	35	21.7455	80.3086
Nimdewara	35	21.7430	80.3324
Niljitola	35	21.6784	80.3650
Niwara	35	21.5934	80.3888
Niwaratola	35	21.6034	80.3889
Nimbatola	35	21.4249	80.4032
Nimba	16	21.2205	80.3128
Nihalgarh	23	31.5310	75.4107
Nizampur	23	31.4540	75.3814
Nidoke	23	31.2528	75.3694
Nihalowal	23	31.2658	75.3909
Nijran	23	31.2678	75.4780
Nihalowal	23	31.1478	75.2957
Nimli	24	25.7280	73.7533
Nihalpur	23	31.7998	75.6654
Nimtola	35	21.4897	80.5341
Nimba	16	21.3198	80.5101
Nimbatola	16	21.3138	80.5226
Nimtola	16	21.3346	80.5308
Nimbri Nichli	24	25.7264	73.8465
Nimbri Uparli	24	25.7169	73.8685
Niku Chak	23	31.9695	75.7572
Nila Behra	11	31.7776	75.9791
Nimdale	16	20.9583	74.6875
Nimkheda	16	20.4044	74.9562
Nirdhi	37	22.3376	82.2080
Nipani	16	20.1863	74.9362
Nimgaon	16	20.1081	74.8173
Nirtu	37	22.1668	82.1086
Nipania	37	22.1864	82.2705
Nimtara	37	22.0390	82.2554
Nijampura	35	22.6261	75.5079
Nimbhora	16	21.1411	75.0910
Nimjhiri	16	21.0648	75.2182
Nimgavhan	16	21.1549	75.2327
Nimkheda	16	21.1781	75.1444
Nimutola	37	21.4072	80.7717
Nishana Khurd	16	21.0670	75.2615
Nishana Budrukh	16	21.0669	75.2643
Nimkheda	16	21.0606	75.3966
Nimbhora	16	21.1175	75.3988
Nimgul	35	21.9186	75.6157
Nirukhi	16	20.9920	75.1408
Nimgaon	37	22.1088	82.7265
Nimbhora	16	20.3149	75.2330
Nidhona	16	20.1981	75.3757
Nimgaon	16	20.8615	80.0083
Nilaj	16	20.7995	80.0529
Nimtola	16	20.7690	80.1210
Nimtarai	37	21.6365	82.6245
Nibha Khera	36	27.2192	80.5151
Nityanandpur	21	21.0551	82.6814
Nimbari	36	27.0750	80.5982
Nimhar Khera	36	27.0109	80.6807
Niwaji Khera	36	27.0177	80.6903
Nimgaon	16	20.6933	80.1768
Nizampur	36	27.9159	80.8164
Nigauna	36	27.8706	80.9859
Nizampur Nakti	36	27.8541	80.8621
Niamunpur	36	27.8096	80.8644
Nibauri	36	27.7427	80.9300
Nimochi	36	27.6733	80.9709
Niamunpur Bahadurpur	36	27.6494	80.9404
Nizamabad	36	27.5185	80.9811
Nizampur	36	27.4898	80.7511
Nizamabad	36	27.4597	80.8201
Nizamabad	36	27.4450	80.7718
Nirpur	36	27.4337	80.7693
Nizamabad	36	27.2779	80.7982
Nibiha	36	27.2508	80.7558
Nipania Mafi	36	27.4493	80.9770
Nihalpur	36	27.2625	80.9676
Nipania	36	27.4429	80.9720
Nimbha	36	27.3546	80.9943
Nimgaon	16	20.3183	80.1906
Nimanwara	16	20.3265	80.2102
Nilaj	16	20.9209	80.3966
Nihalgarh	23	31.1779	75.7336
Nila Got	11	33.1419	76.4222
Nilot	12	33.1676	76.2685
Nikor Got	11	32.9889	76.1586
Nikhanju	11	32.8980	76.1455
Niwa	11	32.8943	76.2077
Nihar	11	32.6629	76.1679
Nilar	11	32.6774	76.1321
Niun	11	32.5855	76.1757
Nimgaon	16	20.3999	80.2838
Nimgaontola	16	20.3944	80.2835
Nigal	11	32.4869	76.1391
Nibarni	11	32.3796	76.1028
Nibani	11	32.3588	76.0828
Nihain	11	32.2994	76.0741
Niangal	11	32.2536	76.0750
Niganchua	37	20.7806	80.5693
Nihakal	16	20.4867	80.5526
Nihakal	16	20.4677	80.5465
Nichli Miyari	24	25.1817	73.8425
Niralgudra	37	20.5736	80.6316
Nichekohra	37	20.7225	80.7145
Nireli	37	20.1451	80.5180
Nichla Supeka	11	32.6125	76.3217
Nironda	37	20.1411	80.8744
Nigwani	35	22.9126	81.0412
Nighori	35	22.6702	81.0199
Niwarigura	37	22.0855	81.3748
Nianda	11	32.1338	76.3965
Nigohaq	36	27.1334	81.0736
Nindaura	36	27.1209	81.0679
Niamatpur	36	27.0203	81.0068
Nizampur	36	27.1628	81.1685
Nizamganj	36	27.1141	81.2178
Niaul Purwa	36	27.0016	81.2442
Nigasj	11	32.7599	76.5319
Nirjam	37	22.0449	81.6231
Nipania	37	22.1403	81.7457
Niwaspur	37	22.0138	81.6728
Nigora	35	22.9980	81.8567
Nimdha	37	22.9401	81.9587
Nimgarh	24	26.1093	74.4197
Nihang	11	32.1055	76.5368
Niwas	35	24.3189	79.7647
Niwari	35	24.2625	79.8812
Nirpatgang	35	24.4376	79.9764
Nilgohar	11	31.9374	76.0820
Nigarband	37	22.1567	81.8657
Nimtara	37	21.7592	81.7979
Nilja	37	21.3818	81.7975
Nilowal	23	31.0397	76.1514
Nihari	11	31.7816	76.4778
Niati	11	31.7509	76.4495
Nigahrra	11	31.7694	76.3414
Nirgundipada	19	14.7731	74.8129
Nirkulsaru	19	14.8547	74.8366
Nikowal	23	31.2182	76.5163
Nichla Garh	23	31.0221	76.5255
Nichli Bairi	11	31.7479	76.7796
Nirghwar	11	31.6523	76.9695
Nihari	11	31.4562	76.8762
Ninaon	11	31.4407	76.8015
Nihalag	11	31.2989	76.8295
Niahi	11	31.2864	76.7600
Niharkhan	11	31.2724	76.8227
Niamatpur	23	30.5114	76.6345
Nizampur	23	30.5095	76.6505
Nidgod	19	14.6839	74.8416
Nimrithala	24	26.2455	74.5471
Nizampura	24	26.2067	74.6940
Nichti Sandholi	11	30.9368	76.7810
Nimera	24	25.9640	74.9654
Nimera	24	25.9584	74.7628
Nimhara ki Dhani	24	26.9094	75.6455
Ningriawala	24	26.8062	75.8335
Niljipatra	21	21.1575	82.8230
Nin	11	31.1864	77.1591
Niun	11	31.1420	77.1352
Niaog	11	31.1492	77.1005
Niun	11	31.0692	77.0601
Niahi	11	31.0509	77.1062
Niabi	11	31.0027	77.1137
Nimera-ki-Dhani	24	25.7420	75.2769
Nimera	24	25.7581	75.2914
Nirrabera	37	20.3257	82.0432
Nindka	09	23.1882	74.0192
Nimkheri	09	23.0238	74.1365
Nisnawat	24	23.2144	74.4197
Nilethar	21	20.8546	82.7421
Nimna	21	20.2332	82.5490
Niyelpara	21	20.1288	82.5408
Nioti	11	30.9390	77.6272
Nirgar	19	14.3971	74.7662
Nirgar	19	14.3708	74.7786
Nilekop	19	14.2574	74.8567
Nipli	19	14.2771	74.8532
Nidgod	19	14.4172	74.8822
Nitani	19	14.3729	74.9563
Nipaniya	35	23.9839	76.1415
Nigrajpur	36	30.0374	77.5693
Niamatpur	36	30.1427	77.7044
Nimiatoli	38	23.9286	83.8385
Nimbupura	35	23.5320	76.1929
Nindukheri	35	23.5804	76.1718
Nimga	39	30.8604	77.8709
Ninwa	39	30.8673	77.8629
Ninus	39	30.9296	77.8926
Nikhari Khera	39	30.8545	77.9159
Nillapalem	02	17.7988	81.9179
Nimmalapalem	02	17.5059	81.8866
Nilaram	02	17.5351	81.9154
Nilhoa Kudhla	36	29.1302	77.8597
Nipania Siddipur	35	23.3644	76.1011
Nindgaon	10	28.0764	77.4201
Nimuhi	37	21.9035	83.1179
Nitli	19	14.1416	74.9252
Nimboda	35	23.0539	76.0126
Nipania	35	23.0253	76.0581
Nipania	35	23.1304	76.1916
Nipaniya	35	23.6484	76.3519
Nihal	35	23.5576	76.4405
Nitarli	35	23.6205	76.4924
Nihalgarh	39	30.1855	78.8113
Nisni	39	30.1035	78.8149
Nisini	39	30.1518	78.8963
Nizampur	36	28.8256	78.0122
Nikhob	36	28.6369	78.0021
Nizampur	36	28.5787	78.1818
Nirandpur	36	28.5074	78.1599
Nitanandpur Nagli	36	28.4955	78.1171
Niwar	36	28.1728	78.3881
Nitanandpur	36	28.1675	78.3952
Nijamari	35	23.3309	76.3202
Nichhama	35	23.4472	76.4295
Nipania	35	23.4371	76.4040
Niwar	36	28.9693	78.8993
Niamatpur Ikrautia	36	28.8170	78.9116
Nipania	35	23.2123	76.4416
Nilji	21	21.4315	83.5271
Nilesar	21	21.2905	83.5554
Nipanya Bika	35	23.8498	76.5036
Niktimal	21	21.9370	83.9350
Nilepali	21	21.4402	83.8547
Nidhanpali	21	21.2290	83.7955
Niranjanpura	36	27.7616	81.3482
Nikohipura	36	27.7816	81.3597
Nihalpur	36	27.9911	81.4909
Nibia Shah Muhammad	36	27.9146	81.4928
Nibia Raibojha	36	27.9718	81.4515
Nihal Purwa	36	27.6835	81.4987
Niba	36	27.2972	81.3352
Nimhara	36	27.4148	81.4972
Nibhapur	36	27.0146	81.2882
Nizampur	36	27.0745	81.3152
Nimapur	36	27.0542	81.3373
Nizamuddinpur	36	27.1081	81.4414
Nigohi	36	26.1611	81.3767
Nim Purwa	36	26.0809	81.4017
Nimata Purwa	36	26.0212	81.4839
Nibha Purwa	36	26.0180	81.4801
Niamatpur	36	26.8784	81.5128
Nihal Purwa	36	26.8162	81.5008
Nilkari	36	26.7804	81.6728
Niamatpur	36	26.8601	81.7267
Nizamabad	36	26.8328	81.5535
Nimbha Tikwamau	36	26.9040	81.6378
Nidi	36	26.8783	81.5150
Niawan	36	26.4764	81.5901
Nihalgarh	36	26.4577	81.6163
Nisura	36	26.4713	81.6312
Nimi	36	26.3293	81.7177
Nihalpur	36	26.4825	81.6940
Ninawan	36	26.0788	81.5307
Nilkant	36	26.0465	81.5552
Nirhaipur	36	26.0273	81.6294
Nimihaihar	36	26.0044	81.6611
Niriapur	36	26.1908	81.7335
Nittaputtu	21	18.4229	82.8568
Nimalpadu	21	18.4443	82.9396
Nishanguda	02	18.2788	82.9681
Niniamguda	02	18.3082	82.9706
Nilajarta	02	17.9269	82.0292
Nilamangalam	25	12.5142	79.9970
Niradi	25	12.5461	80.1123
Nimmalapalem	02	17.5041	82.0212
Nimmalapalem	02	17.6328	82.1997
Nilachalampeta	02	17.1963	82.0494
Niladripuram	02	16.8641	81.4197
Nimmalapalem	02	17.8035	82.2880
Nimmagadda	02	17.7679	82.3735
Nimmalagondi	02	17.7228	82.2820
Nimmagadda	02	17.7119	82.4995
Nidamarru	02	16.7230	81.4197
Niladripuram	02	16.9074	81.5264
Nidamarru	02	16.3572	81.4233
Nilipudi	02	16.3983	81.3520
Nimmalagudem	40	17.7694	80.9500
Ninducherla	02	16.5998	80.0481
Nileswarapalem	02	16.6284	80.0952
Nillagunta	02	17.5616	82.6320
Nilampeta	02	17.6865	82.5972
Nindugonda	02	17.6993	82.6440
Niladripuram	02	17.4364	82.7214
Nilammapeta	02	17.9385	82.9435
Nimbarvanipalem	02	17.7782	82.9745
Nihal	34	26.2410	84.2530
Nizampur	34	26.0512	84.3701
Nikhti Kalan	34	26.0087	84.2964
Nizampur	34	26.2070	84.4335
Nilakantapuram	02	17.7454	82.9042
Nidanpuru	40	16.9218	80.4206
Nimpara	21	19.9805	83.2371
Nisanpur	21	19.6350	83.2438
Niyaligam	21	19.7608	83.4462
Nirgundri	21	19.5612	83.3798
Nishakallu	21	19.5678	83.3863
Nimmagaddavaripalem	02	16.1807	80.3504
Nimmaguda	21	18.3107	82.2325
Nimmagadda	02	18.0023	82.1426
Niloguda	21	18.7860	82.4530
Nishkhal	21	19.2188	83.2236
Nimmajolla	21	19.4252	83.3297
Nimili	21	19.4354	83.6566
Nitaputtu	02	18.0222	82.4946
Niloguda	21	18.8331	82.5319
Nidamanuru	02	16.5078	80.7193
Nimmagutta	02	18.2331	82.5727
Nitaput	02	18.0408	82.5375
Nirdavalasa	02	18.0251	82.5412
Nitamamidi	02	18.0688	82.5763
Nirgagudem	02	18.2169	82.5914
Nimmalgondi	02	18.2014	82.6701
Nilamput	02	18.1313	82.7164
Nigamanuguda	21	18.7749	82.7862
Niraniguda	21	18.8926	82.9429
Nidamarru	02	16.4310	80.5260
Nishanputtu	21	18.5962	82.8513
Nimalguda	21	18.5055	82.9987
Nibhanupudi	02	16.2773	80.9923
Nilawaya	37	18.8739	81.1808
Nilamguda	21	19.1377	83.7481
Nidimajiguda	21	19.7410	83.8104
Nilaguda	21	19.3644	83.8623
Nilamguda	21	19.0922	83.9034
Nilaguda	21	19.2145	83.9493
Nilawaya	37	18.5126	81.3522
Nilawaya	37	18.5163	81.3790
Nissaru	21	18.9970	83.1028
Nimmalapadu	02	18.6627	83.1194
Nimmalapadu	21	18.5399	83.0785
Nimmalapadu	02	18.3234	83.0874
Nilammavalasa	02	18.4297	83.2019
Nilavadi	21	18.9558	83.2708
Nimmalapadu	02	18.8375	83.4914
Nissankupuram	02	18.7796	83.3901
Nidakavalasa	02	18.7422	83.2779
Nimmalapadu	02	18.6188	83.2812
Nilakanthapuram	02	18.6844	83.4064
Nidagallu	02	18.6948	83.4160
Nilpattipara	37	18.8352	81.5160
Nilegondi Bodenar	37	18.9009	81.7145
Nilegondi Bodenar	37	18.8815	81.7202
Nilawaram	37	18.4134	81.6068
Nilawaram	37	18.4264	81.5911
Nilguda	21	18.2342	81.5363
Nilaratuvalasa	02	18.3699	83.2855
Nilakantapuram	02	18.4228	83.3966
Nilavati	02	18.1644	83.3162
Nilimiri	21	18.3205	81.9357
Nimalimetta	21	18.2263	81.8962
Nisikivalasa	02	18.7793	83.5600
Nilamambapuram	02	18.7524	83.5541
Nimmalavalasa	02	18.7907	83.6300
Nilakanthapuram	02	18.8196	83.6029
Nidigalu	02	18.8419	83.6210
Nilakanthapuram	02	18.8313	83.7081
Nilayyavalasa	02	18.5667	83.6029
Nilammapeta	02	18.6938	83.6721
Nilanagaram	02	18.6050	83.6685
Nimmalavalas	02	18.7255	83.7020
Niladripuram	02	18.3376	83.5192
Nimmalavalasa	02	18.2997	83.6725
Niddam	02	18.3691	83.7119
Nivagam	02	18.7837	83.9383
Nilapuram	21	18.8283	83.9195
Nimuru	02	18.6219	83.7537
Nilammapeta	02	18.5161	83.8107
Nilapuram	02	18.5515	83.8091
Nilakantapuram	02	18.7282	83.9195
Niladevipuram	02	18.6593	83.9588
Nimmalapadu	02	18.6437	83.9746
Nimmavanipeta	02	18.1885	83.8458
Nilakantharajupuram	02	17.9728	83.0544
Nilakantapuram	02	17.8364	83.2059
Nimmalapalem	02	17.9305	83.1793
Nidighattu	02	17.9725	83.2052
Nilakanthapuram	02	17.9578	83.1052
Nirsugudem	02	17.2270	81.1448
Nidamaluru	02	15.6558	80.0680
Nilayapalem	02	15.6606	80.1855
Nilammadugu	37	17.8945	81.3116
Nimmalagudem	40	17.7531	81.3914
Nidimusali	02	14.5280	80.0930
Nidukuntapalem	02	14.2763	80.0292
Niga	34	25.1621	84.2554
Niranjanpur	34	25.1895	84.4088
Niman	34	25.0445	84.4326
Nimmalapadu	02	17.2998	81.3529
Nimmalagudem	02	17.2090	81.2585
Nimmalagudem	02	17.2271	81.3763
Nimmalagudem	02	17.0216	81.3016
Nika Raitola	36	25.7808	84.5380
Nichla	24	24.4587	72.9100
Nichlah	24	24.4742	72.8897
Ninor	35	23.5049	76.6833
Nishana	35	23.5761	76.6544
Nindrakheri	35	23.5785	76.7004
Nipaniya	35	23.7049	76.6563
Nitarli	35	23.3583	76.5649
Niwalia	35	23.3303	76.5851
Nishana	35	23.2824	76.6532
Nipania Hurhur	35	23.1603	76.5107
Nimkheri	35	23.2489	76.6278
Niwania	35	23.9691	76.9748
Nipanyagarhi	35	23.6689	76.8686
Nipaniyachetan	35	23.5142	76.9578
Nipaniyabela	35	23.5435	76.9903
Nipaniya Khurd	35	23.1822	76.7632
Nipaniya Kalan	35	23.1359	76.7869
Niwania	35	22.8567	76.0538
Nijamia M.	09	23.0283	73.1292
Nimi Khurd	35	22.4100	76.0690
Nimi	35	22.4009	76.0704
Nimarkhedi	35	22.1116	76.1513
Nithawa	24	23.4985	73.7669
Nilwara	24	23.7779	73.8884
Ninkavada	09	23.2897	73.7647
Nichlaparao	24	23.4855	74.0632
Nimbla	24	26.0317	73.0777
Nimbli Brahmani	24	26.0026	73.0876
Nialgaon	39	29.6065	79.1295
Niwara	39	29.6666	79.1101
Nigrali	39	29.5860	79.1894
Nimbli Patela	24	25.9953	73.0755
Nirmalpur	34	25.5993	84.6322
Nimbaheranath	24	25.2771	73.2167
Nimbli ki Dhani	24	25.8934	73.3167
Nimbara	24	25.8617	73.3319
Nimbla Khera	24	25.7615	73.4529
Nima	34	25.3028	84.5450
Nikapur	34	25.3143	84.6031
Nima	34	25.4822	84.6388
Nir Bigha	34	25.2885	84.6961
Nimbara	24	25.5441	73.4483
Nikakhal	39	29.9705	79.2659
Nirkot	39	29.7996	79.3330
Niuni	39	29.8754	79.4471
Nimri	24	25.2831	73.7519
Nigrali	39	29.6103	79.2830
Nichi Dhanal	09	24.0125	73.0091
Niapara	35	22.9072	74.5229
Nimkhodra	35	22.6740	74.6579
Niar Pani	39	29.4119	79.3796
Nitralbot	39	29.3526	79.4311
Niwar Salani	39	29.2511	79.4621
Nichli Odan	24	24.9193	73.7986
Nigaltiya	39	29.2196	79.4373
Niwal Maula Harak Singh	39	29.2214	79.4090
Nimbeti	24	26.2863	74.1738
Nimbera Khurd	24	26.2153	74.1083
Niman	34	25.0112	84.6214
Nirghin Bigha	34	25.1278	84.6513
Nisanpura	34	25.1643	84.6482
Nimri	34	25.0083	84.7203
Niranjanpur	34	25.0067	84.7008
Nimthal	35	22.4303	74.7112
Nigrar	39	29.5149	79.6096
Nisni	39	29.5712	79.6859
Nipanian	34	25.9916	84.8261
Nimbola	24	26.7506	74.5696
Ninglat Talli	39	29.4327	79.5096
Nisalgaon	39	29.3626	79.5432
Nizampur	34	25.5077	84.9555
Nirpaniya	39	29.3607	79.6264
Nidadol	39	29.4720	79.7312
Nirai	39	29.7619	79.6407
Nilaseori	24	26.4983	74.5905
Nimkhera	24	25.3179	74.2280
Nirpart Chapra	34	26.5235	84.1881
Nimuia	34	26.5496	84.2141
Nirhuganj	36	26.6313	84.1796
Niswania	36	26.3911	84.0566
Niarwa	36	26.3142	84.1340
Nihata	36	26.0164	84.0723
Nihal	34	26.2315	84.2110
Nipanian	36	26.0227	84.1284
Nimuia	34	26.9499	84.3080
Nimuia	34	26.8237	84.4275
Nirtola	39	29.6443	79.8283
Nisnaili	39	29.6679	79.8718
Nichua Panre Tola	34	26.5792	84.2996
Niranjana	34	26.5814	84.4141
Nimoda	24	25.0697	74.9895
Nimai	34	26.7761	84.7377
Nimbhel	16	21.3776	74.4101
Niga Raut	34	26.5202	84.5069
Nirpur	34	26.5758	84.6204
Niranjan	34	26.6648	84.6238
Nima ka Khera	24	24.0239	74.3752
Nimri	24	24.0562	74.3571
Nindhar	24	27.0155	75.7520
Nirai	39	29.4912	79.7902
Nilati	39	29.3580	79.9526
Nizamari	35	22.9648	76.4900
Nimtholi	36	28.2035	79.0835
Nizampur	36	28.2116	79.0207
Niranjanpur	36	28.0966	79.0487
Nizampur Paohtaur	36	28.1291	79.1705
Nimlai	35	22.6043	76.4962
Nim Khera	35	22.5291	76.3202
Nim Khera	35	22.5210	76.3208
Nizamnagar	36	28.8393	79.4002
Nirbhua	36	28.6043	79.3841
Niaznagar	36	28.6334	79.3674
Niamatpur	36	28.7343	79.3406
Niamatpur	36	28.6183	79.4616
Nimanpur	35	22.3897	76.3264
Nitoi	36	28.1998	79.2884
Nimuiyan	34	26.4748	84.5388
Nisanwan Nisian	36	28.8103	79.6891
Nisarpur	35	21.6635	74.6209
Nishana	16	21.1854	74.7139
Nikumbha	16	21.0515	74.6521
Nirgudi	16	21.2704	74.7920
Nimjhari	16	21.4277	74.8884
Nimb	16	21.2038	74.9742
Nisardi	16	21.0184	74.9763
Nizampur Mafi	36	28.6188	79.5230
Nizamdandi	36	28.6395	79.6394
Niwaria	36	28.0949	79.6145
Nikasua	36	28.1420	79.5898
Nizampur	36	28.1422	79.6499
Niwar Ainthpur	36	28.7527	79.8006
Nihalpur	36	28.7355	79.7908
Niwar Aunthpur	36	28.7395	79.8063
Nidharia	36	25.7612	84.1266
Nimiyapokhara	36	25.7796	84.0898
Nidhua	34	25.5302	84.0689
Nikhura	34	25.5169	84.1565
Nibadandi	36	28.2643	79.8063
Nirotam Nagla	36	28.2972	79.8140
Nioadandi	36	28.2524	79.8955
Nisarpura	34	25.3976	84.7804
Nirakpurpali	34	25.3244	84.8114
Nijhra	34	25.3048	84.8862
Nitlatola	34	25.3749	84.8721
Nizampur	34	25.4010	84.8774
Nizampur	34	25.4299	84.8804
Nisarpura	34	25.4755	84.9662
Nirakpur	34	25.1993	84.7801
Nimsar	34	25.0063	84.8720
Nim Bigha	34	25.0622	84.8936
Nighwan	34	25.0793	84.8307
Nirpur	34	25.0991	84.9054
Nima	34	25.2326	84.9229
Niazipur	34	25.1468	84.9882
Nima	34	24.9647	84.0538
Nimiyadih	34	24.8670	84.0959
Nirmalpur	34	24.9758	84.1396
Nimhat	38	24.5137	84.0620
Nima	34	24.6711	84.2049
Niman	34	24.6059	84.2004
Nima Jodh	34	24.5768	84.2086
Nihalpur	34	25.3925	84.0578
Niranjanpur	34	25.4575	84.1136
Nimia	38	24.0656	84.0715
Nimiatanr	38	24.0392	84.0207
Nimian	38	24.0105	84.0313
Nimia	38	24.1986	84.1558
Nimia	38	24.1313	84.1758
Nimia	38	24.0247	84.2228
Nimiya	34	25.0155	84.0125
Niranjanpur	34	25.1385	84.1252
Niyazipur	34	25.2431	84.1138
Niman	34	25.0380	84.2113
Nirkhapur	34	25.9198	84.4476
Nimej	34	25.6170	84.2966
Niazipur	34	25.5421	84.2776
Niranpur	34	25.5504	84.4897
Nirupur	36	25.7431	84.2729
Nima	34	25.2849	84.2687
Nirbhai Dehra	34	25.2771	84.4414
Nihal Bigha	34	24.8357	84.3152
Nima	38	24.3845	84.2968
Nimiadih	34	24.3602	84.4760
Nilbar	35	22.8977	76.6347
Nimasa	35	22.4640	76.6653
Nimlay	35	22.3492	76.7302
Nivardi	35	22.8163	76.9382
Nima Chak	38	24.0488	84.4577
Nirakhpur	34	24.9942	84.5331
Nihal Bigha	34	24.9328	84.5283
Nima Bazid	34	24.7894	84.6033
Nima Mamrez	34	24.7913	84.5975
Nizampur	34	24.7711	84.6341
Niman	34	24.7931	84.6398
Niyamatpur	34	24.9514	84.5863
Nizampur	34	24.9960	84.5972
Nimra	34	24.9977	84.7213
Nighai	34	24.9770	84.7354
Niman Hundraha	34	24.7526	84.7000
Niman	34	24.6633	84.5250
Niman	34	24.6313	84.6431
Nima Bigha	34	24.6732	84.7455
Niman	34	24.4236	84.5446
Nirwan	38	24.3833	84.5672
Nima Katu	38	24.3141	84.6306
Nimatanr	34	24.4816	84.6569
Nimwabad	34	25.4934	85.7807
Nipania Diara	34	25.4494	85.9617
Nipania	34	25.4578	85.9846
Nimdapur	36	25.9782	80.2415
Nirpur	34	25.1376	85.8966
Nizampur	34	25.2244	85.9912
Nibi	36	25.1485	80.5488
Nirugundi	19	13.7626	74.8612
Nittur	19	13.9186	74.9017
Nittur	19	13.9317	74.9010
Nilavara Kudru	19	13.4602	74.7831
Nilavara Ammanoru	19	13.4544	74.7797
Nilavara	19	13.4472	74.7850
Ninjur	19	13.2619	74.8686
Niddodi	19	13.0424	74.9029
Nitte	19	13.1823	74.9397
Nirkedu	19	13.0295	74.9423
Niralgi	19	15.0939	75.1713
Niralkeri	19	15.9749	75.4575
Nilgund	19	15.3062	75.4888
Nilagund	19	15.9233	75.5486
Niralgi	19	15.8402	75.6585
Niralgi	19	15.5155	75.7166
Niralgi	19	15.9356	75.7527
Nittur	19	15.1574	75.5287
Nilogal	19	15.9054	75.8612
Nirlakop	19	15.8781	75.8938
Nidagundi Kop	19	15.6356	75.8560
Nirlgi	19	14.6701	75.0397
Nittaki	19	14.5019	75.0881
Nisrani	19	14.3148	75.0771
Nichadi	19	14.1731	75.1564
Nitgankop	19	14.8448	75.1559
Niralkatti	19	14.9483	75.1664
Nigundi	19	14.9418	75.1964
Niralgi	19	14.9776	75.2874
Niralgi	19	14.8792	75.2546
Niralgi	19	14.9034	75.4863
Nittur	19	14.5679	75.2833
Nilammanahalli	19	14.2291	77.2681
Nilampalle	02	14.7696	77.6568
Nidhanavada	02	14.9019	77.7333
Niluru	02	14.9739	77.6267
Nimmalakunta	02	14.3408	77.7430
Nidimamidi	02	14.0607	77.7166
Niluvuray	02	14.7465	77.7861
Nidigallu	02	14.5453	77.8198
Niralagi	19	14.3708	75.2719
Nimbegondi	19	14.3397	75.3851
Nidnegal	19	14.3891	75.3962
Niralgi	19	14.9454	75.6488
Nittur	19	14.5005	75.5982
Nitpalli	19	14.4644	75.6588
Nimbegondi	19	14.0777	75.7289
Nilakantapuram	02	13.8864	77.2053
Nilahalli	19	13.7896	77.2054
Nirakallu	19	13.8091	77.2227
Nilagondanahalli	19	13.4291	77.2435
Nijagal	19	13.2518	77.2275
Nirlapur	19	13.2281	77.1531
Nilagalihanpalya	19	13.1608	77.0812
Nidavalalu	19	13.1488	77.0820
Nilathalli	19	13.0492	77.0612
Nimkampalle	02	13.8283	77.4815
Nitrahalli	19	13.6267	77.3230
Nidvanda	19	13.2404	77.2722
Nimbenhalli	19	13.2220	77.3701
Nichchanabandahalli	19	13.6570	77.7081
Nirvanhoshalli	19	13.3293	77.5541
Nireri	19	13.2724	77.7091
Nimbkaipur	19	13.0585	77.7560
Nidgatta	19	13.0942	77.8705
Nitturu	19	14.6839	75.7860
Nitturubasapuram	19	14.6807	75.7586
Nilanahalli	19	14.4902	75.8404
Nilagunda	19	14.7349	75.8957
Nittur	19	14.3683	75.7759
Niralagundi	19	14.2557	75.7585
Nitpalli	19	14.4503	75.9296
Nimbyapur	19	14.1216	75.9673
Nithigere	19	14.1025	75.9937
Nikkaragod	19	13.7610	75.1638
Nivani	19	13.8666	75.1522
Nirori	19	13.9774	75.1278
Nittur	19	13.8918	75.2223
Nidagodu	19	13.6874	75.1047
Nidagodu	19	13.7470	75.0356
Nittade	19	13.0060	75.1660
Niddodi	19	13.0963	75.1500
Nidal	19	13.0122	75.0239
Ninganakoppa	19	13.7828	75.3085
Nilagatte	19	13.6739	75.2930
Nimbila	19	13.6695	75.2948
Nilavagalu	19	13.5105	75.2622
Niluguli	19	13.5140	75.3794
Nidagalale	19	13.7200	75.4389
Nidadalli	19	13.4555	75.3236
Nirgal	19	13.4906	75.3342
Nirkaliu	19	13.3945	75.3255
Nirgodu	19	13.4130	75.4854
Nidahalli	19	13.2396	75.4768
Nidavale	19	13.1773	75.4977
Nidgi	19	13.8861	75.6298
Nilavani	19	13.5668	75.5174
Nidgod	19	13.6093	75.5249
Nidagodu	19	13.3790	75.6339
Nirulli	19	13.4438	75.5003
Nikahalli	19	13.0060	75.6528
Nidagodu	19	13.0854	75.6731
Nirli	16	19.8560	79.2546
Nimguda	40	19.5000	79.2982
Nimbal	40	19.2447	79.4495
Nidagodu	19	13.2048	75.7598
Nidagodu	19	13.1531	75.8493
Nittur	19	13.1375	75.8479
Nilanahalli	19	13.0420	75.8967
Nidumanahalli	19	13.0777	75.8830
Nilwagal	19	13.0525	75.9394
Nirbail	19	12.8240	75.0369
Nirkan	19	12.9206	75.1066
Nidpalli	19	12.6485	75.2095
Nidapalii	19	12.6381	75.1926
Niduvote	13	12.4970	75.0698
Niganar Forest	12	33.3802	74.2371
Niluvanji	19	14.7854	76.1048
Nichchapuram	19	14.7819	76.0590
Nidle	19	12.9040	75.3918
Nirpur	34	25.1219	85.6301
Nimi	34	25.1160	85.7000
Nichchavvanahalli	19	14.7003	76.0440
Nichchapuram	19	14.5870	76.0539
Nire Bommanahalli	19	14.5345	76.0939
Nilavvanahalli	19	14.4297	76.0171
Nirlagi	19	14.3708	76.0484
Niruthadi	19	14.3531	76.1480
Nirakallu Basapuram	19	14.9440	76.3875
Nimbalagiri	19	14.6986	76.3570
Nikaspur	34	25.7366	85.8141
Nimatanrtola	34	24.7066	85.0779
Niman	34	24.6671	85.0031
Nidani	34	24.6258	85.0740
Nima	34	24.5973	85.0144
Nimiatanrtoli	34	24.5267	85.0613
Nimi	34	24.6601	85.2454
Niruatola	34	24.5833	85.2326
Nima	38	24.3503	85.1877
Nim Chak	34	24.9958	85.2634
Niman	34	24.8905	85.3003
Nim Chak	34	24.7601	85.2977
Niman	34	24.7754	85.3601
Nichitpur	38	24.2942	85.3301
Nichatpur	38	24.0853	85.3259
Nibgur	19	14.4398	76.3116
Nilayyanahatti	19	14.2567	76.3012
Nidagatta	19	14.0042	76.9193
Nidraghatta	02	14.0378	76.9501
Nijaganhalli	19	12.4268	76.2633
Niluvagalu	19	12.3005	76.2689
Nirmal Bigha	34	24.9637	85.5051
Nigari	34	24.8585	85.5595
Nima Kathara	34	24.8467	85.6806
Nizamat Kathara	34	24.8427	85.6757
Nimadih	38	24.7870	85.7438
Nimadih	38	24.3802	85.7427
Nima	34	26.2669	86.0280
Nima	34	26.2899	86.0162
Nirbhapur	34	26.3280	86.2088
Niragunda	19	13.7810	76.1874
Nikta	34	26.4061	86.3033
Nittur	19	13.1508	76.1320
Nidudi	19	13.0455	76.1410
Nirugunda	19	13.1388	76.1754
Nidavalli	19	13.5605	76.3169
Nirmala	34	26.1728	86.3055
Nima	34	26.0568	86.3797
Nighma	34	26.2304	86.4695
Nidiamale	19	12.4384	75.4796
Nisharpur	34	26.0343	86.8352
Nidiyanga	13	12.0804	75.4946
Nimi	34	25.7872	86.2115
Niluvagilu	19	12.0162	76.3719
Niluvagiluhundi	19	12.0222	76.3783
Niman	34	25.5036	86.2250
Nirpur	34	25.5427	86.2492
Ninga	34	25.4616	86.0757
Nimbala	40	18.9213	79.1445
Nim Chak	34	25.2086	86.0156
Nima	34	25.0465	86.0433
Nista	34	25.2281	86.2121
Niralahalli	19	12.7972	76.0635
Nilavagil	19	12.6711	76.0870
Nidavani	19	12.6729	76.1878
Nilkantanahalli	19	12.8892	76.6941
Niluvadi Koppal	19	12.4701	76.0297
Niluvadi	19	12.4701	76.0205
Nilangal	19	12.4254	76.1587
Nitimangala	19	12.6731	76.5705
Nilanahalli	19	12.5820	76.6622
Nimbahalli	19	12.8933	76.3558
Nirpa	34	25.7419	86.3110
Nista	34	25.6508	86.3268
Nisahra	34	25.5817	86.2848
Nimiatanr	34	25.2737	86.4759
Nilana Koppal	19	12.4349	76.7575
Nittaravatti	02	15.3803	77.1241
Nillileni Timmapuram	02	15.0826	77.2639
Nijatigudem	40	18.3434	79.2390
Nimora	34	25.0092	86.3871
Nirpur	34	25.5209	86.6230
Nirgod	19	12.9440	75.7731
Nikhanahalli	19	12.9087	75.8385
Nidgere	19	12.8482	75.8348
Ningapur	19	12.8064	75.8517
Nilanhalli	19	12.9979	75.9216
Nidnir	19	12.9357	75.9108
Nirgunda	19	12.8006	75.9153
Nidagarvalli	19	12.8807	75.9360
Ningapur	19	12.6792	75.8699
Nidta	19	12.7017	75.9279
Nirugalale	19	12.5764	75.9045
Nilkunda	19	12.7009	75.9838
Niduzuru	02	15.8707	77.9826
Nisahara	34	25.1740	86.5925
Nitturu	02	15.0389	77.9483
Nilluleni Hanumapuram	02	14.8396	77.1502
Nijavalli	02	14.2553	77.0192
Nihalpatti	34	25.9032	86.8300
Niduvad	13	11.9327	75.3923
Nima	34	24.9200	86.0506
Nimatanr	34	24.7876	86.0827
Nimatanr	34	24.7568	86.1380
Nim Nawada	34	24.9541	86.2042
Nim Nawada	34	24.7795	86.2107
Nimarang	34	24.9071	86.2262
Nighwamau	36	27.4591	80.6148
Niwazipur	36	27.4722	80.6242
Nizampur	36	27.3438	80.6052
Niamatpur	36	27.3683	80.6702
Nibha	36	27.3092	80.6212
Nitukalam	13	11.9834	75.5154
Nidumbram	13	11.7357	75.5512
Nittur	13	11.6458	75.7246
Niwari	35	22.3214	79.2980
Nitumpoyil	13	11.4957	75.7080
Niralott	13	11.7526	75.8966
Nilott	13	11.7632	75.8930
Nizampur	23	31.6538	74.9928
Nijjarpura	23	31.5717	74.9944
Nirmallur	13	11.4659	75.8165
Niramaruthur	13	10.9204	75.8952
Nimbri	36	26.5166	79.0971
Nigo Buapur	36	26.7001	79.1852
Nibi	36	26.5140	79.2346
Nittur	16	15.9877	74.3645
Nichaori	36	26.2160	79.1722
Niche-ka-pura	36	26.1687	79.0082
Niamatpur	36	26.9385	79.3915
Niwari Kalan	36	26.6638	79.2846
Niwari Khurd	36	26.6441	79.2798
Niamatpur	36	26.5446	79.3075
Nimni	16	19.7893	79.2154
Nivli	16	19.9969	79.0439
Niljai	16	19.9839	79.0850
Nizamgondi	16	19.7093	79.1048
Nizamgondi	16	19.7020	79.1068
Nishani	40	19.4497	79.1854
Niligudem	40	19.0312	79.1765
Nirukula	40	18.4935	79.2967
Nittur	40	18.6047	79.3329
Nitali	19	15.4428	76.0218
Nirligi	19	15.1871	76.0952
Nimbapuram	19	15.3330	76.4882
Nidagurti	19	15.0186	76.4296
Nitturu	19	15.5550	76.8341
Nitheri	19	12.6268	75.6089
Nilavde	19	15.6587	74.4185
Nittur	19	15.7075	74.4923
Nilji	19	15.8680	74.5775
Nichanki	19	15.5965	74.8011
Niralkatti	19	15.5536	74.9188
Nirankarvadi	19	14.7714	74.1737
Nivli	19	14.8373	74.2795
Nirhakkal	19	14.8143	74.4797
Nilkod	19	14.4897	74.4514
Nilkod	19	14.3328	74.4886
Nilihalli Matha	19	14.8015	74.7440
Nilkani	19	14.6685	74.6819
Nirgod	19	14.3448	74.6457
Nitgar	19	14.4959	74.7408
Nirgan	19	14.4822	74.7409
Niduvanike	19	13.8257	74.7418
Nirodi	19	13.8928	74.6795
Niranjanpur	34	24.6381	84.3350
Nimlewa	38	24.5101	84.3210
Nimidih	34	24.5691	84.3909
Niamatpur	34	24.5943	84.3779
Nima	34	24.6051	84.3564
Nipwa	34	24.7068	84.3874
Niamatpur	34	24.9389	84.9863
Nihalpur	34	24.9364	84.9879
Niazipur	34	24.8325	84.9780
Nima	34	24.7793	84.9505
Nichladih	34	24.6605	84.8291
Nimhara	34	24.6109	84.8264
Niman	34	24.6039	84.7797
Niman	34	24.5181	84.7788
Nimiatanr	34	24.5531	84.9086
Nigri	34	24.5437	84.9194
Nimo Bigha	34	24.6030	84.9170
Niskha	34	24.6528	84.8845
Nima	34	24.6937	84.8504
Nimahar	34	24.5992	84.9695
Nihsa	34	26.5034	85.7583
Niamatpatti	34	26.1947	87.0942
Nizampur	28	26.0170	87.9001
Nipania	34	25.8475	87.2058
Nirpur	34	25.7192	87.1507
Niman	34	25.0380	87.0220
Nisundra	34	25.6369	87.3024
Nisara	34	25.5082	87.3942
Nima Kalan	38	25.0480	87.3529
Nima	38	25.1590	87.3401
Nimtola	38	25.0977	87.4092
Niamat Chak	38	25.1167	87.4323
Nij Gehuma	34	25.9836	87.5037
Nilganj	34	25.7606	87.5350
Nishara	34	25.9593	87.5722
Nifatpur	34	25.7893	87.6848
Nitandar	34	25.9321	87.7085
Nizam Chak	34	25.7799	85.0635
Nirpura	34	25.5485	85.0900
Nihura	34	25.5159	85.0564
Nima	34	25.4619	85.1219
Nirban Chak	34	25.4214	85.0547
Niamatpur	34	25.3954	85.0175
Nisiawan	34	25.3787	85.0380
Niamatpur	34	25.4054	85.2387
Nizamat	34	25.4104	85.2244
Niamat Chak	34	25.4726	85.1607
Nirmulla Chak	34	25.4833	85.2221
Niman	34	25.4085	85.0730
Nimakol	34	25.5849	87.6273
Nima	34	25.5877	87.6388
Nijhra	34	25.6120	87.7035
Nikhrail	34	25.7447	87.6709
Nikhra	34	25.7339	87.7277
Nirapara	38	25.2232	87.6903
Nipania	38	25.0802	87.7117
Nischinta	38	25.0320	87.7178
Nichitpur	28	25.9044	87.8324
Nichamari	28	25.9040	87.9553
Nista	34	25.6900	87.8181
Nista	34	25.6592	87.8744
Nimaul	34	25.5623	87.9032
Nimaul	34	25.5226	87.8680
Niar	28	25.4682	87.9885
Nima	34	24.8037	87.0470
Nimaha	38	24.9995	87.2199
Nimabaran	38	24.9085	87.1823
Nipania	38	24.5980	87.5466
Nipania	38	24.6773	87.5940
Nijhor	38	24.5556	87.6970
Nimdanga	38	24.3968	87.7060
Nimdanga	28	24.2639	87.7112
Nizamuddinpur	34	25.2245	85.0008
Nisirpura	34	25.1317	85.0373
Nirpura	34	25.0637	85.0308
Nisanpura	34	25.1953	85.2051
Nirmani Mathtola	34	25.1425	85.1484
Nischintapur	28	24.0497	87.5756
Nimpahari	28	24.0997	87.6569
Nirshia	28	24.1424	87.6556
Nijhor	38	24.2094	87.5892
Nimjola	28	24.7413	87.8366
Nirbandh	38	24.5682	87.7837
Nizampur	28	24.6042	87.9774
Niharpara	38	24.7077	87.8702
Nimchua	38	24.3409	87.7549
Nichintapur	28	24.2800	87.8897
Night	28	24.4312	87.9824
Nischintapur	28	24.1767	87.7743
Nimapakuria	28	24.0924	87.8466
Nisparun	28	24.0970	87.8673
Nischintapur	28	24.2199	87.9537
Ningha	28	24.2151	87.8889
Nirpur Patanrh	34	25.7825	85.3337
Nirpur	34	25.9920	85.4213
Nilkanthpur	34	25.7908	85.4269
Nihali	35	21.8853	75.2213
Nizampur	34	25.5522	85.2644
Niazipur	34	25.4793	85.3184
Nimi	34	25.4455	85.3238
Nisratola	34	25.3777	85.2661
Nitar Chak	34	25.2808	85.3594
Nirmali Chak	34	25.4597	85.3753
Nirpur	34	25.3530	85.4942
Nirpur	34	25.2981	85.4827
Nimi	34	25.2230	85.3136
Nichalganj	34	25.2081	85.3148
Nilkanth Bigha	34	25.1578	85.3125
Nima	34	25.0321	85.3663
Nirpur	34	25.1377	85.4195
Niamatnagar	34	25.1080	85.4838
Nirmal Bigha	34	25.1282	85.4539
Nilo Rukunpur	34	25.8172	85.5121
Nirpur Bagh	34	25.8146	85.5811
Nisfi	34	25.8053	85.6529
Nirpur	34	25.8821	85.7111
Niamatganj	34	25.8346	85.7296
Nikaspur	34	25.8047	85.6673
Niamatpur	34	25.3679	85.5371
Nimakol	34	25.3673	85.5134
Nizampur	34	25.4560	85.6392
Nirpur	34	25.3137	85.7116
Nigraian	34	25.2903	85.6989
Nimgaon	16	21.1224	75.7261
Nimvadi	35	21.7515	75.7755
Nimbhora Khurd	16	21.0673	75.9097
Nimgaon Budrukh	16	20.9626	75.6873
Nimbayati	16	20.5494	75.5418
Nilagangavaram	02	16.0404	79.5631
Nichin Dona	40	16.7186	79.9348
Nirpeta	40	17.4459	78.5658
Nillapatla	40	17.3199	78.9512
Nilambhavi	40	17.4674	78.8887
Nibani	24	25.6567	70.7341
Nimrani ji Dhani	24	25.2421	70.8034
Nisandara	34	26.2243	87.7294
Nilod	16	20.2275	75.6175
Nimikhed	16	20.1441	75.6189
Nimgaon	16	20.1797	75.7445
Nimghati	16	20.6158	75.7815
Nimkhedi	16	20.6897	75.8696
Nigali	39	29.1671	80.1527
Nizampur	36	27.8748	80.0867
Nizampur	36	27.5388	80.0168
Nirpatpur	36	27.6053	80.1267
Nihal Purwa	36	27.6321	80.1700
Nibiha Purwa	36	27.4856	80.0792
Niranjan Purwa	36	27.4866	80.0889
Nizampur	36	27.6614	80.1440
Nirmal Sigh Purwa	36	27.6941	80.1166
Nirmal Anant Purwa	36	27.7007	80.1572
Nipanian	36	27.6457	80.2194
Nindura	36	27.5622	80.1853
Nizampur	36	27.3821	79.9996
Nir	36	27.3741	80.2086
Nibhamau	36	27.0611	80.0773
Nizampur	36	27.7775	80.3060
Niba Khera	36	27.9812	80.4315
Nirjuli	30	27.1329	93.7465
Nindra	02	13.3605	79.7006
Nimmanapalle	02	13.5698	78.6690
Nirattigudem	02	19.1111	78.3409
Nilaipet	02	19.1208	78.3847
Nirgantipalli	19	13.7482	77.8784
Nilivaratihalli	19	13.6217	77.8495
Nimkayilhalli	19	13.5880	77.7610
Nitturu	19	12.9527	77.0907
Nilsandra	19	12.8765	77.1113
Nidsali	19	12.7700	77.0622
Ningasandradadoddi	19	12.7351	77.2405
Nilavagalu	19	12.6780	77.0240
Ningandoddi	19	12.6472	77.0885
Nidaghatta	19	12.6202	77.0909
Nilakanthanhalli	19	12.6306	77.2030
Nilasandra	19	12.6217	77.2270
Nilakantanhalli	19	12.5589	77.0743
Nidgode	19	12.4861	77.1857
Nittur	19	12.4623	77.2160
Nidgatta	19	12.3801	77.0819
Nidgallu	19	12.4830	77.4328
Ningegaudandoddi	19	12.4968	77.3914
Nichchenametla	02	15.2368	78.1500
Nilugondla	02	15.2474	78.2245
Nilapuram	02	14.8780	78.6867
Nilapuram	02	15.1864	78.8807
Nitturu	02	14.7342	78.0607
Nidivelagala	02	14.6087	78.1406
Nigadi	02	14.2110	78.2193
Nirugattupalle	02	14.1729	78.2108
Nilavandlapalle	02	14.1382	78.8311
Nimmalavandlapalle	02	14.0752	78.7732
Niluvireddipalle	02	13.9522	78.0205
Nimmakayilapalli	02	13.7193	78.1150
Nidugurki	19	13.3175	78.0489
Nilapalli	19	13.4991	78.1863
Nimmakailapalli	19	13.4395	78.1670
Nilatur	19	13.3805	78.2278
Nidaramangala	19	13.0259	78.0414
Nichanakunte	19	13.2469	78.3361
Nilatur	19	13.3182	78.3013
Nilakantapura	19	13.0738	78.2691
Nilamadasaripalle	02	13.0123	78.4891
Nidigunta	02	13.2257	78.6413
Nilakantha Agrahar	19	12.9984	77.9582
Nidagatti	19	12.9578	77.9916
Niyalakonda Agraharam	25	12.7058	77.8398
Nilagiri	25	12.5752	77.9313
Nilichennanahalli	25	12.4692	77.9789
Nirkondi	25	12.1455	77.8854
Nidamakanhalli	19	12.8740	78.0727
Nidusa	25	12.6613	78.1449
Nimmangarai	25	12.2015	78.1689
Nilagirihalli	02	12.9031	78.3374
Nimmanapalli	19	12.8730	78.4528
Nichanur	25	12.4645	78.3993
Nimmiyampattu	25	12.6330	78.7001
Nilakantapalaiyam	25	12.9590	78.9746
Nikarampalle	02	15.7633	79.2407
Nippatturai	25	12.1616	78.6488
Nilakantaraopeta	02	14.2481	78.7360
Nilavaripalle	02	14.0308	78.5070
Nimmareddipalle	02	15.7154	79.7302
Nimmavaram	02	15.6221	79.6598
Nirmamapuram	02	15.4972	79.6846
Nimmamaheswarapuram	02	15.3440	79.5211
Nippatlapadu	02	15.6012	79.7635
Nilakanthapuram	02	15.4673	79.4059
Niruddrapalli	02	14.6104	79.1558
Niranjanaavadutapuram	02	13.3576	79.3440
Nilakantarayapuram	25	13.0170	79.3941
Nilotpalapuram	25	13.0887	79.3987
Nimmaralapalli	02	13.8827	79.5312
Nidigallu	02	13.9715	79.6481
Nillasanpeta	02	13.6021	79.5254
Nirvay	02	13.3758	79.7373
Nilakantapuram	25	13.1296	79.6043
Nirpakota	02	13.6920	79.8488
Nipalampatti	25	12.7394	79.0617
Nirtumbai	25	12.6631	79.0395
Nilantangal	25	12.1585	79.2149
Nilampundi	25	12.3092	79.3979
Nirperuttagaram	25	12.3393	79.5369
Nirperuttagaram	25	12.3360	79.5349
Nirvalur	25	12.9051	79.7911
Nirkunram	25	12.7091	79.8514
Nirper	25	12.3733	79.9154
Nilamangalam	25	12.3643	79.9276
Nilikadava	13	11.7660	76.0096
Nirpoyil	13	11.7728	76.0881
Nivalkolli	13	11.7640	76.1999
Nirpuzha Moku	13	11.4293	76.2453
Nisana	19	11.9396	76.2823
Nilagunda	25	11.5970	76.3893
Ningankolli	25	11.5724	76.4986
Nilenni	13	11.3364	76.2542
Nitre	19	11.9691	76.7362
Niralakambe	25	11.2721	76.7021
Niralakambe	25	11.2705	76.7649
Niralakambe	25	11.2632	76.7763
Nirgundi	25	11.4211	76.9668
Nilampatti	25	11.1388	76.8341
Nilamangalam	13	10.8987	76.4514
Niringod	13	10.1115	76.2808
Nileswaram	13	10.1848	76.4643
Nima	34	25.3971	87.7025
Nirvallam	13	10.7609	76.7040
Nirkod	13	10.7036	76.7587
Nirkunnam	13	9.4036	76.3564
Nindur	13	9.2846	76.4748
Nilamel	13	8.7227	76.8270
Nilikanampalaiyam	25	11.0112	77.0368
Nilikulam	13	9.0906	76.5208
Nidakaratura	13	8.9429	76.5416
Nittam Turuttu	13	8.9803	76.6164
Niravilseri	13	8.9230	76.6016
Nichchampalaiyam	25	11.3260	77.4194
Nichchampalaiyam	25	11.3699	77.4981
Nilakkavundanpalaiyam	25	11.3356	77.4990
Nilakkavundanpalaiyam	25	11.1857	77.4409
Nidavakkalpudur	25	11.8430	77.7198
Nichchampalaiyam	25	11.3549	77.5176
Ninuttipalaiyam	25	11.3065	77.5334
Nichchikkattuvalasu	25	11.1761	77.7508
Nilambur	25	10.5339	77.3589
Nirattanallur	25	11.0352	79.3607
Niramati	25	10.8868	79.2656
Nirmulai	25	10.5730	79.7178
Nidar	25	10.8536	79.1594
Nirtanallur	25	10.8052	79.2441
Nirdanamangalam	25	10.7087	79.8254
Nilakkudi	25	10.8178	79.6119
Nilappadi	25	10.7615	79.7087
Niravi	22	10.8919	79.8160
Niri	38	23.8129	85.1339
Nichlatoli	38	23.4253	85.0749
Nidhia	38	23.0079	85.0291
Nimi	38	23.6081	85.3764
Nimuajara	38	23.5302	85.3410
Nichitpur Raidih	38	23.1932	85.3359
Nichintpur	38	23.2944	85.6776
Nimtoli	38	23.2634	85.5735
Nimtoli	38	23.2459	85.5235
Nimdih	38	23.1994	85.7006
Nichitpur	38	23.5696	85.9212
Nimua	38	23.3813	85.8371
Nimdih	38	23.0097	85.7879
Nichitpur	38	22.9065	85.0698
Nirsingtoli	38	22.6764	85.0890
Nijkel	38	22.9829	85.4660
Nimtanr	38	24.4318	84.7557
Nirmala	38	24.3480	84.7723
Nijra	38	24.3222	84.7855
Nilaigot	38	22.6166	85.4670
Nichintpur	38	22.1976	85.6752
Nilkanthapur	38	24.0151	86.9648
Nimbank	38	24.0887	86.8783
Nibiatanr	38	23.9227	84.2399
Nichitpur	38	23.1876	84.1391
Niwar	38	23.8883	84.4839
Nirasi	38	23.5631	84.3862
Nindi	38	23.4108	84.4538
Ninartoli	38	23.3778	84.2678
Nich Khatanga	38	23.0394	84.3925
Nich Dumri	38	23.0663	84.3886
Nindra	38	23.7598	84.7161
Nindir	38	23.6888	84.5607
Nini	38	23.5303	84.6847
Nimtoli	38	23.3930	84.5883
Nirhu	38	23.4068	84.6052
Nigni	38	23.4447	84.6662
Nijma	38	23.2801	84.6723
Nimtoli	38	23.0729	84.5846
Nindra	38	23.6328	84.9283
Nimra	38	23.1750	84.7973
Nimgaon	37	22.9570	84.1814
Nimgaon	37	22.9448	84.2015
Nimtoli	38	22.5995	84.3712
Nimtoli	38	22.4065	84.4264
Ninai	38	22.9269	84.7575
Nimtur	38	22.6087	84.9372
Nitidihi	21	21.8216	84.1397
Nishanbhanga	21	21.6653	84.0399
Nirottigiramam	25	9.5249	77.7365
Nirpattigiramam	25	9.5261	77.7327
Nilampatti	25	10.3565	78.1426
Nilikkattuppudur	25	10.9524	77.5102
Niliyappakavundanvalasu	25	10.7910	77.6786
Nilangalivalasu	25	10.6512	77.7250
Nilakavundanpatti	25	10.5720	77.7029
Nimbampatti	25	10.5237	78.5293
Nirpalni	25	10.6190	78.7103
Nilayapatti	25	10.3873	78.6830
Nilamegampatti	25	10.2308	78.5231
Nil Nattukkurichchi	25	9.2581	78.0219
Niravi	25	9.4229	78.2720
Nirkkolikudi	25	9.4181	78.4913
Niranjan	25	9.7812	78.5611
Nilayambadi	25	9.4613	78.6133
Nirkkundam	25	9.3844	78.5795
Nirkkundam	25	9.9085	78.9596
Nimindapatti	25	10.9094	77.9367
Nilamangalam	25	11.7216	79.0018
Niramati	25	11.7165	79.0117
Ninnaiyur	25	11.6559	79.1488
Niramani	25	11.4819	79.1356
Nidinattam	25	11.4670	79.1787
Nilamalaikkottai	25	10.4517	77.7884
Nidur	25	11.1331	79.6427
Niranjipatti	25	11.7015	78.0848
Nilavarappatti	25	11.6081	78.1499
Nilayangattuppudur	25	11.2562	78.1080
Nirmullikkuttai	25	11.7115	78.3538
Niliyampatti	25	11.0788	78.3863
Nichintpur	38	22.7497	85.5709
Nichlakocha	38	22.9048	85.5709
Nimdih	38	22.8516	85.6340
Nilmohanpur	38	22.7504	85.9635
Nischintpur	38	22.7181	85.7914
Nimdih	38	22.5417	85.7975
Nimdih	38	22.5068	85.7622
Nimdih	38	22.5226	85.9316
Nisankpur	38	22.7078	85.9565
Nimdih	38	22.7070	85.9387
Nichintpur	38	22.6768	85.9883
Nichinti	38	22.3433	85.9644
Nilchakar	38	22.2911	85.9753
Nimihata	21	21.2509	85.1670
Nimribeda	21	21.2842	85.1954
Nipinda	21	21.2826	85.4784
Nichantapur	21	21.9401	85.5456
Nischintpur	21	21.7520	85.6849
Nischintpur	21	21.8489	85.7175
Nisaguria	21	21.9106	85.7130
Nitigut	21	21.6683	85.5186
Nityanandpur	21	21.5170	85.6283
Ninhuan	21	21.7950	85.7843
Niuti	21	21.7624	85.9642
Nimti	21	21.7607	85.9654
Nischintipur	21	21.7437	85.9012
Nimasahi	21	20.4700	85.0606
Nimapatna	21	20.2726	85.2119
Niladripur	21	20.1628	85.0009
Nimapatna	21	20.0044	85.0665
Nimabahali	21	20.7834	85.3115
Nimidha	21	20.7576	85.3389
Nimdih	34	24.8508	85.7861
Nirmanitola	34	24.9209	85.9083
Nimadih	38	24.6322	85.8271
Nimadih	38	24.6418	85.8479
Nimadih	38	24.5910	85.8370
Nimatoli	38	24.5454	85.9091
Nimadih	38	24.4452	85.8405
Nichli Chitardih	38	24.4514	85.9920
Nimatanrtoli	38	24.2145	85.9022
Nichitpur	38	24.2460	85.9482
Nirmali	34	26.1347	86.6824
Nirmali	34	26.1181	86.6075
Nima	38	24.7014	86.0665
Nigoria	34	24.9188	86.4244
Nimatila	34	24.7617	86.2670
Nijuara	34	24.8348	86.2817
Nimatanr	34	24.6721	86.3203
Nimari	34	24.6909	86.3656
Ningotoli	38	24.2889	86.2897
Nimtanr	38	24.0163	86.4517
Nimkiatanr	38	24.1029	86.3154
Niktimal	21	21.8677	84.2900
Niktimal	21	21.9760	84.3904
Niktimal	21	21.8272	84.5007
Niktimal	21	21.6253	84.3016
Niktimal	21	21.7199	84.4039
Niktimal	21	21.6225	84.5936
Nilberni	21	21.5305	84.7373
Nisthurduma	21	21.3645	84.5722
Nisabira	21	21.2983	84.6407
Nilgandia	21	21.2967	84.5700
Nischintapur	21	21.8376	84.9931
Niktimal	21	21.6801	84.7565
Niktimal	21	21.5017	84.8001
Nilaposi	21	21.2726	84.9744
Nimitira	21	20.8765	84.4917
Nilkanthpara	21	20.7579	84.4590
Nikininda	21	20.6684	84.2890
Nilapadar	21	20.4236	84.2532
Nilungia	21	20.0798	84.3405
Nisanipathar	21	20.8520	84.5432
Nilmara	21	20.6391	84.7034
Nipania	21	20.2813	84.5061
Nidhiaberona	21	20.1450	84.5028
Nidhuapalli	21	20.0264	84.5041
Nimbhai	21	20.0345	84.6515
Nidamanoor	40	16.8198	79.3671
Nimdih	38	22.9909	86.1452
Nikirai	21	20.5827	86.3908
Nihokhu	20	25.8514	93.9279
Niuland	20	25.9076	93.9877
Nilling	30	28.0360	93.9613
Nizampur	36	26.2732	82.7611
Niman	34	24.7210	84.4716
Nima	34	24.5400	84.9568
Nizampur	34	25.5126	85.0446
Nirmal	34	25.0031	85.4234
Nimdih	38	22.9753	85.8290
Nimdih	38	22.9443	85.8256