Nuzvid	02	16.7885	80.8459
Nurpur	36	29.1496	78.4084
Nuh	10	28.1030	77.0014
Nurmahal	23	31.0966	75.5939
Nurpur	11	32.3015	75.8848
Nurpur Kalan	23	31.1667	76.4833
Nuvem	33	15.3174	73.9387
Nuapatna	21	20.4462	85.4690
Numaligarh	03	26.6225	93.7223
Nurpur	34	25.4241	86.0435
Nua	24	28.0439	75.2719
Nuahata	21	20.8359	85.2341
Numaligarh Refinery Township	03	26.5885	93.7443
Nuvalrevu	02	18.6779	84.4382
Nutnus	12	34.4416	74.3035
Nutimadugu	02	14.4919	77.3256
Nutan Bazar	26	23.4291	91.7542
Nuruddin	23	31.4719	74.8724
Nur Sarai	34	25.2745	85.4579
Nurpur	28	22.2166	88.0814
Nurla	41	34.3167	76.9667
Nurganj	35	23.0289	77.5220
Nuralrevu	21	19.1123	84.7763
Nurabad	35	26.4041	78.0655
Nunmati	03	26.1833	91.8000
Nunkapasi	21	20.9333	84.7333
Nunihat	38	24.4843	87.1323
Nungtak	17	24.5237	94.1654
Nungkuinu	17	24.0436	94.0763
Nungba	17	24.7435	93.4175
Nungambakkam	25	13.0606	80.2344
Nunera	37	22.3667	82.3167
Nundem	33	15.0667	74.2000
Nuliasahi	21	20.0833	86.4333
Nuggihalli	19	13.0101	76.4766
Nuapalli	21	20.2878	85.0896
Nuapalli	21	19.8543	84.9270
Nuakot	21	21.7286	85.2918
Nua Hathigurha	21	19.9375	84.4886
Nuagan	21	20.2519	84.9687
Nuagan	21	20.2167	86.5350
Nuagam	21	20.1395	84.0235
Nuagad	21	19.1003	84.0481
Nunah	11	30.8068	77.1177
Nurullahpur	28	22.3919	88.5971
Nunar	12	34.2552	74.7920
Nu Chid	12	34.1672	74.9093
Nurkot	12	33.8087	74.0612
Nurpur	12	33.8120	74.2151
Nuna Bandi	12	33.7841	74.1695
Nuripur	12	34.1062	74.6131
Nuts Labbar	12	34.0166	74.5601
Nurdin Khanun Chak	12	34.4833	74.4065
Nunial	12	33.1519	74.2086
Nurpur	12	33.7910	74.4119
Nuwan	24	28.0196	74.5687
Nunlat	12	34.5861	73.9542
Nurpura	36	29.7050	77.3805
Nundpura	24	25.9797	75.5608
Nurwala	10	29.4169	76.9880
Nuni Avval	10	28.0741	76.1141
Nutalkal	40	17.6826	78.4423
Nuhand	24	28.4276	75.5739
Nuniya Gothra	24	28.2134	75.5712
Nurpura	23	30.5730	76.2265
Nurpur Franswala	23	30.1513	76.5172
Nurpur Buchi	10	30.1151	76.6964
Nurpur	10	30.2258	76.7808
Nuna	35	25.1798	78.9818
Nuna Ka Khirk	35	25.1742	78.9759
Nurpur	36	27.8803	79.1173
Nunari	36	27.1242	79.2692
Nurpur Tarsaura	36	27.6733	79.5215
Nura	36	27.2465	79.8512
Nunkhara	36	27.1993	79.9113
Nunkhara	36	27.2115	79.9201
Nunar	36	26.8541	79.2458
Nunar	36	26.8422	79.2147
Nurpur	36	26.8528	79.5743
Nunari	36	26.7985	79.6310
Nunsar	10	28.6746	75.7393
Nungon	17	25.0101	94.4099
Nugur	02	19.2169	80.7230
Nunepalle	02	15.4648	78.4848
Nuapada	21	20.8167	82.5333
Nuagaon	21	22.3988	84.9207
Nuagaon	21	20.2853	85.2407
Nuabhatimunda	21	21.4909	83.8606
Nurpur	28	22.9011	88.5795
Nuran Khera	10	29.2027	76.5837
Nurpur Bahora	10	28.2961	76.8219
Nurpur	10	28.1450	76.9591
Nuarh	11	31.7184	77.1239
Nulagi	11	31.6742	77.1617
Nuser	11	31.7000	77.1494
Nuwan	24	29.0098	74.9323
Nuiyat	12	34.6533	74.4686
Nunawain Nar	12	34.5559	74.2845
Nunawain Forest	12	34.5603	74.2899
Nuiyat Forest	12	34.5865	74.4176
Nun	11	31.2674	77.5226
Nurhad	10	30.3310	77.1280
Nurnagar	24	27.8197	76.6791
Nurpur	36	30.2882	77.5976
Nurpur Bharawar	36	30.2909	77.5982
Nuniya	24	27.2788	76.9942
Nurpur	24	27.3422	76.9864
Nugarnau	39	30.7271	77.7540
Nurullahpur Hafiz	36	29.4303	78.1143
Nurpur Panjanheri	39	29.8845	78.1338
Nurnagar	35	23.1150	78.4033
Nurpura	35	23.2100	78.6206
Nurganj	35	23.1183	78.7491
Nurganj	35	23.1165	78.7740
Nurpur Moafi	36	29.9872	77.4330
Nur Kheri	36	29.7915	77.3591
Nutan	35	22.2081	78.7401
Nuzarpur	35	21.9279	78.4164
Nurpura	24	29.9335	74.2527
Nurpur	23	30.9581	75.2058
Nurpur	23	30.9562	75.7133
Nurpur Khurd	23	30.9556	75.7283
Nurangar	36	29.6924	77.8919
Nunan	36	29.3486	77.7713
Nurpur Khalsa	36	28.8427	77.2441
Nurwala	23	30.9613	75.8662
Nurnagar	07	28.5577	77.2875
Nurpur	36	28.8530	77.2575
Nusratabad Kharkhari	36	28.7831	77.3189
Nurnagar	36	28.9442	77.6985
Nurpur	36	28.7441	77.5541
Nurpur	36	28.5416	77.6480
Nurpur	36	28.3650	77.7029
Nurpur	23	31.6617	75.7792
Nurtilai	23	31.6234	75.8900
Nurpura	23	29.8798	76.0744
Nunias	39	30.4267	78.0044
Nurpur Chhibri	36	29.3727	78.5842
Nurpur	36	28.9560	79.0083
Nurpur	36	28.9134	79.1545
Nurpur	36	28.3041	79.1553
Nurpur	36	28.0590	77.5964
Nurpur Mandya	36	28.8336	77.7604
Nurpur	36	28.5502	77.8189
Nurpur	36	28.6583	77.8740
Nurpur ki Marhaivan	36	28.6651	77.8694
Nurpur	35	26.3664	77.9000
Nunhari	35	25.8291	78.2524
Nurpur	23	30.9201	76.2478
Nurpura	23	30.2946	76.1782
Nurpura	23	30.1630	76.2024
Nurpur	23	30.9832	76.2888
Nurpur Shergarh	23	30.9609	76.3082
Nur Kheri	23	30.3388	76.4643
Nunera	36	27.8352	77.9214
Nurpur	36	27.9103	77.6315
Nurullapur	36	28.0857	77.9183
Nurpur	36	27.2261	77.6477
Nurpur	36	27.0882	77.6985
Nunera	37	22.3570	82.4197
Nunhapara	37	22.4417	82.4200
Nuapara	21	20.0276	81.9275
Nuapara	21	20.0267	81.9456
Nuapara	21	20.0146	81.9526
Nunhai	36	27.2017	78.0482
Nurpur	36	27.1757	78.1963
Nurapur	16	20.6410	78.7986
Nurpur	36	27.7271	78.6024
Nunpur	35	23.0903	79.7417
Nunsar	35	23.2390	79.7994
Nunia Khurd	35	23.3110	79.9437
Nunia Kalan	35	23.3214	79.9462
Nurpur	36	27.1634	78.6079
Nurganj	36	27.9642	78.8488
Nurganj	36	27.9241	78.9066
Nurpur	36	27.8360	78.0036
Nuktipad	40	16.9931	77.6730
Nurpur	36	27.4103	77.7709
Nuruliapur	36	27.2730	77.7581
Nurpur	36	27.7432	78.9939
Nurpur	36	27.5025	78.8806
Nurmai	36	26.9643	78.8213
Nunauli	36	24.6062	78.2953
Nurnagar	36	27.3564	79.3087
Nunar	36	27.3244	79.3376
Nurampur	36	27.3126	79.2592
Nunera	24	26.7539	77.5995
Nunhera	24	26.7716	77.7502
Nukarra	24	25.1146	77.2457
Nurpur	36	27.3828	79.5565
Nunar	36	27.0994	79.5892
Nursa Nagla	36	27.9181	79.7541
Nurpur	36	27.3160	79.8430
Nurpura	35	24.4629	77.1693
Nurpur	36	27.4102	78.8159
Nurpur	35	24.2633	77.6664
Nunegudem	40	17.5197	79.3084
Nurpur	36	27.5328	78.2094
Nurpur	36	27.6599	78.4149
Nuh	36	27.5216	78.4097
Nurpur	36	27.0870	78.4273
Nutankal	40	17.3287	79.6982
Nurpur	36	26.1122	79.5718
Nunari	36	26.9849	79.8064
Nuniyan Purwa	36	26.8305	79.7660
Nunian Purwa	36	26.4172	79.9259
Nunian Purwa	36	26.4198	79.9165
Nunian Purwa	36	26.3363	79.9940
Nunsai	36	25.8955	79.3333
Nunbal	36	25.8376	79.2538
Nuryakheri	35	21.9699	76.0825
Nuna	35	25.0581	79.6181
Nurpur	36	25.9968	82.8037
Nuawan	36	25.8813	82.8879
Nuruddinpur	36	25.5257	83.1126
Nurpur	36	25.7004	83.1642
Nunhera	35	26.7535	78.3575
Nunhad	35	26.5773	78.5927
Nunhata	35	26.4878	78.8398
Nuchroli	35	25.4287	78.2060
Nunari	36	25.4228	83.3386
Nunar	36	25.3446	83.3512
Nuri	36	25.3729	83.4821
Nunwaha	35	25.4871	78.3844
Nuruddinpur	36	25.9739	83.6826
Nurpur	36	25.4744	83.6295
Nuawan	34	25.2872	83.5320
Nur Chak	34	25.5438	83.9553
Nunwat	36	24.8667	83.2943
Nunahitola	38	24.1606	83.4898
Nurpur	35	23.8363	78.1095
Nurja	35	23.7615	78.1893
Nurjahanpet	40	17.0267	79.7129
Nulagondi	40	19.4337	78.8025
Nursar	24	28.2332	73.2177
Nunera	36	27.6477	79.2910
Nurpur Garhia	36	27.6186	79.3094
Nunwara	36	27.5818	79.3044
Nunahi	35	24.5936	80.4059
Nunagar	35	24.0367	80.3460
Nungara	35	24.6771	80.5078
Nuruddinpur	36	25.9251	82.5963
Nuruddinpur	36	25.8609	82.5536
Nuruddinpur	36	25.9366	82.7339
Nurpur	36	25.7290	81.2928
Nunari	36	25.4855	82.3015
Nunra	36	25.4170	82.3152
Nurpur	36	25.4064	82.5959
Nunari	36	25.4937	82.6848
Nurpur	36	25.4603	82.6845
Nuaon	36	25.2479	82.5693
Nuaon	36	25.2479	82.9733
Nuniyapur	36	25.2343	82.9783
Nuaon	36	25.0844	82.9194
Nurehi	35	24.4745	80.4576
Nurpur Mughlan	10	29.3227	77.0226
Nurpur Gujran	10	29.3249	77.0224
Nuhaniyan	24	28.2994	75.9587
Nurpur	36	25.7199	82.3796
Nuruddin Khera	36	26.7058	80.8580
Nurnagar Bhadarsa	36	26.7052	80.8928
Numa Khera	36	26.2628	80.8184
Nurganj Khera	36	26.4887	80.9191
Nunera	36	26.2538	80.9484
Nurgarh	10	28.3598	76.6743
Nurpur	10	28.2888	76.6397
Nun Mattia	36	25.6340	82.9473
Nunian Tola	36	25.5507	82.8435
Nunamajra	10	28.6723	76.8722
Nurullahpur	36	29.5603	78.4598
Nurpur Yusaf	36	29.5243	78.4863
Nurpur Arab	36	29.5218	78.4945
Nurpur Hatti	36	29.3778	78.4221
Nurpurkheri	36	29.3166	78.3432
Nurpur	36	27.6847	81.1434
Nurpur	36	27.3192	81.1515
Nuruddin Chak	36	27.5919	81.6089
Nurpur	36	27.1263	81.7959
Nuawan	34	24.9538	83.8391
Nurpur	36	26.8224	81.0655
Nurpur Bheta	36	26.8209	81.0766
Nurganj	36	26.9104	81.4583
Nugdipur	36	29.1816	78.4090
Nuranpur	36	26.7475	81.3309
Nurpur	36	26.6764	81.4216
Nurkhwah	12	34.1516	74.1155
Nungarha Got	39	29.4835	78.8067
Nurganj	36	26.3623	81.3067
Nunar	36	26.3278	81.3208
Nurpur	36	29.0358	78.8354
Nuanwan	36	26.3105	81.4313
Nuhripur	36	26.3695	81.7735
Nuhripur	36	26.3011	81.8792
Nunar	36	25.3660	81.0208
Nunmai	36	25.2623	81.2221
Nunagar	36	25.3177	81.2006
Nurpur Kalan	36	28.7571	78.4133
Nukra	36	27.1245	80.7510
Nurpur	36	26.2903	80.3117
Nurpur Khurd	36	28.7208	78.3426
Nurpur	36	28.5036	78.4795
Nurpur	36	27.3973	81.7722
Nurpur	36	28.2730	78.4350
Nutpalli	40	18.9422	78.2326
Nuraiyan Sarai	36	28.5826	78.5920
Nuruddinpurganj	36	28.5150	78.7118
Nurpur Pinauni	36	28.2867	78.6976
Nuruddinpur	36	26.5668	81.6401
Nurganj	36	26.8366	81.8168
Nuhari Purwa	36	26.9981	81.8982
Nurpur	36	26.2485	81.9179
Nurpur Kauria	36	28.3856	78.8852
Nuras Baba Sahib	12	33.9931	74.5174
Nunar	12	33.9609	74.6976
Nusagam	12	33.9583	74.6927
Nurpur	36	28.2387	78.9248
Nunha Purwa	36	27.0486	82.4472
Nulai	12	33.7706	74.9218
Nunumai	12	33.7118	74.9985
Nunakhul	12	33.5256	74.9431
Nunra	36	26.1823	82.0041
Nusinga	12	33.2816	74.9805
Nukalumari	40	18.5569	78.8475
Nukanpalli	40	18.7176	78.9080
Nurmitta	40	18.0470	78.9817
Nurpur	36	26.6565	82.3677
Nukrapur	36	26.5677	82.3331
Nurpur	36	26.6296	82.4386
Nuruddinpur	36	26.4853	82.3991
Nuhsila	36	26.3558	82.4046
Nuruddinpur	36	25.9663	83.0431
Nuram Patti	36	26.1528	82.3113
Nurpur Ismailpur	36	25.7981	83.0191
Nunra	36	26.2481	82.3588
Nurpur	36	26.1557	82.3570
Nurpur	36	26.1519	82.4055
Nunra	36	26.1670	82.4572
Nur Chak	36	26.6795	82.6916
Nurpur	36	26.2748	82.6887
Nunra	36	26.2263	82.5575
Nunra	36	26.1464	82.5660
Nuruddhinpur	36	26.0275	82.5821
Nurpur	36	26.5264	82.8363
Nurpur	36	25.9962	83.4035
Nurpur	36	26.3065	82.8476
Nuruddinpur	36	26.4672	82.9955
Nurpur Pahnauli	36	26.0812	82.9350
Nuniauti	36	26.1069	82.9423
Nurai Jot	36	27.1375	83.2332
Nus Badrangund	12	33.6259	75.1412
Nunawain	12	33.7126	75.2017
Nuruddinpur	36	25.9871	81.5623
Nuruddinpur	36	25.9813	81.5575
Nurpur	36	25.8340	81.5364
Nukta	36	26.6281	83.0276
Nurwal Patti	36	26.3013	83.0931
Nuruddinpur	36	26.0577	83.2125
Nuruddin Chak	36	26.9721	83.2666
Nuruddin Chak	36	26.8129	83.3401
Nunaun	36	26.5715	83.2796
Nuniapur	36	26.5366	83.5605
Nurullahpur	36	26.2303	83.6670
Nurapur	36	26.9145	83.7990
Nurpur	36	26.0803	83.8288
Nunia	36	26.0139	83.8449
Nur Chak	36	25.6606	83.5253
Nurullahpur	36	25.6049	83.5377
Nurpur Mubarakpur	36	25.6147	83.6088
Nuan	36	25.7081	83.7197
Nunji	35	23.4131	80.1727
Nunja	35	23.4183	80.1749
Nugur	40	18.3379	80.5557
Nunkhan	35	23.0592	80.9473
Nunkhan Tola	35	23.0746	80.9600
Nunts	12	33.3539	75.8458
Nunath	12	32.5202	75.2071
Nurpur	36	25.3783	81.6543
Nur Ahmadwala	23	30.6513	74.1790
Nurpur	36	25.7805	81.8110
Nurpur	36	25.7563	81.9018
Nurpur	36	25.5989	81.9304
Nurpur	36	25.6045	81.9417
Numayan	36	25.3752	81.7610
Nungal	23	32.4385	75.8791
Nulari	11	32.2322	75.9072
Nundotra Nana	09	24.3383	72.3133
Nurpur	23	31.6347	74.6769
Nurwala	23	31.1995	74.5267
Nulegondi	37	20.1696	81.4934
Nurpur	23	31.3945	74.8157
Nurpur	23	30.8760	74.6379
Nurpur	23	31.9691	75.0436
Nurowali	23	31.9875	75.2415
Nurpur	23	31.2796	75.1663
Nurowal	23	31.3246	75.1908
Nurpur	23	31.0202	75.0294
Nuktipur	23	31.9211	75.4925
Nurpur	23	31.6898	75.4404
Nurpur Janoya	23	31.4523	75.2956
Nurpur Jattan	23	31.4730	75.3419
Nurpur Labana	23	31.4682	75.3513
Nurpur Rajputan	23	31.4209	75.3539
Nurpur	23	31.3851	75.4222
Nurpur	23	31.1384	75.4127
Nun	23	31.8076	75.5522
Nurpur	23	31.6335	75.6201
Nurpur	23	31.5079	75.7382
Nuratola	35	21.9434	80.8117
Nukri	36	27.7914	80.7846
Nurganj	36	27.3868	80.8188
Nurpur	36	27.4516	80.8726
Nurpur	23	31.1613	75.9119
Nurewal	23	31.0419	75.8117
Nunhatola	37	20.8953	80.6535
Nurullahpur	36	27.0541	81.0377
Nuniakachhar	37	22.0258	81.7379
Nundri	24	26.1157	74.3064
Nundri	24	26.0674	74.3179
Nu	11	31.9253	76.2136
Nuadihi	21	20.8835	82.5227
Nuadihi	21	20.9070	82.6064
Nungachh	38	23.8590	83.9310
Nurupudi	02	17.5226	81.7581
Nuvvugandi	02	17.5523	81.8732
Nulakamaddi	02	17.7006	81.9135
Nuvvumamidi	02	17.5145	81.9489
Nunipalle	02	17.3589	81.7648
Nunpani	37	21.6355	83.0457
Nunpani	37	21.3784	83.0123
Nunpanitola	37	21.3799	83.0082
Nuadih	21	21.0674	83.1302
Nuapali	21	21.0567	83.1357
Nuadih	21	21.0743	83.1915
Nuapali	21	21.0130	83.2328
Nurpur Nagla	36	28.3331	78.0434
Nuadih	37	21.4213	83.3366
Nuagarh	21	21.4517	83.4921
Nuagaon	21	21.3054	83.4575
Nurpur	36	28.7812	78.7632
Nuapali	21	21.1098	83.3244
Nuagaon	21	21.0182	83.3083
Nuapali	21	21.1438	83.3962
Nuapali	21	21.1717	83.3101
Nuadih	21	21.7935	83.5739
Nuadihi	21	21.8049	83.6060
Nuapali	21	21.4211	83.5608
Nuaguresira	21	21.3238	83.5734
Nuapali	21	21.2651	83.5294
Nuatentla	21	21.3930	83.5884
Nunia Jampali	21	21.3949	83.6698
Nuapara	21	21.4352	83.7012
Nuamunda	21	21.8742	83.8781
Nuadihi	21	21.7254	83.8639
Nuapali	21	21.6835	83.9476
Nuakata	21	21.5614	83.9714
Nuapara	21	21.5264	83.9379
Nuagaon	21	21.2694	83.9287
Nuapali	21	21.0186	83.7946
Nuapali	21	20.8593	83.0409
Nuapali	21	20.9537	83.3718
Nukanpalli	37	18.8449	80.8128
Nukanpalli	37	18.7160	80.7599
Nujinamale	19	13.7377	74.6972
Nujadi	19	13.7086	74.7281
Nurpur	36	26.8922	81.6127
Nuhripur	36	26.8872	81.6040
Nurpur	36	26.7970	81.6093
Nukhtapur	36	26.8744	81.7421
Nunar	36	26.1062	81.5703
Nunar	36	26.1022	81.5829
Nunar	36	26.0045	81.6138
Nuaput	21	18.4376	82.7577
Nuaguda	02	18.3302	82.8873
Nuaguda	02	18.3185	82.9506
Nuaguda	02	18.2885	82.9996
Nurupanaku	02	18.1220	82.8377
Nullapalem	02	18.1717	82.9923
Nutanam	02	16.9473	81.2101
Nukarayi	02	17.5412	82.0556
Nuchchumilli	02	16.5666	81.1567
Nuthapadu	40	17.0764	80.7147
Nutalapativaripalem	02	16.5459	80.2498
Nudurupadu	02	16.2800	80.2105
Nutulaguntapalem	02	17.5947	82.8741
Nuapara	21	19.9397	83.1602
Nunangam	21	19.6129	83.3453
Nuchenguda	21	19.6095	83.3688
Nuvvaguda	21	19.5340	83.4913
Nuapada	21	19.9633	83.5450
Nuagam	21	19.8134	83.5117
Nuagam	21	19.7949	83.7088
Nuaguda	21	19.4504	82.1560
Nuaguda	37	19.2959	82.1177
Nuaguda	37	19.2977	82.1413
Nuaguda	21	19.3596	82.1734
Nuaguda	37	19.0945	82.1392
Nuaguda	37	19.0432	82.1237
Nuagam	21	19.2151	82.1924
Nuaguda	21	18.6025	82.0822
Nuaguda	21	18.4768	82.1578
Nuaguda	21	18.4497	82.2117
Nuthimamidi	21	18.0471	82.1913
Nuaguda	21	18.7914	82.2996
Nuaputtu	21	18.9107	82.4968
Nuaguda	21	18.8332	82.4587
Nuagam	21	19.3063	83.0294
Nuaga	21	19.3673	83.2356
Nuaguda	21	18.5509	82.3572
Nunkari	21	18.6179	82.3716
Nuagam	21	19.0637	83.1163
Nuaguda	02	18.4319	82.3892
Nundrakona	21	19.0964	83.3046
Nundujolli	21	19.3876	83.5066
Nuagam	21	19.4616	83.6917
Nundrabadi	21	19.4103	83.6991
Nurumati	02	18.0938	82.4765
Nuaputtu	21	18.8407	82.5015
Nuaguda	21	18.8291	82.5257
Nuaguda	21	18.8330	82.5777
Nuapodoro	21	18.8091	82.5849
Nuaguda	21	18.8582	82.5840
Nuaguda	21	18.9288	82.6800
Nurajaputtu	21	18.7306	82.6293
Nunna	02	16.5788	80.6840
Nua Kondaguda	21	18.8708	82.8134
Nuaguda	21	18.9406	82.8556
Nutakki	02	16.4159	80.6497
Nuaguda	21	18.5194	82.7509
Nuaputtu	21	18.6975	82.9310
Nutulapadu	02	16.4831	80.9813
Nuagam	21	19.9577	81.9946
Nundarkona	21	19.2194	83.5114
Nundruguda	21	19.6760	83.7687
Nuvuguda	21	19.5294	83.8416
Nuagam	21	19.3778	83.8052
Nuagam	21	19.3647	83.8028
Nuagam	21	19.3531	83.7764
Nuagad	21	19.3540	83.9607
Nundarguda	21	19.4960	83.9390
Nuagam	21	19.2727	83.9462
Nuagam	21	19.2293	83.8759
Nua Dombusura	21	19.1669	83.8431
Nuagam	21	19.1152	83.8579
Nuagam	21	19.1783	83.9634
Nuravarahalapeta	02	18.3769	83.1665
Nuvada	37	18.6414	81.7351
Nuaguda	37	18.9255	81.9798
Nuaguda	21	18.3740	81.8214
Nukalavada	02	18.5872	83.5591
Nuglabpeta	02	18.2638	83.6878
Nulakajodu	02	18.9428	83.7957
Nujellapalle	02	15.7591	80.1327
Nuguluppalapadu	02	15.6420	80.1141
Nunevaripalem	02	15.7020	80.1265
Nutigudem	40	17.5995	81.3249
Nurnagar	34	25.8984	84.7124
Nukaletivada	02	17.7184	81.7224
Nunyaheri	35	23.7321	76.8867
Nurpur Bor	09	23.1581	73.4442
Nurpur	34	25.6882	84.5930
Nurpur	39	29.1776	79.0662
Nurpur Huzurpur	39	29.0955	79.1479
Nur Khera	39	29.1700	79.1926
Nurpur	34	25.3626	84.7199
Nuna	39	29.6053	79.2927
Nurpura	34	25.0138	84.6565
Nuriawas	24	26.3751	74.4686
Nuniadih	34	25.8564	84.9331
Nuslibari	16	21.6247	74.0157
Nunia	36	26.5803	84.0213
Nurhia Bari	34	26.5246	84.0016
Nunia	36	26.6954	84.1756
Nunia	36	26.6296	84.2428
Nunia Chhapar Doem	34	26.4682	84.1424
Nunia Chhapar	34	26.4629	84.1436
Nuniyan Chhapar	34	26.3945	84.1311
Nunar Kapardar	36	26.3214	84.1043
Nunar	36	26.2587	84.0474
Nunhul	36	26.0064	83.9993
Nurabad	36	28.6356	79.3302
Nur Muhammad	36	28.6290	79.3557
Nurpur Buzurg	36	28.3034	79.2598
Nurpur	36	28.1333	79.3400
Nurpur	36	28.6021	79.6911
Nurpur	36	28.7637	79.7621
Nurpur	36	25.8822	84.0596
Nunia Tola	36	25.9997	84.0210
Nuaon	34	25.5187	84.0511
Nuaon	34	25.5790	84.2366
Nur Chak	34	25.2580	84.8317
Nura	34	25.3709	84.9906
Nuniari Chak	34	25.3324	84.9860
Nur Chak	34	25.2202	84.8645
Nuniya Bigha	34	24.8401	84.0977
Nuabara	36	25.8247	84.3954
Nurpur	36	25.8860	84.3756
Nuru	38	24.0327	84.4954
Nuji	19	13.5517	74.7650
Nulvi	19	15.2728	75.1673
Nulgeri	19	14.4965	75.4134
Nukapur	19	14.7739	75.6294
Nuligumba	19	13.7554	77.7244
Nuligommanahalli	19	13.5359	77.6135
Nuggehalli	19	14.1094	75.9903
Nuji	19	13.4326	75.0527
Nurlavattu	19	13.1587	75.1111
Nurlavattu	19	13.1849	75.1229
Nuru	19	13.1716	75.0030
Nuggi	19	13.5257	75.4060
Nujipadi	19	12.8245	75.0205
Nujibail	19	12.7961	75.0305
Nuji	19	12.7528	75.1983
Nuchipadpu	13	12.5462	75.1475
Nulyal	19	12.6399	75.1971
Nunni	13	12.3062	75.1260
Nujibaltila	19	12.8169	75.4723
Nulenuru	19	14.0077	76.1232
Nurnagar	34	25.6111	85.9218
Nura	38	24.0054	85.3520
Nulenur	19	14.1189	76.2824
Nunkanahalli	19	14.7420	76.6469
Nuruddinpur Dost	34	26.1025	86.2697
Nuralakuppe	19	12.0204	76.3058
Nurullahpur	34	25.7130	86.0295
Nurpur Banhara	34	25.5208	86.0023
Nunjilu	19	12.7589	75.5016
Nudarhalli	19	12.8528	75.7397
Nuggahalli	19	12.5368	76.7169
Nuggahalli	19	12.2805	76.5236
Nugahalli Koppal	19	12.3857	76.9321
Nurullahpur	34	25.6204	86.9879
Nunneri	13	11.9341	75.4201
Nuvapet	40	18.1795	79.1681
Nurabad Khas	36	26.8033	79.4065
Nukakandi	19	12.1814	75.7948
Number One Rudraguppe	19	12.1469	75.8367
Number Two Rudraguppe	19	12.1262	75.8599
Nujula	19	12.5840	75.5717
Nujibettu	19	12.6398	75.6265
Nuganhatti	19	15.9400	74.9775
Nuj	19	14.8339	74.3055
Nukeri	19	14.4606	74.3993
Nuz	19	13.9545	74.6325
Nukiadi	19	13.8797	74.6489
Nunia	34	26.0740	87.1369
Nurakol	34	26.2740	87.5765
Nungola	34	25.8428	87.5127
Nukanitola	34	25.8341	87.7167
Nuruddinpur	34	25.4784	85.0721
Nuri Chak	34	25.4580	85.1185
Nungara	34	25.6382	87.7234
Nunpara	38	24.6122	87.5777
Nunbata	38	24.4617	87.6565
Nurgitola	38	24.4959	87.6988
Nutanpara	28	24.0479	87.5052
Nutangram	28	24.0021	87.6513
Nutan Mamrajpur	28	24.6987	87.9285
Nurai	28	24.4709	87.8147
Nunadanga	38	24.3092	87.7510
Nunadanga	38	24.4087	87.7628
Nuri Chak	34	25.4084	85.3166
Nuruddinpur	34	25.4322	85.3905
Nurnagar	34	25.4327	85.4068
Nura Chak	34	25.8657	85.6399
Nuwa Got	39	29.0755	80.1110
Nurpur	36	27.1821	80.1061
Nugathalli	19	13.4087	77.7929
Nunnuru	19	12.5104	77.1649
Nutanapalle	02	15.7764	78.0868
Nulipura	19	13.2667	78.1383
Nukkanahalli	19	13.2104	78.1685
Nuggalapura	19	13.1400	78.0614
Nunevandlapalle	02	13.4583	78.7298
Nunjariyanpalle	02	13.4605	78.7413
Nutve	19	12.9306	78.0863
Nulapuram	25	12.1309	78.1849
Nulahalli	25	12.0793	78.1787
Nugalagunta	02	12.7239	78.4069
Nutanakalava	02	14.2066	78.2584
Nulivedu	02	14.1002	78.5548
Nutssupoda	02	15.0933	79.4343
Nujendla	02	15.9268	79.7413
Nujellapalle	02	15.8371	79.9216
Nukavaram	02	15.1962	79.8329
Nutipalli	02	14.2578	79.0328
Nukinenipalli	02	14.3324	79.2276
Nunevaripalli	02	14.1921	79.1564
Nukanapalli	02	14.0263	79.2111
Nuthakivarikhandrika	02	14.4250	79.6419
Nunagundlapalli	02	13.1960	79.0141
Nutayunlapalle	02	13.4971	79.3011
Nukalapalem	02	13.7107	79.9933
Nungambakkam	25	13.0667	79.8946
Nukkambadi	25	12.3083	79.1309
Nursapettai	25	12.9299	79.6030
Nuthambadi	25	12.5884	79.6081
Nugumbal	25	12.3438	79.8904
Nulpuyha	13	11.6053	76.3419
Nurur	25	11.5777	76.5037
Nundala	25	11.3514	76.6817
Nungappakavundanpudur	25	11.2518	77.8184
Nunnakkadu	25	10.5448	79.5972
Nuapara	21	20.7389	84.8164
Nuagaon	21	20.5445	84.8881
Nuapribari	21	20.2803	84.8474
Nuasahi	21	20.2883	84.8509
Nua Arasahi	21	20.3060	84.9123
Nuni	21	20.3310	84.8332
Nuasahi	21	20.3373	84.8448
Nuapara	21	20.3999	84.9826
Nuasahi	21	20.2480	84.8223
Nuapalli	21	20.0851	84.7886
Nundurapadar	21	20.0811	84.7896
Nuagam	21	20.0237	84.8494
Nuasahi	21	20.1398	84.8587
Nuagaon	21	20.0921	84.9469
Nunhu	38	23.5063	85.0790
Nuru	38	23.2532	85.6717
Nurudih	38	23.0750	85.6552
Nunratoli	38	23.4892	85.8507
Nutandih	28	23.3452	85.9659
Nuagaon	21	22.0364	85.6541
Nuagaon	21	22.0034	85.7284
Nuniatanr	38	24.1455	86.7958
Nuni	38	24.0790	86.8243
Nuniatala	37	22.7133	84.0865
Nua Purna	21	21.8449	84.0531
Nuapara	21	21.9528	84.1112
Nuapali	21	21.8548	84.1423
Nuadihi	21	21.7781	84.2099
Nuapali	21	21.5041	84.0001
Nuamura	21	21.5453	84.1135
Nuapali	21	21.7089	84.2348
Nudalakkarai	25	9.2439	78.2107
Nuttankanmay	25	9.8908	78.6597
Nurumankottai	25	9.8104	78.7985
Nurolai	25	11.8491	79.0336
Nulattukombai	25	11.5597	78.2429
Nuttappur	25	11.4634	78.8252
Nunguri	38	22.5465	85.5833
Nurda	38	22.3271	85.7337
Nutandi	38	22.9348	85.9139
Nutondih	38	22.9310	85.9895
Nuadih	38	22.7007	85.9886
Nuadihi	21	21.5166	85.2451
Nuagaon	21	21.3440	85.0790
Nuapada	21	21.2711	85.1772
Nuagan	21	21.2648	85.2436
Nungudia	21	21.7907	85.4282
Nuapanidihi	21	21.6805	85.3766
Nuguda	21	21.3935	85.2917
Nuagaon	21	21.7283	85.5367
Nudurpara	21	21.5165	85.6682
Nunjharan	21	21.6231	85.7186
Nulo	21	21.2555	85.6775
Nuakhaman	21	21.7439	85.7926
Nur	21	21.8689	85.7582
Nuadih	21	21.7531	85.8432
Nuabhuinsahi	21	20.7087	85.0259
Nukhuripada	21	20.6877	85.0727
Nuakheta	21	20.6609	85.0575
Nuakheta	21	20.6547	85.0711
Nuabhuin	21	20.5369	85.0988
Nuagan	21	20.6552	85.1080
Nuapara	21	20.7414	85.0960
Nuasahi	21	20.7426	85.1853
Nuakot	21	20.6318	85.1548
Nuagan	21	20.5861	85.1638
Nuapanisahi	21	20.6134	85.1997
Nuapara	21	20.7168	85.2363
Nuagaon	21	20.4861	85.0058
Nuapatna	21	20.4470	85.0496
Nukhapada	21	20.4480	85.1060
Nuapalli	21	20.4399	85.0828
Nuagaon	21	20.4906	85.2000
Nuagaon	21	20.3987	85.0109
Nuapathar	21	20.3327	85.0079
Nuharkhani	21	20.3129	85.0412
Nuagaon	21	20.3064	85.1422
Nuapatna	21	20.2753	85.2203
Nuagaon	21	20.2837	85.1123
Nuapalli	21	20.2353	85.1811
Nuapara	21	20.2006	85.2328
Nuagaon	21	20.1216	85.1708
Nuapalli	21	20.1405	85.0290
Nuagaon	21	20.0271	85.1913
Nuagaon	21	20.0007	85.2374
Nuagaon	21	20.0041	85.0948
Nua Ruro	21	20.8203	85.3472
Nuagaon	21	20.7823	85.2763
Nunawa	34	26.1694	86.6416
Nurungo	38	24.1728	86.0874
Numar	34	24.9600	86.2936
Nuniatari	34	24.3802	86.4279
Nuakata	21	21.4941	84.0836
Nuakata	21	21.4376	84.1488
Nuadihi	21	21.9838	84.4460
Nuapali	21	21.8510	84.4983
Nuadihi	21	21.6325	84.3914
Nuagaon	21	21.6903	84.3695
Nuagaon	21	21.2736	84.2948
Nuapada	21	21.1126	84.2683
Nuabhuin	21	21.5314	84.6720
Nutun Talbahal	21	21.4613	84.6266
Nuagan	21	21.1115	84.7191
Nuagan Telisahi	21	21.1143	84.7220
Nunmati	21	21.1334	84.7234
Nuapara	21	21.8635	84.9699
Nuadihi	21	21.7921	84.9530
Nunzadih	21	21.8055	84.8865
Nuapali	21	21.7850	84.9384
Nuniapali	21	21.9166	84.7923
Nuagaon	21	21.7336	84.8977
Nuagaon	21	21.5133	84.7502
Nuagaon	21	21.5152	84.8769
Nuadihi	21	21.7048	84.8555
Nuadihi	21	21.4104	84.8049
Nuapali	21	20.9842	84.1424
Nuapali	21	20.8955	84.0189
Nuapara	21	20.7729	84.1596
Nuapali	21	20.7822	84.2308
Nuapara	21	20.8155	84.1981
Nuagan	21	20.8622	84.2051
Nuapali Baroghat	21	20.8324	84.0405
Nuagarh	21	20.8441	84.0943
Nuapara	21	20.8914	84.1618
Nuaripader	21	20.4686	84.1950
Nuasai	21	20.4212	84.2000
Nuapara	21	20.3319	84.1286
Nuapadar	21	20.3236	84.0349
Nuagam	21	20.3033	84.2294
Nuapara	21	20.9594	84.3696
Nuapara	21	20.8735	84.3119
Nuagan	21	20.7785	84.2549
Nuagan	21	20.8050	84.4283
Nua Mantiri	21	20.7622	84.4833
Nuapara	21	20.7001	84.3665
Nunibahal	21	20.6626	84.4096
Nuapara	21	20.4271	84.2919
Nundapaju	21	20.3013	84.4109
Nuagan	21	20.3951	84.3914
Nuasai	21	20.2799	84.4970
Nuasai	21	20.2160	84.3349
Nuabhuin	21	20.9735	84.5894
Nuagarh	21	20.7734	84.5498
Nuhurapada	21	20.8485	84.7222
Nuagan	21	20.7059	84.5724
Nuapara	21	20.6244	84.5461
Nuapara	21	20.5699	84.7083
Nuasai	21	20.1400	84.5011
Nuapalli	21	20.1325	84.5824
Nuapalli	21	20.1069	84.5393
Nunabeli	21	20.0452	84.6226
Nuapalli	21	20.0628	84.6057
Nuagan	21	20.2258	84.5830
Nuakolingopodoro	21	20.1434	84.7412
Nuasahi	21	20.1040	84.7493
Nuagaon	21	19.2190	84.6540
Nugur	37	19.2426	80.7456
Nurpur	23	31.5931	75.7144
Nuapara	21	19.9789	81.9291
Nuagaon	21	20.3033	85.1869
Nuagaon	21	20.3475	85.2030