Oddanchathiram	25	10.4801	77.7498
Od	09	22.6210	73.1172
Odaipatti	25	9.8323	77.4433
Odaiyakulam	25	10.5679	76.9105
Odlabari	28	26.8364	88.6294
Odugattur	25	12.7679	78.8830
Odagaon	21	20.0162	84.9872
Odur	12	34.1506	74.3210
Odiyattur	25	12.0311	79.3511
Odhan	10	29.7629	74.8991
Odania	24	26.9652	71.7189
Odadar	09	21.5791	69.6713
Odsar	24	28.0916	74.9520
Odur	12	34.3473	74.2286
Odri	36	29.5417	77.3105
Odhanda	24	25.6907	75.5699
Odal	39	29.8841	78.5650
Odalgaon	39	29.8739	78.6681
Odho ki Dhani	24	28.0637	75.2918
Odapada	21	20.7625	85.4189
Odan	37	21.4870	82.2013
Odadabri	37	22.1037	81.5075
Odhi	10	28.0611	76.5286
Oda	11	31.5658	77.1776
Odat Bhagatram	23	29.9027	75.3322
Odat Saidewala	23	29.8216	75.4834
Odar	11	31.2599	77.3752
Odi	11	31.3359	77.4135
Odidhar	11	31.1894	77.3483
Odadhar	11	31.5654	77.5789
Odar	11	30.7891	77.0563
Odar	11	30.6904	77.1971
Odar	11	30.7042	77.2592
Odar	11	30.6837	77.2563
Odaond	11	30.6049	77.7071
Odra	24	27.8382	76.7545
Odaka	24	27.7640	76.8327
Odri	36	29.5465	77.1340
Oda	24	24.2553	73.2108
Oda ka Baria	24	25.7167	74.2395
Oda	24	24.0055	73.9112
Odo ka Khera	24	25.3183	74.6402
Odipura	24	27.2208	75.7160
Odiakhera	24	25.5763	75.1807
Oddugudem	40	19.1114	79.8509
Odpura	35	26.2669	78.3300
Odham	36	27.3997	77.5145
Odelgaddi	24	27.0228	77.5637
Odeljat	24	27.0055	77.5449
Oddarwadi	19	17.0862	76.9238
Odepalli	40	18.6659	77.9840
Odinagar	36	27.7381	77.9545
Odi	24	26.7579	77.8715
Odra	36	27.3413	79.9672
Odasand	36	25.7218	83.3240
Odragaropur	36	25.4399	83.3658
Odapati	16	21.3235	77.3596
Odi	35	25.1695	80.2326
Odhpur	24	24.8059	76.2845
Odari Bara	35	24.0657	81.0691
Odarha	36	25.3788	82.7457
Odari	35	24.2438	82.0694
Odarah	35	24.5289	82.2653
Odi Khera	36	26.5556	81.0119
Odar	12	33.7756	74.8825
Odra	36	26.3686	82.4896
Odhanpur	36	26.2689	82.6555
Odarpur	36	26.2246	82.7586
Odharpur	36	26.2207	82.7667
Odarpur	36	26.2186	82.7711
Odaguda	37	18.8638	80.3448
Odaguda	37	18.8551	80.3497
Oddugudem	40	18.2788	80.5827
Odh	12	32.5719	75.2703
Odhra	36	25.6452	81.7551
Odhaoa	09	24.4180	72.3772
Odhava	09	24.4278	72.3740
Odhar	23	31.6886	74.6266
Odhar	23	31.6641	74.5422
Oda	35	21.8580	80.3043
Odhuwal	23	31.0347	75.4310
Odra	23	31.8121	75.6936
Odhpur	23	31.6652	75.6603
Odhre	16	20.3541	74.9320
Odar	11	32.1964	76.2781
Odar	36	27.1287	81.0597
Odar	11	32.0814	76.5790
Odar	11	32.0865	76.5935
Odar	11	31.9537	76.7954
Odi	11	31.7421	76.8079
Odi	11	31.4395	76.9964
Odatha	39	31.0101	77.9802
Oddacheruvu Bokka	02	17.4752	81.6072
Odiseluva	02	17.8697	81.8747
Odila	39	30.2117	78.8404
Odali	39	30.1397	78.9567
Odgaon	39	29.9446	78.8526
Oddagudem	40	18.1908	80.6218
Oddipeta	37	18.1587	80.8563
Odri Purwa	36	26.0962	81.4534
Oddarpalaiyam	25	12.6750	80.1461
Oddagudem	02	16.7523	81.2395
Oddagudem	02	16.7114	81.3879
Oddagudem	02	16.7435	81.3939
Oddlagudem	40	17.2035	80.9636
Odrapalem	02	17.9157	82.9913
Odbahali	21	19.7965	83.0805
Odiguna	21	19.5778	83.0609
Odbahali	21	19.8937	83.3123
Odula	21	19.8971	83.3663
Odesi	21	19.6421	83.4022
Odesi	21	19.5402	83.4243
Oddaputtu	02	18.2962	82.4434
Odesi	21	19.0580	83.3154
Odupuro	21	18.9448	82.7143
Oduguda	21	18.7967	82.7419
Odlagudem	02	16.8417	80.8394
Odandi	21	19.9094	81.8887
Odengi	21	19.6704	83.8627
Odevalasa	02	18.5954	83.9554
Oddapalem	02	14.2491	80.0231
Oddapalem	02	14.4817	80.0744
Oddapalem	02	14.4200	80.0088
Oddapalem	02	14.3629	80.0241
Oddapalem	02	14.3578	80.0772
Oddapalaiyam	25	13.4457	80.0850
Odal Bigha	34	25.1271	84.4921
Oda	24	23.8341	73.5874
Oda Mota	24	23.8209	73.5900
Oda	24	23.9506	73.7181
Odwa	24	23.9972	73.7063
Odwaria Bara	24	23.9144	73.8482
Oda	24	23.4791	74.0909
Odwaria	24	25.5105	73.4197
Oda	24	25.4135	73.7005
Odli Khan	39	29.8793	79.3313
Odar	24	24.9032	73.8089
Odas	24	26.3033	74.2753
Odarwa	34	27.1669	84.5802
Odikhor	34	26.1962	84.0666
Odyar	39	29.9711	79.7849
Odyar	39	29.9018	79.9472
Odyura	39	29.9075	79.9605
Odan	24	24.0818	74.1114
Odhkanda	38	24.2207	84.0818
Odagaudanapalem	02	13.7937	77.0491
Odintalapalle	02	13.8718	77.7082
Odotadka	13	12.4489	75.1231
Oddarpalyam	02	14.2693	76.9664
Odhpura	34	24.9879	85.6978
Oddarahatti	19	13.9494	76.2737
Oddarahatti	19	13.8966	76.3463
Oddarahatti	19	13.8618	76.3637
Oddarahatti	19	13.9307	76.4785
Oddarahatti	19	13.5287	76.3048
Oddarahatti	19	13.5895	76.4545
Oddarahatti	19	13.8692	76.5781
Oddarahatti	19	13.8820	76.5980
Oddarahatti	19	13.9001	76.6565
Odhalli	19	12.6988	75.7969
Odhalli	19	12.7025	75.7843
Odha	09	23.4394	73.5261
Odha	09	23.3319	73.5643
Oda	24	23.4652	73.6941
Oddarahatti	19	15.4435	76.5084
Odhara	34	24.9684	87.0074
Odali	39	29.1887	80.1062
Odhanpur	36	27.2027	80.2429
Oddollapalli	19	13.7497	77.7903
Odaiyarkattai	19	12.2173	77.3524
Oddarpalaiyam	25	12.6130	77.6399
Oddrapalaiyam	25	12.5382	77.6258
Odulapalle	02	14.2904	78.2090
Odivedu	02	14.0706	78.8066
Odiventivandlapalle	02	14.0055	78.8480
Odagalapura	19	13.2726	78.1111
Oddapalli	25	12.8598	77.9051
Oddarpalaiyam	25	12.6447	77.7738
Oddarpalaiyam	25	12.5938	77.7553
Oddarpalaiyam	25	12.6773	77.9491
Oddarpalaiyam	25	12.7421	77.9906
Oddapalli	25	12.7861	78.1272
Oddarpalaiyam	25	12.6836	78.0044
Oddahalli	25	12.5597	78.1000
Oddahalli	25	12.5590	78.1900
Odayandahalli	25	12.4875	78.0218
Oddappatti	25	12.2576	78.2467
Oddahalli	25	12.3664	78.2480
Oddapatti	25	12.2515	78.1402
Oddarkollai	25	12.1484	78.0436
Oddahalli	25	12.0933	78.1409
Odikuppam	25	12.6154	78.3330
Odamangalam	25	12.2819	78.2961
Odasakanur	25	12.2934	78.2569
Oddatheruvu	25	12.3087	78.3580
Oddanur	25	12.3486	78.3499
Oddapatti	25	12.3498	78.4254
Oddapatti	25	12.3438	78.4351
Oddukallanur	25	12.3190	78.4023
Oddappatti	25	12.1679	78.2660
Odasalahalli	25	12.1401	78.2919
Oddappatti	25	12.5393	78.5450
Odiyattur	25	12.5274	78.5298
Oddateruvu	25	12.6430	78.6391
Oddappatti	25	12.3034	78.5016
Odiyattur	25	12.8669	78.9283
Odamangalam	25	12.6073	78.9403
Odayakuppam	25	12.0518	78.8059
Odduppatti	25	12.1695	78.5029
Oddampatti	25	12.0166	78.6497
Odipuram	25	12.3509	77.6388
Odchellavankapalle	02	14.0134	78.5353
Oddapalle	02	15.0339	79.0340
Oddepalem	02	14.8329	79.6814
Oddepalem	02	14.2599	79.9442
Oddepalem	02	14.2626	79.9460
Oddapalli	02	13.5101	79.1269
Oddapalli	02	13.5071	79.0435
Oddepalli	02	13.4149	79.1665
Oddaipalli	02	13.3344	79.1061
Oddantangal	25	13.0192	79.1887
Oddupalle	02	13.3905	79.2718
Oddupalle	02	13.3009	79.2734
Oddakudisai	02	13.2979	79.3699
Odamalakurta	02	13.3564	79.3623
Oddupalle	25	13.3107	79.4345
Oddaneri	25	13.1369	79.2515
Oddepalem	02	13.8218	79.7356
Oddapalaiyam	25	13.1762	79.5752
Oddepalem	02	13.4267	79.8221
Oddepalem	02	13.4543	79.8457
Odakandigai	25	13.3301	79.9295
Odappai	25	13.2300	79.8982
Odikkadu	25	13.1828	79.9382
Odalavadi	25	12.5508	79.2489
Odaiyenandal	25	12.1714	79.0921
Oddampattu	25	12.0493	79.2409
Oddantangal	25	12.7127	79.3581
Odaiyantangal	25	12.4054	79.4191
Oduvankuppam	25	12.0186	79.3266
Odayanattam	25	12.0448	79.3429
Odiyattur	25	12.2083	79.3648
Oddampattu	25	12.1510	79.4342
Oddarnattam	25	12.5079	79.6083
Oddantangal	25	12.5670	79.7210
Oddapalaiyam	25	12.4640	79.5650
Oddapalaiyam	25	12.3846	79.5647
Oddarvidu	25	12.4800	79.7258
Oddatangal	25	12.8450	79.8337
Oddakayappakkam	25	12.4341	79.7642
Odavayal	25	11.5629	76.3671
Odubara	25	11.4886	76.4740
Odaiyarhatti	25	11.4774	76.7170
Odehatti	25	11.4762	76.7144
Odaiyaratti	25	11.3123	76.7092
Odanatti	25	11.3844	76.7658
Odenu	25	11.4792	76.8747
Odanturai	25	11.3127	76.9311
Odamala	13	10.9501	76.2807
Oduvangad	13	10.8512	76.5866
Odanur	13	10.7826	76.5525
Odumbumedu	13	10.4646	76.7274
Oddansahlai	13	10.6293	76.8109
Odugampallampudur	13	10.7311	76.8760
Odetti	13	8.7482	76.6989
Odanavattam	13	8.9376	76.7721
Oddarpalaiyampudur	25	11.2363	77.0922
Oddarpalaiyam	25	11.2388	77.0937
Odaiyakkavundanpalaiyam	25	11.4399	77.3010
Odakkalpalaiyam	25	11.4330	77.4314
Odaiyampalaiyam	25	11.4305	77.4523
Odaikkadu	25	11.3376	77.4212
Oddapalaiyam	25	11.2766	77.3038
Odakkalpalaiyam	25	11.3019	77.4879
Oddapalaiyam	25	11.0776	77.4927
Oddapalaiyam	25	11.5626	77.6334
Odakattuvalasu	25	11.3920	77.6058
Odakkattuvalasu	25	11.2891	77.6936
Odatturai	25	11.4577	77.5150
Odaiyakattupudur	25	11.2132	77.5393
Odakkattuvalasu	25	11.1629	77.7210
Odanalli	25	11.1197	77.6963
Oddateruvu	25	11.6895	77.9116
Odakkattur	25	11.6409	77.7738
Oddateruvu	25	11.5004	77.9479
Odappalli	25	11.3405	77.7600
Odukkadvalasu	25	11.2053	77.8109
Odakkalpalaiyam	25	10.8788	77.2248
Oddarpalaiyam	25	10.9084	77.3137
Oddapalaiyam	25	10.8028	77.3873
Oddapalaiyam	25	11.5292	79.3805
Odaiyanandal	25	11.7437	79.4073
Odappankuppam	25	11.6693	79.4241
Odakkaranteru	25	11.1571	79.4589
Odatturai	25	10.7629	79.4648
Odayappanvidudi	25	10.5448	79.1755
Odachcheri	25	10.7865	79.6983
Odantorai	22	10.9048	79.8087
Odasara	21	20.3421	84.8051
Odkapa	21	20.0566	84.8404
Odkapa	21	20.1152	84.9237
Odan	38	23.7958	84.4823
Odaltoli	38	22.6721	84.3239
Oditoli	38	22.5561	84.7687
Odaiyarpatti	25	9.6176	77.6299
Odihariapatti	25	9.1031	77.7393
Odaimarichchan	25	8.7947	77.5323
Odaikkarai	25	8.6045	77.5807
Odaiyappatti	25	10.7958	78.2471
Oduvampatti	25	10.7539	78.2078
Odayamanpallappatti	25	10.0433	78.2244
Odaiyapatti	25	10.8913	78.3423
Odayapatti	25	10.7694	78.3417
Odayapatti	25	10.7690	78.3920
Odayapatti	25	10.7864	78.3840
Oduyanpatti	25	10.2864	78.3216
Odappampatti	25	10.1844	78.3317
Odiyanpatti	25	10.0891	78.3368
Odanpatti	25	10.0911	78.4238
Oduvanpatti	25	10.2438	78.4240
Odukapatti	25	10.5598	78.7430
Odukkur	25	10.5549	78.7488
Oduvampatti	25	10.5860	78.8558
Odaikulam	25	9.5835	78.1955
Odattur	25	9.7047	78.2807
Oddankulam	25	9.5928	78.2675
Odaikkulam	25	9.7020	78.5677
Odaiyanur	25	9.6772	78.7332
Odaikulam	25	9.4411	78.5583
Odakkulam	25	9.2214	78.5952
Odaiyakkandudi	25	9.8958	78.8984
Odaiyakkankudi	25	9.9152	78.8991
Odaikkal	25	9.6676	78.8832
Odaikkarai Sanarkudi	25	8.5526	78.1212
Odiyandal	25	11.9434	79.0304
Oddampalaiyam	25	11.9316	79.2425
Odappatti	25	10.7016	77.9473
Odaippatti	25	10.4065	77.9931
Odaippatti	25	10.3856	77.8711
Odaikkarisalpatti	25	10.3414	77.8599
Oddankaduvetti	25	11.9479	79.3575
Oddanandal	25	11.8579	79.3105
Odakkanallur	25	11.3934	79.5523
Odaiyur	25	11.2506	79.5945
Oddarpalaiyam	25	11.3124	79.6653
Odaiyur	25	11.4533	79.5936
Odavandangudi	25	11.2932	79.7439
Odiyambattu	22	11.9071	79.7789
Odaveli	22	11.8871	79.8132
Odalappattu	25	11.8499	79.7553
Oddateruvu	25	11.7999	78.0423
Oddateruvu	25	11.7901	78.0825
Odayarpatti	25	11.6663	78.2144
Oduvankurichchi	25	11.4457	78.2469
Odaiyur	25	11.0285	78.1279
Odappalaiyam	25	11.0604	78.1611
Odakkattur	25	11.0328	78.1808
Odachchalpatti	25	11.9942	78.4950
Odduppatti	25	11.9936	78.2551
Oddappatti	25	11.6599	78.2630
Odakkadu	25	11.2927	78.4049
Odavankadu	25	11.7506	78.5995
Odiyattur	25	11.5466	78.6633
Oddappatti	25	11.6208	78.5108
Oddanpatti	25	11.2325	78.5741
Odiyam	25	11.2166	78.9926
Oddarahatti	19	14.0715	77.0386
Oddarahalli	19	14.0747	77.2238
Odarna	38	23.9102	85.2781
Odal	21	21.6522	85.3205
Odal	21	21.6421	85.3298
Oduvampatti	25	11.3453	78.5343
Odaikkadu	25	11.3429	78.5710
Odisa	21	21.0938	85.5166
Odadihi	21	21.7156	84.8722
Odigaro	21	20.3706	84.2229
Odasuga	21	20.1924	84.2393
Odabadi	21	20.1766	84.1855
Odsingha	21	20.7403	84.4939
Odimunda	21	20.5143	84.2893
Odamenju	21	20.3688	84.2577
Odeba	21	20.3313	84.2608
Odabadi	21	20.3304	84.2776
Odapaju	21	20.4303	84.3624
Odapaju	21	20.4757	84.3938
Odapaju	21	20.4679	84.3960
Odripadar	21	20.3604	84.4488
Odeba	21	20.3365	84.2612
Odamenju	21	20.3074	84.5331
Odela	40	18.4574	79.4463