Ongole	02	15.5036	80.0445
Ongallur-II	13	10.7897	76.2190
Ongallur-I	13	10.8027	76.2185
Onda	33	15.5564	74.0585
Onnupuram	25	12.7212	79.1810
Ongur	25	12.3274	79.7798
Ongna	37	22.4264	83.2456
Onder	35	24.3011	77.9308
Onda	28	23.1387	87.2027
Onchan	28	22.9471	88.3106
Ondrus	12	34.0110	74.9823
Onkhadri	11	30.6080	77.3879
Onal	11	30.6263	77.5166
Ona	39	30.7180	77.8093
Onria	35	23.6796	78.5990
On Kalalki	24	25.9605	76.6554
On Mina	24	25.9446	76.6536
Ondra	24	24.4931	73.3623
Onnaram	40	18.5049	79.1079
Onera	36	27.3903	78.4599
Onriya	35	23.0572	79.6766
Onriya	35	23.2277	79.8824
Onkarpur	35	24.2232	77.1152
Ondhua	36	27.6261	78.0969
Onghni	36	25.7427	83.1084
Onawal	36	25.3589	83.3268
Onta	35	24.7425	79.8105
Ongravanpalli	40	16.3881	78.8875
Onha	36	27.0451	79.0534
Ontia	35	22.8476	78.3244
Ontia	35	22.8270	78.2595
Onchani Khurd	36	25.6758	82.6435
Onchani Kalan	36	25.6812	82.6359
Onauli	36	24.6690	82.9322
Onai	36	25.7900	83.8830
Onajipeta	40	18.5365	78.3864
Onhaich	36	25.8839	83.4814
One	16	20.0772	73.9993
Ongriwala	23	31.9096	75.1403
Onnas	24	26.1913	73.8972
Onra	24	25.2321	73.8942
Onikeri	19	14.5779	74.9729
Onwa	37	20.8543	82.1660
Onlada	37	20.5369	82.3003
Ondekera	37	21.7367	83.3927
Ontichintagudem	40	18.1194	80.7411
Ontarda	02	18.2702	82.7761
Ontomur	02	18.2817	82.8812
Onarpadu	21	18.4196	82.8662
Ontipaka	02	18.2208	82.7979
Onturba	02	18.1230	82.8933
Onjonjulu	02	17.8644	82.4494
Onampadu	02	17.9667	82.4656
Onchulu	02	17.7960	82.4370
Ondregula	02	17.4380	82.2825
Onjeri	02	17.9294	82.5014
Ondrangi	02	17.9753	82.6051
Ondguda	21	19.5225	83.0321
Onikona	21	19.5215	83.1780
Onjodu	21	19.8141	83.4758
Ondriguda	21	19.4904	82.2106
Onsipada	21	18.5451	82.4193
Onukudili	21	18.5157	82.4312
Ontalput	21	18.5074	82.4150
Ondayipadra	21	18.4545	82.3861
Onagelu	21	18.4915	82.3888
Onumal	21	18.4964	82.4056
Ongumma	02	18.4913	82.4707
Ondharulimma	21	19.4739	83.7486
Ontapadu	02	18.0447	82.3698
Onbalang	02	18.0916	82.3547
Onkur	02	18.0797	82.4083
Ongaon	02	18.2347	82.3897
Onarangi	02	18.0865	82.4567
Onchalam	02	18.0457	82.4282
Onadi	02	18.1900	82.5264
Onchargundi	02	18.1172	82.5776
Onelba	02	18.0532	82.5219
Ontalayi	02	18.0078	82.6163
Onjang	02	18.0469	82.6491
Ontalgumma	02	18.1353	82.6357
Ontarpalle	02	18.0684	82.6963
Onampalle	02	18.0286	82.6815
Ontalputtu	21	18.6857	82.8090
Ondri	37	19.7935	81.8050
Ontimamidi	02	18.2870	83.0099
Onija	02	18.3067	83.2277
Onabaru	21	18.9891	83.3295
Oni	02	18.6061	83.6308
Onukumbo	21	18.9616	83.9835
Onukumbo	21	18.9480	83.9709
Onbakkam	25	13.4070	80.2548
Oni	39	29.5256	79.5241
Onkarpura	24	25.4118	74.2734
Onaini Jagir	36	28.7693	79.6156
Onjaradadi	19	13.1163	75.2069
Onnahalli	19	15.1084	76.8763
Onda	34	25.2451	85.6650
Onchiyam	13	11.6516	75.5857
Onnal	13	11.5461	75.8266
Onti Mamidi	40	19.2718	79.1926
Onnampalli	40	18.2443	79.3195
Onnampalli	40	18.1415	79.4486
Onikayi	19	14.6127	74.7332
Onakodlu	19	13.9149	74.6832
Onakkoor	13	9.8925	76.5054
Ontour	19	13.5340	77.8414
Ontimulai	19	12.0318	77.0408
Onnatti	25	12.6514	77.7146
Ontitatipalle	02	14.4723	78.9274
Onnupalli	25	12.6207	77.7993
Onnupalli	25	12.5710	77.7763
Onnepuram	25	12.3115	77.8069
Ondiyur	25	12.5056	78.1601
Ondikottalam	25	12.5421	78.0937
Onnappakavundanhalli	25	12.1870	78.0540
Ondrikadu	25	12.0510	78.2246
Onnenhalli	25	12.2060	78.2400
Ontipalli	02	12.8094	78.2730
Ontur	02	12.7755	78.3757
Ondiyur	25	12.4599	78.3040
Onnakarai	25	12.2749	78.4396
Ondiguruvarajapalaiyam	25	12.7576	78.8667
Ongapadi	25	12.8235	78.9461
Ondium	25	12.1900	78.5989
Onnegaundandoddi	19	12.4546	77.5992
Onnurappapalem	02	14.9199	79.5727
Ondalvanipalle	02	13.3705	79.4363
Ontimitta	02	13.4640	79.5365
Ondikuppam	25	13.1103	79.9174
Ongur	25	12.5999	79.7707
Onambakkam	25	12.3833	79.9659
Ontangadi	13	11.8263	76.0242
Onnemund	25	11.2274	76.5898
Onnorai	25	11.4105	76.8246
Onnamudi	25	11.3773	76.7678
Onnatti	25	11.4497	76.9220
Onnipalaiyam	25	11.0083	76.8670
Onampalli	13	8.7281	76.7718
Onivaram	13	8.6825	76.8731
Onnipalaiyam	25	11.2079	77.0016
Onnakkarasampalaiyam	25	11.2207	77.0575
Ondipudur	25	11.0047	77.0493
Ondiyur	25	11.4818	77.2725
Onajuttaipalaiyam	25	11.3488	77.2762
Ondanai	25	11.7211	77.5717
Ondikkaranpalaiyam	25	11.3479	77.6628
Ondikottai	25	11.9911	77.9342
Onakkallur	25	10.5130	77.2114
Ondra	38	23.1136	85.3317
Ona	28	23.3354	85.9687
Ongatoli	38	22.9776	85.0309
Ondada	38	22.8199	85.2416
Onharkocha	38	22.6075	85.2176
Onegara	38	23.5420	84.5312
Ongatoli	38	22.7246	84.9935
Onuda	38	22.4560	84.9602
Onlakani	21	21.7543	84.0627
Onapperi	25	9.0449	77.6755
Ondachipuram	25	8.6145	77.5578
Onamakkulam	25	8.9654	77.8574
Ondampatti	25	10.8368	78.1505
Onapparappatti	25	10.7996	78.2736
Ondampatti	25	10.8243	78.4740
Ondanpatti	25	10.6033	78.3201
Ondibommanayakkanur	25	10.5268	77.6836
Onangudi	25	10.2835	78.8714
Ondampatti	25	10.8395	77.9602
Ondivadanayakkanpatti	25	10.4759	77.8078
Ondimamaruttuppatti	25	11.8580	78.0036
Ondiviranur	25	11.8255	78.0021
Onesai	38	22.1859	85.9664
Onkra	21	21.6702	85.8602
Onduguda	21	20.3560	84.3666
Ondrigodo	21	20.1857	84.5366
Ondharokoto	21	20.0058	84.6126
Ongpangkong	20	26.3631	94.4771