Petlad	09	22.4768	72.7999
Periya Semur	25	11.3609	77.6895
Peranampattu	25	12.9343	78.7189
Perintalmanna	13	10.9772	76.2254
Perambalur	25	11.2333	78.8833
Peddapuram	02	17.0770	82.1384
Perungudi	25	12.9610	80.2409
Periyakulam	25	10.1227	77.5437
Perumbaikad	13	9.6183	76.5313
Peddapalli	40	18.6136	79.3744
Peringathur	13	11.7137	75.5860
Pehowa	10	29.9790	76.5825
Pen	16	18.7373	73.0960
Perunkalattu	25	12.9182	80.0824
Peringottupulam	13	11.0268	76.0987
Perumanna	13	11.2529	75.8906
Perunad	13	8.9490	76.6427
Peruvallur	13	11.1048	75.9327
Pedana	02	16.2558	81.1438
Perumbavoor	13	10.1069	76.4737
Perumpavur	13	10.1154	76.4761
Periyanayakkanpalaiyam	25	11.1525	76.9516
Perundurai	25	11.2756	77.5879
Penugonda	02	16.6536	81.7455
Pethapur	09	23.2631	72.6739
Pehladpur Bangar	07	28.7506	77.0810
Peravurani	25	10.2904	79.2016
Perinjanam	13	10.3133	76.1485
Penukonda	02	14.0829	77.5947
Pennadam	25	11.4039	79.2416
Peddanayakkanpalaiyam	25	11.6510	78.5087
Pennagaram	25	12.1343	77.8953
Peralassery	13	11.8322	75.4825
Periyapatti	25	11.2052	78.1512
Penha de Franca	33	15.5170	73.8354
Petlawad	35	23.0110	74.7977
Perole	13	12.2573	75.1393
Pelawal	38	24.0158	85.3379
Pendra	37	22.7755	81.9597
Pedappai	25	12.8854	80.0220
Pennathur	25	12.2468	79.2259
Peramangalam	13	10.5733	76.1689
Peddaboddepalle	02	17.6606	82.6296
Perya	13	11.8333	75.8541
Periyakoduveri	25	11.4778	77.2990
Peragam	13	10.5989	76.0240
Perur	02	13.6188	79.3825
Periyapatti	25	10.7581	77.2709
Peraiyur	25	9.7358	77.7896
Periyapattinam	25	9.2726	78.9023
Pennathur	25	12.8466	79.1108
Perumpandi	25	10.9687	79.3744
Perur	25	10.9752	76.9129
Peddikuppam	25	13.4410	80.1218
Periyanegamam	25	10.7432	77.1030
Periyakkurichchi	25	11.5400	79.4894
Perumanallur	25	11.2050	77.3589
Perungulam	25	8.6413	77.9985
Pettampalaiyam	25	11.3499	77.5706
Pedda bhogili	02	18.6612	83.3784
Perumbakkam	25	13.0395	79.8133
Peralam	25	10.9628	79.6608
Peruvila	25	8.1855	77.3961
Peranamallur	25	12.5705	79.4333
Perumagalur	25	10.1978	79.1917
Peringandur	13	10.6246	76.1988
Pernem	33	15.7230	73.7951
Periyagaram	25	12.4894	78.5181
pedda nakkalapalem	02	15.8668	80.1620
Petro-Chemical Complex INA	09	22.3755	73.1181
Permilli	16	19.3879	80.2932
Peelamedu	25	11.0266	77.0004
Pet Sirur	19	17.2157	76.9987
Petmanhalli	02	17.7688	77.5056
Peth Wadaj	16	18.7827	77.3200
Peth	16	18.9297	73.9245
Peth	16	17.0554	74.2245
Petarbar	38	23.6124	85.8511
Peta	21	17.9141	81.4596
Pesavar	16	20.2950	75.3395
Peruvalndan	25	10.4827	79.4928
Peruru	02	14.3503	77.3497
Perur	40	18.0255	78.2171
Perungalur	25	10.4887	78.9302
Perunali	25	9.2363	78.3208
Perumkulam	13	8.5053	77.0803
Perumberkandigal	25	12.3773	79.7797
Perumbalam	13	9.8500	76.3667
Perumbalai	25	11.9635	77.9375
Perumanseri	13	8.9671	76.6103
Perumalmalai	25	10.2646	77.5469
Perka	01	9.1833	92.8167
Periya Talai	25	8.3356	77.9739
Periyapalaiyam	25	13.3107	80.0473
Peringom	13	12.2500	75.3000
Perinad	13	9.1167	76.4833
Perdur	19	13.3844	74.9029
Perdal	13	12.6011	75.0718
Perani	25	12.1157	79.5532
Perambur	25	13.1103	80.2425
Peradiyur	13	10.8964	76.1889
Peontra	11	30.9036	77.6680
Penur Buzurg	16	19.0638	77.0919
Penur	16	17.7710	75.5095
Penumur	02	13.3703	79.1963
Penumaka	02	16.4840	80.5772
Penuguduru	02	16.9167	82.2000
Penuganchiprolu	02	16.9032	80.2463
Pentakota	02	17.3009	82.6112
Penta	37	18.1246	81.4862
Pennalurupet	02	13.3084	79.8551
Pendurti	02	17.8278	83.2022
Pendur	16	16.0586	73.6137
Pendri	16	20.0598	80.4476
Pendari	37	23.7601	83.1460
Penchupadu	02	13.4747	78.4569
Penagaluru	02	14.3061	79.2623
Pembi	40	19.1955	78.6375
Pemayangtse	29	27.3000	88.2500
Pellakuru	02	13.8302	79.8103
Peint	16	20.2588	73.5036
Pedong	28	27.1539	88.6145
Pedgaon	16	18.5119	74.7017
Pedduru	02	12.8070	78.5667
Pedda Waltair	02	17.7338	83.3323
Peddavullagallu	02	15.8043	79.7608
Peddavalasa	02	17.7821	82.2708
Peddatippasamudram	02	13.7129	78.2075
Pedda Teda	21	18.4053	83.0390
Pedda Sana	02	18.5805	84.1809
Peddareddipet	40	17.7724	77.9527
Peddapur	40	17.8988	77.9806
Peddapudi	02	16.9667	82.1667
Peddapavani	02	15.0086	79.8115
Peddapatnam	02	16.2856	81.2730
Peddapasupula	02	14.8807	78.4464
Peddapariya	02	14.0296	79.8729
Peddapalli	40	16.3747	78.4040
Pedda Palipeta	02	18.3500	84.1333
Peddapadu	02	16.6392	81.0369
Pedda Munugal	40	17.1682	80.2961
Pedda Mungal	40	16.6000	79.1000
Peddamudiyam	02	15.0115	78.4514
Peddamallepalle	02	14.7270	78.0566
Peddamal	40	17.3388	77.6616
Pedda Machchilisam	02	18.3327	84.1215
Peddakurapadu	02	16.4710	80.2567
Pedda Irlapadu	02	15.2012	79.5877
Pedda Ganjam	02	15.6443	80.2299
Pedda Dokulapadu	02	18.7205	84.4593
Peddacheruvu	02	15.9704	78.8382
Peddachappalle	02	14.5530	78.6272
Peddachama	02	15.9358	78.9295
Pedda Bellala	40	19.0785	78.8100
Peddaballe	02	13.9862	78.3931
Pedda Arikatla	02	15.5225	79.5269
Peddaravidu	02	15.8131	79.2208
Peddaalavalapadu	02	15.3281	79.6248
Pedda Ahobilam	02	15.1245	78.7350
Pechipara	25	8.4462	77.3120
Penchi	35	24.1346	77.0110
Pechdal	09	24.3759	72.0475
Pebberu	40	16.2074	77.9929
Petua	28	22.4156	88.4467
Petakhali	28	22.2217	88.7281
Pento	28	22.1919	88.6556
Petha Khanan	12	34.3057	74.9367
Pethapur	12	34.2938	74.8450
Pethapur	12	34.3148	74.8665
Peth Shatagand	12	34.3393	74.2439
Petha Darbal	12	34.3204	74.2432
Petha Wadar	12	34.3830	74.1110
Petha Waingam	12	34.1679	74.5025
Petha Naugam	12	34.2129	74.5999
Petha Kanyihom	12	34.0857	74.6029
Petha Kirpalpura	12	34.1591	74.6196
Petha Sharan	12	34.0260	74.5315
Pema Bhambhi Ki Dhani	24	26.5848	71.9650
Perozpur	12	34.2745	74.3950
Pethabug	12	34.3340	74.4881
Petha Wodur	12	34.3523	74.3904
Peth Dhanwas	12	33.9931	74.4417
Pejanpathri	12	33.9692	74.4523
Pelio	39	30.3163	77.9015
Peliyon Khurd	36	30.1757	77.8311
Peddatupra	40	17.1654	78.3089
Pedda Mangaiaram	40	17.3370	78.2591
Pedda Kondur	40	17.3186	78.9037
Pedda Bashirabad	40	17.5133	78.4810
Peddagutta	40	17.7535	78.3797
Peddapur	40	17.6141	78.0272
Penchkaipahad	40	17.5105	78.9421
Pezarikhar	16	18.6890	72.9845
Pet	16	18.6736	72.8650
Periyakudal	25	13.0853	80.2142
Peravallur	25	13.1197	80.2278
Periamet	25	13.0819	80.2661
Peddanaikenpet	25	13.0991	80.2749
Periyar Nagar	25	13.0572	80.2297
Perumbakkam	25	12.9055	80.1993
Pennalur	25	12.9773	79.9823
Perinjambakkam	25	12.8919	79.9694
Perungavur	25	13.2163	80.2199
Pettai	25	13.1500	80.0514
PETROL BUNK ORR	19	12.9217	77.5603
Peenya	19	13.0228	77.5190
Pemaramjat ki Dhani	24	27.7028	72.8149
Pelakhera	35	24.1257	78.4874
Pemi Nagla	36	27.9758	79.0659
Pempur	36	27.2032	79.3517
Peoli	35	26.4814	79.0102
Pempura	24	26.7747	75.6510
Pempur	36	26.9476	79.6600
Pempur	36	26.5339	79.9780
Pelling	29	27.3016	88.2327
Pedagantyada	02	17.6672	83.2051
Peora	36	29.4961	79.6533
Petla Bhati	03	26.2569	89.8565
Petla Maidhya	03	26.2733	89.8568
Petla	03	26.2515	89.8509
Petla Ujan	03	26.2927	89.8728
Pemir	30	27.7513	93.9593
Perhen	03	26.5161	93.6500
Perabharigaon	03	27.1946	94.3964
Pedda Sanagallu	02	16.2450	80.8570
Penagadapa	40	17.4307	80.6189
Penkonda	40	17.6538	79.9175
Peddamanapuram	02	18.3530	83.3331
Pedda Netnur	40	19.2871	78.9678
Perusomula	02	15.0585	78.2075
Perapatti	31	9.4065	77.8367
Pemgiri	16	19.4636	74.0880
Periya Pattanam	31	9.2638	78.9064
Perambur	25	10.8114	79.0406
Perali	25	11.2313	78.9518
Perawari	37	20.3220	80.9691
Pengri	03	27.4229	95.7652
Peruabad	28	22.8419	87.1548
Pengree	03	27.4433	95.7737
Pechamundi	21	21.4539	85.2904
Peera	35	24.7206	79.3272
Peroorkada	13	8.5396	76.9672
Peth Vadgaon	16	16.8375	74.3140
Peerwala	39	30.3614	77.7736
Pethakut	12	34.4739	74.6611
Pewant	10	29.6307	76.7998
Pechha	11	31.6246	77.2096
Petha Hir	12	34.5273	74.1944
Pehndu	11	31.3860	77.2616
Peori	23	30.1773	74.7253
Perinal	11	31.5768	77.7453
Peojna	11	31.2569	77.5415
Pekhadhar	11	31.2611	77.6631
Peyi	11	31.3519	77.6508
Pelan	11	31.3246	77.6955
Pendrog	11	31.1245	77.5258
Pehlog	11	31.0211	77.5652
Penjawala	10	30.6180	77.0342
Pehal	24	27.8144	76.5545
Pedua	11	30.5691	77.6037
Pedi	36	29.3879	78.1690
Peda	36	29.4082	78.1644
Pekhlon	35	23.6928	78.3490
Pempura	24	26.5790	76.2213
Pempur	35	22.7892	78.9211
Penjanwara	35	22.2452	78.8064
Peth Mangruli	16	21.4048	78.2263
Pet Ahmadapur	16	21.2024	78.1815
Pendoni	35	21.5902	78.3638
Peth Ismailpur	16	21.3781	78.4074
Peth Budhwara	16	21.2743	78.5929
Pethaldongri	16	21.1356	78.8700
Peshwa	24	24.7230	72.9718
Perlai	24	24.4868	73.0211
Pesena	24	24.2587	73.3181
Perda	24	24.3945	73.3400
Perwi	24	24.0546	73.4676
Pemsar	35	25.6694	76.5542
Pemsar ke Tapre	35	25.6755	76.5353
Pempura	35	25.6333	76.6850
Pehladpur	07	28.5788	77.0970
Pepla	36	28.9937	77.6126
Pemakhera	24	24.7322	74.1742
Pedlhni Kalan	23	30.3481	75.8069
Peron	23	29.9061	75.2027
Perwa	24	24.6096	72.5683
Pempuri	36	29.4619	78.6249
Pempur	36	28.8439	79.1689
Pekalgudem	40	19.1942	79.7755
Pehladpur	24	24.4861	76.8337
Pegadapalli	40	18.7017	79.0728
Peddalavaripalle	40	18.6330	79.0800
Peddapuram	40	18.6189	79.2177
Perakapalli	40	18.6615	79.1970
Pegadapalli	40	18.8240	79.5849
Pedda Bamapur	40	18.7240	79.9980
Pemun	24	26.2382	75.3540
Pempur	36	28.0425	77.7258
Peta	16	19.0149	80.2696
Penukuduru	37	19.0586	80.4932
Pendipaka	16	18.7784	80.0161
Pechrek	29	27.2466	88.2020
Pempur	36	28.5157	77.9820
Perumpilavu	13	10.6987	76.0919
Pendam	29	27.2131	88.5223
Pemling	28	27.0080	88.5869
Pendarwani	37	21.6947	81.1487
Pendrawan	37	21.5526	81.2484
Pendri	37	21.4513	81.0295
Pendrawan	37	21.4714	81.2376
Pendri	37	21.4250	81.2486
Peddapur	40	17.4742	77.7551
Pedni	23	30.4395	76.2438
Pedgaon	16	19.3224	76.6605
Pegargavhan	16	19.1331	76.6136
Pedan	23	30.4491	76.2560
Pethechiwadi	16	18.3045	76.9956
Pelkhu	36	27.5851	77.5114
Petwar	10	29.1725	76.1650
Peoda	10	29.7447	76.4193
Pegan	10	29.5092	76.4077
Pempur	36	28.4781	77.7703
Petpurwa	37	22.0594	82.7553
Pendridih	37	21.9960	82.0660
Pendarwa	37	21.9507	82.0485
Pendri	37	20.5761	81.1646
Petechua	37	20.4121	81.1066
Penwari	37	20.1826	81.1338
Pendrawan	37	20.3038	81.6847
Pendra	37	20.6724	81.8407
Pendrawand	37	20.0778	81.7878
Pendritarai	37	21.7562	81.0882
Pendri	37	21.5092	81.3617
Pendri	37	21.4954	81.2795
Pendri	37	21.9355	81.6916
Pensionbara	37	21.2296	81.6471
Peth Shivni	16	19.0008	77.0154
Pendu Khurd	16	18.9587	77.0135
Pendpalli	16	18.4449	77.5224
Pedda Shakarga	40	18.5319	77.6187
Pedda Edgi	40	18.3888	77.5933
Pegadpalli	40	18.7356	77.9023
Pentahkalam Farm	40	18.7194	77.9192
Penta Khurd	40	18.6355	77.8462
Perkampalle	40	17.1863	77.5473
Pedda Nandigaon	40	17.0564	77.6066
Peth	16	20.8331	78.5283
Pendhari	16	20.0168	78.7446
Pendhri	16	20.9518	78.7794
Peddapuram	40	16.8325	77.7361
Pedda Lingalched	40	16.8195	77.7358
Perapalli	40	16.7716	77.5202
Pedda Jatram	40	16.6644	77.5816
Pedda Purla	40	16.6016	77.5364
Perar	36	27.0276	78.8880
Petdevri	35	22.4147	79.2356
Pendapur	36	27.5584	78.8347
Peth	35	22.3868	79.5382
Pedda Varwal	40	16.9738	77.8127
Peddakurum	02	16.3533	77.5413
Peddapahad	40	16.2847	77.7405
Peddachintarevula	40	16.3173	77.7303
Pedda Dharpalli	40	16.8064	77.9427
Pedda Rajamur	40	16.6607	77.7753
Pedda Chintakunta	40	16.5894	77.7699
Pedda Mungalched	40	16.5095	77.9057
Peddapalli	40	16.1726	77.7607
Peddadinne	40	16.1008	77.8341
Penchikalpadu	40	16.1206	77.9600
Penchkalpahad	40	19.1311	78.0836
Pendpalli	40	19.0872	78.0676
Pehriya	36	27.4621	79.2479
Pendhri	16	21.4548	79.0489
Peth	16	21.4404	79.1544
Pendhri	16	21.4082	79.1012
Pensionetnagar	16	21.1812	79.0657
Pewtha	16	21.0191	79.0917
Pempur	36	27.3105	79.2752
Pendhari	16	21.5578	79.3758
Peddawedu	40	17.2075	78.2009
Pehna	36	27.8038	79.5587
Pera	35	26.3824	77.6627
Perahta	36	27.5855	79.9154
Peddagutta Tanda	40	17.2195	78.2650
Peddamma Tanda	40	17.1429	78.3103
Pendyal	40	17.1298	78.3697
Pedda Mandandi	40	16.4252	78.0219
Pedda Bekkam	40	16.0521	78.1139
Pedda Marur	40	16.0124	78.1577
Pedda Dagada	40	16.0506	78.1599
Pedda Revalli	40	16.9078	78.2630
Pedda Adirala	40	16.8493	78.2998
Pem Nagaria	36	27.0009	79.5768
Pehla	36	27.1979	79.6466
Pema	36	27.0348	79.5790
Pemapur	36	27.3648	79.8909
Penhsari	35	25.9659	77.7694
Pempur	36	27.4628	78.8916
Pehladpur	36	27.3002	78.8298
Pekoli	35	24.2619	77.7173
Peudhana	35	24.4811	77.9960
Pendlipakala	40	16.6657	78.9927
Peddakaparti	40	17.2396	79.0740
Peddapalli	40	17.1904	79.0133
Pedda Pendyala	40	17.9230	79.4085
Pedda Madur	40	17.5996	79.3019
Pehri	36	27.5491	78.0161
Pedda Padsala	40	17.4710	79.3340
Perumandlabhavigudem	40	17.3324	79.2648
Peddabhavigudem	40	17.2898	79.2742
Perkakondawaram	40	17.2508	79.4255
Pedda Madhawaram	40	17.2872	79.4511
Perindammagudem	40	17.1366	79.3624
Peddonibhavi	40	17.1493	79.3451
Pedda Suraram	40	17.1016	79.3563
Perkabhavigudem	40	17.1804	79.3884
Petpura	36	27.2296	78.4647
Pempur Anandipur	36	27.0666	78.4399
Perumandlagudem	40	17.8476	79.5803
Pentra	36	27.9290	78.5630
Pesoi	36	27.9316	78.7078
Pedda Mupparam	40	17.4792	79.6817
Pedda Nekonda	40	17.7947	79.7627
Pedda Kurpal	40	17.7505	79.8526
Perkasingawaram	40	17.1593	79.9516
Peddabavigudem	40	16.9504	79.0142
Peddareddigudem	40	16.8573	79.0983
Peddabavigudem	40	16.7366	79.0351
Pedda Adsarlapalli	40	16.6913	79.0750
Peddammagadda Tanda	40	16.5196	79.0934
Pedda Gummadam	40	16.6116	79.1541
Peddagattu Tanda	40	16.6055	79.2248
Peddavuru	40	16.7291	79.2099
Perwal	40	16.6220	79.0305
Pempur	36	27.3855	78.5643
Pendhat	36	27.3418	78.5973
Pedda Sitaram Tanda	40	16.9953	79.7494
Pedavidu	40	16.7644	79.8411
Peondi	35	25.1735	80.2664
Pemukheri	35	24.0370	79.3110
Pemat	35	23.2361	77.7562
Pechbukar	36	26.8160	78.5530
Pemanpur	36	25.0240	83.1920
Perwara	35	24.1083	79.5147
Pempura	35	24.0994	79.5800
Pedhi	16	20.8248	77.5694
Pendukipur	36	25.9514	83.6310
Petphorua	34	25.2049	83.8239
Pelu	16	20.0906	77.6757
Pedgaon	16	20.4128	77.3225
Peth Itbarpur	16	20.9374	77.3289
Petrahi	36	24.7413	83.0054
Penditola	35	21.8638	79.9413
Petrahi	36	24.6731	83.0432
Pendhri	16	21.0146	79.8401
Pendariya	38	24.2856	83.4770
Pedda Nagaram	40	17.4622	79.8214
Peddanemla	40	17.3482	79.7697
Peska	38	24.1000	83.7314
Pendli	38	24.0836	83.7239
Pendhrabori	16	20.8000	79.3781
Pendhri	16	20.7696	79.4446
Peth Bhansuli	16	20.5347	79.2635
Peth	16	20.5333	79.3919
Pendhri	16	20.9091	79.6360
Pendhri	16	20.8851	79.7976
Pewra	16	20.2752	79.0972
Pendhri	16	20.0520	79.4773
Pendhri	16	20.4035	79.5253
Pendhri Mukta	16	20.1487	79.8081
Petgaon	16	20.0368	79.8637
Pekarda	16	20.3681	77.8078
Pendhara	16	20.4073	77.8499
Perjakheri	35	23.9794	78.0326
Perwasa	35	23.7675	78.1270
Pendha	16	19.5289	78.1393
Pendaldari	40	19.2810	78.2347
Peddammogudem	40	17.6281	78.3276
Pengawan	35	23.4327	78.1813
Peddaipalli	40	16.9330	78.1895
Peddapalli	40	16.8006	78.1013
Peddapur	40	16.4110	78.2700
Peddur	40	16.3743	78.4421
Pedda Mudnur	40	16.3876	78.3624
Pedda Karpamla	40	16.2959	78.3935
Peddapur	40	16.4887	78.5433
Peddapuram	40	16.9003	78.9721
Pelgu Tanda	40	16.7936	78.7697
Peddapahad	40	17.7781	79.0985
Pedda Bhavigudem	40	17.5514	79.0768
Pedda Bhavi	40	17.5688	79.0974
Pembarti	40	17.6886	79.1179
Peddabaigudem	40	17.3224	79.0078
Pedda Bhavigudem	40	17.4511	79.2220
Peddabhavi	40	17.3270	79.2201
Pedda Vangera	40	17.5581	79.5831
Pedda Vangera Tanda	40	17.5325	79.5902
Pettapahad	40	17.0111	79.6546
Penpahad	40	17.0244	79.6829
Pedarwa	35	24.1059	78.7050
Pendhri	16	19.9466	78.4932
Peddapalli	40	19.5735	78.4401
Pendirloddi	40	19.5823	78.5674
Petur	16	19.9932	78.9392
Pedda Koinur	40	19.3289	78.9282
Perhina	36	27.2047	79.1907
Penri	35	24.7667	81.4974
Peddur	40	19.0980	78.7729
Pemmau Katra	36	25.7779	80.8739
Pemrajpur	36	25.8268	80.9338
Pemasar	24	28.0811	73.4185
Pemrajpur	36	25.7413	82.5086
Pempur	36	25.7439	82.5865
Pempur	35	22.5883	79.7372
Perapur	36	25.1469	82.6889
Peruka	36	25.3753	82.8424
Pehlupur	36	25.3337	82.9652
Pemapur	36	25.1373	82.7748
Perh	36	24.7865	82.7605
Perh	36	24.7782	82.7650
Petrahi	36	24.7470	82.9589
Pertali	35	24.0019	82.3377
Pertali	35	24.2153	82.6692
Peru Khera	36	26.4071	80.8802
Pelpa	10	28.5352	76.7997
Pemchak	36	26.1930	80.8306
Pempur	36	29.6641	78.3111
Petra	36	29.4341	78.4080
Pehruwala	36	29.4121	78.3011
Pereri	35	24.6197	82.6967
Penipur	36	27.3168	81.1094
Peraura	36	24.1989	82.8006
Peragra	36	25.7563	83.9514
Penrahi	36	27.5282	81.8104
Peri Purwa	36	27.1193	81.9674
Pewandi	34	24.9088	83.7900
Pethiawan	34	24.8662	83.8721
Peri	36	26.9757	81.3978
Pewat	16	21.0883	79.5396
Pendhri	16	20.9768	79.1543
Pendkapar	16	20.7687	79.0616
Peth	16	20.6625	79.1149
Peli Chauhan	36	29.0196	78.5059
Peli Bishnor	36	29.0802	78.6119
Pedara	36	26.4896	81.3817
Pemgarhi	36	26.4266	81.4138
Pendhri	16	20.6164	79.6449
Perwapur	36	26.3422	81.8581
Pet	16	20.0816	79.5056
Petgaon	16	20.1945	79.6473
Peri	36	25.7797	81.0296
Pechribari Pada	16	21.3557	74.1779
Perajpur	16	21.0337	74.2837
Petla	16	21.2175	74.3150
Peli	36	28.9614	78.3050
Pentaura	36	27.4063	81.7863
Pera	36	27.3089	81.8142
Pendhi	16	19.9061	77.8028
Pendha	16	19.5066	77.9753
Pedda Borgaon	40	18.7231	78.1286
Pedmajiwadi	40	18.4386	78.2408
Pedda Sangam	40	18.3356	78.0895
Petta	40	18.2855	78.0037
Petehar	36	26.0271	81.1883
Pelian	12	33.5065	74.3647
Peddareddipet	40	18.1518	78.0400
Pedatapalli	40	18.0463	78.1925
Petha Zaingam	12	33.9680	74.5808
Pethkut	12	33.9791	74.6090
Penkapur	12	33.9946	74.5963
Petta	40	18.8791	78.3192
Perket	40	18.7942	78.3068
Peddangal	40	18.6936	78.4158
Peddangal	40	18.6877	78.3937
Peddangal	40	18.6689	78.3826
Pendare Garwa	36	27.3932	82.0506
Peoli Asanatpur	36	25.3436	81.4823
Peddapalli	40	18.2347	78.3261
Pemnagar	36	27.3327	82.2607
Pemnagar	36	27.4773	82.4608
Pemnagar	36	27.2165	82.4481
Pedda Mallareddi	40	18.1748	78.4644
Peoria	36	27.3473	82.5348
Pedra	36	27.2577	82.5965
Pedari	36	27.3577	82.6178
Pedar	36	27.3612	82.6165
Peddapuram	40	18.8078	78.6551
Pegarla	40	18.7559	78.6497
Pendari	36	27.2147	82.6244
Pelni	36	27.0223	82.6915
Pempur	36	27.2346	82.6677
Peda	36	27.1944	82.7805
Penda Nankar	36	27.2238	82.7696
Pedar	36	27.1366	82.7974
Petpur	12	33.8067	74.9484
Pedda Chikod	40	18.2101	78.6343
Petha Khondapur	12	33.6803	74.9863
Pedmadagu	40	18.8697	78.7706
Perkapalli	40	18.8212	78.9199
Pembatla	40	18.8724	78.9303
Peddur	40	18.3766	78.7743
Pedda Lingapur	40	18.2821	78.8779
Pedda Achampalli	40	18.4773	78.9905
Pedda Kodur	40	18.1488	78.8896
Penduha	36	26.8103	82.4419
Pemanpur	36	26.2917	82.3166
Peotha	36	25.9155	83.2360
Pegupur	36	26.1528	82.2973
Pedari	36	26.8739	82.5588
Perari	36	26.7592	82.5219
Penda	36	26.7430	82.5258
Pedrahia	36	26.6978	82.7075
Pethia	36	26.4152	82.6409
Persua	36	26.7257	82.9574
Pemanpur Khurd	36	26.6645	82.9336
Pemanpur Kalan	36	26.6686	82.9415
Perari	36	26.6053	82.9697
Pettah	13	8.4954	76.9305
Pendra	36	26.2762	82.8899
Pendra	36	26.0094	82.9327
Perari Khurd	36	27.1853	83.0369
Perari Buzurg	36	27.1254	83.0964
Perari Khurd	36	27.1159	83.1025
Petha Khargom	12	33.9223	75.0734
Petha Nambal	12	33.7913	75.2262
Petha Redawur	12	33.7283	75.0744
Pethabug	12	33.6799	75.1618
Petha Dialagao	12	33.6829	75.1688
Pesia	36	26.8105	83.0219
Pedari Khurd	36	26.9689	83.0725
Pewandha	36	26.0104	83.0941
Pemanpur	36	26.7219	83.3192
Pemgarh Urf Itauwa	36	26.4160	83.3223
Pemli	36	26.9230	83.6219
Pengunda	37	19.3090	80.4900
Pengundatola	37	19.3246	80.4882
Peroga	12	33.2527	75.3059
Pengunda	16	19.3656	80.6745
Penkaram	37	19.0268	80.6925
Peddapet	40	18.6748	80.0911
Pegarapalli	40	18.5085	80.1232
Petgam	12	33.6677	75.7193
Penlalam	37	18.9554	80.2942
Petaboguda	37	18.9341	80.3064
Penda Matur	37	18.8212	80.4411
Pendlaya	16	18.8055	80.3299
Perur	40	18.5313	80.3977
Pedda Gollagudem	40	18.4756	80.4655
Permapara	37	18.9382	80.7262
Peddangudem	37	18.9256	80.7122
Permapara	37	18.9317	80.7250
Pedda Kavali	37	18.8126	80.7153
Pegadapalli	37	18.7984	80.5262
Penkaram	37	18.6286	80.7467
Penugolu	40	18.5237	80.5764
Pendku	12	33.0310	75.6664
Petour	35	23.8762	80.9280
Peth Sir	12	34.2553	74.4446
Pekhri	12	32.5979	75.0011
Peiyan	12	32.6139	75.3354
Peri	12	32.5266	75.4859
Peli	12	32.5371	75.4342
Pehru Chak	12	32.4738	75.2767
Peya	12	32.6856	75.5541
Ped Balor	12	32.4691	75.5468
Peta	16	19.7928	80.3197
Pendulwahi	16	19.9279	80.3933
Penderwani	35	22.3983	74.4063
Pendarwani	35	22.1112	74.6332
Pendra	35	22.0679	74.8671
Pempura	35	22.3442	75.7966
Pendgaon	16	20.4165	75.4420
Peha	11	32.0685	75.8775
Perjapur	16	20.2845	75.7483
Pedagra	09	24.2311	72.5512
Pethapur	09	24.1878	72.7418
Pepal	09	24.0143	72.5400
Pendri	37	20.8901	81.3356
Pendarwani	37	20.7569	81.4779
Petechua	37	20.5900	81.3050
Perpar	37	20.7415	81.4777
Petegaon	35	22.5558	80.3480
Petoli	37	20.3444	81.4244
Peth Gadhavli	16	21.6910	74.2608
Pendhri	16	21.2113	80.1467
Pendhritola	16	21.2201	80.1488
Pedhyadongar	16	20.4174	74.0448
Peli	35	21.8630	80.2629
Pejo Chak	23	31.6802	75.4191
Pempur	23	31.6449	75.5931
Pendridrih	37	21.0545	80.5395
Pendripara	37	22.1662	82.0775
Pendri	37	22.1236	82.0523
Pendarwa	37	22.2263	82.1306
Pendhri Kalan	37	21.3759	80.9831
Pendhri	37	21.1664	80.9642
Pendhri	37	21.0950	80.9841
Pengchula	37	22.2400	82.7430
Pendra Khurd	37	22.6400	82.9775
Pendri	37	21.9741	82.2863
Pendri	37	21.9845	82.5923
Pendri	37	21.8456	82.7023
Pendri	37	21.7321	82.8812
Pendrabandh	37	21.6499	82.9390
Pendra	37	21.0213	82.0043
Pendra	37	21.0241	82.2285
Pendripani	21	21.0159	82.6576
Pendha	16	20.6612	80.0752
Pegarwa	36	27.4568	80.9806
Peth	16	20.3895	80.0084
Pethdongri	16	20.2077	80.1413
Pekinkasa	16	20.0417	80.0948
Pepra	11	32.5136	76.1772
Petti	11	32.5582	76.2370
Pekinmurjha	16	20.0922	80.4477
Peri	16	20.0970	80.4675
Pendalkuhi	37	20.7939	80.5678
Pendakoro	37	20.6364	80.7344
Pendori	37	20.1675	80.5100
Penkodo	37	20.0023	80.5642
Pempur	35	22.7481	81.0490
Pethlu	11	32.2387	76.2750
Pendri	37	22.2133	81.4752
Pendri	37	22.1169	81.4513
Pempur	36	27.1848	81.1072
Pegwa	36	27.0953	81.2178
Pendritalab	37	22.2707	81.7296
Pendritalab	37	22.1992	81.6484
Pendrapathra	37	22.5756	81.7914
Pera	11	31.7709	76.0959
Pendri	37	22.1580	81.9748
Pendri	37	21.8656	81.2893
Pendri Kalan	37	21.7601	81.3775
Pendra	37	21.8818	81.3562
Pendri	37	21.8925	81.4423
Pendri	37	21.5852	81.6296
Pendri	37	21.7081	81.6211
Petulkapa	37	21.9742	81.8481
Pendri	37	21.9819	81.8670
Pendri	37	21.9595	81.9896
Pendri	37	21.8931	81.9252
Pendri	37	21.7445	81.9078
Pendri	37	21.5645	81.9684
Peral	11	31.8553	76.3908
Petu	11	31.9116	76.8136
Pekhra	11	31.9087	76.9473
Pendra	37	20.6274	82.0027
Pendra	37	20.3804	82.0924
Pendra	37	20.2056	82.1737
Pelnapara	21	20.8133	82.4694
Petpara	09	23.0443	74.1349
Petiri	39	31.0179	77.9790
Pendrabahal	21	20.4739	82.6570
Pendrawan	21	20.4399	82.6779
Pendrayan	21	20.0558	82.6181
Petphorwatoli	38	23.8554	83.6723
Petesar	19	14.4362	74.8536
Penwa	39	30.8202	77.8651
Peddagudem	02	17.4572	81.5459
Penkilapadu	02	17.3447	81.6244
Peddapadu	02	17.4681	81.7327
Pedda Geddada	02	17.4596	81.7339
Pedduru	02	17.4014	81.7281
Peddanutulu	02	17.3985	81.6717
Pedduru	02	17.5587	81.8453
Perikivalasa	02	17.7376	81.8582
Pedda Errampadu	02	17.5822	81.9543
Penkilapadu	02	17.5666	81.9573
Pedda Munakanagadda	02	17.5200	81.9840
Peddakonda	02	17.4796	81.8052
Pedda Barangi	02	17.4006	81.7538
Pedda Bhimanapalle	02	17.2736	81.8249
Penkilapadu	02	17.3542	81.8493
Pedda Addapalle	02	17.4595	81.9510
Pedda Garlapadu	02	17.3671	81.9287
Pelak	10	28.1407	77.4043
Pendarua	37	21.7907	83.2018
Pelagarh	37	21.4245	83.1146
Penwra	37	21.5727	83.3221
Pesri	36	28.1074	78.4254
Petupali	21	21.2094	83.3131
Pechakata	21	21.6619	83.8051
Penpaka	40	18.0244	80.6882
Peddapara	37	18.9198	80.7948
Pedda Punnuru	37	18.6276	80.7971
Pedda Gelur	37	18.4700	80.9951
Peddapalle	40	18.0078	80.8498
Peddamidisileru	40	18.0865	80.8633
Pemrajpur	36	26.2328	81.3115
Pechchhimgaon	36	26.4714	81.7012
Pemgarh	36	26.4806	81.7101
Pendaraya	36	26.1107	81.5470
Pedda Kondapalle	21	18.3784	82.7695
Peddapadu	02	18.2902	82.8123
Petturguda	02	18.2602	82.8960
Peddapadu Umpavalli	21	18.3979	82.9602
Peddapadu	02	18.2038	82.7642
Peddapulam	02	18.0415	82.8242
Peddarayi	02	18.1260	82.8368
Peddabayal	02	18.1040	82.8761
Pentagudem	02	18.2339	82.8753
Penam	02	18.1674	82.9211
Peddakota	02	18.0846	82.9513
Perambakkam	25	12.5283	80.1002
Peruntandalam	25	12.7034	80.0620
Periyaputteri	25	12.6964	80.0498
Periyairumbedu	25	12.6792	80.0640
Periyavippedu	25	12.6646	80.0795
Pettai	25	12.6076	80.0683
Perumbedu	25	12.5581	80.0524
Perikattupakkam	25	12.5422	80.0879
Perumaleri	25	12.6080	80.1538
Pedda Vegi	02	16.8094	81.1068
Perugugudem	02	16.8514	81.2225
Pebbampalle	02	17.9661	82.2452
Pedda Kadiam	02	16.7362	81.0231
Perangal Dibba	02	16.7101	81.0817
Peddavadisakarra	02	17.6020	82.0096
Pedda Virivada	02	16.5393	81.0407
Penumakalanka	02	16.5886	81.1417
Pedda Yaganamalli	02	16.6060	81.2133
Peravaram	02	17.2582	82.1356
Pedda Rellangipalem	02	17.4536	82.2387
Pedda Garrangi	02	17.4310	82.2380
Pedda Sankarlapudi	02	17.2937	82.1771
Peddipalem	02	17.3139	82.2151
Pedda Rayavaram	02	17.0993	82.0006
Peddanapalle	02	17.2184	82.1420
Peddabarada	02	17.8159	82.4603
Pedda Kiltari	02	17.9015	82.4983
Pedda Golugonda	02	17.5219	82.4558
Pedduru	02	17.4525	82.3098
Pedda Mallavaram	02	17.3970	82.2857
Pedda Kottada	02	16.6030	81.3433
Pedda Nindrakolanu	02	16.7342	81.3941
Pedda Kapavaram	02	16.6484	81.4215
Pedda Pulleru	02	16.5626	81.4453
Pedda Amiram	02	16.5470	81.4833
Peddalanka	02	16.4440	81.3806
Pedda Gollapalem	02	16.3553	81.4306
Pendurru	02	16.3855	81.2937
Pentapadu Kasba	02	16.7703	81.5170
Pentapadu Agraharam	02	16.7816	81.5246
Pendyala	02	16.8619	81.7453
Peravali	02	16.7514	81.7400
Perupalem	02	16.3705	81.5813
Penkillapadu	02	16.4992	81.7155
Peddagaruvu Malapalle	02	16.4999	81.7404
Pedda Mamidipalle	02	16.4828	81.7348
Peddavaram	02	17.1022	80.5133
Peruvancha	40	17.1719	80.5839
Penaballi	40	17.2143	80.6637
Pedda Nallaballi	40	17.9034	80.9267
Penupaka	40	17.6087	80.7993
Perugukosampeta	40	17.7331	80.9261
Perkipadu	02	16.5459	80.0363
Peddapalem	02	16.5894	80.1014
Peddabayalu	02	17.9723	82.5166
Peddapeta	02	17.7642	82.5649
Peddapeta	02	17.7596	82.5679
Peddapinnapalem	02	17.9069	82.6116
Pedda Sarada	02	17.8553	82.7068
Peddalochili	02	17.9861	82.6006
Pedda Gorrigadda	02	17.8456	82.7038
Pesarada	02	17.7110	82.5425
Peddipalem	02	17.6566	82.7108
Peddamakkena	02	16.4331	80.2413
Peddagummuluru	02	17.4557	82.7263
Peddadoddigollu	02	17.4358	82.6873
Pettugollapalle Agraharam	02	17.4418	82.7100
Peddagummuluru	02	17.4345	82.7402
Peddapudi Agraharam	02	17.7271	82.8254
Peddapudi	02	17.7112	82.8302
Pedda Pachala	02	17.8004	82.7858
Pedda Madina	02	17.7654	82.8636
Pedda Gorregadda	02	17.9127	82.9191
Pedda Nandipalle	02	17.9537	82.9995
Pengwara	34	26.1366	84.4089
Petasudipuram	02	17.4759	82.8205
Penugollu	02	17.4666	82.7745
Pedda Gollalapalem	02	17.5690	82.8328
Peddapalle	02	17.5619	82.8321
Perantalapalem	02	17.5204	82.8040
Perantalapalem	02	17.6179	82.9222
Peddapadu	02	17.6233	82.9661
Pedda Uppalam	02	17.4235	82.7973
Pedda Tinarala	02	17.3821	82.7527
Peta	02	17.4838	82.8397
Pedda Turkapalem	02	16.1997	80.0779
Petlurupalem	02	16.1667	80.0028
Pedda Kondrupadu	02	16.1192	80.1495
Pedda Valasala	02	16.7789	82.2631
Penugolanu	02	16.9771	80.4369
Peta	40	16.9385	80.4146
Pegallapadu	40	16.8367	80.4513
Pedda Gopavaram	40	16.8513	80.4741
Peddapuram	02	16.7937	80.4556
Pengsur	21	19.8978	83.2190
Permanji	21	19.6418	83.1188
Pengsur	21	19.7204	83.2906
Peremara	21	19.8852	83.4287
Pediguda	21	19.7873	83.4617
Pedipadar	21	19.5222	83.2713
Penjaballi	21	19.6410	83.4205
Pedipadar	21	19.5114	83.4777
Pedda Nandipadu	02	16.0705	80.3311
Peddivaripalem	02	16.0586	80.3643
Peddivaripalem	02	16.1151	80.4485
Peddapalem	02	16.0486	80.4710
Peramaguda	21	18.5808	82.1202
Peddavada	21	18.3844	82.0931
Peddavada	21	18.3939	82.0928
Peddaguda	21	18.4449	82.1610
Pettaladi	21	18.8014	82.2935
Pedda Komira	02	16.9724	80.5039
Peddagudem	02	16.7671	80.6392
Perengini	21	19.2671	83.0343
Perpa	21	19.2671	83.1462
Pedda Tekripada	21	18.6129	82.4072
Peddaputtu	02	18.3588	82.4966
Peddagara	02	18.2906	82.4420
Pedda Lova	02	18.3059	82.4566
Pedda Tamingalu	02	18.3425	82.4495
Peddaputtu	02	18.2895	82.4943
Peddakonda	02	18.2754	82.4716
Pedda Todra	21	19.4843	83.2799
Petlaguda	21	19.4484	83.2998
Penupaska	21	19.3448	83.2924
Perabadi	21	19.2647	83.3200
Pedaska Rambu	21	19.2956	83.2950
Pediska Kolang	21	19.3188	83.3203
Peddaguda	21	19.3275	83.3605
Pettesi	21	19.3339	83.3552
Pettesu	21	19.2903	83.4180
Penta	21	19.2640	83.4208
Pendili	21	19.1398	83.3023
Pedda Kakili	21	19.0313	83.3852
Pedda Irukubadi	21	19.0650	83.3726
Pedda Karli	21	19.0547	83.3371
Perigam	21	19.1421	83.3551
Pedda Chiguru	21	19.1287	83.4935
Pedda Chiguru	21	19.1105	83.4604
Pedda Luguti	21	19.0856	83.4579
Pedda Rayisingi	21	19.0476	83.4351
Pedda Gumada	21	19.2919	83.5205
Pedda Pulisi	21	19.3227	83.6265
Pendili	21	19.4422	83.7341
Pendili	21	19.3628	83.7032
Peddapadu	21	19.3622	83.7183
Pendili	21	19.3704	83.6943
Peddagondi	02	18.0374	82.4061
Penkulpadu	02	18.0715	82.4157
Pedda Uncharangi	02	18.1974	82.4609
Pedda Garuvu	02	18.1889	82.4752
Peddabayalu	02	18.1342	82.4612
Petta	21	18.7455	82.5603
Pentapadu	21	18.6181	82.5600
Pettayi	21	18.7016	82.7056
Peddagondi	02	18.1744	82.5935
Perdapalle	02	18.2188	82.6020
Pettagodal	02	18.1817	82.6847
Peddagar	02	18.1813	82.7485
Penumuli	02	16.3353	80.6031
Perakalapudi	02	16.3612	80.6497
Peddapalem	02	16.3824	80.6597
Peddavadlapudi	02	16.4087	80.6105
Peddalanka	02	16.4745	80.6591
Pedapulipaka	02	16.4595	80.6844
Penamaluru	02	16.4636	80.7180
Peddakonduru	02	16.3926	80.6917
Pettayiguda	21	18.6403	82.8132
Pentakona	21	18.6942	82.8517
Pendajambu	21	18.7205	82.9881
Pedda Madigudem	02	16.8357	80.8570
Peddanavarigudem	02	16.8734	80.9288
Peddapadu	02	16.8067	80.9756
Pedda Ogirala	02	16.3886	80.8075
Peddalanka	02	16.3324	80.7632
Penamakuru	02	16.3228	80.8272
Pedda Kotayalanka	02	16.2723	80.8135
Pedda Mutrasipalem	02	16.2656	80.8834
Pedda Yerukapadu	02	16.4282	80.9740
Pedda Parupudi	02	16.4256	80.9550
Pedda Maddali	02	16.3472	80.9528
Pedda Pudi	02	16.2551	80.9238
Pedda Jojar	37	18.8445	81.0062
Peddapal	37	18.8697	81.2031
Peddapara	37	18.6305	81.0836
Peddapara	37	18.5028	81.0600
Peddapara	37	18.5846	81.0941
Peddapara	37	18.5657	81.1633
Pehala	21	19.1593	83.5490
Pengava	02	19.0141	83.5709
Pedda Kharja	02	19.0532	83.6437
Pedda Kesari	02	19.1083	83.6154
Penakam	21	19.1880	83.7305
Pedda Karkanguda	37	18.3251	81.0701
Pedda Bodkel	37	18.3526	81.0837
Penta	37	18.4142	81.1251
Peradama	21	19.7130	83.8243
Peddaguda	21	19.0182	83.8363
Peddaguda	21	19.0206	83.8674
Pedda Karli	37	18.9967	81.3465
Peddapara	37	18.7407	81.2945
Peddapara	37	18.6921	81.2575
Perpa	37	18.6281	81.2874
Perpa	37	18.6165	81.2817
Peddapara	37	18.5523	81.2631
Peddapara	37	18.5533	81.2798
Peddapara	37	18.5094	81.4022
Peddapara	37	18.6166	81.3730
Penta	37	18.6319	81.3839
Peddapara	37	18.6459	81.3600
Peddapara	37	18.7225	81.4400
Pedda Gudra	37	18.6653	81.4863
Peddapara	37	18.5687	81.4709
Permagudem	37	18.3827	81.3741
Permapara	37	18.4522	81.3988
Permagudem	37	18.4527	81.4983
Pedda Satti	37	18.4193	81.4902
Pettipayi	21	18.7997	83.0248
Pedda Kesala	21	18.7622	83.2056
Pedda Boriga	21	18.8200	83.2143
Pedda Itike	21	18.8397	83.2330
Perijolla	21	18.9559	83.1944
Pedda Manjeri	21	18.6952	83.0268
Pedda Bitra	21	18.5617	83.0282
Peddagummi	21	18.5310	83.0799
Peddagudda	21	18.5306	83.0564
Pedda Chipuruvalasa	02	18.5374	83.1557
Pedda Boraban	02	18.5596	83.2463
Peddavalasa	02	18.5882	83.2113
Peddapadam	02	18.5922	83.2338
Pedda Bonti Makkuva	02	18.6523	83.2435
Peddavalasa	02	18.6681	83.1942
Pedda Ghasila	02	18.6887	83.2114
Pedda Vutagadda	02	18.7076	83.2087
Peddavalasa	21	18.5248	83.0381
Peddammagude	21	18.4828	83.0284
Peddagudi	21	18.4131	83.0177
Peddavalasa	02	18.4914	83.0952
Peddapuram	02	18.4829	83.0959
Peddavalasa	02	18.3363	83.0370
Peddagedda	02	18.3402	83.0888
Pedda Gudda	02	18.4031	83.1979
Peddapadu	02	18.3548	83.1556
Pedda Konila	02	18.2570	83.1766
Peddavalasa	02	18.2657	83.1803
Pedda Raba	02	18.2628	83.2084
Pedda Chalagan	02	18.4396	83.2241
Peddaguddavalasa	02	18.4236	83.2236
Peddapaduvalasa	02	18.3970	83.2352
Pedda Kurti	37	18.0774	81.4920
Pedda Bidda	02	18.1860	83.0201
Pedda Khandepalle	02	18.1348	83.1481
Pedda Madhupada	02	18.1473	83.1847
Peddapadu	02	18.2093	83.1652
Pedda Palavalasa	02	18.2318	83.1550
Pedda Konila	02	18.2460	83.1821
Pedda Gadabavalasa	21	18.9423	83.2603
Pedda Savadam	21	18.9885	83.3046
Pedda Matturu	21	18.9501	83.3115
Pedda Sorupilli	21	18.9315	83.2745
Pedda Kumbhari	02	18.9213	83.3339
Pedda Pedum	02	18.9906	83.4077
Pedda Bakidi	21	18.8509	83.3524
Pedda Mulaga	02	18.7675	83.3271
Pedda Bondapalle	02	18.7525	83.3765
Pedda Mariki	02	18.8124	83.3953
Pedda Kherjali	02	18.8913	83.4250
Penta	02	18.5253	83.3616
Pedda Palteru	02	18.5292	83.3989
Pedda Bhogila	02	18.6611	83.3793
Pedduru	02	18.7036	83.4952
Pedda Ankalam	02	18.6705	83.4586
Pedda Gudaba	02	18.7244	83.4433
Pedipara	37	18.8533	81.5877
Penugundi	37	18.8092	81.5703
Peddapara	37	18.8829	81.6528
Pedda Bodenar	37	18.8897	81.5939
Peddapara	37	18.8617	81.7163
Peddapara	37	18.6681	81.5212
Pedda Gubal	37	18.6106	81.5203
Peddapara	37	18.6091	81.5892
Pendulnar	37	18.5943	81.6364
Permapara	37	18.6723	81.5887
Peddapara	37	18.7322	81.6194
Permapara	37	18.5792	81.7269
Pedda Para	37	18.5757	81.7121
Permapada	37	18.4544	81.6304
Pegadapalle	21	18.2352	81.5496
Perwai	21	18.1777	81.6594
Peddavada	21	18.0535	81.7132
Pedda Chamalapalle	02	18.3743	83.3031
Pedakada	02	18.3382	83.3667
Peddapalle	02	18.4697	83.3413
Pedda Mantripeta	02	18.3514	83.4405
Pedda Ravyam	02	18.3289	83.4446
Peddda Bantupalle	02	18.3189	83.4959
Pedamajjipalem	02	18.1845	83.2620
Penasam	02	18.1814	83.3082
Pedavemali	02	18.0882	83.3032
Petlapalem	02	18.0509	83.2850
Pedatadivada	02	18.0838	83.4405
Pedada	02	18.0437	83.4664
Peddapara	37	18.9176	81.7502
Permaras	37	18.8877	81.8240
Peddapara	37	18.8807	81.8432
Peddavada	37	18.8876	81.8953
Peramapada	37	18.5690	81.8221
Peramapada	37	18.6434	81.8749
Peddapada	21	18.6213	81.9432
Peramarasu	21	18.5989	81.9772
Pettatunga	21	18.5625	81.9841
Perkonda	21	18.4612	81.9503
Peddakonda	21	18.1608	81.8961
Peddaguda	21	18.1983	81.8868
Pedda Kurupam	02	18.8647	83.5364
Pedda Merangi	02	18.8350	83.5288
Pedda Tumbali	02	18.8317	83.5697
Pedda Kudama	02	18.7916	83.5328
Pedda Gora	02	18.7636	83.6353
Pedda Dodija	02	18.8300	83.6435
Pedda Tolmanda	02	18.8308	83.6572
Pedda Pola	02	18.7636	83.6911
Pedda Gotali	02	18.8843	83.7216
Pellivalasa	02	18.8812	83.5822
Pega	40	17.7916	81.2096
Pedda Buddidi	02	18.7465	83.5785
Pedda Kambaravalasa	02	18.7151	83.5857
Peddimpeta	02	18.6742	83.5427
Pedda Penki	02	18.5853	83.5070
Peddavalasa	02	18.6884	83.6574
Pedda Kotipalle	02	18.6410	83.7420
Pedda Lingalavalasa	02	18.5101	83.7174
Perumali	02	18.4448	83.5636
Pedda Palavalasa	02	18.4383	83.5897
Penubarti	02	18.2758	83.5132
Perapi	02	18.2649	83.6116
Penubaka	02	18.4175	83.6421
Pedda Kottakota	02	18.2743	83.7209
Penasam	02	18.3254	83.6778
Penta	02	18.4245	83.7097
Pedda Battivalasa	02	18.1422	83.5634
Perapuram	02	18.0803	83.5516
Pedatarimi	02	18.1737	83.5943
Pedda Nadipalle	02	18.2496	83.6317
Pedda Dimila	02	18.8082	83.8638
Pedda Kuntibhadra	02	18.7941	83.9029
Pedda Solikiri	21	18.8705	83.8389
Pedda Madi	21	18.9056	83.9157
Peddaguda	21	18.9165	83.9074
Penugotivada	02	18.7943	83.9297
Peddaguda	21	18.8422	83.9427
Pedda Rama	02	18.7053	83.8019
Pedda Murjami	02	18.7431	83.8217
Pedduru	02	18.6821	83.8285
Pedda Kamba	02	18.6792	83.7625
Pedda Purli	02	18.5653	83.7683
Pedda Kurumpeta	02	18.5296	83.8220
Pedda Peta	02	18.5578	83.8072
Pedda Malle	02	18.6179	83.8262
Pedda Madi	02	18.7119	83.8996
Pedda Sankili	02	18.7040	83.9263
Pedda Kittalapadu	02	18.6205	83.9861
Pedda Kota	02	18.6256	83.9475
Pedda Bandirevu	40	17.7277	81.0989
Pedda Madalabupeta	02	18.5578	83.9508
Pedda Vangara	02	18.5840	83.8717
Pedda Vongola	02	18.5779	83.8726
Pedda Narasingapeta	40	17.6229	81.1876
Peta	02	18.5542	83.8254
Pedda Lankam	02	18.5007	83.8087
Penubarti	02	18.3637	83.8192
Pedda Kanchada	02	18.3573	83.7782
Penkivanipeta	02	18.3415	83.8174
Pedda Kottapalle	02	18.2830	83.7672
Pedda Raopalle	02	18.2532	83.7885
Pedda Dusi	02	18.3618	83.8671
Pedda Jonnavalasa	02	18.4498	83.8969
Pedda Venkatapuram	02	18.4973	83.9232
Peddapalem	02	18.4730	83.9251
Pedda Badam	02	18.4461	83.9920
Peddapadu	02	18.3138	83.9258
Pedda Gudipala	02	17.9815	83.0596
Pedda Kongaram	02	18.2479	83.8872
Penchakalpadu	40	17.3917	81.1793
Pedda Yatapalem	02	17.8093	83.0666
Pedda Nayudupalem	02	17.7947	83.1393
Pedagadi	02	17.7969	83.1771
Pedda Reddipalem	02	17.9510	83.1083
Peddapuram	40	17.1937	81.0054
Pedda Zangalapalle	02	15.9541	80.0215
Peddavaripalem	02	15.9728	80.2436
Pelluru	02	15.4561	80.0499
Peddaparti Ankireddipalem	02	15.9065	80.2097
Pedda Kottapalle	02	15.5861	80.0196
Pernamitta	02	15.5357	80.0039
Pedda Devarampalem	02	15.5544	80.2055
Peddagollapalem	02	15.2368	80.0219
Peddanaboyinapalem	02	15.2276	80.0615
Peddadinnepalem	02	14.9196	80.0360
Perala	02	15.8328	80.3622
Periavallapalem	02	15.8194	80.3932
Peddapadu	37	17.9813	81.4385
Pedda Mallapalli	02	15.8834	80.4794
Pedda Maduguru	21	17.8264	81.4551
Pemallapalem	02	15.9047	80.5184
Pedda Gollapalem	02	15.9099	80.5666
Peralipadu	02	15.8982	80.5696
Perali	02	15.8859	80.5473
Peddapuliguvaripalem	02	15.8990	80.6073
Peddapalle	02	15.9534	80.6480
Peddapalem	02	14.6106	79.9997
Pedacherukuru	02	14.4510	80.0200
Pedacherukuru	02	14.4511	80.0401
Peduru	02	14.4310	80.0765
Penubarti	02	14.3473	80.0169
Peddavanjivaka	02	14.0325	80.0750
Peddagovindapalli	02	14.0807	80.1080
Periapalayathankandigai	25	13.4107	80.0645
Peripuliyur	25	13.3908	80.0353
Perumapettai	25	13.3380	80.0815
Peddinayadupettai	25	13.2641	80.0596
Pettai	25	13.3069	80.1168
Peravallur	25	13.3141	80.1558
Peruvayal	25	13.3435	80.1426
Periyasoliyambakkam	25	13.4073	80.1483
Periyaobalapuram	25	13.4584	80.0976
Periyaveppattur	25	13.4543	80.2370
Periyakarumbur	25	13.4389	80.2039
Penbakkam	25	13.4275	80.2124
Perumbedu	25	13.3583	80.2423
Periyakavanam	25	13.3424	80.1886
Periyanjeri	25	13.3126	80.1675
Peducherimedu	25	13.4390	80.2514
Pedda Arukuru	40	17.6478	81.2738
Pedda Mattapalle	40	17.5970	81.3441
Pedda Ekuthota	40	17.7198	81.4121
Pedda Chintanapalle	40	17.7007	81.4326
Peddapadu	40	17.3900	81.2625
Perentpalle	40	17.4650	81.4764
Pedda Maredumilli	02	17.6088	81.7446
Penvchi	35	23.4615	76.6402
Permi	35	22.6204	76.1126
Pesiawara	24	23.4385	74.1469
Peatia	24	23.3685	74.3069
Pesawas	24	26.1328	73.1911
Peti	39	30.0341	79.9647
Penawa	24	25.4962	73.0664
Perhap	34	25.2568	84.5811
Peur	34	25.2674	84.6404
Petsal	39	29.7306	79.4953
Persal	39	29.6293	79.7232
Peras Rampur	39	29.1079	79.6951
Pempura	24	25.0712	74.0059
Pemakhera	24	25.0698	74.0456
Perwa	36	26.3575	84.0544
Pema Chak	36	26.0044	84.0761
Petbharia	34	26.6115	84.3171
Pempur	36	28.5612	79.3420
Pempur	36	28.4007	79.3130
Pemrajpur	36	28.2447	79.3018
Pearepur	34	26.4090	84.5715
Peth Biraicha	34	26.3421	84.5308
Pearepur	34	26.2253	84.8782
Pempur	36	28.4605	79.6102
Pehania	39	28.9406	79.9307
Pearpura	34	25.2287	84.8117
Peare Chak	34	25.0130	84.7608
Penar	34	25.0677	84.0790
Petarhi	34	24.8879	84.2959
Pema	34	24.9341	84.6336
Peddaagraharam	02	16.4944	79.8285
Petasannigandla	02	16.4184	79.7508
Pendapur	34	24.6588	84.6839
Peddakancherla	02	16.0405	79.8083
Pearepur	34	25.2263	85.7924
Peksa	38	24.2179	85.0131
Pejamungur	19	13.4523	74.8311
Perimar	19	13.2979	74.9008
Pernankila	19	13.2884	74.8560
Perdur	19	13.3977	74.9106
Pernal	19	13.2047	74.8544
Peramunnuru	19	12.8222	74.8656
Periyala	19	12.8472	74.9083
Permude	19	12.9980	74.8683
Peramanki	19	12.9214	74.9360
Perna	19	12.8207	74.9387
Petha	19	15.7253	75.3863
Pendlijivi	19	14.1656	77.3930
Peddakodipalle	02	14.0686	77.3948
Peddakodipalle	02	14.0948	77.4553
Peddipalle	02	14.0779	77.4883
Peddamanuturu	02	14.0036	77.4316
Penubolu	02	14.3563	77.6212
Peddavenkatapalle	02	14.2646	77.6423
Peddamogalayyapalle	02	14.3100	77.7071
Penukondavanipalle	02	14.3281	77.6747
Peddapappuru	02	14.9287	77.8623
Pendekallu	02	14.9774	77.8747
Peddapolamada	02	14.9278	77.9558
Peravali	02	14.7955	77.7841
Peddakotla	02	14.5547	77.9378
Pendikatte	19	14.2712	75.3922
Peddachigullarevu	02	14.4874	77.9306
Peddakotavanipalle	02	14.1300	77.9797
Peddapalle	02	14.0601	77.7753
Pedda Choragiri	02	13.9170	77.0944
Petechikpalya	19	13.4615	77.1090
Permanhalli	19	13.3485	77.0259
Peddapalle	02	13.9416	77.3529
Peddireddipalle	02	13.8409	77.4710
Pemmayyanapalya	19	13.6180	77.2553
Pemmanhalli	19	13.2336	77.2676
Pemmanhalli	19	13.0170	77.3039
Peddannapalle	02	13.8953	77.7186
Peddabapayapalle	02	13.9042	77.5619
Peddatimmanhalli	19	13.3957	77.5666
Perumallapalle	02	13.9461	77.8128
Peddanagireddipalle	02	13.9368	77.8192
Peddareddipalle	02	13.9094	77.7657
Pesalparti	19	13.9240	77.8290
Peddaguttapalle	02	13.9631	77.9806
Pemavandlapalle	02	13.9023	77.9941
Penumale	19	13.7847	77.8718
Peddatumakepalli	19	13.7688	77.8448
Pedda Urdinne	19	13.7699	77.9332
Peddareddipalli	19	13.7965	77.9769
Pettanhalli	19	13.0505	77.7921
Perla	19	13.3999	75.0348
Perngodi	19	13.2023	75.0499
Perandarkastan	19	13.0621	75.1695
Perdala	19	13.0772	75.1994
Periyadka	19	13.1934	75.1260
Perjinaya	19	13.0135	75.2281
Permudi	19	13.2154	75.1071
Peganna	19	13.4647	75.2601
Pernale	19	13.0266	75.4334
Perakunta	40	19.2560	79.2694
Peddapur	40	19.0508	79.3390
Peramanahalli	19	13.7378	75.7860
Pelur	16	19.7605	79.6566
Periyar	19	12.8984	75.1079
Peraje	19	12.8272	75.1401
Periya	19	12.9320	75.1527
Perne	19	12.8173	75.1873
Pedi	13	12.5260	75.0566
Peruvai	19	12.6976	75.0708
Periadka	13	12.5459	75.2309
Peral	19	12.6343	75.2209
Peradka	13	12.5441	75.1675
Periyal	19	12.6276	75.1526
Perambale	13	12.4811	75.0302
Perladka	13	12.4573	75.0948
Periyatadka	13	12.4320	75.0739
Periyal	13	12.3760	75.1283
Periye	13	12.4044	75.1026
Periath	13	12.4293	75.1346
Periyana	13	12.4133	75.1287
Periye	13	12.4591	75.1775
Perlath	13	12.3268	75.1873
Peringana	13	12.4590	75.2023
Perampuzha	13	12.1114	75.2200
Peralam	13	12.1687	75.2142
Perable	19	12.8097	75.2542
Perji	19	12.8050	75.3148
Perabe	19	12.7806	75.3680
Pearepur	34	25.0733	85.5623
Pearepur	34	25.0161	85.5760
Perhuka	34	25.1773	85.6075
Pesaurha	34	25.1951	85.6137
Peshaur	34	25.2454	85.5930
Pedda Banda	40	19.4495	79.5592
Pesarkunta	40	19.3024	79.6711
Pedda Bodha	40	19.0901	79.5167
Perakpalli	40	19.0568	79.5462
Pedda Boparam	40	19.0795	79.5901
Peddapet	40	19.2076	79.5979
Pembarhanda	34	25.6882	85.7636
Pethuatanr	34	24.5415	85.1878
Pes	34	24.9384	85.3835
Petula	38	24.4371	85.3718
Petadiri	38	24.3105	85.3419
Pelurahatti	19	14.3144	76.5188
Pettamanahatti	19	14.3352	76.5920
Pennammanahalli	19	14.8699	76.8424
Peddanahalli	19	12.7475	76.2750
Peraje	13	12.5659	75.2776
Perlampadi	19	12.6475	75.3077
Peruvaje	19	12.7006	75.3502
Peraje	19	12.5207	75.4399
Pernoji	19	12.5062	75.4826
Peradka	19	12.5075	75.4991
Pennasamudra	19	13.9547	76.0237
Peraun	34	26.0398	86.3634
Peparia	34	26.1276	86.4313
Pertala	16	19.8401	79.9971
Peltaru	13	12.3402	75.2624
Periyanhana	13	12.3099	75.2646
Perambatte	13	12.2791	75.2761
Perathodi	13	12.4337	75.3347
Periyankotalu	13	12.2611	75.3761
Peringom	13	12.0411	75.3103
Peruvangur	13	12.0015	75.4531
Perinthileri	13	12.0246	75.4548
Penjahalli	19	12.0466	76.2740
Pedda Manepalli	40	19.4509	79.7916
Perze	19	12.7983	75.5532
Peddapetta	40	18.9930	79.1091
Perpalli	40	18.7931	79.2358
Pemdiha	34	25.0164	86.0502
Peramanahalli	19	12.9451	76.1027
Peramanahalli	19	12.9750	76.1860
Peddigondanakoppal	19	12.7046	76.7431
Pendravadi	16	15.8339	74.0819
Pednekarvadi	16	15.8997	74.1357
Peddagonahalu	02	15.5780	77.1513
Peddahoturu	02	15.4414	77.2825
Peddabompalle	02	15.9022	77.2923
Pedda Tumbalam	02	15.7645	77.2617
Peddakadaburu	02	15.7442	77.3543
Pesalabanda	02	15.6800	77.3105
Pedda Hulti	02	15.4100	77.4488
Peravali	02	15.2861	77.4997
Pedda Hoturu	02	15.0098	77.3042
Peddakottaliki	02	15.9214	77.5282
Pedda Dhanavadu	40	15.8943	77.6682
Peta	02	15.8620	77.5624
Pesaladinne	02	15.8009	77.5819
Pedda Maravadi	02	15.7659	77.5833
Pedda Nelaturu	02	15.7617	77.6755
Pendekallu	02	15.3753	77.6243
Peddapodilla	02	15.2882	77.7216
Peralla	40	18.3451	79.0254
Pemhalli	19	12.6655	75.9954
Pedda Potulapadu	40	15.9352	77.9729
Pedda Tandrapadu	40	15.9261	77.7745
Peddapadu	02	15.8072	77.9802
Penchikalapadu	02	15.7536	77.8941
Penumada	02	15.5152	77.7938
Peddadoddi	02	15.4566	77.7509
Peremula	02	15.4750	77.9501
Peddapeta	02	15.0539	77.8379
Peddapaya	02	15.1711	77.8381
Peddareddipalle	02	15.0706	77.9369
Pedda Jalodu	19	14.3217	77.1526
Pedda Kottapalle	02	14.3467	77.2018
Peringalayi	13	11.8842	75.4322
Perumaccheri	13	11.9591	75.4272
Peruvangur	13	11.9968	75.4575
Peddapetta	40	18.9115	79.2789
Peddapetta	40	18.7982	79.4338
Perimanna	13	11.9858	75.5753
Peravur	13	11.9041	75.5584
Perunjeri	13	11.9037	75.5726
Periyaram	13	11.9341	75.6026
Perumparamba	13	11.9910	75.6454
Peravur	13	11.9026	75.7334
Peringadi	13	11.7134	75.5481
Peringalam	13	11.7225	75.6035
Perumundacheri	13	11.6488	75.6722
Peruvattur	13	11.4595	75.6997
Perhichola	13	11.7815	75.9681
Peravaccheri	13	11.5027	75.7838
Perintirulti	13	11.3338	75.7535
Peringolam	13	11.2849	75.8794
Perili	13	11.3750	75.9800
Perincheri	13	10.9740	75.9363
Perintirutti	13	10.8361	75.9154
Perinthallur	13	10.8368	75.9492
Perumparamba	13	10.8012	75.9956
Perumanna	13	10.9916	75.9562
Perichagam	13	10.7365	75.9650
Perumdissheri	13	10.7182	75.9706
Perumpaduppa	13	10.7021	75.9856
Pendral	33	15.5507	74.2365
Pelura	16	19.8546	79.2273
Pedda Asapur	16	19.6229	79.1090
Petta Chintalpalli	40	18.7356	79.3114
Perpalli	40	18.6488	79.4685
Pedda Kalwala	40	18.5789	79.3616
Pedda Bunkur	40	18.5665	79.3683
Peddapalli	40	18.2874	79.4376
Peddapeta	40	18.7163	79.5534
Pedda Wadala	40	18.5803	79.7276
Peddampeta	40	18.4816	79.5043
Pedda Ratipalli	40	18.4955	79.5647
Peddampalli	40	18.4137	79.6376
Peddakomatipalli	40	18.3403	79.6007
Pedda Kodapak	40	18.1670	79.7377
Peddapuram	40	18.0289	79.7269
Pegadapalli	40	18.0496	79.5768
Pembarti	40	18.0842	79.5407
Perlabail	19	12.6697	75.5542
Peddem	33	14.9369	74.0817
Pensulem	33	15.0012	74.0452
Pennupal	19	13.9568	74.5831
Pechkach	34	24.7127	84.2788
Peman	34	24.6460	84.4787
Pemnagar	34	26.1042	87.4341
Petbhari	34	26.3277	87.9730
Pearegoptola	34	25.3493	87.2250
Pealapur	34	25.2458	87.3987
Pekaha	34	25.5424	87.5409
Pelagor	34	25.5992	87.7214
Pergoda Bedo	38	25.0811	87.5306
Pealapur	34	25.6380	87.8259
Pealapur	34	25.6988	87.9381
Pemai	28	25.3030	87.8672
Pema	28	25.4928	87.9609
Pelendaha	38	24.3116	87.5165
Pewta	34	25.2305	85.1368
Pethai	28	24.0067	87.6773
Pera	28	24.5252	87.8855
Perolodala	28	24.1641	87.9971
Pendapur	34	25.2838	85.4136
Peddakodamagundla	02	16.4935	79.7095
Perurupadu	02	16.0952	79.6534
Peddavaram	02	16.0035	79.6437
Pedda Garalapadu	02	16.5270	79.7526
Pedda Chintakunta	40	17.7746	78.2686
Peddapur	40	17.8880	78.3941
Pedda Sivanur	40	17.9278	78.5001
Peta	40	17.2645	78.5862
Peddareddiguda	40	17.5805	78.9249
Peddagudem	40	17.3809	78.7702
Pechaili	34	26.1928	87.5594
Pechaili	34	26.0150	87.6213
Pedgaon	16	20.1523	75.5995
Pera Mahua	36	27.5739	80.0980
Peran Purwa	36	27.5121	80.2162
Peng	36	27.3196	80.0489
Pendapur	36	27.3001	80.1909
Peyad	13	8.5169	77.0235
Peruvemba	13	10.6990	76.6849
Perumpillichira	13	9.8987	76.7404
Periyalur	25	10.2490	79.0787
Peravali	02	16.1390	80.7174
Penumantra	02	16.6434	81.6516
Pergaon	16	19.8046	77.2651
Pemmanahalli	19	13.6660	77.8002
Pendlivarahalli	19	13.5329	77.8167
Peresandra	19	13.5861	77.7921
Peddanhalli	19	13.4993	77.8903
Peddanpalya	19	12.9586	77.3892
Peddanpalya	19	12.9453	77.4046
Perumanpalya	19	12.7185	77.4873
Pedda Matagoudapalli Jagir	25	12.6355	77.7281
Pedda Athalavadi	25	12.5753	77.6527
Peddabasipalli	25	12.5383	77.6815
Peddatekuru	02	15.7315	78.0031
Pendekallu	02	15.5369	78.0556
Peddarajupalem	02	15.3252	78.0511
Petnikota	02	15.0849	78.0618
Peddaventurla	02	15.0265	78.2466
Peddakomarla	02	14.9188	78.3537
Peddandluru	02	14.7726	78.4501
Pesaravayi	02	15.6527	78.4863
Penchikalapalle	02	15.7342	78.4987
Pendalapuram	02	15.3430	78.2548
Peddakopperla	02	15.2967	78.3292
Peddayammanuru	02	15.0690	78.4303
Peddasettipalle	02	14.7660	78.5095
Peddavengali	02	14.9527	78.6428
Peddasinganapalle	02	14.8492	78.6873
Peddakambaluru	02	15.3025	78.6138
Peruru	02	15.2738	78.5356
Peddabodanam	02	15.0387	78.5441
Pendlimarri	02	15.0792	78.9601
Penuzuvvi	02	14.7521	78.1461
Peddiredditimmayapalle	02	14.7494	78.1299
Peddanapalle	02	14.7057	78.1953
Peddakudala	02	14.4854	78.1618
Peddarangapuram	02	14.4539	78.2230
Peddannagaripalle	02	14.3392	78.1422
Perammagaripalle	02	14.9428	78.9865
Peddakammavaripalle	02	14.7602	78.9705
Peddasettipalle	02	14.7186	78.8005
Peddarajupalle	02	14.7435	78.9912
Pedachautapalle	02	14.4663	78.7983
Petatakkolu	02	14.4942	78.8829
Peddapalle	02	14.4046	78.9456
Peddakampalle	02	14.3770	78.7951
Peddareddivaripalle	02	14.2008	78.9281
Peddaballvandlapalle	02	14.1519	78.7946
Peddavandlapalle	02	14.0882	78.9449
Peddagollapalle	02	14.0881	78.9429
Peddapalle	02	14.1267	78.8196
Pemmadapalle	02	14.0270	78.7784
Peddapalle	02	14.0495	78.9100
Pedireddigaripalle	02	14.0402	78.8760
Peddareddipalle	02	13.8954	78.1851
Peddapalle	02	13.8137	78.1429
Peddaedulapalle	02	13.8243	78.2249
Pedduru	19	13.7235	78.0467
Pedduruvandlapalle	02	13.6944	78.1923
Peddapongupalle	02	13.6693	78.1231
Peddarajupalli	19	13.6880	78.0585
Pemmasettihalli	19	13.1512	78.0495
Perjanahalli	19	13.2149	78.0071
Peddapalle	02	13.8952	78.3273
Pendarivaripalle	02	13.8094	78.4585
Peddaguntipalle	02	13.6894	78.3149
Peddapalle	02	13.7386	78.3277
Peddayyagaripalle	02	13.7394	78.3195
Peddapalle	02	13.6949	78.4100
Peddatimmareddigaripalle	02	13.7486	78.4344
Peddabotipalle	02	13.7341	78.4373
Peddamadigapalle	02	13.6258	78.4969
Petrovaripalle	02	13.6612	78.3422
Pedduru	19	13.5633	78.2729
Peddanayanipalle	02	13.4719	78.4552
Peddarajupalle	02	13.4012	78.4723
Pengasandra	19	13.3521	78.3417
Peddakuruvapalle	02	13.3888	78.4208
Pegalapalli	19	13.3793	78.3358
Peddapalli	19	13.3207	78.3145
Petandahalli	19	13.2459	78.5014
Perammakanahalli	19	13.2317	78.5063
Peddathanda	02	13.4342	78.5478
Peddagadidesi	02	13.4448	78.5614
Peddakondacherla	02	13.2901	78.5482
Penchupalle	02	13.3497	78.6047
Pedda Velagaturu	02	13.2706	78.5963
Pedda Arekunta	02	13.3197	78.6471
Peddapanjani	02	13.2981	78.6839
Peddaugini	02	13.2013	78.5717
Pedduru	19	13.2294	78.5364
Peddanayanipalle	02	13.1919	78.6398
Peddapuram	02	13.1478	78.5954
Peddaloradi	02	13.1252	78.5983
Pearepur	34	25.6111	85.6094
Perumalapalli	25	12.8085	77.9175
Pedda Elasagiri	25	12.7740	77.8184
Pedda Jibi	25	12.7322	77.8150
Peddakullu	25	12.7426	77.8836
Perandapalli	25	12.7125	77.8897
Pedda Taradigunta	25	12.5515	77.9253
Pedda Nagatunai	25	12.5591	77.9128
Pedda Betiganapalli	25	12.6401	77.9365
Pedda Attikkottai	25	12.4848	77.8121
Pedda Butikottai	25	12.4938	77.8139
Periyanur	25	12.4459	77.9656
Peyayalamari	25	12.1165	77.9285
Peddanahalli	25	12.1410	77.9434
Pennaganahalli	25	12.1062	77.9758
Periyur	25	12.2377	77.9967
Peddamantralamma	02	15.8820	78.8947
Penamakanhalli	19	12.9938	78.0459
Pemmadoddi	19	12.9060	78.0709
Pelavanhalli	19	12.9484	78.1318
Pedchinpalli	19	12.9589	78.2281
Pedmaripalli	19	12.8923	78.2323
Pedda Kalvanchi	19	12.8251	78.2045
Peddapartigunta	02	12.7529	78.2461
Peddachigaralapalli	25	12.7481	78.0310
Peddamadagalupalli	25	12.6563	78.0081
Perthi	25	12.5990	78.0368
Peddakutibala	25	12.6322	78.0915
Peddagummanur	25	12.5639	78.1474
Peddapulivarisai	25	12.5791	78.1598
Peddanapalli	25	12.6006	78.1521
Peddabadalapalli	25	12.7468	78.1134
Peddanapalli	25	12.5914	78.2487
Peddamelupalli	25	12.5589	78.2106
Peddatalapalli	25	12.5216	78.1817
Peddakodiganapalli	25	12.3923	78.0413
Peddanahalli	25	12.3341	78.0488
Periyamuttur	25	12.4630	78.1969
Periyakottai	25	12.2779	78.2037
Periyapulahalli	25	12.2681	78.1860
Periyanhalli	25	12.2565	78.1883
Peddanur	25	12.2611	78.2476
Periyamottupatti	25	12.2935	78.2156
Pennesvaramadam	25	12.3923	78.2459
Periyakurumbatti	25	12.1447	78.1963
Periyur	25	12.0402	78.2195
Peyalnayakkanhalli	25	12.2427	78.1531
Peddapalli	19	12.9770	78.2714
Pedduru	02	12.8411	78.3216
Peddagollapalli	02	12.8112	78.2602
Pedduganur	02	12.8895	78.3726
Pedduru	02	12.8979	78.3429
Peddagahuru	02	12.8259	78.4536
Peddakuruvalapalli	02	12.8135	78.4649
Pedduru	02	12.8939	78.4995
Peddabharanipalli	02	12.9736	78.4920
Peddamattarapalli	25	12.5943	78.3065
Perumalappavuru	25	12.6420	78.4628
Periyapanamutlu	25	12.4972	78.2657
Peruhalli	25	12.3627	78.2753
Perungopanahalli	25	12.4274	78.3662
Perumalkuppam	25	12.4310	78.4033
Perumalkuppam	25	12.2730	78.4952
Peramagavundanur	25	12.3761	78.4790
Perumalhalli	25	12.1004	78.3119
Pettanur	25	12.0428	78.2853
Peddasamudram	25	12.0390	78.3737
Perumandapatti	25	12.2001	78.3727
Perichchur	25	12.2400	78.3411
Periyakamakshippatti	25	12.2459	78.3677
Perumanayakkanhatti	25	12.2261	78.4489
Peddur	25	12.0558	78.4095
Periyakammiyampatti	25	12.5916	78.5651
Perumakavundanur	25	12.5033	78.5196
Periyavengayapalli	25	12.5124	78.5938
Periyapet	25	12.6843	78.6036
Perumalpet	25	12.6799	78.6277
Periyavelakkuttai	25	12.6573	78.6893
Peramapattu	25	12.5305	78.6488
Periyasamudram	25	12.5041	78.6315
Periyamottur	25	12.6066	78.5754
Periyakavundanur	25	12.3854	78.5313
Peyanur	25	12.3166	78.5517
Periyatallapadi	25	12.2834	78.5937
Perampattu	25	12.3798	78.5925
Perampalli	25	12.4572	78.6943
Perumbadi	25	12.9546	78.8414
Periyathambiur	25	12.9934	78.8532
Periyamettur	25	12.9527	78.9200
Periakattupadi	25	12.8824	78.9285
Perumalpuram	25	12.9713	78.9772
Pettai	25	13.0001	78.9046
Peddur	25	12.6272	78.7544
Periyamalai	25	12.5865	78.9419
Perunkattur	25	12.5660	78.9114
Peruvali	25	12.6089	78.9766
Periyavirapattu	25	12.6820	78.9949
Periyapanaparai	25	12.6886	78.9613
Periyakottansetti	25	12.7355	78.9506
Periyayettipatti	25	12.7316	78.9732
Periyannahur	25	12.5902	78.9168
Perasayappattu	25	12.2369	78.7866
Perunkolattur	25	12.0430	78.9174
Perumbakkam	25	12.2202	78.9964
Periyakolappadi	25	12.2504	78.9758
Peddabommalapuram	02	15.9419	79.1318
Periyapannimaduvu	25	12.1385	78.5535
Periyappatti	25	12.0902	78.6896
Peddapayalapalle	02	15.4012	78.9196
Pendluru	02	14.4384	78.3613
Peddayagaripalle	02	14.4874	78.3854
Peddajuturu	02	14.4021	78.2900
Pernapadu	02	14.4124	78.3538
Peddannavaripalle	02	14.2535	78.3384
Peddapapayapalle	02	14.1694	78.2548
Pennabadivandlapalle	02	14.1722	78.3053
Peddaramayagaripalle	02	14.1055	78.3909
Pereddivaripalle	02	14.0691	78.3919
Peddadasaripalle	02	14.4325	78.6268
Pendlimarri	02	14.4450	78.6399
Pesalavaripalle	02	14.4275	78.7105
Peddaegulapeta	02	14.2756	78.7175
Pechuguttapalle	02	14.1267	78.6838
Peddaramireddigaripalle	02	14.0574	78.6955
Peddakalavapalle	02	14.0579	78.7143
Peddapalle	02	14.0461	78.7223
Peddapalle	02	14.0054	78.5599
Peyalavaripalle	02	14.0153	78.7336
Peddakandukuru	02	15.6435	79.0457
Peddanallakalava	02	15.5509	79.0416
Peddaobanayanipalle	02	15.5700	79.1940
Peddanagulavaram	02	15.7562	79.2580
Penchikalapadu	02	15.4387	79.0633
Peddanagampalle	02	15.0691	79.1574
Peddayachavaram	02	15.7570	79.3272
Peddapalle	02	15.6504	79.4887
Perareddipalle	02	15.5862	79.4348
Peddakrishnamarajupalle	02	15.0676	79.3354
Peddireddipalle	02	15.1977	79.4689
Peddireddipalle	02	15.0695	79.2881
Peddanapalem	02	15.8076	79.5005
Peddavaram	02	15.8865	79.6454
Perubhatlapalem	02	15.9093	79.5397
Pedda Uyyalavada	02	15.6281	79.7140
Pennikavandlapalle	02	15.5495	79.6819
Peramgudipalle	02	15.3854	79.5255
Peddanagaripalle	02	15.2912	79.5358
Peddabhattupalle	02	15.3151	79.5681
Perareddipalle	02	15.2464	79.5983
Peddannapalem	02	15.2130	79.6847
Pentrala	02	15.0635	79.7181
Perumallapalle	02	15.9958	79.8166
Peddaravipadu	02	15.8117	79.8563
Perayapalem	02	15.7286	79.9200
Peddaisullapalle	02	15.4990	79.2709
Peddaummanipalle	02	15.4954	79.2752
Peddavenkanapalem	02	15.2252	79.7986
Peddamatipalle	02	15.4845	79.3357
Peddagollapalle	02	15.4824	79.3392
Peddadasullapalle	02	15.4347	79.3315
Perugupalle	02	15.3640	79.4156
Peddaletarapi	02	15.0325	79.8539
Peddayersala	02	14.9950	79.0378
Peddapapireddipalli	02	14.7489	79.0232
Peddachakalavaripalli	02	14.9928	79.1961
Pedullapalli	02	14.8163	79.0225
Pennamvari	02	14.8575	79.0508
Peddapotupalli	02	14.7040	79.1490
Peddarachapalli	02	14.6195	79.1012
Pennaperuru	02	14.4391	79.0314
Peddagentigaripalli	02	14.3157	79.1391
Peddalugudi	02	14.3031	79.0430
Penarasupalli	02	14.2486	79.0465
Peramvandalapalli	02	14.2321	79.2396
Periyavaram	02	14.0991	79.2097
Peddayapalli	02	14.4062	79.3100
Perlakunta	02	14.3643	79.3245
Perumallapalli	02	14.1031	79.2938
Pedda Orampadu	02	14.0958	79.2751
Peddavur	02	14.1137	79.3612
Peddanarupalli	02	14.0071	79.3709
Perikepalem	02	14.9634	79.7208
Pedda Annaluru	02	14.7902	79.6908
Peddagopavaram	02	14.4628	79.5515
Penuballigopasamudram	02	14.3581	79.5058
Perumallapadu	02	14.2504	79.6974
Peddarazupalli	02	14.1823	79.6249
Peddayachasamudram	02	14.0250	79.5618
Peddaputtedu	02	14.6055	79.9333
Peyyalapalem	02	14.6037	79.9579
Pemmareddipalem	02	14.5598	79.9571
Penuballi	02	14.4968	79.8898
Petakolaunkuduru	02	14.2016	79.9532
Peduru	02	14.1975	79.8898
Pedurupalem	02	14.1733	79.9168
Pentapadu	02	14.1219	79.8978
Peddapalli	02	13.9373	79.0042
Penikundalapalli	02	13.8338	79.0505
Peddagandlapalli	02	13.7526	78.9994
Peddanayanivaripalli	02	13.7176	79.1370
Peddanidivandlapalli	02	13.6859	79.0231
Peddamallela	02	13.7013	79.0328
Peddanampalli	02	13.6701	79.0404
Peddakurabapalli	02	13.6494	79.0486
Peravaripalli	02	13.5833	79.0565
Perumallugudipalli	02	13.5203	79.0349
Peddaramapuram	02	13.4871	79.1309
Peyareddipalli	02	13.4466	79.0357
Perayagaripalli	02	13.4299	79.0050
Perumallanayanipalli	02	13.4063	79.1225
Peddaboyyanapalli	02	13.4238	79.1312
Peddammagaripalli	02	13.4235	79.1603
Perumallakhandrika	02	13.2967	79.1634
Petapalli	02	13.3431	79.0619
Peta	02	13.3494	79.0821
Peddakondapalli	02	13.2710	79.1924
Peyanakhandrika	02	13.2258	79.0475
Periyanapatti	02	13.2332	79.0765
Periyamabadi	02	13.1683	79.0537
Perumallapalli	02	13.1662	79.0420
Perakur	02	13.1434	79.0204
Perumallupenta	02	13.1278	79.0058
Peddasettipalli	02	13.0958	79.0772
Peyanapalli	02	13.1347	79.1383
Perumalkhandrika	02	13.1659	79.1471
Periyannapalli	02	13.1884	79.1226
Peddakalya	02	13.2320	79.1690
Perumallakuppam	02	13.0337	79.1719
Peddakondepalle	02	13.2864	79.2909
Peddabodanattam	02	13.2617	79.2900
Petakhandriga	02	13.4476	79.3631
Perumanellur	25	13.3145	79.4549
Peddunayakanpalaiyam	02	13.1423	79.2732
Perumalkuppam	25	13.0860	79.2500
Peddakichakuppam	25	13.0637	79.2538
Perunganji	25	13.0511	79.4082
Peddaramapuram	25	13.1064	79.3700
Peddanagapundi	25	13.1231	79.3662
Perimaderi	25	13.1412	79.4092
Peddabalapuram	25	13.1529	79.3863
Petluru	02	13.9525	79.6307
Peryavaram	02	13.9316	79.6076
Pendiruvaripalli	02	13.9882	79.7273
Peddakanuparti	02	13.8305	79.7243
Peddasingamala	02	13.7895	79.7361
Peddakannali	02	13.7771	79.7324
Penkulapadu	02	13.7529	79.6826
Peddanjimedu	02	13.6746	79.5799
Penumallam	02	13.6022	79.5640
Penumallamkattubadipalem	02	13.5996	79.5635
Pennagadam	02	13.6003	79.5528
Penneripalli	02	13.6727	79.6555
Perindesam	02	13.6025	79.7324
Peddamalavada	02	13.4143	79.5826
Petakhandriga	25	13.2614	79.5127
Perugumi	25	13.2155	79.5420
Perumalrajupeta	25	13.0970	79.5754
Periyakadambur	25	13.1384	79.5878
Perumaltangal	25	13.1520	79.6274
Perumuchchi	25	13.0560	79.6756
Perumallapalli	02	13.8497	79.7841
Pennepalli	02	13.8782	79.8781
Pellakuru	02	13.9732	79.9742
Peddapalavedu	02	13.7319	79.8527
Perimotupalaiyam	02	13.7010	79.9584
Peddaittipakkam	02	13.5012	79.9575
Perunjeri	25	13.2984	79.8885
Perittivakkam	25	13.3133	79.9091
Peradam	02	13.3872	79.9216
Perandur	25	13.3172	79.9428
Perambur	25	13.3064	79.9716
Peddakalakatturu	25	13.0639	79.7593
Periyaramanujapuram	25	13.0044	79.9229
Perambakkam	25	13.1449	79.8975
Pettai	25	13.2057	79.9568
Perattur	25	13.1889	79.9696
Perumallapatti	25	13.1120	79.9921
Penancasapuram	25	13.0069	79.9258
Pelampattu	25	12.7130	78.9996
Periyavali	25	12.5871	79.0174
Periyagaram	25	12.5387	79.1174
Periyakalambadi	25	12.3858	79.0339
Pelasur	25	12.4623	79.1517
Peranampakkam	25	12.4605	79.2113
Perayampattu	25	12.0812	79.0178
Perunduraipattu	25	12.0785	79.0044
Perumanam	25	12.0425	79.1088
Periyakallapadi	25	12.0988	79.1025
Perungalmodu	25	12.9629	79.3833
Perungalmedu	25	12.8683	79.4441
Pelantangal	25	12.6277	79.3151
Perumantangal	25	12.7304	79.3216
Perumanthangal	25	12.7342	79.3419
Pennagaram	25	12.7180	79.4013
Perumbakkam	25	12.5079	79.4891
Perumpallam	25	12.6839	79.4955
Periyanolambai	25	12.4323	79.3372
Peranampakkam	25	12.4888	79.3664
Peruvalur	25	12.4067	79.3935
Pennagar	25	12.3431	79.4405
Perumpundi	25	12.3622	79.4401
Periyatangal	25	12.4076	79.4254
Perunkadaputtur	25	12.4443	79.4655
Perumpugai	25	12.2647	79.4460
Pettaisenji	25	12.2292	79.2576
Periyamur	25	12.2014	79.3424
Perunkappur	25	12.2354	79.3570
Pettai	25	12.0890	79.3754
Perunkalampundi	25	12.0825	79.3992
Peruvalaiyam	25	12.9367	79.5275
Perumantangal	25	12.7774	79.5241
Perumbakkam	25	12.8478	79.5795
Perumbulipakkam	25	12.8945	79.5560
Perapperi	25	12.9861	79.5615
Periakarumbur	25	12.9120	79.6750
Peramanallur	25	12.7596	79.7402
Perungattur	25	12.7484	79.5343
Perunagar	25	12.6498	79.6585
Perumbalimedu	25	12.7347	79.6426
Pennathur	25	12.5642	79.6599
Pennalur	25	12.5991	79.7118
Periyakovil	25	12.6989	79.5500
Perumpalai	25	12.6116	79.5508
Perumpandi	25	12.7315	79.5585
Perungalattur	25	12.6844	79.5765
Pennattagaram	25	12.3619	79.5109
Periyakuppam	25	12.3837	79.6097
Perapperi	25	12.3066	79.6183
Perumalputtai	25	12.2919	79.6610
Perappanankadu	25	12.4180	79.6494
Periyatacchur	25	12.1082	79.5266
Peramppattu	25	12.1739	79.5624
Peramandur	25	12.2122	79.5907
Perapathangal	25	12.2400	79.5796
Peradikuppam	25	12.2490	79.5715
Pelakkuppam	25	12.2385	79.6271
Perumbakkam	25	12.0951	79.6577
Peradikuppam	25	12.1601	79.6495
Perumukkal	25	12.2026	79.7348
Peravur	25	12.1603	79.7477
Perianattam	25	12.7727	79.7516
Periamadurappakkam	25	12.8315	79.8843
Peddunayaknantangal	25	12.9124	79.9275
Perumaltangal	25	12.8066	79.9788
Perumbakkam	25	12.5135	79.8149
Pettai	25	12.5271	79.8414
Perunkoli	25	12.6029	79.8075
Peranakkavur	25	12.7122	79.8932
Pettai	25	12.5992	79.9016
Periyakuppam	25	12.7469	79.9422
Perambakkam	25	12.4030	79.8704
Perukkaranai	25	12.3897	79.8705
Pettai	25	12.3382	79.8545
Periyakilakkadu	25	12.3310	79.8901
Peruveli	25	12.4307	79.9138
Periyavelikkadu	25	12.4480	79.9710
Pettainattam	25	12.1066	79.7767
Pettai	25	12.0256	79.7993
Peruvaka	13	11.7905	76.0150
Perrurur	13	11.7387	76.1256
Pellagudam	13	11.6831	76.2167
Perambath	13	11.6315	76.1741
Peruli	13	11.4336	76.0359
Peruli	13	11.4477	76.0569
Peruvampadam	13	11.3110	76.1897
Peragamanna	13	11.2189	76.1068
Perimbalam	13	11.0719	76.1150
Perintattiri	13	11.0369	76.1360
Perumpalli	25	11.5636	76.3975
Perimpoyilpadam	13	11.2933	76.2524
Peruvappara	13	11.3401	76.3403
Perumkulam	13	11.3625	76.2977
Perattutalamund	25	11.4466	76.6089
Periyamulli	25	11.2254	76.7178
Pettala	25	11.4320	76.8229
Peppenu	25	11.3946	76.8421
Permandur	25	11.2013	76.8217
Perukapatti	25	11.1569	76.8645
Perumpatti	25	11.1527	76.8745
Periyatadagam	25	11.0656	76.8544
Perumbalam	13	10.8311	76.0430
Perumannur	13	10.7553	76.0980
Perumudiyur	13	10.8088	76.1627
Perasshanur	13	10.8530	76.0586
Perumukka	13	10.7447	76.0164
Perumbal	13	10.7155	76.0125
Perunthuruthi	13	10.6999	76.0461
Pelakattupayyur	13	10.6163	76.0899
Perumpalli-Chavakkad	13	10.5991	76.0567
Peringad	13	10.5491	76.0708
Peringavu	13	10.5450	76.2189
Peruvallur	13	10.5537	76.0926
Perumanna	13	10.6140	76.1209
Perimpulava	13	10.7192	76.0950
Peringod	13	10.7387	76.1314
Perinkannur	13	10.7489	76.1840
Penagam	13	10.5485	76.1038
Peringannur	13	10.5790	76.1631
Perumpatanna	13	10.1445	76.2150
Perumangod	13	10.8972	76.4038
Perimbadari	13	10.9770	76.4480
Perengod	13	10.8652	76.4792
Peradikkunnu	13	10.7889	76.4553
Perur	13	10.7674	76.4767
Peringottukurusshi	13	10.7554	76.4943
Pelayampadam	13	10.6353	76.3624
Perappatti	13	10.6972	76.4872
Perambra	13	10.3433	76.3184
Perambra	13	10.3242	76.3189
Pettakottumula	13	10.0366	76.3588
Peringuzha	13	10.0638	76.3458
Peringala	13	10.0020	76.4005
Peralappulli	13	10.7174	76.7526
Periyachallai	13	10.6091	76.7674
Periyapodu	25	10.6099	76.8786
Periyakavundanur	13	10.6359	76.8430
Perumparaichallai	13	10.7293	76.8490
Peddanayakkanur	25	10.5772	76.9746
Perumbamkuttu	13	10.1364	76.9193
Pedukari	13	9.3965	76.4733
Perunilam	13	9.6665	76.7950
Perumkulam	13	9.6741	76.8504
Peruvanthanam	13	9.5522	76.9247
Perumkulam	13	9.0356	76.7623
Perumannur	13	8.9593	76.8529
Perumgallur	13	8.9061	76.8644
Perumanela	13	8.8160	76.8915
Perinchal	13	8.6999	76.8803
Pedikulam	13	8.7331	76.8889
Perumatura	13	8.6141	76.8037
Perur	13	8.5620	76.8993
Perurkonam	13	8.5491	76.9236
Perukada	13	8.5371	76.9665
Periyaputtur	25	11.2280	77.0289
Periyakurumbapalaiyam	25	11.2367	77.1923
Periyakattupalaiyam	25	11.2391	77.2076
Periyakavundanur	25	11.1565	77.1941
Peddanayakkanpalaiyam	25	11.1177	77.0424
Perumampalaiyam	25	11.0774	77.2365
Perumakkavundanpalaiyam	25	11.0300	77.1970
Peddamuchchipalaiyam	25	11.0581	77.2142
Pezhayakapalli	13	10.0198	76.5617
Perumannur	13	10.0782	76.6980
Perumpadi	25	10.7827	76.9294
Periyakavundanur	25	10.7713	76.9767
Perunirmangalam	13	9.6308	76.3204
Perunturuttu	13	9.5961	76.3431
Perunturuttu	13	9.5826	76.3634
Perungala	13	9.1850	76.5173
Perumantazha	13	9.1057	76.5069
Perurkaranma	13	9.1683	76.6195
Peringanad	13	9.1496	76.7094
Perumtottattu Kilakkekara	13	8.9918	76.5748
Peringalavadakkekunnukara	13	8.9994	76.6078
Peringalakunnu	13	8.9891	76.5981
Perayattuseri	13	8.9875	76.6641
Perumpalaseri	13	8.9462	76.6966
Pengulam	13	8.7655	76.6990
Periyapulamedu	25	11.4315	77.2545
Peddanpalaiyam	25	11.8720	77.4617
Periya Sengolam	25	11.7284	77.4743
Periya Gundari	25	11.6477	77.4006
Perumakkavundanvalasu	25	11.4475	77.4790
Perumamuppansalai	25	11.3920	77.4099
Perumakkavundanpudur	25	11.4128	77.4801
Pettampalaiyam	25	11.2683	77.3864
Periya Virasangili	25	11.2635	77.4860
Periyachamangur	25	11.2420	77.4085
Periyakarukkupalaiyam	25	11.2100	77.4064
Periyakkapalaiyam	25	11.2176	77.4263
Perungarunaipalaiyam	25	11.1691	77.2648
Periyapalaiyam	25	11.1805	77.3106
Periyapudur	25	11.1636	77.3640
Pettampalaiyam	25	11.1529	77.4010
Perichchipalaiyam	25	11.0875	77.3600
Periyapalaiyam	25	11.1227	77.4132
Perumanal	25	11.0709	77.3930
Peruntoluvu	25	11.0443	77.4330
Periyariyapatti	25	11.0267	77.4797
Peddampalaiyam	25	11.0029	77.3377
Periya Ullur Tanda	25	11.8370	77.6625
Periyakulam	25	11.6779	77.7164
Perumalkovilpudur	25	11.5750	77.5563
Pettakkapalaiyam	25	11.5850	77.6632
Periyanattampalaiyam	25	11.5843	77.7242
Perumalpalaiyam	25	11.5608	77.5385
Periyakurumbapalaiyam	25	11.5560	77.7028
Periyandipalaiyam	25	11.5608	77.6939
Pettanayakkanur	25	11.5071	77.6645
Perundalaiyur	25	11.4631	77.5628
Pettampalaiyam	25	11.4967	77.5773
Periyamudaliyur	25	11.4409	77.5910
Periyapuliyur	25	11.4296	77.6309
Perumapalaiyam	25	11.4743	77.6245
Periya Vadamalapalaiyam	25	11.4875	77.6200
Perumapalaiyam	25	11.4345	77.6700
Perumappalaiyam	25	11.4352	77.6917
Periyakattuvalasu	25	11.3733	77.5271
Perumampalaiyam	25	11.4195	77.5272
Periyakavundanvalasu	25	11.3859	77.5356
Perodu	25	11.3867	77.6370
Pettampalaiyam	25	11.4098	77.7330
Pennandavalasu	25	11.3560	77.5807
Periya Vilamalai	25	11.3307	77.6108
Peruinapalaiyam	25	11.3442	77.6454
Periyavalasu	25	11.3483	77.7113
Perumampalaiyampudur	25	11.2885	77.5428
Perumampalaiyam	25	11.2877	77.5462
Perumapalaiyam	25	11.2777	77.7003
Perumappalaiyam	25	11.2484	77.6958
Periya Kattupalaiyam	25	11.1669	77.5135
Peryandipalaiyam	25	11.1756	77.5567
Periya Kaliyappakavundanvalasu	25	11.0952	77.5850
Perichchikkavundanpalaiyam	25	11.0842	77.7260
Perumalpudur	25	11.0465	77.7401
Perungaranaipalaiyam	25	11.0016	77.6743
Periya Soragai	25	11.7394	77.9170
Periyerippatti	25	11.7256	77.9933
Periya Kadampatti	25	11.7162	77.9882
Periyampatti	25	11.6988	77.9808
Periya Andiyur	25	11.6898	77.9485
Periyakavundanur	25	11.5570	77.8903
Periya Tandavanur	25	11.5282	77.9456
Peddanur	25	11.9902	77.9586
Periyakavundanur	25	11.9268	77.8378
Perumalkavundanur	25	11.8380	77.7799
Periya Jogimavur	25	11.8275	77.7848
Periyatandavanpatti	25	11.8379	77.8758
Periyakaranur	25	11.8395	77.9718
Periya Aranganur	25	11.8097	77.9927
Pedda Vadugapalaiyam	25	11.4866	77.9927
Periyapanangadu	25	11.4564	77.8809
Periya Kottaippalaiyam	25	11.4177	77.9432
Pettampatti	25	11.4217	77.9582
Periya Kottampalaiyam	25	11.3923	77.9938
Perumalpalaiyam	25	11.3129	77.8365
Perunkurichchi	25	11.2800	77.9084
Perumapatti	25	11.2629	77.9634
Perumapalaiyam	25	11.2376	77.7915
Periya Vettipalaiyam	25	11.2226	77.8218
Perichchakkavundanpalaiyam	25	11.1882	77.9006
Perunapalaiyam	25	11.1864	77.8333
Perumapalaiyam	25	11.1453	77.8427
Periyasolipalaiyam	25	11.1530	77.9305
Periya Marudur	25	11.1171	77.9293
Periyakattur	25	11.1341	77.7898
Perumporappu	25	11.0962	77.8196
Periya Murtippalaiyam	25	11.0715	77.8709
Periyanattam	25	11.0511	77.9152
Perumakkavundanpudur	25	11.0041	77.8318
Periyakuyilai	25	10.9008	77.0747
Periyasedappalaiyam	25	10.8863	77.2284
Peryiakalandai	25	10.8166	77.1287
Periyapudur	25	10.8098	77.1549
Pedappampatti	25	10.6764	77.2191
Periyakavundanpudur	25	10.6657	77.0577
Periyapappanuttu	25	10.5707	77.1505
Periyavalavadi	25	10.5488	77.1812
Pettimuttampatti	25	10.2727	77.2485
Perumalai	13	10.2055	77.1921
Pedarampalaiyam	25	10.8523	77.4420
Pettaikkalipalaiyam	25	10.8082	77.3572
Periyakumarapalaiyam	25	10.7748	77.3137
Pettampatti	25	10.7347	77.3682
Periya Puttur	25	10.7153	77.4079
Peychchinayakkanur	25	10.5910	77.4223
Periyamottanuttu	25	10.5408	77.4514
Perisinampatti	25	10.5018	77.2873
Perumalpudur	25	10.4864	77.3238
Peddanayakkanpattipudur	25	10.4941	77.4276
Peddanayakkanpatti	25	10.4884	77.4778
Periya Kalaiyamputtur	25	10.4429	77.4639
Periyavadavadi	25	11.5773	79.3112
Pedunankuppam	25	11.6089	79.3530
Periyakuppam	25	11.7392	79.3637
Periyakappankulam	25	11.5972	79.4228
Peramattur	25	11.6173	79.4964
Perperiyankuppam	25	11.6611	79.4859
Perambalur	25	11.4937	79.2523
Peralaiyur	25	11.4646	79.3178
Pelandurai	25	11.4048	79.2798
Periya Karukkai	25	11.3960	79.3679
Periya Kuppam	25	11.4481	79.4690
Peruvarappur	25	11.4458	79.4660
Perundurai	25	11.4328	79.4522
Perur	25	11.4025	79.4875
Periyakrishnapuram	25	11.3295	79.4297
Periyavalaiyam	25	11.1934	79.3903
Perumangudi	25	10.9099	79.2768
Perichchankiliyur	25	10.8371	79.2837
Periyakottai	25	10.7615	79.3655
Perungudi	25	10.8324	79.3768
Perappadi	25	10.8981	79.4980
Pekkarumbankottai	25	10.5798	79.2866
Periya Kumulai	25	10.5603	79.2797
Peraiyur	25	10.6384	79.3783
Perumalkovilnattam	25	10.5472	79.4414
Perambur	25	10.7455	79.4354
Perumalkovil	25	10.4236	79.3001
Peykkalikkadu	25	10.3697	79.3936
Periyakottai	25	10.4809	79.4357
Peruvidamarudur	25	10.5056	79.5182
Perumalai	25	10.5580	79.7386
Perumpuliyur	25	10.8971	79.0884
Peramur	25	10.9032	79.1389
Periyamarai	25	10.9490	79.1482
Perumalkovil	25	10.9256	79.2033
Perungarai	25	10.8885	79.2334
Perumakkanallur	25	10.8592	79.2042
Perumalakkudi	25	10.8523	79.2059
Periyakottai	25	10.5679	79.0797
Perichchivanniyanpatti	25	10.5462	79.0210
Peyadipatti	25	10.5431	79.1510
Periya Tumbur	25	10.6682	79.8111
Periyaguttagai	25	10.4326	79.8548
Perumpanniyur	25	10.8394	79.5419
Perumangalam	25	10.7684	79.5019
Perumpugalur	25	10.8030	79.6206
Perungudi	25	10.7527	79.6154
Periya Kannamangalam	25	10.8306	79.7314
Pettai	22	10.9124	79.7803
Perunkadambanur	25	10.7932	79.7966
Pehelaju	21	20.4085	84.7636
Peto	38	23.8580	85.0640
Pesratoli	38	23.7731	85.0736
Pelanitoli	38	23.0336	85.2321
Pertol	38	23.4065	85.4916
Pertol	38	23.3833	85.4123
Petasudtoli	38	23.3065	85.4790
Perka	38	23.0106	85.2697
Peraidih	38	23.1011	85.6817
Penk	38	23.9048	85.8910
Pejuwa	38	23.8755	85.7611
Peringchouli	38	23.2386	85.7742
Peretorang	28	23.2343	85.8918
Pelkadih	38	23.0373	85.7801
Petoi	38	22.8670	85.1270
Pesam	38	22.7614	85.0834
Peter	38	22.5151	85.1139
Pedidih	38	22.9036	85.4190
Pekha	38	24.3307	84.8063
Perwantoli	38	23.1243	84.1928
Peshrar	38	23.6487	84.5583
Pechegarha	38	23.6483	84.5658
Pesrar	38	23.5540	84.5492
Petpetraheratoli	38	23.6867	84.9906
Petetoli	38	23.0704	84.8219
Petiatoli	38	22.6660	84.4445
Petitoli	38	22.8030	84.6158
Petsera	38	22.8478	84.6850
Periyal	25	9.5301	77.6777
Perumapatti	25	9.3475	77.5456
Perumalthevanpatti	25	9.4615	77.6303
Peyampatti	25	9.3872	77.6290
Periyaswamipuram	25	9.0497	77.5118
Periyakovilankulam	25	9.1219	77.5469
Perumputtur	25	9.2271	77.5323
Perumkottur	25	9.1984	77.5868
Perumalpatti	25	9.0563	77.6287
Periaswamipuram	25	9.0064	77.7099
Pennaiarpuram	25	9.1345	77.6595
Peyar Kani	25	8.6195	77.2726
Perinjakonam	25	8.3096	77.3050
Perumala Kanikkudi	25	8.4291	77.3305
Perunchilambu	25	8.2957	77.3469
Perumankod	25	8.1874	77.2960
Periyappalli	25	8.1910	77.2943
Peyankuzhi	25	8.2030	77.3476
Periyakattutura	25	8.1122	77.3890
Perunkulam	25	8.1359	77.4206
Pechankulamcheri	25	8.2243	77.4322
Perukkulam Paracheri	25	8.1489	77.4800
Periyanayakipuram	25	8.9403	77.5191
Perumalkulam	25	8.6001	77.5628
Perumalkulam	25	8.5365	77.5963
Pettai	25	8.7236	77.6625
Perungalipuram	25	8.2793	77.5871
Perungudi	25	8.2792	77.6031
Perpilankulam	25	8.2930	77.6204
Perusankudi	25	8.3046	77.6195
Perumpattu Sanarkudi	25	8.4862	77.6495
Peddarangapuram	25	8.2598	77.6412
Perumalpuram	25	8.1155	77.5335
Periyavilakudiyiruppu	25	8.1268	77.5405
Periyakulam	25	8.1766	77.6009
Peykkulam	25	8.5119	77.8623
Petmanagaram	25	8.6517	77.9552
Perur	25	8.6417	77.9467
Perichchipalaiyam	25	10.9894	78.0494
Perumapatti	25	10.9115	78.0824
Perumalreddikulattukadu	25	10.7988	78.1274
Perumalkovilpatti	25	10.8088	78.1677
Perumalpatti	25	10.8822	78.1164
Periya Kavundanur	25	10.9911	78.1283
Periya Pallipalaiyam	25	10.9924	78.1796
Perumanpatti	25	10.6791	78.0646
Perainayakkanpatti	25	10.6360	78.1120
Periyapattinayakkanur	25	10.5873	78.2278
Perumalkovilpatti	25	10.4924	78.0661
Perumalkovilpatti	25	10.4580	78.0056
Perumpulli	25	10.4652	78.0554
Periyakottai	25	10.3772	78.0486
Perumalkovilpatti	25	10.3015	78.0520
Pettanpatti	25	10.2785	78.0789
Pettanpatti	25	10.2622	78.0757
Perumayippatti	25	10.2911	78.0966
Peddakavundanpatti	25	10.3367	78.0967
Perumalkovilpatti	25	10.4675	78.1434
Peddappatti	25	10.4985	78.1182
Periyavur	25	10.4007	78.2405
Perumalpatti	25	10.0563	78.0872
Periya Ilandaikkulam	25	10.0682	78.0490
Periyapatti	25	10.0298	78.1608
Periyakulam	25	10.1011	78.1417
Perumalpatti	25	10.1372	78.1874
Perumalkovilpatti	25	10.2044	78.1120
Perumalpatti	25	10.0059	78.2390
Periya Kolattur	25	10.8161	78.3437
Peddanayakkanur	25	10.7818	78.3583
Peramur Agraharam	25	10.9245	78.4930
Pettaivayttalai	25	10.9014	78.4940
Perur Odayapatti	25	10.8005	78.4304
Periyapatti Viramalai	25	10.6508	78.3008
Periya Kulattuppatti	25	10.6166	78.2972
Periya Ayyattampatti	25	10.6432	78.3170
Perumapatti	25	10.5528	78.3807
Perumalkavundanpatti	25	10.7342	78.3531
Periyavittupatti	25	10.7023	78.4950
Periyapatti Kumaravadi	25	10.6723	78.4634
Perichchikavundanpatti	25	10.5713	78.4880
Periya Manappatti	25	10.5669	78.4498
Peyyampatti	25	10.3424	78.2528
Periya Aravankurichchi	25	10.3229	78.2769
Perumalpatti	25	10.3596	78.3554
Periya Tenampatti	25	10.3592	78.4278
Pettakonappatti	25	10.4261	78.4964
Perumalpatti	25	10.3719	78.4733
Periyur	25	10.1574	77.4408
Peralaikkattuvalasu	25	10.9892	77.6244
Perumkaranpalaiyam	25	10.9990	77.6649
Periya Talakkarai	25	10.9243	77.6576
Perumampalaiyam	25	10.8720	77.5616
Periyapanaipati	25	10.8808	77.5623
Peramiyam	25	10.8142	77.6282
Periyannakavundanvalasu	25	10.8185	77.6830
Peranayakkanvalasu	25	10.7579	77.6823
Perumalpalaiyam	25	10.7541	77.7242
Perumakkavundanvalasu	25	10.7243	77.7098
Perumalkovilvalasu	25	10.6401	77.6430
Perumalnayakkanvalasu	25	10.6144	77.5942
Perichchipalaiyam	25	10.6309	77.5040
Perumalkavundanvalasu	25	10.6001	77.7271
Perumalnayakkanvalasu	25	10.5339	77.6370
Perumalnayakkanvalasu	25	10.5378	77.5993
Periyakottai	25	10.5105	77.6810
Perumalpatti	25	10.5020	77.7319
Perumbalappatti	25	10.1057	78.3983
Pepanayampatti	25	10.1081	78.4159
Perandappatti	25	10.1309	78.4119
Perichangudi	25	10.1366	78.3683
Periyakottaippatti	25	10.0196	78.4589
Perinayakkanur	25	10.4904	77.7310
Periyur	25	10.3633	77.7014
Perumpallam	25	10.3393	77.6098
Perumparai	25	10.2957	77.7286
Perambukana	25	10.2182	77.5097
Perumalkovilpatti	25	10.1441	77.6680
Perumalpatti	25	10.0196	77.5538
Peddanayakkanpatti	25	10.0185	77.6355
Peralakavundanpatti	25	10.8127	78.5698
Periya Karuppur	25	10.8584	78.6066
Perumalpatti	25	10.9772	78.6158
Perungudi	25	10.8199	78.6369
Perur	25	10.8422	78.6161
Perumapatti	25	10.6941	78.5707
Periya Alampatti	25	10.6868	78.5274
Periya Kurumbpatti	25	10.5663	78.6240
Perambur	25	10.6171	78.6493
Perungudippatti	25	10.5247	78.7453
Periyalapatti	25	10.4434	78.5018
Peyal	25	10.4375	78.5905
Perundurai	25	10.2579	78.7210
Perumanadu	25	10.3797	78.7424
Periyanandampatti	25	10.2453	78.5478
Periya Kalluvayal	25	10.2109	78.7011
Peyanpatti	25	10.0978	78.7441
Perichchikovil	25	10.0311	78.6283
Periya Olaikkudi	25	10.0316	78.5674
Pettai	25	10.8888	78.9377
Peruvalanallur	25	10.9200	78.8448
Periyavalachcheri	25	10.8571	78.7991
Peramanpettai	25	10.8094	78.9885
Perambur	25	10.5436	78.9109
Periyatambiudaiyanpatti	25	10.5207	78.9219
Perandaiyapatti	25	10.5250	78.8430
Perungondanvidudi	25	10.4494	78.8982
Perunjinai	25	10.4191	78.7590
Periyanayagipuram	25	10.3607	78.8582
Peraiyur	25	10.3525	78.7573
Perungappatti	25	10.3483	78.7953
Periyanayagipuram	25	10.3199	78.8917
Perungudi	25	10.2995	78.8290
Periyakovil	25	10.1861	78.7759
Perundakudi	25	10.1487	78.9001
Periya Sengirai	25	10.1178	78.9781
Periyakottai	25	10.1266	78.8953
Periya Vengavayal	25	10.0930	78.8446
Periyanayanarvayal	25	10.0848	78.9290
Periya Kottagudi	25	10.0153	78.8796
Periya Kolikkaraippatti	25	10.0712	78.8837
Pettanendal	25	10.0708	78.8932
Peychchikulam	25	9.9841	78.1299
Perungudi	25	9.8556	78.0908
Periya Alangulam	25	9.8128	78.0585
Periya Kudakkovil	25	9.7751	78.0783
Periya Kavundanpatti	25	9.7884	78.0066
Perumalpatti	25	9.7168	78.0064
Peddanendal	25	9.7098	78.1437
Peykkulam	25	9.6604	78.0113
Periya Alangulam	25	9.6477	78.2438
Perunjali Puduppatti	25	9.5970	78.1603
Periya Kattangudi	25	9.5597	78.1219
Periya Karisalkulam	25	9.5595	78.1055
Perumapatti	25	9.5978	78.1087
Periyanayagipuram	25	9.4394	78.1091
Perumalkovilpatti	25	9.3394	78.0979
Perilovanpatti	25	9.1890	78.0891
Perungalakkudi	25	9.9703	78.3264
Perumalpatti	25	9.9421	78.4668
Peranippatti	25	9.9523	78.4921
Perungalakkudi	25	9.9518	78.2647
Perumalpatti	25	9.8883	78.4891
Pettanendal	25	9.8246	78.3001
Periya Kottai	25	9.7885	78.4149
Perumbachcheri	25	9.7232	78.3930
Perandakulam	25	9.5138	78.4788
Periyandipuram	25	9.5114	78.2970
Peppattam	25	9.4932	78.4455
Perungarunaikkudi	25	9.4510	78.4942
Perumaltevanpatti	25	9.4328	78.3201
Periya Uduppangulam	25	9.4243	78.3507
Perumalkudumbanpatti	25	9.3517	78.3173
Periya Manalkulam	25	9.3360	78.3042
Periya Cholandi	25	9.3385	78.3602
Peraiyur	25	9.3571	78.4494
Peyvillikadambankulam	25	9.2866	78.4894
Perumaltalaivanendal	25	9.2365	78.4320
Perungudi	25	9.9783	78.5278
Perungulam	25	9.9853	78.7363
Peruvalasai	25	9.9574	78.7311
Peruvelangudi	25	9.7888	78.7082
Periya Kiluvachchi	25	9.8206	78.5968
Peychchattakkudi	25	9.7946	78.5641
Periyamarudankudi	25	9.7528	78.5302
Peppakainjan	25	9.7181	78.6085
Peddanendal	25	9.6922	78.7478
Perumalendal	25	9.6504	78.6701
Periyatovur	25	9.6474	78.7108
Perumbalai	25	9.6128	78.6444
Peramattevanendal	25	9.5178	78.7316
Periyanendal	25	9.5208	78.7432
Periya Kaiyagam	25	9.3481	78.6172
Periya Kannangudi	25	9.3194	78.7191
Peykkulam	25	9.2676	78.6347
Periya Aykkudi	25	9.2317	78.6269
Periya Kulam	25	9.1600	78.5179
Perattukkottai	25	9.9998	78.8134
Periya Kodakkudi	25	9.9556	78.8671
Perunganur	25	9.9979	78.9270
Periyakarai	25	9.9175	78.7746
Peruvatti	25	9.8773	78.7998
Peruvakkottai	25	9.8637	78.9733
Periyakiramangalam	25	9.7968	78.8888
Perumalendal	25	9.7512	78.9954
Peruvanendal	25	9.7290	78.8928
Periya Varavani	25	9.6371	78.8038
Pettardevankottai	25	9.6263	78.8491
Perumamadai	25	9.6325	78.8568
Periyapottakottai	25	9.5881	78.8353
Periya Nagaramangalam	25	9.5621	78.7592
Perunkannankulam	25	8.3171	77.7827
Perunkulam	25	8.3089	77.8103
Pettaikulam	25	8.3131	77.8298
Perupanai	25	8.4057	77.8466
Pelavesaputtantattu	25	8.3733	77.9371
Perumalpuram	25	8.3663	77.9969
Periavilai	25	8.3687	77.9877
Peyanvilai	25	8.5691	78.1053
Periakandanvadali	25	8.3863	78.0299
Periyapagandai	25	11.9057	79.0130
Peral	25	11.8311	79.0460
Perumalpalaiyam	25	10.9840	77.9009
Periya Tadampalaiyam	25	10.9296	77.9996
Periya Tirumangalam	25	10.8891	77.7993
Periya Madiyagudalur	25	10.8622	77.8107
Periyakurukkai	25	11.8167	79.2088
Peddankottai	25	10.8241	77.9739
Periya Kariyampatti	25	10.7949	77.9992
Periyanur	25	11.9015	79.2157
Perumalvalasu	25	10.7899	77.8770
Perumalkavundanvalasu	25	10.8048	77.7728
Periya Topparapatti	25	10.7256	77.9343
Pettachchinagaram	25	10.7041	77.9611
Periya Sitaipatti	25	10.6906	77.8660
Periyamanjuvali	25	10.6665	77.9581
Perumalnayakkanur	25	10.6367	77.9997
Perumalkovilpatti	25	10.6052	77.9785
Periyanisalur	25	11.5545	79.0948
Perumarattuppatti	25	10.5676	77.8001
Periyamambattu	25	11.7329	79.0939
Peddanayakkanpalaiyam	25	11.7221	79.1979
Perumalkavundanpatti	25	10.5570	77.9237
Periyapatti	25	10.5448	77.9001
Perumalnayakkankallupatti	25	10.5507	77.8462
Periya Kulippatti	25	10.5468	77.8273
Periyakavundanpudur	25	10.5373	77.8379
Peyyalnayakkanpatti	25	10.5138	77.7738
Perumalkavundanpatti	25	10.5125	77.9148
Perangiyam	25	11.3986	79.0156
Pennakkonam	25	11.3832	79.0246
Perumattur	25	11.3402	79.0201
Perumulai	25	11.4214	79.1331
Perumbandi	25	11.2788	79.1509
Periyakurichchi	25	11.2922	79.2048
Periya Appanampatti	25	10.4439	77.9270
Peddinayakkanpatti	25	10.4584	77.8525
Periyapatti	25	10.3073	77.9730
Perumalkovilpatti	25	10.2585	77.9083
Periyammapalaiyam	25	11.1940	79.0111
Peraiyur	25	11.1341	79.0297
Periyavenmani	25	11.2287	79.0598
Perumalchavadi	25	11.1230	79.1012
Periya Pattakkadu	25	11.0079	79.1611
Periyatirukkonam	25	11.0659	79.1684
Periya Nagalur	25	11.1289	79.1607
Periya Elangachcheri	25	11.2375	79.1837
Periyapattu	25	11.7601	79.4237
Pennaivalam	25	11.8836	79.2931
Perichchanur	25	11.9912	79.3411
Perumbakkam	25	11.7879	79.3460
Periyasevalai	25	11.8497	79.3469
Perumbattu	25	11.7702	79.3396
Perumbakkam	25	11.9425	79.4377
Pedagam	25	11.8880	79.4481
Perangiyur	25	11.8609	79.4390
Peddureddikuppam	25	11.9425	79.5750
Periyakottagam	25	11.2433	79.5393
Perumalnayakkanpalaiyam	25	11.7786	79.6220
Pettai	22	11.9535	79.7182
Perichchambakkam	25	11.8142	79.6692
Periyababusamudram	22	11.9413	79.6839
Periyanerkunam	25	11.4469	79.5036
Periyakuppam	25	11.4366	79.5300
Perungalur	25	11.3605	79.5924
Periyakummatti	25	11.4926	79.7102
Pettai	25	11.3722	79.7320
Perambattu	25	11.3468	79.7120
Perambur	25	11.2759	79.6702
Peravur	25	11.0184	79.5453
Perumalkovil	25	11.0430	79.5841
Peruncheri	25	11.0354	79.6625
Perumangalam	25	11.2023	79.6769
Perambur	25	11.0347	79.6969
Peduchettipettai	25	11.9579	79.8200
Perambai	22	11.9289	79.7560
Perungalur	22	11.8695	79.7575
Periyakoduva	13	9.6109	77.0036
Perumalkavundanpatti	25	9.9575	77.3734
Perumalpatti	25	9.7917	77.3767
Pettai	25	9.0764	77.3409
Periyaswamipuram	25	9.1083	77.4173
Periyatevanpatti	25	9.9853	77.5102
Perumalpatti	25	9.8742	77.6781
Perayampatti	25	9.8638	77.6888
Perumalpatti	25	9.8701	77.7353
Periyakavundanur	25	11.8729	78.0186
Periyapatti	25	11.8041	78.0185
Periya Nagalur	25	11.8138	78.0809
Periya Vadagampatti	25	11.8844	78.1454
Periyakkadu	25	11.8771	78.2236
Periya Koppiyam	25	11.2939	79.7507
Perumpallam	25	11.1441	79.8119
Peruntottampandaravadai	25	11.2004	79.8345
Periyavadi	25	10.3752	79.0657
Periyanayakipuram	25	10.3347	79.1372
Perumalkonedatteru	25	10.4121	79.1876
Perumampatti	25	11.6395	78.0739
Perumanapatti	25	11.5232	78.0122
Periya Kallappatti	25	11.6940	78.1694
Perumalpalaiyam	25	11.7110	78.2369
Perumakavundanpatti	25	11.3397	78.0789
Perukkampalaiyam	25	11.2903	78.0529
Periyakavundanpatti	25	11.2900	78.1509
Peddakkavur	25	11.3118	78.1386
Perumbalippatti	25	11.3445	78.0979
Periya Kalpalaiyam	25	11.4356	78.0990
Perumakkavundanpalaiyam	25	11.4370	78.2434
Peramanur	25	11.2636	78.2269
Perumampalaiyam	25	11.2510	78.2299
Periyapalaiyam	25	11.2418	78.0236
Periyakavundanpalaiyam	25	11.2327	78.0697
Perumampalaiyam	25	11.1552	78.0813
Periyakarichchipalaiyam	25	11.1126	78.0635
Periyaorattai	25	11.0396	78.0327
Periyakalipalaiyam	25	11.0127	78.1411
Pettaipalaiyam	25	11.0685	78.1256
Periyasitampatti	25	11.0876	78.1565
Perumandapalaiyam	25	11.1122	78.1057
Periya Tolur	25	11.1419	78.1309
Periyur	25	11.2345	78.1208
Perumalpatti	25	11.2004	78.2195
Periyaveppanattam	25	11.1864	78.1951
Periyur	25	11.0539	78.2027
Periyanachchippatti	25	11.0148	78.2458
Periya Kudimaduvu	25	11.8558	78.4178
Periyappatti	25	11.9869	78.4269
Petadampatti	25	11.9865	78.4666
Periyakad	25	11.8860	78.2802
Pelakad	25	11.8130	78.3098
Pelattur	25	11.7853	78.2645
Periya Madur	25	11.8076	78.3122
Periya Velampatti	25	11.8041	78.3850
Periya Manjavadi	25	11.8283	78.3615
Perandur	25	11.7326	78.5500
Perumalpalaiyam	25	11.6745	78.3078
Periya Kavundapuram	25	11.6392	78.2664
Perumalpalaiyam	25	11.7040	78.4331
Periya Krishnapuram	25	11.6547	78.4311
Perumalpalaiyam	25	11.6219	78.4467
Periya Sholaikanni	25	11.2488	78.3151
Periya Pallamparai	25	11.2773	78.2845
Perumalpatti	25	11.2812	78.3280
Perungiray	25	11.2832	78.3385
Pelappadi	25	11.3492	78.3927
Pelakkadu	25	11.3529	78.4230
Periya Pusinikkuli	25	11.4055	78.3624
Periyakombai	25	11.4161	78.4063
Periya Kurichchi	25	11.4365	78.4077
Peddanayakkanpatti	25	11.4744	78.3671
Perappansolai	25	11.4204	78.4336
Perumparappu	25	11.2220	78.3889
Perumalpalaiyam	25	11.0086	78.4444
Pereri	25	11.9100	78.5369
Periyavalavu	25	11.7551	78.6205
Periyavalavu	25	11.8060	78.6571
Perinjur	25	11.8189	78.6456
Periya Selambai	25	11.9135	78.6918
Peruchchamedu	25	11.9799	78.7792
Perumalpalaiyam	25	11.2083	78.5812
Periyapalamalai	25	11.2036	78.6821
Perur	25	11.0212	78.5272
Peddipatti	25	11.0991	78.5727
Perumalnattam	25	11.9520	78.7578
Perambur	25	11.9368	78.8232
Pennappadi	25	11.8507	78.7530
Periyanattam	25	11.7798	78.7878
Periyakolliyur	25	11.9548	78.9952
Peruvang	25	11.7528	78.9997
Periyeri	25	11.5679	78.7966
Pettasamudram	25	11.5863	78.8849
Pettanur	25	11.6391	78.9234
Perumangalam	25	11.6140	78.9946
Periyavadagarai	25	11.3911	78.8285
Perunila	25	11.4922	78.8710
Periyammapalaiyam	25	11.3979	78.9848
Peraiyur	25	11.4005	78.9637
Perumapalaiyam	25	11.1207	78.8318
Periyakurukkai	25	11.0374	78.8260
Peruganur	25	11.0077	78.7692
Peruvalappur	25	11.0164	78.8718
Pennobanahalli	19	14.2000	77.0316
Pelubanda	02	14.0460	77.0102
Pemmanahalli	19	14.0655	77.1450
Peddachinnapyapalle	02	14.9539	77.3219
Peddamushturu	02	14.8939	77.2680
Pennahobilam	02	14.8616	77.3058
Peddakavukuntla	02	14.7933	77.2513
Penakacherla	02	14.8711	77.4595
Petapeti	38	22.5603	85.6319
Peteta	38	22.2553	85.5192
Pertol	38	22.4656	85.7004
Petaidih	38	22.9875	85.7689
Penchanal	21	21.7815	85.2423
Penthadihi	21	21.3460	85.7058
Periya Sekkadi	25	11.4429	78.3610
Periya Karadur	25	11.4222	78.5729
Periya Pakkalam	25	11.3283	78.5647
Pekkadu	25	11.2874	78.5955
Periya Chittur	25	11.3197	78.5988
Perumparappu	25	11.3275	78.6061
Periya Mangalam	25	11.3471	78.6138
Periya Nagur	25	11.3665	78.6043
Periya Iluppur	25	11.2805	78.6927
Periyampalaiyam	25	11.4031	78.7359
Petapalli	21	20.3071	85.1070
Petapalli	21	20.1830	85.0523
Pelagunthuni	21	20.1896	85.1596
Petapalli	21	20.0083	85.0364
Peto	38	24.0186	85.5400
Pesra	38	24.2160	85.5973
Peldalitola	38	24.6765	85.7853
Pesrartoli	38	24.1386	85.7719
Pesarpani	34	24.6122	86.1765
Pechwatanr	38	24.1711	86.0824
Pendarabandh	38	24.0518	86.0820
Penghi	34	24.9811	86.2783
Pemadih	34	24.9546	86.4459
Petarpahari	34	24.5460	86.4142
Pesaratanr	38	24.3239	86.3371
Pejua	21	21.1407	84.2552
Pejgata	21	21.4326	84.6453
Penthbahal	21	21.2373	84.5117
Pedpuda	21	21.4784	84.9823
Penji	21	20.4822	84.2348
Penupara	21	20.3815	84.2075
Penagiri	21	20.3288	84.1005
Penagiri	21	20.3321	84.0457
Penupara	21	20.3376	84.0270
Pettamaha	21	20.0185	84.2196
Pedohali	21	20.5646	84.4445
Penavali	21	20.4561	84.4026
Pennabedo	21	20.2047	84.2680
Pennagobiri	21	20.1873	84.2715
Pennagobiri	21	20.1809	84.2721
Pettaponga	21	20.1360	84.2822
Peonaju	21	20.1286	84.2820
Pennala	21	20.1710	84.3390
Pettagadu	21	20.2316	84.3813
Pedipathar	21	20.8852	84.7003
Pemparada	21	20.3911	84.6745
Peddama	21	20.1947	84.5040
Pengujhola	21	20.1445	84.5243
Petakiari	21	20.1069	84.5291
Pendragaria	21	20.1511	84.5933
Perunguzhi	13	8.6221	76.8210
Pedda Kodapgal	40	18.2784	77.7593
Peddamandyam	02	13.9285	78.5353
Pedacherlo Palle	02	15.2496	79.5326
Peddavadugur	02	15.0200	77.6735
Peddakothapalle	40	16.2994	78.3604
Pentlavelli	40	16.0763	78.2581
Pedapudi	02	16.9520	82.1308
Peda Bayalu	02	18.0122	82.6453
Peda Bayalu	02	18.2837	82.5920
Penchikalpet	40	19.2490	79.7815
Pedi	20	25.5910	93.8090
Penjori	37	20.1090	81.2592
Pedda Sanagallu	02	16.2737	80.9274
Peora	39	29.5170	79.6273
Peora	39	29.5048	79.6184
Periyakulam	25	10.1244	77.4995
Perumalkavundanvalasu	25	10.5513	77.7527
Perumalpatti	25	9.9555	77.5930