Phusro	38	23.7564	86.0051
Phagwara	23	31.2245	75.7739
Phulwari Sharif	34	25.5776	85.0725
Phaltan	16	17.9911	74.4318
Phalodi	24	27.1310	72.3683
Phulbani	21	20.4810	84.2306
Phulera	24	26.8740	75.2417
Phillaur	23	31.0189	75.7911
Phulpur	36	25.5490	82.0895
Phalauda	36	29.1882	77.8300
Phirangipuram	02	16.2908	80.2623
Phaphund	36	26.5989	79.4644
Phek	17	25.6667	94.5000
Phup Kalan	35	26.6445	78.8736
Phulpur	36	26.0778	82.8761
Phariha	36	27.3217	78.4727
Phulwartanr	38	23.7730	86.2321
Pharkian	12	34.5802	74.0769
Phokur	16	19.4834	80.4491
Phutta Khal	11	31.9246	76.8988
Phutang	30	27.2262	92.2466
Phustola	16	20.0448	80.2373
Phusaria	35	25.0008	75.2934
Phursungi	16	18.4727	73.9780
Phupher	35	23.9210	77.8150
Phunra	37	20.8907	81.3538
Phungta	17	25.0871	94.7136
Phungotah	23	32.4554	75.7827
Phundardih	37	21.2167	81.7000
Phuluni	03	26.2039	93.1286
Phulsari	37	22.4550	83.0208
Phulsar	24	28.8505	72.9660
Phulsar	09	21.2808	72.0331
Phulsangwi	16	19.7236	77.8758
Phulpur	36	25.5201	82.8130
Phulmal	35	22.1816	74.1670
Phullen	31	23.8415	93.0553
Phulkusma	28	22.7099	86.8656
Phuljhor	21	21.7337	85.4296
Phulia	24	25.8166	74.9636
Phuldungsei	26	23.8190	92.2607
Phuldungsei	31	23.4685	92.4192
Phulbihar	36	28.0736	80.8014
Phulbaroda	24	24.7657	76.7605
Phulbari	18	25.8865	90.0371
Phulbari	28	24.3020	88.0174
Phulaut	34	25.5106	86.9391
Phulan	24	28.9774	73.1810
Phulambri	16	20.0899	75.4189
Phulaguri	03	26.2667	92.5833
Phul	23	30.3240	75.2406
Phuktal Goempa	41	33.2647	77.1775
Phukangaon	03	27.5416	94.6041
Phuglana	23	31.3880	75.8389
Phuaibuang	31	23.9264	93.1221
Photaksar	41	34.0701	76.8250
Phopnar Kalan	35	21.2365	76.3268
Phonda	16	16.3799	73.8112
Phobrang	41	34.0545	78.4406
Phlangmawphra	18	25.2902	91.2661
Phiringia	21	20.3575	84.1176
Phinch	24	26.0246	72.9039
Philimi	20	26.0703	94.4052
Phesar	34	24.8377	84.4200
Phering	17	25.1753	94.3698
Phephna	36	25.7737	84.0485
Pheona	36	29.0733	78.3507
Phensang	29	27.4209	88.6082
Phellong	17	25.0971	93.4431
Phe	41	33.6111	76.7127
Phatepur	16	21.6638	74.4565
Phatag	09	21.6803	73.6236
Pharsiya	37	20.3353	82.0246
Pharsabahal	37	22.5171	83.8507
Pharrod	24	27.1347	74.0659
Pharona	41	34.3780	75.9769
Pharod	24	27.0986	73.7209
Phardapur	16	20.5845	75.7225
Pharasgaon	37	20.2066	81.9736
Pharar	35	23.2459	76.8984
Pharal	10	29.8351	76.5867
Phaphamau	36	25.5241	81.8593
Phansidewa Hat	28	26.5864	88.3680
Phanjila	41	34.2004	76.8684
Phangchogaon	03	26.5131	93.4270
Phanda	35	23.2256	77.2102
Phancha	11	31.5970	77.7336
Phampini	21	18.8825	82.4740
Phalsund	24	26.3956	71.9227
Phalodi	24	26.7226	73.9201
Phalghat	35	22.1470	75.4519
Phalai	16	21.8667	74.4500
Phala	09	22.5305	70.3080
Phaiphengmun	17	24.3403	93.4573
Phaileng	31	23.9121	92.9265
Phaileng	31	23.6995	92.4917
Phaikulum	03	25.4753	93.4521
Phaiapong	01	13.2833	92.9500
Phagu	28	26.9500	88.7000
Phagne	16	20.8905	74.8375
Phagi	24	26.5801	75.5569
Phaggu	10	29.7759	75.1249
Phadki	35	22.9980	80.9571
Phacharia	09	20.9840	71.2645
Phalta	28	22.3002	88.1071
Phogan	24	28.5413	74.6605
Phadanpura	24	28.0715	74.9270
Phulbari	28	21.8668	88.1329
Phurphura	28	22.7477	88.1315
Phuldubi	28	22.0286	88.3678
Phuro	41	34.6953	76.3130
Pharuwala	23	30.8442	74.3548
Phera	12	33.6200	74.1401
Pherra	12	33.3975	74.2212
Phalmarg	12	34.4617	74.0743
Phojdaran Ki Dhani	24	26.5679	71.8802
Phusanian Ki Dhani	24	26.6668	71.8389
Phambrean di Dhok	12	32.8790	74.5697
Phagwari	12	32.7745	74.5879
Phalwal Bharat	12	32.7963	74.6192
Phata	12	33.1993	74.1049
Phandila	12	33.0972	74.3194
Phera na Kot	12	33.1653	74.3889
Phanra	12	33.1750	74.3667
Phah Brahman	12	33.1923	74.3517
Phali Bisithan	12	33.2000	74.3333
Phalwari	12	33.0419	74.4857
Phagwari	12	33.8347	74.2733
Phare	12	32.9591	74.8681
Phralkhad	12	32.8457	74.9640
Phalora	12	32.7432	74.7285
Phurlak	10	29.5578	76.9290
Phindar	12	32.5942	74.8196
Phatwal	12	32.6049	74.8782
Phagah	12	32.6306	74.9417
Phekbar	41	34.5181	76.1917
Phikar	41	34.5694	76.1958
Phagwan	12	34.4170	73.8316
Phulsani	39	30.3584	77.9853
Phusgarh	10	29.8922	77.0517
Phanrewat	11	31.2324	77.1189
Pharsuli	39	29.9803	78.5888
Pharsula	39	29.8234	78.6648
Phulmamadi	40	17.0656	78.4198
Phoperikhar	16	18.7445	72.9493
Phoplivadi	16	18.4086	72.9746
Phuttala	24	24.7163	75.5770
Pharna Kudi	35	24.6525	75.5214
Pharat	24	28.3546	75.7315
Phutera	35	24.1860	78.2277
Phutera	35	24.0121	78.1268
Phuta	36	24.9067	78.4795
Phuteri	35	24.8311	78.8836
Phutera	35	24.6298	78.9307
Phullu ka Nagla	36	27.8311	79.0834
Phulecha	36	27.9570	79.2842
Phulchhai	36	27.8353	79.3974
Pharwa	36	27.6750	79.5786
Pharwa Khurd	36	27.6843	79.5785
Phauwa	36	27.6305	79.5213
Phulha	36	27.5520	79.5287
Pharanna	36	27.1948	79.7623
Phadullapur	36	27.2309	79.8496
Phulpur	36	27.1411	79.9025
Pharkapur	36	27.0398	79.8633
Pharenji	36	26.9980	79.2317
Phulapur	36	26.8481	79.0119
Phuphai	36	26.7557	79.0814
Phulepura	35	26.4231	79.0464
Phariha	36	26.4491	79.2948
Phulpur	36	26.9491	79.5616
Phulpur	35	24.9462	79.1005
Phuter	35	24.8546	79.1874
Pharka	35	24.7927	79.2060
Phutakhera	35	24.5799	79.2134
Phutwari	35	24.5617	79.1940
Phutera	35	24.1400	79.0902
Phula ki Dhani	10	28.5200	75.7141
Phogalia Tibba	24	27.7116	71.0808
Phall Thai	24	27.2808	71.3579
Phataawala Mohra	24	27.5931	71.6821
Photspi	18	25.2649	91.5209
Phatika	03	26.7407	93.2048
Phaibak	17	24.5561	93.1520
Phangchagaon	03	26.4266	93.8213
Phuitomi	20	25.4732	93.7647
Phaiyeng	17	24.8452	93.8226
Phoipi	17	24.5180	93.6019
Phutera	35	24.0753	79.4010
Phulbari	34	26.3203	87.3648
Pharkia	34	25.9756	87.3905
Phalka	24	26.3927	73.9345
Pherkuva	09	21.9299	73.6702
Philobari	03	27.5565	95.6931
Phasiguda	21	19.4053	84.4986
Phophalya	35	24.4527	75.2453
Phukanbari TE	03	27.3659	95.2123
Phatamunda	21	20.3262	82.9945
Phadni	10	28.2195	76.7007
Phideri	10	28.2128	76.6716
Phalahan	11	31.6684	77.0234
Phanipra	11	31.6050	77.0782
Phangwar	11	31.5940	77.0842
Phangwar	11	31.5625	77.0917
Phalot	11	31.5061	77.0877
Phader	11	31.5266	77.1686
Phagula	11	31.7123	77.1877
Phusmandi	23	29.6996	75.2754
Phulka	10	29.4965	75.1287
Phulia Kalan	10	29.6430	75.9981
Phaprana	10	29.5250	76.6794
Phula Singh Tek	10	29.5143	76.6405
Phaliana	12	33.3485	74.3251
Phanda	12	33.2697	74.3859
Pharwala	12	33.3725	74.3944
Phegal	11	31.3570	77.0839
Phaish	11	31.4514	77.0859
Phulu	11	31.2667	77.1649
Phalindi	11	31.3033	77.1684
Phandol	11	31.3066	77.1874
Phakarwar	11	31.4476	77.2062
Phandrohal	11	31.2792	77.2141
Pharni	11	31.4187	77.2439
Phanaula	11	31.3442	77.0253
Phiani	12	34.5407	74.0130
Phulsar	12	34.5039	74.3545
Phuleji	24	29.0232	73.7571
Phaphan	11	31.2694	77.2651
Phinnu	11	31.3548	77.3178
Phaneranal	11	31.3941	77.3100
Pharaj	11	31.4690	77.3077
Pharbog	11	31.4534	77.3666
Phaldhar	11	31.2860	77.3609
Phanyota	11	31.3825	77.3796
Pharuti	11	31.4942	77.3766
Pharbona	11	31.3113	77.4120
Pharnal	11	31.2678	77.4480
Phadehl	11	31.4155	77.4511
Pharesh	11	31.3925	77.3132
Pharal	11	31.2984	77.4277
Phulewala	23	30.3555	74.4935
Phullu Khera	23	30.0656	74.4649
Phidda Khurd	23	30.5845	74.7205
Phidda Kalan	23	30.5805	74.6876
Phidda	23	30.7960	74.9188
Pheruke	23	30.9653	74.9514
Phagah	11	31.1888	77.3000
Phalog	11	31.1401	77.2544
Phari	11	31.1162	77.2763
Phagu	11	31.0900	77.3039
Phuktu	11	31.0364	77.4082
Phanel	11	31.1645	77.4950
Phaneot	11	31.0312	77.2713
Pharelwi	11	31.4585	77.5228
Phadauhr	11	31.3923	77.5214
Phareli	11	31.3619	77.5964
Pharog	11	31.4084	77.7264
Phirog	11	31.2150	77.6103
Phiyunkroti	11	31.1905	77.6682
Phatte ka Mor	11	30.8896	77.0473
Phagala	11	30.7521	77.2291
Phagari	11	30.8583	77.1545
Phagu	11	30.9025	77.1720
Phalani	11	30.9061	77.1449
Phashkana	11	30.9248	77.1464
Phanevati	11	30.9849	77.2377
Phagora	11	30.9966	77.1436
Phatia	10	30.7279	77.0788
Phakyon	11	30.7236	77.1520
Phalsanda Jottan	10	30.1204	77.0163
Phoksa	10	30.1406	77.0515
Phalsanda Rangharan	10	30.1039	77.0058
Phusgarh	10	30.1466	77.2239
Phagu	11	30.8807	77.3300
Phagu	11	30.7948	77.2850
Phag	11	30.7831	77.3116
Phaguni	11	30.8019	77.4513
Phadhaunta	11	30.9850	77.4647
Phagu	11	30.8517	77.3430
Pharog	11	30.6638	77.3211
Phelag	11	30.6304	77.3798
Phijla	11	30.6217	77.4264
Phagni	11	30.6508	77.4767
Phagar	11	30.5646	77.4563
Phandi	11	30.5093	77.4197
Phaganwas	24	27.7343	75.9994
Pharthol	10	30.3034	77.3308
Pheruwala	10	30.2564	77.3106
Phail	11	30.6664	77.5309
Pharuwala	11	30.5952	77.5106
Phurar	11	30.6471	77.6353
Pherog	11	30.6671	77.5977
Pherwala	11	30.7093	77.6934
Phagu	11	30.7183	77.7003
Phurar	39	30.6825	77.7413
Pharot	11	30.6400	77.7173
Phullabas	24	27.8629	76.8577
Phulpur	11	30.4865	77.6744
Pharsila	39	30.5164	77.8931
Phateu	39	30.6242	77.9099
Pheriyana	39	30.6964	77.9372
Phatiyo	39	30.6185	77.9138
Phuskani ka Bas	24	28.0080	75.1790
Phuskani	24	28.0009	75.1965
Phildwali Kui	24	28.6398	75.3206
Phulgarh	39	29.7736	78.0900
Pherupur	39	29.8545	78.1172
Phalwadiya ki Dhani	24	26.4566	76.2366
Phalsaota	24	26.3304	76.4628
Pharaspur	24	26.4677	76.6822
Phulwara	24	26.4131	76.5407
Phula	35	23.3574	78.9981
Phulmar	35	23.2498	78.6247
Phusgarh	10	29.6807	77.0251
Pheru Mazra	36	29.9073	77.2542
Phulgarh	36	29.8652	77.3594
Phandpuri	36	29.9297	77.4187
Phulwara	24	26.6196	76.9311
Phugana	36	29.3336	77.3880
Phusar	36	29.1659	77.3832
Phulberiya	35	22.1806	78.0911
Phandka	35	22.0587	78.1045
Phansibhana	35	22.3095	78.5100
Phansidhana	35	22.3799	78.6608
Phutera	35	22.1820	78.8810
Phetri	16	21.2836	78.5464
Phutera	35	21.8402	78.8969
Phetri	16	21.2051	78.9885
Phalegaon	16	20.6334	78.1259
Phuledi	24	25.9910	76.5926
Phiriya	24	25.9105	76.5235
Pholera	24	24.7355	72.9448
Phullo Mithi	23	30.0990	74.8502
Phus Mandi	23	30.1688	74.9934
Phuta Talai	24	24.4945	73.2274
Pharran	23	29.9955	74.8320
Phullu	10	29.9489	74.8684
Phullo Khari	23	29.9260	74.9831
Phalasia	24	24.2434	73.3795
Phutia	24	24.7564	73.5512
Phenia ka Gurha	24	24.6554	73.6425
Phopati	24	24.5278	73.5951
Phanda	24	24.5294	73.7351
Phulewala	23	30.6466	75.1546
Phusod	24	25.5758	76.5004
Philojpura	35	25.5820	76.6630
Phutala	24	24.0102	73.5179
Pharkia	24	26.4454	74.8250
Phulagarh	23	30.9665	75.2944
Phaujalpura	24	24.6235	76.1700
Pheru Rain	23	30.6166	75.4849
Phunkiakhera	24	25.6502	74.0152
Phakulia	24	25.6127	74.1529
Phagnakhera	24	25.2308	74.7060
Phangniya	24	25.1056	74.7461
Phullewala	23	30.3883	75.2823
Phidde	23	30.2526	75.2858
Phagla	23	30.9254	75.7074
Pharwai	23	30.3377	75.5781
Pharwain	23	30.0184	75.5136
Phulas Akbarpur	36	29.6666	77.7507
Phulasi	36	29.6550	77.7554
Phalauda	36	29.6291	77.8180
Phaguwal	23	30.9697	75.8030
Phullanwal	23	30.8660	75.8229
Phalaira	36	28.8116	77.3909
Phulgarhi	10	28.3876	77.2617
Phaphunda	10	28.2937	77.3898
Phaprana	36	28.8322	77.5508
Phaphunda	36	28.8848	77.7398
Phulpur	36	28.5410	77.6090
Phairuangkai	31	22.8238	92.6394
Phusrawala	10	29.4974	74.9776
Phaphial	23	31.7267	75.8825
Phambra	23	31.6817	75.8177
Phamian	23	31.5401	75.7575
Phamriyakhera	24	25.2647	74.5675
Pharwai	23	30.4709	75.7937
Phul	10	29.6283	75.5092
Phati	12	33.0613	76.0398
Phat	12	33.0761	76.1616
Phulia Khurd	10	29.6381	76.0092
Pharain Khurd	10	29.5913	76.0211
Pharain Kalan	10	29.5968	76.0326
Phogat	10	28.7306	76.3137
Phalar	39	30.4015	78.2190
Phulet	39	30.4024	78.1888
Phidogi	39	30.4604	78.2251
Phedi	39	30.4740	78.1748
Phaiya	39	30.6235	79.5622
Pharkiyagaon	39	30.7332	79.8266
Phulasi	36	28.3029	79.1934
Phundapur	36	28.4197	79.0574
Phungaheri	24	24.7184	76.2994
Phadaniya	24	24.7043	76.2742
Phattukheri	24	24.8031	76.6679
Phokharra	24	24.3934	76.5888
Phutibarod	24	24.4268	76.7233
Phulmania	24	26.2210	75.1749
Phundarara	24	26.1432	75.4965
Phalora	24	26.1011	75.4372
Phaleda	36	28.2123	77.5503
Phedigaon	28	27.1313	88.0671
Phedigaon	28	27.0686	88.0625
Phunsebong	29	27.1970	88.2166
Phuldehra	36	28.7939	77.9795
Phulparas	34	26.3618	86.4955
Phalidanda	29	27.1698	88.3898
Phong	29	27.1813	88.4549
Phekchu	29	27.2467	88.5606
Phaparkheti	28	27.0350	88.6912
Phodi ka Pura	35	26.2619	77.7624
Phulpura	35	26.3164	78.3364
Phulwadi	16	19.3410	76.2494
Phumanwal	23	30.2836	76.1297
Phaguwala	23	30.2563	76.0032
Phukatgaon	16	19.1881	76.9970
Phulkalas	16	19.1600	76.9467
Pharkunda	16	19.0785	76.9780
Phala	16	19.0623	76.9422
Phulkalas	16	19.1148	76.9177
Pharaur	23	30.8070	76.3116
Phalauli	23	30.3621	76.4408
Phagan Majra	23	30.4357	76.3927
Phaphrala	10	30.1360	76.4306
Phulpur Garewal	23	30.9489	76.5575
Phantwan	23	30.8141	76.6695
Phallanpur	23	30.8572	76.7093
Pharauli	10	30.2614	76.8668
Phalel Majra	10	30.3076	76.9247
Phalain	36	27.8032	77.4928
Phulwadi	16	17.8115	76.2042
Phailwadi	16	17.5843	76.2225
Phulgarhi	36	27.8668	77.5275
Phainchari	36	27.5221	77.6068
Phondar	36	27.3631	77.5441
Phakana	36	28.4957	77.7621
Pharana	36	28.2721	77.8248
Phaosi	36	28.4945	77.9389
Pharakna Gangagarhi	36	28.1860	77.9725
Phulwara	24	27.2368	77.6222
Pharapathra	37	22.4445	82.3744
Pharhad	37	21.8552	82.0652
Phadha	37	21.9658	82.1915
Phulwari	37	21.5407	82.0123
Phunrardih	37	21.5143	81.9984
Phusera	37	21.2922	82.2047
Phundardhap	37	20.4971	81.7245
Pharsadih	37	20.0510	81.7651
Phuljhar	37	21.1607	81.1600
Phunda	37	21.3377	81.2670
Phulgaon	37	21.1658	81.2598
Phekari	37	21.0511	81.4127
Phunra	37	21.0774	81.4877
Phaphadih	37	21.2602	81.6378
Phatepur	16	19.1476	77.3571
Phutatala Tanda	16	18.8724	77.0136
Phattu Tanda	16	18.8540	77.0156
Phulwal	16	18.8363	77.2194
Phudtala Tanda	16	18.6440	77.3286
Phulpur	36	27.0333	78.0480
Pheparvada	16	20.9958	78.3822
Pheparwada	16	20.1864	78.8895
Pharsauti	36	27.5905	77.9355
Phunskara	36	27.5822	77.9338
Phular	35	23.7101	79.1977
Phakauta	36	27.6630	78.7376
Phular	35	23.2062	79.5962
Phutatal	35	23.2745	79.9799
Phulasi	36	27.9489	78.9737
Phulpur	36	27.9676	78.9237
Pharauli	36	27.7736	78.7991
Phulapur	36	27.0821	78.8076
Phagnaul	36	27.5651	78.9456
Pharida	35	22.0602	79.5124
Phulrai	36	26.9317	78.8633
Phuphi	36	27.5770	79.1193
Phulakiaganj	36	27.3328	79.2494
Phunspura	24	26.7013	77.4529
Phadal ka Pura	24	26.6069	77.3294
Phutala	16	21.1489	79.0494
Phagna Atanpur	36	27.3292	79.3772
Phuljhari	16	21.5772	79.2515
Phuljhari	16	21.5489	79.4280
Phadpura	36	26.9578	77.6913
Phonde ka Nagla	36	26.8953	77.6826
Phutapura	24	26.8518	77.7336
Phuta Nagla	24	26.8250	77.7004
Phonde ka Pura	24	26.7731	77.7353
Phullah	36	27.8883	79.5006
Phulaunda	35	26.2639	77.7019
Phulpura	35	26.3262	77.7044
Phulpura	24	26.8326	77.9065
Phondpura	24	26.7562	77.7752
Phulpur	24	26.8018	77.7981
Phunspura	24	26.7735	77.8640
Phargahna	36	27.5268	79.7640
Phirman	36	27.6256	79.8820
Phonda Ka Bas	24	27.7660	77.0499
Phalnari	10	27.8788	77.1492
Phulanpur	36	27.0273	79.5497
Pharedua Taleti	24	25.2518	77.2803
Pharara	35	25.8807	77.5744
Phulipura	35	25.6920	77.5271
Phulgaon	35	21.7820	76.5440
Phadullapur	36	27.4222	79.8287
Phadnapur	36	27.4630	79.8845
Phekra	35	24.3339	77.1929
Phulwaripur	35	24.4236	77.8519
Phulaidi	35	24.4195	77.8597
Phutera	35	24.3382	77.8157
Phulsingh Tanda	40	16.7000	78.9715
Pharauli	36	27.6459	78.1244
Phusawali	36	27.8859	78.3513
Phulrai	36	27.6669	78.4088
Phulwari	36	27.1315	78.3953
Phulaichi	36	27.0788	78.4608
Phulpur	36	26.5945	79.5977
Phagua	36	26.9932	79.8226
Phulwari	36	26.9462	79.8289
Phakrapur	36	26.2603	79.7551
Phaphotu	36	27.4496	78.6653
Phulaila	36	25.9371	79.0504
Phulpura	36	25.8935	79.3763
Pharenda	36	25.1585	80.4626
Phurtal	35	24.2699	79.4022
Phulpur	36	25.7282	81.1301
Phadna	36	25.4524	79.5219
Phutera	36	25.1364	79.6896
Phulari	35	25.0347	79.8278
Phulwari	35	24.2871	79.1655
Phules	36	25.9719	82.7486
Pharhamau	36	25.9684	82.8553
Phulpur	36	25.9638	82.8929
Phuti Garhi	36	26.9950	78.1114
Phuta Thapenda	36	26.9382	78.0687
Phail	35	21.3878	76.2783
Phankipani	35	22.8394	77.0649
Phangia	35	22.9378	77.1305
Phinihani Salempur	36	25.7069	83.1341
Pharaul	36	26.9948	78.4748
Phul Gurja	36	26.9197	78.4023
Phulpur	36	25.3653	83.0985
Phulpur	36	25.4438	83.2232
Phulwaria	36	25.4466	83.1956
Pharsandh Mohanpur	36	25.3076	83.2357
Pharaiyapura	36	26.8908	78.5543
Pharera	36	26.8912	78.5310
Phareri	36	26.9045	78.5145
Phulara	35	22.6841	77.4955
Phulpur	35	25.6928	78.0682
Phulwari Kalan	36	25.5254	83.2486
Phulwari Khurd	36	25.5232	83.2636
Phutera	35	25.1665	78.1722
Phattaghat	35	25.6097	78.4440
Phulara	35	25.6000	78.4991
Phulpur Parsadpur	36	25.4534	83.2649
Phulpur	36	25.4443	83.2591
Phulli	36	25.3470	83.3251
Phaguia	36	25.2876	83.2621
Phutia	36	25.2554	83.2769
Phesura	36	25.2906	83.3512
Phuli	16	20.7188	76.3036
Phurtala	35	25.4109	78.3008
Phutera	36	25.3250	78.3700
Phulri	35	22.2660	77.2161
Phutera	36	25.0835	78.3986
Phutia	36	25.2438	83.3343
Phulkara	34	25.1419	83.4917
Phopliya	35	22.1771	77.6185
Phongariya	35	22.0419	77.6928
Phulgohan	35	22.0886	77.9739
Phulamla	16	20.8128	77.6065
Pharahda	36	25.9714	83.7480
Phaguar	36	25.8418	83.6435
Phephra	36	25.8006	83.6150
Phatera	36	25.3804	78.7101
Phutera	35	25.3424	78.6225
Phattepur	16	20.6607	77.7319
Phulli	36	25.4899	83.6156
Phulli	36	25.4319	83.6215
Phulwari	36	24.9640	83.0222
Phuli	34	25.2427	83.8820
Phulli	34	25.1462	83.7995
Phakli	34	25.0721	83.8987
Phakla	34	25.0623	83.8969
Pharsa	36	24.7758	83.1506
Phulumni	16	20.0963	77.5605
Phangra	35	21.4432	77.5111
Phupgaon	16	21.2183	77.6603
Phubgaon	16	20.6493	77.8724
Phalegaon	16	20.0630	77.1983
Phani	16	20.6572	77.3356
Phalegaon	16	20.2005	77.3247
Phagatola	35	21.7388	79.6804
Phutara	16	21.4219	79.5311
Phatalatola	16	21.4147	79.5342
Phulchur	35	21.5621	79.8696
Phutaharwa	36	24.7313	83.1507
Phudnadandi	36	24.3911	83.2421
Phatpakhna	36	24.0938	83.1037
Pharaipan	36	24.0342	83.2114
Phulwar	36	24.2486	83.3114
Phulmainatola	36	24.1514	83.3384
Phephsa	38	24.1042	83.3418
Phulwariya	34	24.9569	83.6211
Phulwar	38	24.4251	83.6491
Phulwar	38	24.0945	83.5625
Phegar	16	20.9335	79.5786
Phulkhiria	36	25.6105	78.9713
Phurara	16	20.0127	79.8445
Phattapur	16	20.4346	77.8186
Phula ka Purwa	36	25.4467	80.4297
Phuluruwa	36	25.7538	80.6758
Phulbhavi Tanda	19	16.2308	76.5091
Phulbhavi	19	16.2289	76.5313
Phuliadih	38	24.4436	83.9038
Phupgaon	16	20.4107	77.7717
Phulia	38	24.3172	83.9238
Phekanditola	38	24.3309	83.8582
Pharatia	38	24.1740	83.8576
Phulwari	16	19.7209	78.1120
Phurtala	35	23.6944	78.0821
Phuliyau	35	25.4003	78.8388
Phaphundi	36	25.4937	80.7051
Pharari	36	24.8243	78.6047
Phirangipatar	40	19.2711	78.9248
Pharswaha	35	24.9897	80.2259
Phul	35	24.7519	81.4637
Phulnath	35	23.8105	78.6445
Phutera	35	23.8341	78.6362
Pharhad	35	24.7364	81.3460
Pharhad	35	24.7270	81.3424
Phulha	35	24.7421	81.6599
Phulha	35	24.7314	81.6646
Pharhada	35	24.5900	81.7397
Pharari	35	24.6624	81.5368
Pharendi	35	24.5636	81.6079
Pharenda	35	24.5615	81.6016
Phatua	35	24.7678	81.7912
Phul	35	24.7192	81.8704
Phul	35	24.7349	81.8488
Phul	35	24.7178	81.8499
Phul	35	24.7033	81.8405
Pharhada	35	24.5767	81.7538
Phulwamau	36	25.8503	80.7861
Phulwari	35	24.5987	80.4369
Phuldar	35	24.5834	80.4521
Phanahan	36	25.9608	82.0318
Phular	35	23.4105	79.3198
Phulwari	36	25.6238	82.6766
Phulpur	36	25.7157	82.6561
Pharada	35	24.7191	80.9662
Phutehra	35	22.0030	79.3382
Phulwariya	36	25.2777	82.3039
Phulwaria	36	25.1766	82.3270
Phuchaipur	36	25.0294	82.4703
Phulwariya	36	25.3904	82.6036
Phiphiauna	36	25.4190	82.6204
Phuliari	36	25.0302	82.5820
Phanihani	36	25.4702	82.8658
Phulwaria	36	25.4011	82.7728
Phulwaria	36	25.3284	82.9646
Phulha	36	25.4219	82.0495
Phulha	36	25.1569	82.7845
Phututal	35	22.6931	79.8670
Phulwari	36	24.7560	82.7108
Phulwari	36	24.7776	82.8965
Phartiya Kehar	10	28.4344	75.8458
Phartiya Bhima	10	28.4326	75.8521
Phartiyatal	10	28.4275	75.8329
Phulwari	35	24.4618	82.1843
Phuljhar	35	24.1143	82.3177
Phulwari	35	24.1561	82.4633
Phuljhar	35	24.2320	82.5808
Phaphrakund	36	24.4106	82.9423
Phulpura	10	28.8079	76.2515
Phutaha	36	25.7125	82.3578
Phaloia Khera	36	26.6720	80.9799
Phuliari	36	24.6785	82.3627
Phulsandi	36	29.3824	78.3873
Phulsanda Khakam	36	29.3814	78.3701
Phulsanda Hira	36	29.3831	78.3697
Phalauda	36	29.2979	78.3823
Phalaudi	36	29.2836	78.3768
Phulsanda Gangadas	36	29.3852	78.3688
Phulpur	36	27.8951	81.1301
Phulpur Gunian	36	27.7922	81.0895
Phukna Purwa	36	27.6355	81.0785
Phukna Purwa	36	27.5483	81.1928
Phukna Purwa	36	27.5934	81.1691
Phar	36	27.5880	81.2083
Phulpur	36	27.4141	81.0099
Phulwaripur	36	27.3279	81.0803
Phulwaria	36	27.6998	81.5463
Phula Purwa	36	27.6347	81.5155
Phul Purwa	36	27.7175	81.6603
Phulwaria	36	27.6733	81.6607
Phulwaria	36	27.7015	81.7264
Pharwapur	36	27.3532	81.5133
Phulpur	36	27.3103	81.6851
Phulpur Khurd	36	27.3029	81.6874
Phulwaria	36	25.9606	83.9832
Pharda	36	27.4327	81.7062
Phulpur	36	27.1159	81.9219
Phulpur	36	27.2249	81.8959
Phulpur	36	27.1975	81.9658
Phulwaria	34	24.9853	83.8199
Phalwaria	34	24.9196	83.9447
Phalipar	36	26.9348	81.2472
Phanderi	36	29.0269	78.2832
Phulchaura	36	26.6447	81.4099
Phuilonwali	12	34.0280	74.2465
Phokesar	16	20.9262	79.1396
Phulpur Mithanpur	36	29.0012	78.6300
Phultal	36	29.4216	78.7537
Phaton	39	29.3837	78.9251
Phali Dube Purwa	36	26.3154	81.1651
Phondapur	36	29.0472	78.8449
Phanda	36	26.4248	81.4602
Phula	36	26.4384	81.4673
Phulpur	36	26.4527	81.9276
Phera	36	26.2626	81.9489
Phutihari	16	20.0672	79.5647
Phutki	16	20.2225	79.6902
Phulsara	16	21.3793	74.1540
Phopada	16	21.1584	74.3933
Phondapur	36	28.8475	78.2631
Phundapur	36	28.8927	78.4030
Phulaura	36	27.0183	80.8595
Phalaspur	36	27.2005	80.9154
Phulpur	36	27.1696	80.9572
Phupwar Raj Thok	36	26.3038	80.4415
Phupwar Sui Thok	36	26.3025	80.4466
Phalegaon	16	19.9244	77.1744
Phulwari	36	27.2379	81.5734
Phulpur	36	27.1995	81.6365
Phandanpur	36	27.0817	81.5815
Phulpur Bijhalpur	36	28.6947	78.2937
Pharauta ki Mandaiyan	36	28.6172	78.3118
Pharauta	36	28.6134	78.3076
Phulpur	36	28.5284	78.2845
Phaorara ki Mandaiyan	36	28.5116	78.2871
Phaorara	36	28.5044	78.2788
Phaorara ki Mandaiyan	36	28.5171	78.2776
Pharenda Shukul	36	27.2696	81.9432
Phulpur Adalpur	36	28.9002	78.5834
Pholra Patti	36	28.9528	78.5819
Pholra	36	28.9478	78.5870
Phirsaha	36	28.2093	79.8929
Phuta Kunwan	36	28.1105	79.9925
Phulsingha	36	28.6282	78.6154
Phundanpu	36	26.5485	81.6392
Phagauli	36	26.8192	81.7489
Philsanda	36	26.7830	81.7978
Phera	36	26.8805	81.8473
Pharahdia	36	26.2403	81.7603
Phulwari	36	26.1357	81.8343
Phulpur	36	26.0601	81.9662
Phagla	12	33.6983	74.2531
Pharchalwa	36	27.7901	82.0777
Phantwa	36	27.7700	82.0139
Phulaiya	36	27.8287	82.1081
Phaguia	36	27.5379	82.1071
Phatwa Khurd	36	27.5487	82.1310
Phatwa Kalan	36	27.5527	82.1295
Phulwaria	36	27.6466	82.2215
Phatwa	36	27.6168	82.1588
Phatanpur Nagla	36	28.0774	78.7624
Phagoli	12	33.3471	74.6551
Phulkano	12	33.4650	74.7233
Pharendi	36	27.3550	82.0755
Pharenda Kanungo	36	27.3577	82.0804
Pharenda	36	27.3681	82.1671
Phulwaria	36	27.4063	82.1504
Pharenda	36	27.3277	82.1439
Phulwari	36	27.3631	82.2041
Phulpur	36	27.3534	82.2417
Phutaiya	36	27.1646	82.0144
Pharenda Bhari	36	27.2361	82.1262
Pharenda	36	27.0722	82.1261
Phalapur	36	27.0711	82.1185
Phulwaria	36	27.0051	82.1377
Phulsain	39	29.9517	79.1129
Phulai	39	29.7872	79.2026
Phaniya	39	29.7992	79.2034
Phulpur	36	27.3399	82.3297
Phopa Dewar	36	27.2635	82.3520
Phagauia	36	27.3321	82.4317
Phali Kurmi	36	27.0180	82.3945
Pharanda Khurd	36	27.0648	82.4702
Phali Lunia	36	27.0226	82.4544
Phali Purwa	36	27.0377	82.4865
Phulpur Raja	36	27.3713	82.5593
Phulpur Pande	36	27.3654	82.5633
Phulpur Lala	36	27.3212	82.5851
Pharuhwa	36	27.4100	82.6485
Pharenda	36	27.2881	82.6855
Pharendi	36	27.2900	82.6941
Pharenda Buzurg	36	27.1121	82.5113
Phandaha	36	27.0826	82.5543
Pharendia	36	27.0096	82.7183
Pharendia	36	27.0097	82.7466
Phulwapur	36	27.1723	82.8565
Phulwaria	36	27.0205	82.9822
Pharsram Jot	36	26.9340	82.2121
Phutilpur	12	33.8303	74.7596
Phulpur	36	26.6508	82.1170
Phulwaria	36	26.2963	82.1217
Phulauna	36	26.3881	82.1963
Phulpur	36	26.4237	82.1077
Phulwari	36	26.3478	82.2104
Phashkain	12	33.5983	74.9064
Phirpur	12	33.6399	74.8806
Phatuha	36	26.1312	82.0188
Phagla	12	33.2738	74.8775
Phariha	36	26.0008	83.0241
Phardapur	36	26.8850	82.2969
Phul Dih	36	26.8132	82.2853
Phul Dih Bazar	36	26.8095	82.2885
Pharenda	36	26.8474	82.3627
Pharenia	36	26.9578	82.4610
Phulpur	36	26.9462	82.4884
Phulpur	36	26.5921	82.3725
Phulpur	36	26.5349	82.4624
Phatua	36	26.2629	82.2952
Phutila	36	26.0903	82.3108
Phongar	36	26.0655	82.2756
Phirahri	36	26.0817	82.3923
Pharenda	36	26.7750	82.5424
Pharenda	36	26.7804	82.5663
Phersam	36	26.9936	82.6758
Phersahan	36	26.7125	82.5463
Phulpur	36	26.6011	82.5067
Phulpur	36	26.6134	82.6851
Phetwa	36	26.6565	82.6378
Phensa	36	26.6849	82.6261
Phulwaria Bargah	36	26.7336	82.6557
Phulwaria Pande	36	26.7317	82.6494
Phailwa	36	26.6543	82.7275
Phutpur	36	26.5498	82.7368
Phulpur	36	26.4978	82.5475
Phulpur	36	26.4111	82.5510
Phulpur	36	26.0730	82.6271
Phulpur	36	26.0804	82.7027
Phulwaria	36	26.7812	82.9601
Pharda	36	26.7464	82.7863
Phulwaria	36	26.5075	82.8888
Phailwa	36	26.6734	82.9060
Phitia	36	26.6965	82.9515
Phinhini	36	25.8636	83.2714
Phaddupur	36	25.7906	83.2952
Phulainch	36	25.8224	83.2532
Phulpur	36	25.7783	83.3414
Phulpur	36	26.3950	82.7919
Phulpur	36	26.4349	82.8566
Phulpur	36	26.4299	82.8742
Phulwaria	36	26.3283	82.8393
Phulwaria	36	26.3563	82.9899
Phadgudia	36	26.0831	82.8219
Phulwaria	36	26.1660	82.8713
Pharao	12	34.2452	75.0617
Phraslun	41	34.0641	75.3682
Phulpur	36	27.1976	83.0019
Pheosa	36	27.0463	83.0382
Phulwaria	36	27.2179	83.1223
Phulmanahan	36	27.1960	83.2306
Phagu Jot	36	27.2121	83.2399
Phohar	12	33.8191	75.2439
Phulwaria	36	27.2201	83.2526
Pharenda Khurd	36	27.1036	83.2613
Phulwaria	36	27.0966	83.2883
Pharenda	36	27.1640	83.3938
Phulwaria	36	27.2240	83.3912
Phulwaria	36	27.1067	83.5840
Phatakdauna	36	27.1139	83.7177
Phulwari	36	27.1555	83.7356
Phurah	12	33.7026	75.1254
Phitia	36	26.9287	82.9991
Pheusi	36	26.8785	83.0761
Phardaha	36	26.9839	83.0878
Phardahni	36	26.9491	83.2480
Pherusa	36	26.7339	83.0767
Pharendia	36	26.6762	83.0802
Pharandia	36	26.6323	83.1018
Phului	36	26.5686	83.1416
Pharsadanr	36	26.7102	83.1970
Pharandia Buzurg	36	26.5626	83.1953
Pharandia Khurd	36	26.5656	83.1974
Phulehra	36	26.1800	83.1351
Phulwaria	36	26.1416	83.2296
Phulwaria	36	26.8558	83.2577
Phulwaria	36	26.8693	83.4442
Phailawa	36	26.8932	83.3932
Phulhar Khurd	36	26.5547	83.3273
Phulhar Buzurg	36	26.5510	83.3261
Phailha	36	26.6633	83.4813
Pharsahi	36	26.6931	83.3659
Phulpur	36	26.4616	83.3302
Phulwaria	36	26.9537	83.6121
Phultali	36	25.7495	81.5060
Phailaha	36	26.5652	83.5631
Pherai ka Pura	36	25.7274	81.5447
Phulwaria	36	26.6672	83.5991
Phulpur	36	25.7131	81.5974
Phulpur Mori	36	25.7250	81.6330
Phulpur Raman	36	25.7488	81.7354
Phulmati	36	25.6624	81.5687
Phakaipur	36	26.3342	83.6698
Phulwaria Bishundial Singh	36	26.3355	83.7320
Phulwaria Pande	36	26.3250	83.7411
Pharsara Khurd	36	26.2351	83.5036
Pharsara Buzurg	36	26.2258	83.4994
Phagmul	12	33.3254	75.2472
Phasar	12	33.0665	75.1261
Phatla	12	33.0656	75.2422
Phatan	12	33.4933	75.3958
Pharnala	12	33.3035	75.4365
Pharsegarh	37	19.0424	80.6623
Pharsegarh	37	19.0301	80.6614
Phulwaria Maghrib	36	26.9573	83.7776
Phulwaria Mashriq	36	26.9575	83.7862
Phardaha	36	26.8543	83.7662
Pharenda	36	26.9227	83.8525
Phulwaria	36	26.9261	83.8441
Phakarnath	36	26.7944	83.9873
Phulpur	36	26.1072	83.7662
Pharsatar	36	26.0897	83.8534
Pharadah	36	26.0554	83.8035
Pharaha Lauki Newada	36	26.0058	83.7717
Phariaon	36	26.1550	83.9504
Phatpur	36	26.0422	83.9888
Pharsial	12	33.2818	75.5066
Phodinane	12	33.3944	75.6830
Phagpere	12	33.3585	75.7396
Pharsapalli	37	18.6840	80.6584
Phunwani	35	23.4388	80.1581
Phagumar	12	33.2398	75.7885
Phate	12	33.1645	75.8277
Phagsu	12	33.1312	75.7695
Phadiali	12	32.7186	75.0742
Phatiana	12	32.5150	75.1493
Phalata	12	32.6757	75.1942
Phugunah	12	32.6129	75.1922
Pharol	12	32.7313	75.3095
Phengiyari	12	32.6241	75.3085
Phogal	12	32.6009	75.2948
Pharngoli	12	32.5327	75.3215
Phaiya	12	32.5065	75.2836
Pharma	12	32.5207	75.3499
Pharal	12	32.5559	75.4062
Phei	12	32.6279	75.4788
Phakor	12	32.5264	75.3684
Phal	12	32.4706	75.2574
Phalot	12	32.4157	75.4252
Phulwa	36	25.3529	81.7447
Phulwaribag	36	25.4214	81.7361
Phulwariatola	36	25.0509	81.6966
Pharwal	23	32.2422	75.3910
Phangianwala	23	30.5756	74.2370
Phursatganj	36	25.7025	81.7591
Phroli	12	32.6725	75.6642
Phrol	12	32.6698	75.6912
Phulpur	36	25.9022	81.8226
Phulwari	36	25.8944	81.9652
Phulwari	36	25.9481	81.9095
Phulpur Bikram	36	25.7246	81.8437
Phaphal	12	32.4734	75.5293
Phula Chak	12	32.3755	75.5513
Phaloura	23	32.3054	75.5595
Phul Prara	23	32.3006	75.5723
Phalanpur	23	32.3131	75.6154
Phangoli	23	32.3124	75.6588
Pharal	23	32.3729	75.7095
Phadial	23	32.3003	75.7064
Phagwal	11	32.2562	75.7145
Phalara	12	32.4734	75.6905
Phango	23	32.4441	75.7450
Phagoli	12	32.4789	75.7222
Phungtoli	23	32.3367	75.7331
Phultara	36	25.0751	81.7824
Phulra	23	32.1762	75.6479
Phuljhiri	35	22.4435	74.4264
Phipheda	35	22.1965	74.6233
Phutletalav	35	22.1458	74.7305
Phalial	23	32.4195	75.7912
Phaguli	23	32.4054	75.8269
Phindal	11	32.4558	75.9168
Phaguli	23	32.4052	75.8432
Phungota	11	32.3830	75.9151
Pharkunda Da Basa	11	32.3488	75.8846
Phulel	11	32.3203	75.9903
Phulet	11	32.4429	75.9863
Phagola	11	32.4768	75.9623
Phet	11	32.4895	75.9706
Phes	16	21.4054	74.6368
Phophir	16	20.7206	74.2639
Phipria	35	22.2487	75.8611
Pharkoda	35	22.9319	75.5183
Phulkarariya	35	22.7953	75.7107
Phuttalao	35	22.4152	75.5905
Phatankheri	35	22.6523	75.8825
Phangaon	35	22.1645	75.9377
Phiral	11	32.2131	75.9543
Phategadh	09	24.0013	72.4197
Phacharia	24	24.8957	72.6489
Phungni	24	24.9105	72.5902
Phalaudi	24	24.8563	72.6256
Phadki	35	22.9661	80.4976
Phuljhar	37	20.8402	81.2731
Phagunda	37	20.7163	81.4764
Phulwari	35	22.5996	80.3799
Phakritola	35	22.4891	80.4730
Phandki	35	22.0699	80.4089
Phulwahi	35	22.9961	80.6098
Phirewaria	23	31.8295	74.8922
Phemiwala	23	31.0946	74.9982
Phonk	35	22.4210	80.7910
Pharayal Malwala	23	30.9890	74.7353
Phullarwan	23	30.8690	74.5160
Phulke	23	31.7636	75.2097
Phailoke	23	31.3388	75.0014
Pheruman	23	31.5143	75.2243
Phulat	36	29.2805	77.6982
Phelanwala	23	31.3132	75.2282
Phul Ghuduwal	23	31.1436	75.2303
Phutara	35	21.5942	80.0981
Phutala	16	21.0774	80.0988
Phopsa	35	21.4463	80.4870
Phukimeta	16	21.1238	80.4344
Phero Harni	23	31.9157	75.4172
Phulia	24	25.7472	73.7288
Phulewali	23	31.4116	75.4224
Phiali	23	31.3772	75.4500
Pharipur	23	31.4578	75.4048
Pherochechi	23	31.8417	75.5044
Phulra	23	31.7849	75.5630
Phulera	23	31.8135	75.5770
Phulad	24	25.6267	73.8288
Phulsar	37	22.8506	82.4530
Phagnutola	35	21.9817	80.8513
Phulwaripara	37	22.3363	82.1618
Pharada	37	22.0929	82.3496
Phapund	35	22.5592	75.6216
Phupni	16	21.1446	75.4124
Phesardi	16	21.1304	75.4475
Phulpat	16	21.0298	75.4757
Phapora Budrukh	16	20.9888	75.0557
Phapora Khurd	16	20.9899	75.0605
Phuljhar	37	22.0998	82.6554
Pharaswani	37	22.0976	82.6705
Phulchuhi	37	22.9378	82.8460
Phungi	37	22.8844	82.9810
Phakphakmara	37	22.4799	82.8278
Phuljhar	37	21.0196	82.2410
Phurphundi	37	21.4885	82.4517
Pharphod	37	21.1507	82.3394
Phulwari	37	21.2042	82.3331
Phatguna	37	21.2092	82.4716
Phulwari	37	21.0023	82.4299
Phirgi	37	21.0827	82.5496
Phatamura	21	21.0480	82.6416
Pharoda	37	21.0851	82.6013
Phatamura	37	21.1603	82.6403
Phillor	36	27.0017	80.6753
Pharidah	36	27.9537	80.9222
Phenwan	36	27.6995	80.8589
Phulpur	36	27.4728	80.8489
Phulbori	16	20.0755	80.2099
Pharwala	23	31.0902	75.6689
Pharala	23	31.2234	75.8839
Phalahi	23	31.4540	75.9071
Pharana	23	31.4458	75.8933
Phambra	23	31.0367	75.9988
Phalpota	23	31.0978	75.8256
Phagarot	12	33.1730	76.2992
Pharnal Adwar	11	33.1435	76.3590
Phinapar	11	33.0237	76.4279
Phultwas	11	32.8502	76.1698
Phulra	11	32.7900	76.1295
Phagrog	11	32.7471	76.0698
Phagrotu	11	32.7429	76.0999
Phanaota	11	32.7212	76.2484
Phumbi	11	32.6597	76.2017
Phuwa	11	32.6434	76.0032
Phaigut	11	32.6089	76.0983
Phat Gadian	11	32.5295	76.1219
Phulara	11	32.5464	76.0754
Phulkodo	16	20.3866	80.4332
Phari	16	20.4795	80.3569
Phalunt	11	32.4645	76.0022
Pher	11	32.4554	76.0257
Phagri	11	32.4716	76.1593
Phati	11	32.4562	76.2182
Phat	11	32.3948	76.0433
Pharal	11	32.2514	76.0965
Phaphamar	37	20.9028	80.6220
Phagrutola	37	20.8700	80.6508
Phumariya	24	25.1876	73.8741
Pharara ki Bhagal	24	25.0467	73.8232
Pharara	24	25.0257	73.8013
Pharian	11	32.1284	76.0049
Phugal	11	32.1321	76.1381
Pher	11	32.1050	76.1477
Phulsundri	37	20.9567	80.9563
Phulkoro	37	20.4388	80.7933
Pharki	37	20.4115	80.7506
Phulchur Pite	37	20.2735	80.8456
Phulchur Ghanwa	37	20.2619	80.8517
Phetari	35	22.5051	81.2300
Phudki Dadar	37	22.0132	81.0340
Pharhada	35	22.9245	81.2776
Phindhal	11	32.4961	76.2609
Pharka	11	32.4256	76.3290
Phat	11	32.4440	76.4005
Pharisemar	35	22.7604	81.7081
Phalondi	11	32.1561	76.3616
Pharehr	11	32.0770	76.4745
Phekat Lahar	11	32.0639	76.3599
Phala	11	32.0276	76.3703
Phulwari	36	27.0393	81.0571
Phulwari	36	27.1192	81.1744
Phulwari	37	22.2976	81.5679
Phuljhar	37	22.2875	81.5686
Phagupara	37	22.0482	81.5613
Phadwanikapa	37	22.1023	81.6255
Phadwani	37	22.0969	81.6344
Phulwari Kalan	37	22.1862	81.6262
Phulwari Khurd	37	22.1872	81.6308
Phat	11	32.4615	76.5849
Phagar	11	32.4712	76.5832
Philanda Ani Got	11	32.4450	76.5355
Phultarai	37	22.2353	81.8300
Phat	11	32.1073	76.5073
Phaluni	11	32.0317	76.5139
Phalun	11	32.0180	76.6342
Phurtal	35	24.4068	79.7879
Phegru	11	32.0157	76.8062
Phati	11	31.9872	76.2176
Phati	11	31.9666	76.2039
Phalan	11	31.9421	76.2191
Phatohru	11	31.8989	76.2056
Phera	11	31.8564	76.2412
Phulwari	37	22.0900	81.8557
Pharhada	37	22.0747	81.8217
Phandator	37	21.9513	81.4055
Pharri	37	21.6676	81.5424
Phutlawa	23	31.2445	76.0234
Pharahda	37	21.6665	81.9828
Pharhada	37	21.3331	81.9676
Pharphod	37	21.2775	81.9530
Phalota	11	31.9887	76.4490
Phasht	11	31.9792	76.4650
Pharera	11	31.9618	76.3902
Phalelu	11	31.8904	76.4128
Phagurta	11	31.8930	76.4115
Phalwari	11	31.9142	76.4085
Phagurta	11	31.9250	76.4935
Phangair	11	31.9201	76.4823
Pher	11	31.8796	76.4430
Phagan	11	31.8769	76.3138
Phatohru	11	31.8825	76.2791
Phiar	11	31.8694	76.4188
Phatahl	11	31.7650	76.4411
Phaked	11	31.8173	76.3832
Pher	11	31.8247	76.2885
Pharnat Khue di Bhun	11	31.7504	76.3174
Phalwar	11	31.9186	76.4277
Pholra	23	31.0768	76.5206
Phulahi	11	31.1258	76.6087
Pharehr	11	31.9311	76.9642
Phagan	11	31.8721	76.9535
Phara	11	31.8897	76.8825
Phatoh	11	31.5596	76.7530
Phagoh	11	31.5202	76.9447
Phagiara	11	31.5500	76.9792
Phandhar	11	31.4873	76.7534
Phagla	11	31.4790	76.8853
Phugwas	11	31.4687	76.9629
Phaliur	11	31.4391	76.9587
Phadana	11	31.4024	76.8858
Phaglatan	11	31.2958	76.8883
Pharoli	11	31.3036	76.8229
Phando	11	31.2855	76.8098
Phanjog	11	31.2664	76.8251
Phanalag	11	31.2515	76.9994
Phagwana	11	31.2510	76.9503
Phairin Bari	23	30.5790	76.5128
Phairin Chhoti	23	30.5764	76.5067
Phopladu	11	30.9861	76.8673
Phala	11	30.9664	76.8315
Pharoti	11	31.1552	77.0575
Phagera	11	31.1092	77.0643
Phagla	11	31.0987	77.0812
Phuljhar	37	20.8948	82.0499
Phuljhar	37	20.8527	82.0190
Phail	11	31.0673	77.1151
Phulkarri	37	20.6299	82.1719
Pholiara	24	25.8270	75.4918
Phuljhar	37	20.2642	82.2327
Phalinda	24	25.5194	75.3755
Phulpura	09	23.1294	74.2553
Phulpuri	24	23.1032	74.3522
Pharsara	37	20.3568	82.2840
Phalsamal	21	20.2233	82.5752
Phulchih	21	20.0907	82.5084
Phursund	21	20.0888	82.5999
Pharsara	21	20.2179	82.5885
Phalsapara	21	20.0382	82.7142
Phulidumar	37	23.8719	83.1639
Phulwar	38	23.8821	83.5813
Pharach	11	30.9283	77.5516
Phaula	11	30.9298	77.7073
Phaliani	11	30.8012	77.6666
Phentwari	11	30.7582	77.5554
Pharaspuri	35	23.8927	76.0117
Phainti	35	23.8545	76.2441
Phagmari	38	23.8854	83.8950
Phavka	35	23.6824	76.2287
Phaiya Khera	39	30.8065	77.8157
Phikauri	39	30.9208	77.8006
Phanyar	39	30.8871	77.8976
Phatiun Khera	39	30.8478	77.9103
Phania	35	23.3233	76.1610
Phiwari Khera	10	28.0474	77.3318
Phulwari	10	28.0711	77.3260
Pharaswani	37	21.8307	83.0520
Phulbandhia	37	21.9464	83.1790
Phaguram	37	21.9472	83.0957
Phatanpur	35	23.0831	76.1785
Pharaswani	37	21.5803	83.1761
Phalso	39	30.1908	78.2310
Pharti	39	30.2453	78.2464
Phardkheri	35	23.6194	76.3071
Phulpura	35	23.5562	76.4910
Phatamunda	21	21.0071	83.0161
Phalda	39	30.0521	78.7514
Phrori	39	30.2170	78.8051
Pharasu	39	30.2445	78.8516
Phaldwari	39	30.0955	78.9656
Phedua	39	29.9309	78.4415
Phalandikhet	39	29.8581	78.4938
Phaldon	39	29.9890	78.8787
Phatalgaon	39	29.8543	78.7714
Phulerpali	21	21.1050	83.3611
Phatamunda	21	21.0258	83.4520
Phatamunda	21	21.0052	83.4434
Phali	39	30.5017	79.1672
Phaparangi	39	30.5326	79.1959
Phundiya	35	23.8237	76.6516
Phulpura	35	23.9539	76.7068
Phul Kheri	35	23.9982	76.6539
Phulapali	21	21.2482	83.5589
Phatamunda	21	21.0134	83.5577
Phatapali	21	21.6330	83.9385
Phata	21	21.7397	83.8839
Phatatikra	21	21.2132	83.8488
Phatamunda Budhapali	21	20.9990	83.0258
Phirupali	21	20.9839	83.1150
Phiringimal	21	20.9122	83.2874
Phutekal	37	18.5398	80.8948
Phuiwaria	36	27.5000	81.3959
Phulpur	36	27.1977	81.3299
Phalihario Purwa	36	26.1196	81.2968
Pharharin Purwa	36	26.0986	81.3166
Phulwari	36	26.4606	81.6190
Phulpur	36	26.3420	81.6685
Phagupur	36	26.0666	81.5123
Phagra	21	18.3772	82.7770
Phatigimahato	34	26.1691	84.3940
Phulwaria	34	26.0274	84.2776
Phalpura	34	26.1187	84.4160
Phalpura	34	26.1708	84.4524
Phatkajore	21	19.7533	83.0734
Phukjori	21	19.9240	83.0815
Phatapara	21	19.9297	83.0959
Phatapara	21	19.9395	83.0952
Phuldomri	21	19.6368	83.0687
Phoruang	21	19.8060	83.3864
Phutadongri	21	19.7975	83.3753
Pharasgam	37	19.2982	82.1242
Phatamunda	21	19.2786	83.0811
Phuljubba	21	19.1176	83.1010
Phattamunda	21	19.4857	83.5240
Phundri	37	18.9814	81.1409
Pharaspal	37	18.9272	81.2493
Pharaspal	37	18.9382	81.2672
Phulnar	37	18.8586	81.4498
Phulpad	37	18.5962	81.4104
Phuljori	21	18.9480	83.0373
Phuchaibahrd	35	24.3535	82.5302
Pharusahi	34	25.9104	84.5460
Phakuli	34	25.8203	84.7087
Phulpura	35	23.5264	76.7096
Phulon	35	23.3821	76.6166
Phudra	35	23.0315	76.6019
Pharaspur	35	22.8196	76.0247
Phatar Guraria	35	22.8823	76.2211
Phulaji Muwara	09	23.0284	73.2258
Phali	35	22.6943	76.1077
Phelasni	09	23.0250	73.3279
Phatepura	09	23.0385	73.4805
Pharoj	24	23.8743	73.8658
Phalwa	09	23.1365	73.8371
Phulpuri	24	23.2520	74.1481
Phalwa	24	23.3157	74.0931
Phatadungri	24	23.3044	74.2077
Phaldiyagaon	39	30.0809	79.6374
Pharna	34	25.6374	84.6998
Phulari	34	25.3693	84.7194
Phuti Kuhan	39	29.9277	79.2698
Phagotia Chhana	39	29.8720	79.2565
Pharika	39	29.8564	79.2852
Phali	39	29.8526	79.3094
Phaintna	39	29.7830	79.2741
Phalduari	39	29.7870	79.3883
Phalson	39	29.6163	79.2720
Phaphariya	39	29.5215	79.2677
Phaldiari	39	29.6823	79.3851
Phadalna	39	29.5214	79.4888
Phultalao	35	22.9221	74.5670
Phurtalao	35	22.5569	74.6516
Phalania	24	24.9561	73.2750
Phaganie Khet Malla	39	29.3856	79.3886
Phagania Khet Talla	39	29.3922	79.3853
Phulna	39	29.4553	79.4905
Phaliani	39	29.4707	79.4610
Phulpura	24	24.9864	73.9480
Phalet	24	24.5171	73.9078
Phutkua Haripur	39	29.1475	79.4757
Phul Chaur	39	29.1772	79.4897
Phulgarh	24	26.3088	74.2305
Pheku Bigha	34	25.2207	84.6766
Phulman Bigha	34	25.1604	84.7204
Phala	35	22.2647	74.5639
Pharak	39	29.6094	79.6179
Phatkot	39	29.5303	79.6931
Phapna	39	29.5813	79.7050
Phola	39	29.5992	79.6374
Phalsimi	39	29.6061	79.6864
Phulwaria	34	25.8376	84.8095
Pharusa	34	25.8271	84.8079
Phursatpur	34	25.8321	84.8533
Phurtalao	35	22.6382	74.8328
Phulde	35	22.5817	74.8727
Phuia	34	25.6590	84.7987
Phaleg	39	29.3086	79.6100
Phetua	39	29.3392	79.7073
Phalianthi	39	29.9323	79.5910
Phalta	39	29.7833	79.5677
Phalia Bhanarath	39	29.7754	79.6059
Phalia Naparath	39	29.7786	79.6009
Phaliati	39	29.7901	79.6612
Phanati	39	29.8207	79.7361
Phatgali	39	29.8807	79.6968
Phagunahta	34	27.2212	84.2975
Phulwariya	34	27.2204	84.3674
Phulkaul	34	27.2294	84.3737
Phutlinari	24	26.2600	74.5302
Phulwaria	34	27.1322	84.5654
Phulwaria	34	27.0318	84.5651
Phulvadi	09	21.5321	74.1237
Phaloda	24	26.6415	74.9164
Phunkia	24	25.1679	74.0757
Phagupur Bishanpura	36	26.7924	84.0087
Pharendaha	36	26.6184	84.0695
Phudi Chapar	34	26.5692	84.0830
Phattu Chapar	34	26.5880	84.1322
Phattu Chhapar	34	26.4707	84.1458
Phulwaria Abgir	36	26.3017	84.1497
Phulwaria	36	26.3038	84.1585
Pharchhuhi	34	26.2263	84.1946
Pharchhua	34	26.2214	84.1954
Phulwaria	34	26.2458	84.2412
Phalyanti	39	29.8575	79.8063
Phanyari	39	29.8526	79.8096
Phalyanti	39	29.8490	79.8026
Pharsyan	39	29.8501	79.8876
Phisera	39	29.8808	79.8901
Phula	39	29.9277	79.9075
Pharsali	39	29.9511	79.9421
Phulwaria	34	26.9811	84.3491
Phulwaria	34	26.9805	84.3759
Phalodi	24	25.1907	74.7742
Phulari	39	29.6406	79.7647
Phuta	39	29.5248	79.8461
Pharakholi	39	29.5854	79.9625
Phlant	39	29.5691	79.9026
Pharsola	39	29.6889	79.9457
Phulwaria	34	26.5787	84.2842
Phadyari	39	29.7291	79.9114
Phulia Khanr	34	26.6749	84.4457
Phulia Khanr	34	26.6869	84.4651
Phatu Chhapar	34	26.7052	84.4468
Phuljharia	34	26.7123	84.4413
Phajihatwa	34	26.9326	84.5757
Phulwaria	34	26.8778	84.7040
Phultunwa	34	26.7197	84.5854
Phulwaria	34	26.7322	84.7448
Phulwaria Ojha	34	26.7324	84.7493
Phanghata	34	26.6707	84.7040
Phalyant	39	29.4915	79.9267
Phawla	35	22.9866	76.2900
Phangti	35	22.8254	76.4081
Phulwai Khera	36	28.0875	79.1476
Pharkia	24	25.8748	75.1446
Phulsungha	39	28.9872	79.4414
Phulsunghi	39	28.9731	79.4370
Phulsunghi	36	28.9126	79.3480
Phulsungha	36	28.9062	79.3548
Phulpur	39	28.9006	79.4174
Phulwaria	34	26.3920	84.5173
Phartala	35	21.9524	74.5667
Phatlamoho	35	21.9113	74.7123
Phalpura	34	26.0470	84.5306
Phuchti Khurd	34	26.0407	84.5756
Phuchti Kalan	34	26.0255	84.5892
Pholayya	36	28.8407	79.6962
Phulwar	34	26.8148	84.8430
Phulwaria	34	26.5225	84.9072
Phulwawria Pasrampur	34	26.5170	84.9106
Phursatpur	34	26.6003	84.9289
Phiprar	35	22.1029	76.3131
Phopra	16	21.0576	74.5179
Phultakiya	34	26.3547	84.8961
Phulwaria	34	26.2855	84.9549
Phulwariya	34	26.4084	84.9787
Phakalpura	34	26.2107	84.7594
Phenhara	34	26.0649	84.8452
Phakuli	34	26.1122	84.8621
Phulwaria	34	26.1078	84.9968
Phatepur	16	21.3966	74.9979
Phulwaiya	36	28.3797	79.7068
Phulwaiya	36	28.1314	79.6823
Pholayya	39	28.8069	79.8637
Pholaiya	39	28.9576	79.8857
Phulhar	36	28.6996	79.8515
Phul Chak	36	25.9512	84.1390
Phulwaria	36	25.8265	84.2303
Phulwaria	36	25.8183	84.2073
Phuta Kuan	36	28.4959	79.8398
Phagunhai	36	28.2986	79.9872
Phulchan Chak	34	25.4213	84.9163
Phulsathar	34	25.1256	84.8305
Phutaharwa	34	24.6766	84.0686
Phulwaria	34	24.6696	84.0572
Phulwaria	34	24.5465	84.1352
Phesara	34	24.6595	84.1345
Phuldiha	34	24.6531	84.1825
Phekubigha	34	24.5694	84.2360
Phagutola	34	25.4965	84.1669
Phusna Pathra	38	24.1371	84.1714
Phudia	38	24.0911	84.1839
Phulwariya	34	25.0476	84.0661
Phulwaria	34	25.8974	84.4958
Phesra	34	24.8959	84.2965
Phulai	34	25.5393	84.4155
Philingi	34	25.5619	84.4421
Phaphdar	34	25.4812	84.2722
Pharaura	34	25.4170	84.3262
Phulwariya	34	24.7910	84.3184
Phadarpur	34	24.9931	84.4769
Phesra	34	24.8602	84.4724
Phal Bigha	34	24.7724	84.4475
Phagudih	34	24.4984	84.3838
Phulwaria	34	24.4491	84.4832
Phulwaria	34	24.3110	84.4959
Phalanda	34	24.3139	84.4793
Phulang	38	24.0492	84.2794
Phesra	34	24.9124	84.5038
Phadarpura	34	24.8508	84.5274
Phesra	34	24.8122	84.6120
Phag	34	24.9502	84.6050
Phulbariya	34	24.7376	84.5245
Phulwariyatola	34	24.5023	84.6465
Phulwariya	34	24.6357	84.6656
Phesra	34	24.6947	84.7328
Phulwariya	34	24.5441	84.7159
Pheru Chak	34	24.3852	84.5181
Phagua	38	24.2700	84.5257
Phulwariya	38	24.4675	84.7446
Phulwariya	38	24.3093	84.7479
Phulwaria	38	24.1969	84.5536
Phulwaria	34	25.4697	85.9847
Phul Chaunr	34	25.0015	85.8449
Phar	34	25.0697	85.8544
Phulaiya	34	25.1014	85.9600
Pherandlatoli	38	24.0590	85.1238
Phata Purwa	36	25.1919	80.6534
Phent	34	26.5338	86.0084
Phulkaha	34	26.5940	86.1787
Phaluwa Ahir Purwa	36	25.5040	80.7570
Phalimar	19	13.1229	74.8011
Phalaram	02	13.9550	77.1089
Phephariya Kalan	35	22.0900	76.5029
Phephariya Kalan	35	22.1021	76.6063
Phalguni	19	13.1257	75.5771
Phutana Khurd	16	19.8823	79.6938
Phutana	16	19.9086	79.7134
Phurdi	16	19.7558	79.7376
Phulara	16	19.6644	79.7103
Phagu Bigha	34	25.2306	85.6622
Phaniyapuram	19	14.5295	76.0199
Phulahra	34	25.9505	85.7812
Phulwaria	34	25.7663	85.9722
Phul Chak	34	24.6897	85.0811
Phul Bigha	34	24.8891	85.2857
Phaldu	34	24.9681	85.4215
Pharka	34	24.7040	85.3108
Phulwariya Khurd	34	24.6043	85.4947
Phulwariya Kalan	34	24.6009	85.4903
Phulwaria	38	24.4312	85.3545
Phulang	38	24.3215	85.2908
Pharaha	34	24.8522	85.5471
Phulwan	34	24.8244	85.5447
Phatna	34	24.8910	85.6257
Pharenduatoli	38	24.4597	85.5790
Phulwariya	38	24.4895	85.5885
Phulwariya	38	24.4217	85.6581
Phulwaria	38	24.4689	85.7413
Phulkahi	34	26.2864	85.9984
Phulban	34	26.1984	86.1955
Phulwaria	34	26.1985	86.2402
Phulwaria	34	26.3712	86.3033
Phulwaria	34	26.4549	86.3321
Phalki	34	26.1370	86.3462
Phakshaha	34	26.2487	86.3962
Phokurdi	16	19.9753	79.8421
Phasia	34	26.2125	86.8214
Phulkaha	34	26.0763	86.9975
Phutha	34	25.8076	86.0138
Phulahra	34	25.7912	86.1383
Phulwaria	34	25.8060	86.2208
Phulhara	34	25.8937	86.1300
Phaphot	34	25.6818	86.0069
Phulkari	34	25.4840	86.1018
Phachivadi	16	15.9925	74.0329
Phagrevadi	16	15.9823	74.1922
Phatakvadi	16	15.9796	74.1942
Phultora	34	25.7051	86.3860
Phuhia	34	25.7364	86.3509
Phulwaria	34	25.6751	86.4280
Phulwaria	34	25.4234	86.2649
Phulmalik	34	25.4132	86.4255
Phulka	34	25.2920	86.4815
Phursaha	34	25.7933	86.6825
Phursaha	34	25.7825	86.7257
Phango	34	25.6153	86.6382
Phulwaria	34	25.5001	86.7439
Phulwaria	34	25.1239	86.5196
Pharsa	34	25.0795	86.5482
Pharsa	34	25.0974	86.5479
Phulwaria	34	25.7622	86.9127
Phulwaria	34	25.6225	86.8108
Pharsahi	34	25.5899	86.8801
Pharsaha	34	25.6272	86.8815
Phanhan	34	25.6588	86.9195
Pharkipathal	34	24.8060	86.0147
Phataji Mota	09	23.1547	73.5682
Phataji Gorara	09	23.1850	73.7165
Phophal Mota	09	23.0959	73.7335
Phutatal	36	26.5991	79.0644
Phuta Tal	36	26.6264	79.4022
Phulpur	36	26.5817	79.2683
Phularkop	19	15.8122	74.6839
Phattubele	19	14.4878	74.4025
Phulwariatola	34	24.6214	84.4741
Phanphar	34	24.7996	84.7798
Phurhuriya	34	24.7561	84.8677
Phulsathar	34	24.6643	84.8078
Phulwariya	34	24.6513	84.8213
Phitki Chak	34	24.5484	84.8215
Phulhar	34	26.5853	85.9099
Pharhi	34	26.2882	87.1453
Phulkah	34	26.3960	87.1353
Phena	34	26.3533	87.2157
Phasi Magrabi	34	26.3868	87.4121
Phulsara	34	26.2818	87.6448
Phulbari	34	26.3920	87.6722
Phulbaria	34	26.3800	87.6662
Pharhabari	34	26.3504	87.6907
Phulbari	34	26.2893	87.7950
Phulgachhi	34	26.3653	87.9399
Pharsadangi	34	26.3574	87.9941
Phansidoa	34	26.3328	87.9680
Phato Pokharia	34	26.0984	87.7729
Phulbara	34	26.0631	87.8096
Phulbari	34	26.0377	87.7793
Pharsadangi	34	26.0863	87.8865
Phulbari	34	26.1315	87.8496
Phulwari	34	26.1220	87.9388
Phulpur	34	25.5848	87.0377
Phulka	34	25.5015	87.1075
Phulwaria	34	25.7050	87.1245
Phulkahi	34	25.6835	87.2074
Phulkia	34	25.2762	87.1924
Pharka	34	25.2335	87.0750
Phulwaria	34	25.0326	87.0715
Phudkipur	38	25.0145	87.2367
Pharyani	34	25.9586	87.4221
Phuldobhi	34	25.6414	87.3843
Phulwaria	34	25.5842	87.4053
Phulwaria	34	25.1208	87.2787
Phuljori	34	25.2413	87.3833
Phulwaria	38	25.1391	87.4260
Phulwaria	34	25.8572	87.5242
Phasia	34	25.7571	87.5740
Phulpur	34	25.8285	87.6511
Phulpur	34	25.7678	87.6275
Phulpur	34	25.7656	87.6407
Phulwaria	34	25.7663	87.6496
Phulbari	34	25.7704	87.7051
Pharkia	34	25.8245	87.6646
Phulwaria	34	25.9395	85.0035
Phular	34	25.9657	85.0816
Phulhara Ishaq	34	25.7555	85.2165
Phuliatola	34	25.5632	85.0366
Phulwari	34	25.5767	85.0728
Phulpura	34	25.3305	85.1295
Phulwaria	34	25.3024	85.1887
Phuliwartola	34	25.3814	85.2115
Pharahi	34	25.6836	87.6176
Phuli Lachhmi	38	25.1288	87.5125
Phulpahari	38	25.1913	87.6169
Phuljhari	38	25.2109	87.7051
Phulbhasa	34	25.7804	87.7586
Pharsara	34	25.8683	87.8305
Phulbari	28	25.8884	87.8822
Pharsara	28	25.8616	87.8725
Phulbari	28	25.9055	87.9333
Phulberia	28	25.9978	87.9194
Pharsadangi	34	25.5709	87.7696
Phulbari	34	25.5682	87.8825
Phudkipur	34	25.5315	87.8602
Phatu Chak	34	24.9898	87.1492
Phasia	38	24.9526	87.1899
Phulberia	38	24.9293	87.1943
Phulpahari	38	24.6498	87.6502
Phuljhijri	38	24.3080	87.5897
Phuljhanjori	38	24.3077	87.5979
Phuiopani	38	24.2667	87.6168
Phulsahari	38	24.1274	87.5321
Phulpahari	38	24.1840	87.6909
Phulpahari	28	24.0576	87.5649
Phulandar	28	24.6755	87.9049
Pharsa	38	24.6200	87.8846
Phulidanga	28	24.1058	87.7992
Phulwaria	34	25.7719	85.3066
Phulwaria	34	25.7926	85.3815
Phular	34	25.8511	85.3825
Phulwaria	34	25.9925	85.4125
Phulhara	34	25.6995	85.2879
Phul Chak	34	25.6660	85.2577
Phulwaria	34	25.5067	85.3540
Phatikwara	34	25.6759	85.4023
Phulpura	34	25.6934	85.3450
Phaguni	34	25.2248	85.2618
Phalanwan	34	25.3475	85.5569
Phulelpur	34	25.4360	85.6372
Phupnagri	16	21.0708	75.5097
Phekri	16	21.0421	75.8362
Phulgaon	16	21.0269	75.8979
Phulpur Pachhiari	34	26.0712	87.5663
Phulsari	34	26.0404	87.6926
Phajalwadi	16	20.0288	75.5815
Pharenda	36	27.9615	80.1472
Phakka Purwa	36	27.7980	80.2176
Phulahia	36	27.6999	80.1069
Phul Behta	36	27.4522	80.0653
Phulagara	36	27.4823	80.2164
Pharia Piparia	36	27.7911	80.3087
Phetra	16	19.8663	77.3980
Phusganadoddi	19	13.6194	77.8873
Phakiranhoshalli	19	13.2626	77.8708
Phakkiripalle	02	13.1602	78.7322
Phatikwara	34	25.6458	85.5427
Phalane	16	18.8167	73.6093
Phulahra	34	25.4686	87.6118
Phampuni	21	20.1064	84.8455
Phusri	38	23.9697	85.0994
Pheta	38	23.4352	85.2264
Phutkaltoli	38	23.2776	85.1561
Phulsarai	38	23.6632	85.4833
Phutkaltoli	38	23.3961	85.3108
Phudi	38	23.1662	85.2787
Phakodih	38	23.8040	85.5505
Phutkadih	38	23.6876	85.7177
Phanikpur	38	23.5807	85.6056
Phulwar Baherabera	38	23.2534	85.6010
Phulwar Baherabera	38	23.2405	85.6126
Pharachanch	38	23.9938	85.8493
Phutkadih	38	23.6890	85.8533
Phuljhariatoli	38	23.5694	85.7968
Phultanrtoli	38	23.5316	85.8564
Phatka	38	22.8401	85.1877
Phaniga	38	22.8376	85.2106
Phulbari	38	22.2969	85.1510
Pharendi	38	24.1429	84.8595
Pharenda Khap	38	24.1472	84.8662
Phagu	21	22.0442	85.6853
Phulkia	34	25.2818	86.6319
Phutabandh	38	24.2327	86.8146
Phoraam	38	24.2078	86.9003
Phulchua	38	24.1999	86.8511
Phasiabad	38	24.2448	86.8475
Phudnisarai	38	24.0685	86.7855
Phupnadih	38	24.0879	86.7530
Phulwariatola	38	23.9050	84.2182
Phulwartoli	38	23.1694	84.2057
Phulwaria	38	23.9883	84.4005
Phatitanrtoli	38	23.3299	84.4586
Phulsu	38	23.9402	84.7330
Phulwartoli	38	23.6811	84.5488
Phatatoli	38	23.5283	84.6754
Phaudatoli	38	23.5992	84.7304
Phukatoli	38	23.4867	84.6924
Phikwatoli	38	23.4594	84.6895
Phutkatoli	38	23.4674	84.7007
Phathi	38	23.1033	84.5545
Phasia	38	23.0185	84.5350
Phori	38	23.1089	84.5997
Phagutoli	38	23.0190	84.7040
Phulbasia	38	23.8455	84.9089
Phulsari	38	23.5102	84.8915
Phatutoli	38	23.2975	84.7947
Phuldih	38	23.4845	84.9648
Phulwatoli	38	23.0210	84.8251
Phagutoli	38	23.0801	84.9605
Phatepur	38	23.0825	84.9965
Phuldib	38	22.5638	84.0046
Phaunk	38	22.5904	84.1055
Pharsa	37	22.6849	84.0896
Phasiatoli	37	22.8200	84.2630
Phakirtoli	38	22.8472	84.4458
Phagutoli	38	22.5717	84.3154
Pharsatoli	38	22.6540	84.3496
Phuljhartoli	38	22.7268	84.3545
Pharsapani	38	22.5581	84.4876
Phuljhartoli	38	22.7955	84.5562
Pharsatoli	38	22.7985	84.8381
Pharsama	38	22.9360	84.8262
Phulchanghar	21	21.7185	84.0376
Phuljartoli	38	22.6837	84.8270
Phagutoli	38	22.5629	84.7704
Phodutoli	38	22.5513	84.8549
Phirka	38	22.5718	84.9310
Pharsa	38	22.4648	84.9698
Phulchunga	21	21.8466	84.0426
Phatatangar	21	21.6765	84.1154
Phatamunda	21	21.7017	84.2423
Phatha	38	23.9163	85.2972
Phulang	38	23.8466	85.3019
Phusri	38	23.8419	85.4766
Phulkani	38	22.7360	85.6102
Phulhatu	38	22.5616	85.8023
Phata Tangar Chhota	38	22.3586	85.9934
Phata Tangar	38	22.3527	85.9923
Phuljhari	21	21.8211	85.0369
Phuljhori Kolsai	21	21.7087	85.0982
Phuljhori	21	21.7123	85.1224
Phapanda	21	21.4517	85.1433
Phuljhar	21	21.0363	85.4937
Phulbadi	21	21.4578	85.5206
Phuljhar	21	21.4032	85.6896
Phulkunri	21	21.8710	85.7908
Phulpahari	21	21.6237	85.9920
Phulpara	21	20.4386	85.0970
Phasipara	21	20.0817	85.1664
Phuphundi	38	24.1372	85.5001
Phuruka	38	24.0759	85.5036
Pharrahtola	38	24.0768	85.5949
Pharaheda	34	24.8669	85.7927
Phuldih	34	24.8666	85.7897
Phulwaria	38	24.7960	85.8315
Phodtoiatoli	38	24.1649	85.8023
Phulkaha	34	26.1894	86.6423
Phulwaria	34	26.2482	86.7440
Phulkaha	34	26.0018	86.7017
Pharsahi	34	25.8896	86.3113
Phulwaria	34	25.9368	86.3779
Phutka	38	24.5704	86.1808
Phutkatanr	38	24.1130	86.1207
Phulwaria	34	24.9584	86.2723
Phata	34	24.8727	86.4804
Phoksa	34	24.8697	86.4284
Pharaita	34	24.7980	86.2576
Phariatadih	34	24.5049	86.4440
Phutabandh	34	24.5768	86.4830
Phitkuria	34	24.6035	86.4014
Phitkuria	38	24.2778	86.3754
Phucho	38	24.2635	86.4295
Phuphundi	38	24.3111	86.2654
Phuljori	38	24.2508	86.4894
Phuljori	38	24.2026	86.3514
Phutkatanr	38	24.1564	86.4094
Phulchi	38	24.1297	86.3902
Phoklopathal	38	24.1016	86.4682
Phulchi	38	24.0779	86.3558
Phatabahal	21	21.4598	84.0808
Phatatangar	21	21.9213	84.4267
Phatatangar	21	21.8118	84.4897
Phalsachuan	21	21.8112	84.4715
Phasimal	21	21.6014	84.2810
Phulkusum	21	21.5829	84.4006
Phatatangar	21	21.7436	84.4613
Phasipal	21	21.0321	84.4592
Phatatangar	21	21.3103	84.5835
Phuljhari	21	21.4043	84.7934
Phulchara	21	20.8583	84.1024
Phurda	21	20.6898	84.2166
Phirkeni	21	20.5137	84.0164
Phuljhari	21	20.6327	84.4448
Phuljhari	21	20.8950	84.5601
Phuluribania	21	20.8486	84.6146
Phatarpani	21	20.9279	84.6218
Phusigunda	21	20.3235	84.7086
Pherzawl	17	24.2623	93.1887
Phenhara	34	26.5182	85.2026
Phulidumar	34	24.9947	86.7920
Phungyar	17	24.8076	94.3508
Phokhungri	20	25.6069	94.8215
Phor	20	25.7383	94.7745
Phomching	20	26.6858	95.1876
Phassang	30	27.7070	93.2823
Phulwaria	36	27.0804	83.0553
Pharenda	36	27.1443	83.3201
Phalai	16	21.9402	74.4691
Phalai	16	21.9326	74.4492