Porbandar	09	21.6422	69.6093
Port Blair	01	11.6661	92.7464
Ponnani	13	10.7669	75.9252
Pollachi	25	10.6583	77.0085
Poonamalle	25	13.0489	80.1149
Ponnur	02	16.0711	80.5494
Ponnuru	02	16.0655	80.5520
Porur	25	13.0357	80.1582
Polavaram	02	17.2475	81.6437
Porsa	35	26.6744	78.3708
Podaturpet	25	13.2817	79.4854
Podili	02	15.6064	79.6149
Ponneri	25	13.3387	80.1949
Ponmana	13	9.0080	76.5202
Polur	25	12.5122	79.1240
Ponmundam	13	10.9536	75.9468
Poranki	02	16.4777	80.7075
Pottaneri Nallakavundanpatti	25	11.8039	77.8567
Pokaran	24	26.9201	71.9163
Polasara	21	19.6939	84.8140
Ponda	33	15.4034	74.0152
Polichalur	25	12.9891	80.1418
Powai	16	19.1164	72.9047
Pottanur	25	11.1098	77.9888
Porathissery	13	10.3764	76.2015
Ponmana	25	8.3552	77.3283
Pochampalli	40	17.3492	78.8228
Ponnamaravati	25	10.2803	78.5360
Ponduru	02	18.3496	83.7565
Polaia Kalan	35	23.2119	76.5529
Ponnampatti	25	10.3668	78.3955
Potreddipalli	40	17.5880	78.0798
Poomangalam	13	10.3113	76.1929
Poyya	13	10.2099	76.2551
Pottor	13	10.5791	76.2026
Pondarkanali	38	23.7702	86.3516
Porkolam	13	10.6768	76.0694
Ponnampet	19	12.1447	75.9451
Poladpur	16	17.9842	73.4644
Por-Ramangamdi	09	22.1297	73.1790
Pololem	33	15.0167	74.0167
Porla	16	20.3135	79.9765
Poyyapatti	25	12.1137	78.5701
Poyom	30	28.2360	94.5843
Powai	03	27.3525	95.6460
Pottundi	13	10.5500	76.6167
Pottasingi	21	19.0908	83.9608
Pottangi	21	18.5646	82.9649
Potrem	33	15.2027	74.2633
Potolai	19	15.1858	74.5473
Potlod	35	22.9965	75.6966
Potlan	24	25.1362	74.2101
Potkapalli	40	18.4231	79.4665
Pothia	34	25.5413	87.2636
Potha	12	33.6539	74.2465
Potemshetpalli	40	17.9801	78.2013
Potakamuru	02	15.7421	79.7716
Posora	21	20.2719	84.4442
Positra	09	22.3947	69.1730
Posina	09	24.3734	73.0323
Porumamilla	02	15.0090	78.9892
Porubata	21	20.3709	83.7204
Porto Novo	25	11.4772	79.7367
Poroscodem	33	15.7403	73.8299
Poringalkuthu	13	10.2833	76.4333
Poriem	33	15.5826	74.0380
Porhmunda	21	21.4640	85.7344
Porhamari	21	19.4333	84.4833
Poreya	38	24.6767	87.1724
Poranger	38	22.7972	85.1830
Porayar	25	11.0222	79.8324
Poradiha	21	21.5587	86.4355
Poo	11	31.7622	78.5893
Poth	11	32.0460	76.0333
Ponsuli	33	15.6255	74.1060
Ponri	35	23.8713	81.2409
Ponri	35	23.5432	81.5195
Ponpadi	25	13.2303	79.5986
Ponnaluru	02	15.2725	79.7992
Ponnai	25	13.1276	79.2575
Pongunagu	41	33.3762	77.9479
Pongro	37	22.6484	83.6997
Pongode	40	16.9246	79.7343
Ponduru	02	15.4165	79.9264
Ponduli	21	22.0339	85.2724
Pondi	37	22.3793	82.2571
Pondi	37	22.1197	81.2622
Pomurna	16	19.8769	79.6333
Pomburpa	33	15.5500	73.8500
Pombhurla	16	16.5170	73.5515
Pomalvadi	16	18.2829	74.9316
Polukallu	02	15.8284	77.7431
Polluru	02	17.8626	81.6518
Poliem	33	14.9134	74.0847
Polba	28	22.9618	88.3024
Polatala	02	14.3727	78.6803
Polang	11	32.0925	76.8586
Polaki	02	18.3722	84.1027
Polakampad	02	16.4873	80.5998
Polaia Khurd	35	23.3088	76.5649
Poladpur	02	17.9833	83.4667
Pokuru	02	15.1726	79.8225
Pokkandala	02	14.2318	79.7484
Pokhri	39	30.3431	79.1976
Pokhraira	34	26.0613	85.1978
Pokhra	39	29.9142	78.9223
Pokharia	38	23.9231	86.6259
Pointong	30	27.5000	92.5000
Poninguinim	33	14.9679	74.0865
Poinad	16	18.6839	72.9924
Poin	41	34.5623	76.1302
Poi	17	25.2779	94.5557
Pohra	16	21.0335	79.8484
Pohra	16	20.8885	77.8770
Pohna	16	20.3485	78.7117
Pohegaon Khurd	16	19.8176	74.3963
Pogullapalle	40	17.5458	80.8753
Poghat	16	20.4062	77.3491
Podur	40	16.1523	77.8245
Podropoda	21	20.7500	83.9167
Podanur Junction	25	10.9588	76.9924
Podame	00	20.7000	70.9500
Podalakur	02	14.3848	79.7337
Pochipara	28	23.8833	87.9167
Pochannapet	40	17.7524	79.0355
Ponchaner	35	23.1600	76.8119
Pochampalli	40	18.3500	78.8333
Poahat	01	8.2500	93.2167
Pohri	35	25.5364	77.3604
Podia	21	18.1743	81.5399
Poti	24	28.2635	74.8472
Poli	28	22.3761	88.1497
Poshkarnar	12	34.2897	74.9198
Pohal	12	34.1054	74.8889
Pol Padar	12	33.8249	74.2258
Poti	12	33.7646	74.1865
Potri	12	33.8047	74.0583
Pothi	12	33.3242	74.1921
Poshur	12	34.0134	74.6683
Potus	12	34.2752	74.3107
Pohru Pet	12	34.3920	74.3459
Potha	12	32.8444	74.5864
Por	12	32.8479	74.6467
Pogla	12	33.2474	74.0632
Potha	12	33.1492	74.2121
Potha	12	33.1306	74.2774
Potna	12	33.1262	74.3878
Potha Gala	12	33.1472	74.4750
Potha	12	33.1194	74.2847
Porkhu	12	32.8019	74.7799
Polangi	10	28.9491	76.7593
Polokhor	41	34.5625	76.1222
Porwala	39	30.3780	77.8925
Potli	10	29.9899	77.1461
Polkha	36	29.5275	77.2950
Pokhri	39	29.9373	78.6838
Pokhri	39	29.8200	78.5069
Poddatur	40	17.4037	78.2008
Potugal	40	17.2187	78.1348
Poddatur	40	17.3630	78.9596
Pocharam	40	17.1763	78.6022
Polkampalli	40	17.2242	78.7084
Pogilonpalli	40	17.9908	78.0133
Ponal	40	17.6050	78.6319
Ponyala	40	17.7512	78.1247
Posanipet	40	17.8546	78.0799
Potampalli	40	17.9154	78.5214
Potaram	40	17.6032	78.3728
Potaram	40	17.6642	78.6698
Potawaram	40	17.7895	78.4375
Potgal Samal	40	17.8011	78.0929
Potraddipalli	40	17.8811	78.9206
Poompuhar	25	13.1144	80.2086
Ponniammanmedu	25	13.1300	80.2311
Pondur	25	12.9302	79.9312
Poornapragana Layout	19	12.9062	77.5367
Potiakhera	35	24.6565	78.9640
Pohappur	36	27.1023	79.4082
Powa	36	26.6192	79.8385
Potti	36	26.5898	79.7510
Pothamedu	13	10.0711	77.0478
Pokalagi	03	26.3523	89.8448
Pokalagi	03	26.2682	89.7609
Pochampalli	25	12.3328	78.3678
Pothnal	19	15.9249	76.8907
Potin	30	27.3368	93.8269
Pongo	20	26.4851	94.8718
Posammaralu	40	18.1131	78.1155
Potaram	40	18.9316	78.9531
Porata	21	18.4972	82.6727
Poonawaddoo	33	15.1080	74.2877
Pottassheri	13	11.0013	76.5101
Poundul	16	19.8878	77.8791
Poronian	35	23.0576	77.4771
Pokhriabong	28	26.9571	88.1668
Poradih P	28	23.6144	86.4582
Pondi Khurd	35	23.3459	80.1177
Pondi Uproda	37	22.6326	82.7637
Pondi Kala	35	23.4781	80.3345
Pondi Kalan	35	23.2750	79.5855
Pokharda	35	24.5028	75.1795
Podapatna	21	21.1424	86.3440
Pooppara	13	9.9806	77.2033
Pobala	10	29.9069	76.5595
Porula	24	28.1161	76.4434
Potha	12	33.2840	74.3240
Pohal Gai	12	33.4091	74.3684
Potha	12	33.3445	74.4390
Poshmarg Forest	12	34.5479	74.3196
Pogri	11	31.3675	77.2852
Pokhi	11	31.3905	77.3227
Porla	11	31.3728	77.3464
Pokhar	11	31.4784	77.3787
Pol	11	31.4829	77.3148
Podul	11	31.0169	77.3352
Pojarli	11	31.1990	77.4072
Pol	11	31.1107	77.4928
Pojarli	11	31.4481	77.5811
Poshna	11	31.4557	77.6114
Pocha	11	31.3553	77.6229
Poran	11	31.0225	77.6538
Ponta	11	31.1039	77.6917
Pola	11	31.1013	77.6618
Poh	11	30.9982	77.0384
Pokan	11	30.9444	77.0722
Pothiyan	11	30.5398	77.2014
Polanha	11	30.8058	77.4362
Pondraka	24	27.8641	76.7409
Pobari	36	30.0024	77.2755
Poka	11	30.5564	77.6633
Ponal	11	30.6428	77.7286
Pobhar	11	30.6176	77.7431
Pol	10	27.8360	76.9544
Pothi	24	27.5811	76.8394
Pokhri	39	30.7337	77.9954
Ponar	35	23.2580	78.7096
Ponri	35	23.3971	78.8821
Ponri	35	23.2433	78.6737
Ponia	35	23.0837	78.6201
Polahit	35	26.0222	76.9412
Polai Khurd	24	25.1881	76.0643
Polai Kalan	24	25.1685	76.0509
Pondar	35	22.8629	78.6481
Pondi	35	22.9718	78.7405
Pondi	35	22.6341	78.7271
Pohi	35	22.0960	78.5403
Pothiyadhana	35	22.0821	78.6300
Poama	35	22.0698	78.8839
Pohar	35	21.7843	78.1205
Pohi	35	21.8972	78.1811
Porgavhan	16	21.2604	78.1715
Porgavhan	16	21.4339	78.4331
Porgavhan	16	21.4453	78.4368
Pohi	16	21.2365	78.8135
Pondar	11	31.2713	78.1274
Pona	23	30.8300	75.5192
Pohana	39	29.9145	77.8478
Pochanpur	07	28.5621	77.0478
Poshangipur	07	28.6246	77.0877
Powari	36	28.4049	77.5618
Pondusar	10	29.3146	74.9760
Pokhar ka Bas	24	27.1624	75.6628
Poitra	24	24.6864	72.6402
Poiyan	39	30.5155	79.5997
Polakhera	35	24.0726	76.4122
Polao	24	24.4672	76.5386
Polas Ka Pura	35	24.3871	76.9615
Ponnnaram	40	18.9266	79.5458
Potal	40	18.9582	79.6355
Posampalli	16	18.9161	79.9720
Ponnaram	40	18.7270	79.7549
Pokkur	40	18.7343	79.8078
Pochampalli	40	18.5328	79.7983
Polaram	40	18.5314	79.9776
Potla	40	18.6049	79.9707
Pota	36	28.7043	77.9650
Pota	36	28.7148	77.9618
Ponkunnam	13	9.5600	76.7500
Popalpura	24	26.8621	77.3584
Pomanaik Tanda	16	19.7619	76.2350
Pokhri Nipani	16	19.7712	76.1265
Pokhri Singadi	16	19.6918	76.2149
Pohe Takli	16	19.2523	76.4677
Pohaner	16	19.0990	76.4006
Pohadul	16	19.1885	76.5531
Pokharni	16	19.1158	76.7066
Porwad	16	19.1028	76.7581
Porjavla	16	19.1597	76.8738
Poawat	23	30.8988	76.2725
Potharheri Jotan	23	30.9069	76.5149
Poprali	23	30.8467	76.5414
Pokhri	16	18.6743	76.4172
Poregaon	16	18.5401	76.4600
Pokharni	16	18.8680	76.8903
Pola Nagla	36	27.4793	77.7416
Pohkar Kheri	10	29.2548	76.2342
Polar	10	29.9339	76.3563
Pondri	36	28.3899	77.9308
Poth	36	28.4627	77.9848
Posti	36	28.0913	77.7530
Potapani	37	22.4236	82.3544
Portha	37	22.0031	82.9377
Portha	37	22.0154	82.9276
Ponri	37	21.9119	82.1197
Ponri	37	21.9883	82.2191
Poplatola	37	20.7302	81.0745
Porundi	37	20.0876	81.0026
Pondgaon	37	20.1486	81.1454
Pondgaonpara	37	20.1582	81.1473
Potiadih	37	20.7472	81.5142
Ponridih	37	20.2786	81.9790
Polkanmardi	19	16.2365	76.7847
Potia	37	21.3626	81.3763
Potia	37	21.1581	81.2866
Potapur	19	16.1301	76.8734
Pond	37	21.0588	81.8889
Pokhra	37	21.0414	81.9742
Pokharni	16	19.1812	77.2228
Policewadi	16	18.9195	77.0938
Pokharni	16	18.7677	77.1849
Pokharbhoshi	16	18.9551	77.2162
Pokhari	16	18.9596	77.2072
Pokharni	16	18.7592	77.6995
Pocharam	40	18.3001	77.6953
Potpalli	40	18.1526	77.6880
Potangal	40	18.5661	77.7742
Pocharam	40	18.7100	77.9992
Pocharam	40	18.4129	77.9075
Potareddipalli Tanda	40	18.2534	77.8348
Potreddipalli	40	18.2437	77.8277
Poshapuram	40	18.1803	77.7666
Potnagpalli	40	18.0895	77.7645
Potanapalli	40	18.0559	77.8451
Poshatpalli	40	18.0956	77.8408
Poiya	36	27.2558	78.0314
Polakpalli	19	17.6434	77.3923
Potangal	19	17.2551	77.4186
Polkampalli	19	17.4183	77.4308
Polkampalli Tanda	19	17.4119	77.4493
Potreddipalli	40	17.0008	77.7438
Pondri	36	27.4648	78.4058
Pophalni	16	20.3677	78.2710
Podgavhan	16	20.3690	78.4121
Pohi	16	20.9531	78.9439
Powni	16	20.3427	78.8392
Pothra	16	20.4410	78.9534
Pohana	16	20.1449	78.9221
Pokhari Hirday	36	27.5568	77.7544
Polua	36	27.5243	77.8445
Pocharam	40	17.9642	77.8303
Potalbugda	40	17.9138	77.9207
Potah	36	27.5706	78.6566
Poth	36	27.5417	78.6406
Pondi	35	23.5782	79.3385
Ponri	35	23.2749	79.7412
Ponri	35	23.2269	79.6132
Poniya	35	23.0342	79.5559
Polkampalli	40	17.6787	77.8564
Potareddipalli	40	17.6087	77.7662
Ponra	35	23.5641	79.9007
Pochavaram	40	17.7291	77.9499
Pola	35	23.4742	79.8527
Ponian	35	23.4394	79.8435
Ponri	35	23.4204	79.7926
Ponia	35	23.3379	79.8214
Ponri	35	23.3227	79.8345
Ponri	35	23.2645	79.8888
Polipathar	35	23.1224	79.9278
Potgal	19	16.2484	77.3761
Pochaldinni	19	16.0524	77.4429
Polkampalli	40	16.9370	77.5682
Pose-ka-Nagla	36	27.1649	78.7895
Polra	36	27.3288	77.9304
Poshkar ka Pura	35	26.7496	78.4747
Ponri	35	22.4882	79.5021
Potanpalli	40	16.6874	77.8690
Potpalli	40	19.0600	78.0452
Potpalli Buzurg	40	19.0743	78.1340
Potireddi	16	19.4661	78.2795
Pochera	40	19.3375	78.3637
Posai	40	19.7570	78.5657
Pochampalli	40	19.1911	78.5436
Potaram	40	19.0157	78.5280
Ponkal	40	19.0040	78.5441
Pocharam	40	17.5452	78.2429
Pohai	24	26.6423	77.4149
Potreddipalli	40	17.2763	78.0274
Ponagutta Tanda	40	17.4363	78.2201
Pota	16	21.3025	79.1206
Potiya	35	21.7789	79.4490
Polaram	40	17.2078	78.1556
Potlai	35	21.9428	79.5027
Pokharpur	36	27.9819	79.5261
Pora	35	26.1134	77.8796
Pochiraddiguda	40	17.2319	78.3854
Polukammagutta	40	17.0354	78.3220
Polkapahad	40	16.4162	78.1659
Pomalpalli	40	16.9520	78.2861
Posa	35	24.6893	77.2596
Porukherighat	35	24.8925	77.6146
Porkhi	35	24.5276	77.5533
Poniakhera	35	24.1306	77.8741
Polepalli	40	16.6270	78.8938
Polegani Tanda	40	16.5792	78.8450
Potanenipalli	40	17.2246	79.2245
Polakonda	40	17.5388	79.4352
Pohpa Nagla	36	27.7014	78.1546
Poharpur	36	27.6042	78.1598
Popur	36	27.6908	78.4394
Pora	36	27.6223	78.4075
Pochammagudem	40	17.2160	79.3765
Pokhra	36	27.0345	78.3341
Pokhar	36	27.0052	78.4367
Ponnakal	40	17.9925	79.7782
Polmalla	40	17.3759	79.6988
Pongad	40	17.8070	79.9472
Polayagudem	40	17.0188	79.8392
Ponugodu	40	16.9544	79.0963
Pochampalli	40	16.9029	79.0535
Polkampalli	40	16.7621	79.1309
Potareddipalli	40	16.7351	79.0854
Pogakugudem	40	16.6648	79.0479
Polepalle Tanda	40	16.6688	79.1885
Potunuru	40	16.6984	79.1687
Polepalle	40	16.6829	79.1892
Pottegani Tanda	40	16.6919	79.2448
Pottichelma	40	16.6735	79.2779
Ponri	35	24.4278	79.4481
Pokharni	35	22.1471	76.8452
Pokhar	35	21.9235	75.9992
Pokhargaon	35	21.7920	76.0112
Pokhargaon	35	21.7812	76.0129
Pokhar Kalan	35	21.7717	76.1633
Pokhar	36	26.9936	78.0360
Pokhar Chandna	24	26.8490	78.1451
Pokhar	35	21.6546	76.2416
Pokhari Dol	35	24.5191	82.2397
Pokhra	36	25.6281	83.0288
Pondrachha	36	25.5552	83.0431
Pokhripur	36	25.5261	83.1356
Pokhra	36	25.6137	83.1484
Pokharia	36	26.9816	78.2549
Pokhari	36	25.4474	83.0734
Pokhra	36	25.4997	83.1097
Pokhra	36	26.9898	78.5152
Potha	36	26.8935	78.6936
Porsa	35	26.0483	78.7279
Porsa	35	26.0270	78.7326
Pothiai	35	25.0333	78.1440
Potli	16	20.8009	76.3645
Pot	16	20.7724	76.3466
Pokhara	34	25.2719	83.4730
Poraj	16	20.6721	76.4495
Pokharni	35	22.4133	77.2191
Polay	35	22.4233	77.5186
Polapathar	35	22.3053	77.8617
Pota	16	20.7961	77.5183
Pohra	36	25.5764	78.6134
Potla	35	21.7412	77.2573
Potilawa	16	21.5665	77.0740
Popti	35	21.7934	77.4614
Pokharni	35	21.6430	77.6192
Pohar	35	21.6124	77.6762
Popatkhed	16	21.2060	77.0764
Pokhara	34	25.0022	83.7513
Pohradevi	16	20.1098	77.6265
Pohi	16	21.1184	77.3408
Pohi	16	21.1967	77.4306
Pohra	16	21.1233	77.5692
Portohan	16	21.2430	77.8859
Poha	16	20.4966	77.4085
Potiphata	16	20.3776	77.3654
Poti	16	20.3751	77.3866
Pohi	16	20.7965	77.4868
Portappur	36	24.6402	83.2072
Pokhariya	36	24.5315	83.4713
Pochawaram	40	17.2729	79.9438
Pokhipura	36	25.8012	78.9079
Pokhara	38	24.4587	83.7176
Polchiti	38	24.2782	83.5744
Pokhraha	38	24.2128	83.5199
Potma	38	24.1685	83.7346
Pokhariya	38	24.0831	83.6729
Pokehitoli	38	24.0102	83.7072
Polgaon	16	20.6790	79.3197
Pohna Buzurg	16	20.7530	79.7373
Pohna Khurd	16	20.7637	79.7000
Poha	16	20.3540	79.1231
Pohndul Tanda	16	18.9770	76.6511
Pohndul	16	18.9935	76.6611
Pokarni	16	18.8943	76.7062
Pota	38	24.4433	83.8647
Potla	35	23.6883	78.1633
Poniya	35	23.5273	78.1328
Potya	02	19.2617	78.1842
Potubanda Tanda	40	17.0271	78.5535
Pochammaralu Tanda	40	17.0276	78.5440
Poha Khas	35	25.3466	78.7700
Pomala	40	16.9605	78.0141
Potlapalli Agraharam	40	16.8972	78.2023
Polepalli	40	16.8253	78.1178
Ponri	35	23.2053	78.1763
Potareddipalli	40	16.6090	78.2653
Polumuru	40	16.5414	78.4443
Pota	35	24.9533	78.1954
Polaipalli	40	16.4402	78.5153
Polsettipalli	40	16.3882	78.6032
Potukheri	24	24.7663	76.4015
Potaram	40	17.9335	79.1429
Polimerajulabhavigudem	40	17.5038	79.1410
Potureddipalli	40	17.4944	79.1903
Pochanikunta	40	17.4515	79.1691
Pothireddipalli	40	17.6432	79.5550
Pochampalli	40	17.5758	79.5512
Pochawaram	40	17.5040	79.5928
Polepalli	40	17.5536	79.7080
Poreddigudem	40	17.0561	79.5217
Popalkheri	35	23.8031	78.4025
Pochapur	19	16.1093	76.2090
Pochra	40	19.6990	78.4972
Ponnari	40	19.6786	78.4827
Ponna	40	19.4370	78.5231
Pochampalli	40	19.4017	78.6122
Ponara	40	19.7113	78.8385
Pohar	40	19.6897	78.7670
Polesar	40	19.3708	78.9489
Pori	35	24.7032	81.2109
Pokharitola	35	24.5289	81.3170
Pokhara	35	24.6426	81.4817
Pokhari	35	24.9602	81.7190
Pokhraur	35	24.7571	81.5548
Ponri	35	24.5236	81.5969
Podar	35	22.3837	78.0103
Ponri	35	22.7956	78.3270
Posera	35	22.8163	78.4131
Pondi	35	22.7919	78.4623
Podi Kala	35	24.3852	81.1442
Podi Khurd	35	24.3990	81.1387
Poria	35	24.1948	81.0794
Ponri	35	24.0438	81.1748
Pori	35	24.3829	81.4709
Pokhara	35	24.4910	81.6319
Pori	35	24.3723	81.7072
Posta	35	24.3116	81.5988
Pori	35	24.1021	81.5781
Ponri	35	24.1257	81.9753
Ponri	35	24.1318	81.8159
Pori	35	24.0782	81.9095
Pohar	35	21.6358	78.1148
Pohap Nagra	36	27.7216	79.3961
Pokhra Bhawanipur	35	24.9327	80.3665
Poti	16	20.4626	78.5411
Pousi	35	24.0651	80.2669
Pokhra	36	25.8015	82.3344
Potaria	36	25.9025	82.6292
Pondi	35	23.2727	79.3747
Pokhariapur	36	25.7266	82.5735
Posara	35	24.3156	80.2002
Pondi	35	23.6603	79.6978
Potenda	35	24.6335	80.9436
Poinua	35	24.6456	80.9044
Poinda	35	24.6777	80.8936
Ponia	35	22.6226	79.7381
Pokhra	36	25.4785	82.4828
Pokhariyapura	36	25.1149	82.6275
Pohila ka Pura	36	25.2053	82.7421
Pongalpur	36	25.2665	82.9646
Pori	35	24.1766	80.5282
Ponri	35	24.2286	80.7374
Pokhraudh	36	24.9000	82.8072
Pohakarwas	10	28.6224	75.8946
Pokhraur	35	24.4014	82.0071
Pokhra	35	24.3710	82.0816
Pokhra	35	24.3690	82.1035
Pokhra	35	24.3600	82.0691
Ponri	35	24.3283	82.0859
Pokhritola	35	24.1034	82.2292
Pokhara	35	24.2989	82.4961
Pori	35	24.4977	82.4790
Podi	35	24.0865	82.5276
Pokhri	36	26.3023	80.8622
Ponri	36	24.6104	82.3928
Ponri	35	24.6529	82.6489
Pokhar	36	27.7810	81.2449
Pokhri	36	27.7820	81.2459
Pohri Baba	36	27.8799	81.1482
Pound	36	27.4879	81.0473
Pondli	36	27.7448	81.7677
Pondla	36	27.7475	81.7757
Pound	38	24.5070	83.5547
Pokhra	34	24.6132	83.6720
Pongar	35	22.2855	79.7688
Pora	34	24.9863	83.8521
Pohara Khurd	36	26.9907	81.3677
Pohara Kalan	36	26.9925	81.3647
Pohara	16	21.0146	79.5195
Pobaina	36	29.1716	78.4647
Pokhra	36	26.5858	81.2923
Pokhar	39	29.7409	78.9377
Poteriya	35	24.7651	80.7692
Pori	35	24.4870	80.7507
Ponri Garanda	35	24.3995	80.8477
Pokhar Panjaywala	36	29.3571	78.7692
Pokhar Jituwala	36	29.3547	78.7691
Pokhar Idgahwala	36	29.3499	78.7595
Pohrawan	36	26.4539	81.1201
Poliram Purwa	36	26.3164	81.2683
Pora Shiuraj Singh	36	26.3527	81.3727
Pora Babu	36	26.2519	81.8049
Poria	35	24.0138	80.9555
Pori	35	24.0448	80.9091
Pokhri	36	25.1669	81.1617
Pokhri Purwa	36	25.1238	81.0777
Pokharpur	36	26.4309	80.3990
Poni	36	26.4673	80.4345
Pohi	36	27.1909	81.5478
Polisdar Purwa	36	27.1493	81.6940
Potra	16	19.5325	77.2955
Pokhari	16	19.8669	77.6186
Pophali	16	19.6830	77.6081
Pokhari	16	19.9117	77.8209
Ponala	16	19.7632	77.9384
Pota	36	28.9856	78.5594
Potangal	40	18.7959	78.0292
Pop	40	18.6713	78.2065
Pokhri	36	25.8210	81.2940
Potanga Khurd	40	18.3876	78.0768
Potangal Kalan	40	18.3843	78.0666
Pokwangaon	36	26.9434	81.8972
Potapalli	40	18.2290	78.1820
Posanpalli	40	18.2063	78.0250
Poshiana	12	33.6231	74.4759
Pocharam	40	18.1153	78.1696
Pochatpalli	40	18.0539	78.1914
Pokhra	36	27.5512	82.1849
Pochampalli	40	18.8265	78.3937
Pokhri	39	29.9983	79.0234
Pochampalli	40	18.6553	78.4817
Potnur	40	18.6136	78.4339
Potniha ka Pura	36	25.3827	81.2506
Pokhari	39	29.9669	79.1667
Pokhar Bhitwa	36	27.2840	82.3434
Posanipot	40	18.4048	78.3333
Potaram	40	18.3584	78.4296
Pondurti	40	18.2510	78.3590
Pokhrawa	36	27.1713	82.2802
Pokharwa	36	27.1110	82.4777
Pokhar Bhitwa	36	27.3535	82.6192
Pokhar Bhitwa	36	27.3884	82.6742
Pokhra Kazi	36	27.1600	82.6704
Pokra Kanungo	36	27.1711	82.6707
Pokhar Bhitwa	36	27.1190	82.8825
Posanipeta	40	18.7058	78.7010
Potaram	40	18.6607	78.6787
Potareddipalli	40	18.4085	78.7214
Potgal	40	18.3011	78.7163
Porawor	12	33.9591	74.7650
Pohar	12	33.9952	74.8770
Potarwal	12	33.7704	74.8586
Potawaram	40	18.2260	78.6189
Pohu	12	33.9269	74.9276
Pohnpi	36	26.6290	82.1015
Potareddipet	40	18.1295	78.5711
Poshihom	12	33.6521	74.8682
Poremalla	40	18.8566	78.8270
Porandla	40	18.8372	78.9095
Polas	40	18.8307	78.9596
Potaram	40	18.6515	78.8580
Pochetpalli	40	18.5081	78.8425
Podur	40	18.6247	78.9553
Potaram	40	18.7369	78.8997
Potur	40	18.3927	78.9931
Ponalla	40	18.0615	78.8565
Poar Jot	36	26.9501	82.3457
Pokajra	36	26.9302	82.5081
Poknar Bhita	36	26.9188	82.7381
Pokhra	36	26.7134	82.6141
Pokharni	36	26.7110	82.6639
Pokhra Nanku	36	26.4432	82.5146
Pokhar Bhita	36	26.9101	82.7726
Pokhar Bhitta	36	26.7740	82.7844
Pokhra Purwa	36	26.7639	82.8607
Pokharwa	36	26.8838	82.9095
Pokharbhiti	36	26.9249	82.9256
Pokhar Bhitia	36	26.9277	82.9844
Pokhra Bhit	36	26.6102	82.9147
Pohi	16	20.7987	79.0118
Pokharpur	36	26.2619	82.9625
Pokhar Bhitwa	36	27.0446	83.0664
Powa	36	27.0886	83.1983
Potgampur	12	33.9077	75.0012
Pokhriapur	36	27.0967	83.2412
Ponzu	12	33.9669	75.1064
Pokharbhinda	36	27.1155	83.3304
Pokharbhinda	36	27.2355	83.3149
Pokharbhinda	36	27.0657	83.5510
Pokharbhinda	36	27.0324	83.5454
Pokharbhinda	36	27.0634	83.6795
Pokharbhinda	36	27.2250	83.7186
Ponyu	12	33.6786	75.0253
Pothra	36	26.8638	83.2491
Pokhra	36	26.5692	83.0264
Pokhra	36	26.6619	83.1498
Pohipur	36	26.0893	83.0460
Pokrahwa	36	26.8156	83.3394
Pokharia	36	26.9265	83.4437
Pokhar Bhinda	36	26.8061	83.3841
Pokhrahwa	36	26.8321	83.4615
Pokhra	36	26.2680	83.3630
Pokhrigaon	36	26.3940	83.3990
Pohila	36	26.2863	83.4520
Pokharwa	36	26.9408	83.5474
Pokharbhinda	36	26.8837	83.5126
Pokharwa	36	26.8347	83.5801
Pokhar Tola	36	26.8441	83.5740
Pokhri	36	26.8360	83.6426
Pokharwa	36	26.8290	83.6516
Pokharbhinda	36	26.8846	83.6742
Pokharbhinda	36	26.8398	83.6709
Pokharbhinda	36	26.7779	83.7436
Pochia	36	26.5455	83.5597
Pokharbhinda	36	26.6470	83.6106
Pokharbhinda	36	26.5850	83.6917
Pohari	36	26.3160	83.6556
Podengada	16	19.4637	80.6002
Pochamapalli	16	18.7233	80.0842
Pokharbhinda	36	26.7864	83.7791
Pokhara	36	26.7765	83.7806
Polar Chhapra	36	26.8749	83.8093
Pokharbhinda	36	26.8380	83.8742
Polamapalli	40	18.5369	80.0138
Pokharbhinda	36	26.7548	83.9956
Pokhra	36	26.9730	83.9794
Polem	37	18.9567	80.2817
Posadpalli	37	18.8082	80.4315
Ponri	35	23.9869	80.0303
Pondi	35	23.8404	80.2301
Pondi	35	23.6115	80.0558
Ponda	35	23.5036	80.0367
Pondi Kalan	35	23.4991	80.0323
Pondi Khurd	35	23.4307	80.0556
Ponia	35	23.2954	80.0439
Pondi Kalan	35	23.3673	80.1077
Ponchhi	35	23.9658	80.4405
Pondi Padaria	35	23.9130	80.4828
Pondi	35	23.6707	80.4250
Ponia	35	23.6735	80.3837
Ponri	35	23.1264	80.2600
Pondi	35	23.0624	80.4613
Pondi Pararia	35	23.9038	80.5033
Ponia	35	23.9010	80.5682
Pondi	35	23.7726	80.5194
Pondi	35	23.2255	80.7092
Pondi	35	23.3310	80.8151
Pondi	35	23.2034	80.8235
Pondi	35	23.0441	80.8528
Pore	12	33.2273	75.8763
Pohldi	12	32.7173	75.2028
Pothowal	12	32.5934	75.2136
Porna	12	32.5960	75.2248
Pola	12	32.5211	75.1936
Pola	23	32.2684	75.4232
Ponda	12	32.6721	75.5618
Pogulri	12	32.4638	75.6161
Poli Karanpur	36	25.3740	81.9648
Pokhra	36	25.3844	81.9603
Ponata	35	22.4223	74.2917
Potan	23	32.4952	75.8585
Pohore	16	20.6415	74.9900
Pokhri	16	20.2855	74.6910
Powara Junarda	35	22.8154	75.8006
Pondi	35	22.8549	80.0108
Pokhri	16	21.0005	75.4312
Pohori Budrukh	16	20.5631	75.3710
Pohori Khurd	16	20.5604	75.3698
Pondi Tola	35	22.7046	80.0669
Pondi	35	22.7131	80.0730
Potia	35	22.5829	80.0598
Pongar	35	22.5269	80.0181
Pongar Tola	35	22.5391	80.0283
Pobara	11	32.0327	75.9124
Pobara	11	32.0572	75.9294
Pokri	16	20.4798	75.8911
Pokhari	16	20.0524	75.9625
Pondi	35	22.4966	80.0475
Potalpani	35	22.3757	80.0198
Pondi	35	22.3195	80.1122
Pondi	35	22.3878	80.2207
Pondi	35	22.2423	80.0790
Poidara	24	24.8197	72.5867
Pohla	23	31.3703	74.6927
Pondi	35	22.0014	80.0216
Ponian	23	31.2386	74.7152
Pondi	35	22.9691	80.2629
Potla Tola	35	22.8474	80.2744
Pondi	35	22.8824	80.4636
Potia	35	22.8455	80.2727
Pondi	37	20.7624	81.2782
Ponr	37	20.5443	81.3816
Pondi	35	22.5873	80.2660
Pondi	35	22.7151	80.4861
Potgaon	37	20.3455	81.3456
Pondi	35	22.3265	80.4044
Pondi	35	22.4661	80.4752
Pondi	35	22.1622	80.3481
Pongarjhori	35	22.1858	80.3591
Pondi	35	22.8040	80.6560
Pondi	35	22.5695	80.6686
Pongar	35	22.0733	80.5954
Pondi	35	22.2703	80.7591
Popra	10	29.4596	76.4940
Polotola	16	21.5182	80.0746
Polubera	24	26.1967	73.7535
Potara	24	26.2218	73.9856
Ponwaritola	16	21.4133	80.2361
Polwatur	35	21.9983	80.2900
Ponditola	35	21.9650	80.4651
Pondi	35	21.9542	80.4785
Pondi	35	21.5057	80.4449
Ponwaritola	16	21.4015	80.2778
Pokartola	16	21.4864	80.3696
Ponwartola	16	21.3432	80.3506
Ponwaritola	35	21.4589	80.4355
Poruwal	23	31.9946	75.3200
Pola	35	21.9551	80.5627
Powsera	35	21.5342	80.5954
Pokrionari	24	25.9039	73.9786
Pote	23	31.9728	75.6550
Pokhridand	37	22.8882	82.1636
Pokaria	24	25.6411	73.9042
Polian	11	31.9934	75.9173
Pondi	37	22.8983	82.2658
Pondi	37	22.8370	82.4678
Pondi	37	22.5896	82.4402
Pondi	37	21.7989	80.8407
Pondi	37	22.3482	82.0358
Polmi	37	22.3529	82.2341
Pokhri	16	20.0870	74.9659
Pondi	37	22.1624	82.0623
Pondi	37	22.1956	82.3109
Pondi	37	22.0679	82.3818
Pondi	37	22.6028	82.5568
Pondikhoha	37	22.5095	82.6755
Pokhar Buzurg	35	21.9135	75.5735
Pokhar Khurd	35	21.9183	75.5838
Ponchh	37	22.1219	82.5623
Pondi Kalan	37	22.0843	82.7426
Pondi Khurd	37	22.0774	82.7451
Pondibahar	37	22.3274	82.7554
Pophala	16	20.0372	75.4674
Ponri	37	21.8247	82.6254
Pondi	37	21.5506	82.5057
Ponri	37	21.8794	82.7545
Pota	37	21.9017	82.9922
Polkera	37	21.0237	82.0332
Potia	37	21.0599	82.1965
Potapara	37	21.2450	82.4896
Potgaon	16	20.5973	80.0478
Pontu	11	33.0674	76.3919
Pondrenka	11	32.8081	76.1556
Polta	11	32.5979	76.0617
Pokhar	11	32.3328	76.1153
Popatola	37	20.8216	80.7230
Podavli	24	25.1703	73.7923
Polikakar	24	25.0284	73.8262
Ponalath	11	32.0950	76.0515
Poromari	37	20.7212	80.8814
Pondi	35	22.6322	81.2376
Pondi	35	22.6929	81.0601
Pondi	35	22.4542	81.0233
Polmi	37	22.3995	81.3731
Ponditola	37	22.1194	81.2556
Poranga	35	22.7892	81.5005
Pongatola	35	22.8024	81.6233
Pondi	35	22.8135	81.7103
Pondar	11	32.0622	76.3109
Pohoppur	36	27.1276	81.0137
Popuri	36	27.1011	81.1368
Ponrhi	35	22.9116	81.8105
Ponrhi Barhi	35	22.8085	81.7647
Ponrhi Chhot	37	22.8029	81.7751
Pondi	35	24.3384	79.7990
Pongariha	37	22.2239	81.8897
Pondi	37	22.2003	81.8237
Pondi	37	21.9582	81.8824
Pojahn	11	31.2364	76.6815
Potapara	37	21.4527	82.9723
Powabo	11	31.3681	76.9680
Poab	11	31.2745	76.9458
Pola	23	30.5156	76.4813
Poala	23	30.6335	76.6090
Pola ka Khera	24	26.1146	74.6285
Potapara	37	21.2364	82.7917
Poaha	11	31.1479	77.1584
Poabo	11	31.0853	77.0447
Potiya	37	20.6121	82.1894
Polapan	24	23.1647	74.1690
Potla	24	23.1940	74.4371
Porapadar	21	20.1494	82.4613
Porapali Khurd	21	20.3425	82.7242
Pokhra	36	23.9528	83.1362
Polya	11	30.8850	77.6677
Ponwarka	36	30.0346	77.6251
Podkalgondi	02	17.3666	81.6039
Poliboka	02	17.4598	81.6308
Potaram	02	17.2923	81.7468
Polamanugondi	02	17.8084	81.8790
Polava	02	17.8286	81.9067
Potamdorapalem	02	17.5163	81.9267
Polpol	38	23.6628	83.9853
Polavaram	02	17.4011	81.7998
Potukonda	02	17.2708	81.7541
Potamdorapalem	02	17.3071	81.8631
Porang Dogri	11	31.6808	78.2924
Polai	35	23.0999	76.1797
Pound	39	30.0741	78.2478
Pokhri	39	30.1591	78.8103
Pokhri	39	30.1184	78.8717
Pokhri	39	30.2066	78.8845
Pokhri	39	29.9973	78.4200
Pokhridhar	39	29.8406	78.4697
Pokharu	39	29.7850	78.9228
Pokhar Thok	39	29.7594	78.9201
Porath	37	21.6728	83.4126
Potha	36	28.4413	78.1895
Pokhargarhi	36	28.1000	78.0440
Pothi	36	28.0523	78.0147
Potha	36	28.0599	78.0195
Pohna	36	28.0161	78.0661
Ponkharpur	36	28.1177	78.2861
Porhmunda	21	21.2765	83.5350
Pokri	39	30.5071	79.1880
Pondrapali	21	21.0468	83.6606
Pottalgaon	21	21.2007	83.7038
Potareddipalle	40	18.0381	80.7276
Potulapalle	40	18.0363	80.6807
Potinar	37	18.9445	80.9911
Ponneriguda	37	18.8204	80.8011
Polampalli	37	18.4835	80.8669
Podh Purwa	36	27.2150	81.4972
Poli	36	26.9115	81.6032
Poeni	36	26.7590	81.5268
Poduva	21	18.4516	82.7925
Poluguda	02	18.4009	82.8104
Podaguda	02	18.3797	82.8267
Potang	02	18.2962	82.7807
Porpuja	02	18.3079	82.8495
Pokanguda	02	18.2755	82.8984
Pokaguda	02	18.3453	82.9079
Polamamidi	21	18.4463	82.8563
Polavalasa	21	18.4731	82.9081
Pondai	21	18.4621	82.9019
Porgamput	21	18.4937	82.9305
Pottabanda	21	18.3879	82.9690
Potanguda	02	18.2746	82.9492
Pottangipadu	02	18.3472	82.9800
Porla	02	18.1832	82.8258
Posalgaru	02	18.1216	82.8153
Podatti	02	18.1047	82.8719
Porundavakkam	25	12.6847	80.0416
Porundavakkam	25	12.6713	80.1461
Polasagudem	02	16.9271	81.1109
Potuluru	02	17.6020	82.0898
Potavaram	02	17.6518	82.2317
Polukonda	02	16.5196	81.0782
Ponukumadu	02	16.5220	81.0620
Ponangi	02	16.6625	81.1082
Powerpet	02	16.7129	81.1009
Potunuru	02	16.7442	81.2207
Podurupaka	02	17.3094	82.2408
Polasanipalle	02	16.8275	81.2576
Pottipadu	02	16.7911	81.4476
Polavaram	02	17.4144	82.3025
Potuluru	02	17.2609	82.2714
Potumarru	02	16.5299	81.3138
Podu	02	16.3663	81.4451
Polisettipadu	02	17.0331	80.6342
Polavaram	40	17.6517	80.8102
Pottagudem	40	17.5223	80.8736
Potanapalle	02	17.0329	80.9024
Potunuru	02	17.0800	80.9167
Pokkunuru	02	16.6573	80.1598
Potlagudem	02	16.7069	80.1358
Popuru	02	16.6238	80.2461
Ponnavolu	02	17.8726	82.7432
Porolu	02	17.9789	82.6339
Polavaram	02	17.6980	82.5760
Pochanapeddi	02	17.5973	82.7136
Ponukupadu	02	16.2809	80.1446
Polinayadupalem	02	17.4167	82.7364
Potampalem	02	17.9952	82.8360
Polepalle	02	17.7939	82.8965
Pottidorapalem	02	17.8123	82.8300
Potanapudi	02	17.8452	82.8512
Pokhrera	34	26.1538	84.4407
Potavaram	02	16.0948	80.1147
Pokharighat	21	19.8020	83.1882
Pokharijolla	21	19.7993	83.2433
Podpodi	21	19.7462	83.0171
Podapadar	21	19.5348	83.0750
Potangpadar	21	19.6708	83.1869
Polingpadar	21	19.6200	83.1535
Podakhunti	21	19.7238	83.3083
Podjhori	21	19.7883	83.3561
Podapadar	21	19.9762	83.4026
Pokharibandh	21	19.8619	83.4222
Pokkirigam	21	19.8585	83.4299
Pokeri	21	19.6157	83.2696
Porichchaguda	21	19.5117	83.4873
Potraguda	21	19.5044	83.4891
Polebeda	37	19.4195	82.0048
Potiawand	37	19.3861	82.1735
Podaguda	37	19.0335	82.0537
Porligam	21	19.1739	82.2253
Potnari	21	19.0720	82.2343
Potiyapal	37	18.9410	82.0581
Podoras	21	18.6105	82.0824
Podapodoro	21	18.7216	82.1976
Potrelu	21	18.2624	82.0193
Potkaguda	21	18.4367	82.1732
Podagatta	21	18.4829	82.1917
Podiapolli	21	18.3880	82.1779
Polakaguda	21	18.4076	82.2284
Potkikummi	21	18.9920	82.2925
Pokanaguda	21	18.9038	82.3081
Porjaguda	21	18.8429	82.3593
Pokanaguda	21	18.9639	82.3828
Ponoguda	21	18.9273	82.3969
Ponosogam	21	18.9530	82.4295
Podaikera	21	18.9303	82.4657
Potiaguda	21	18.9795	82.4563
Potabanguda	21	18.9329	82.4729
Pondugala	02	16.7703	80.6197
Podabandh	21	19.3079	83.0822
Podapai	21	19.4864	83.1986
Poteshi	21	19.4025	83.1744
Podopodia	21	18.5640	82.3750
Potraguda	21	18.7185	82.4595
Pokkapada	21	18.6871	82.4671
Ponasa	21	18.5223	82.4867
Pottaguda	21	19.0153	83.0404
Podamara	21	19.1091	83.2454
Podagudi	21	19.0860	83.1074
Poridi	02	18.3057	82.4811
Poipalle	02	18.2531	82.4693
Poridiguda	21	19.4805	83.3243
Podikuchha	21	19.2983	83.2734
Pongabada	21	19.3291	83.3502
Polamma	21	19.4375	83.3956
Pomada	21	19.4384	83.3427
Polligam	21	19.4777	83.3754
Potraguda	21	19.4292	83.4613
Podibhata	21	19.4590	83.4211
Polipenda	21	19.3506	83.4261
Podugupadu	21	19.1260	83.3101
Pothabai	21	19.4149	83.6151
Pongini	21	19.4591	83.6207
Ponkalagudi	21	19.4897	83.7398
Polem	21	19.3571	83.7004
Porobedha	21	18.8741	82.5794
Polkaputtu	21	18.8337	82.5258
Podapodoro	21	18.7801	82.5511
Podmopuro	21	18.8313	82.5694
Pondi	21	18.7697	82.6645
Pondusu	21	18.9755	82.7164
Potuparu	21	18.9830	82.7465
Ponosoputtu	21	18.8918	82.7231
Podoiguda	21	18.8392	82.6660
Poibeda	21	18.5814	82.5468
Pottanda	21	18.5945	82.5822
Ponjelu	21	18.6373	82.6727
Pottamamidi	02	18.0961	82.5500
Poipilli	02	18.1278	82.5917
Podamuguda	21	18.9052	82.7667
Ponosoputtu	21	18.8096	82.8089
Podmopuro	21	18.7839	82.7991
Podo Polama	21	18.7541	82.7819
Poroja Sunku	21	18.8703	82.8501
Podaguda	21	18.8574	82.8624
Podiriputtu	21	18.8919	82.8811
Potumari	21	18.9530	82.8380
Podaguda	21	18.9785	82.8687
Podajodi	21	18.9741	82.9428
Pojaro	21	18.9235	82.9517
Podaguda	21	18.8153	82.9515
Poranki Madigapalle	02	16.4868	80.7154
Podaguda	21	18.6793	82.7589
Polama	21	18.7325	82.7932
Podaguda	21	18.6441	82.7921
Podaguda	21	18.5245	82.8601
Porojaguda	21	18.5444	82.9763
Podapodoro	21	18.5479	82.9995
Polivalasa	21	18.5046	82.9254
Potuparu	21	18.5048	82.9878
Potireddipalle	02	16.8056	80.8720
Polavaram	02	16.9814	80.9136
Pottipadu	02	16.4017	80.8449
Polavaram	02	16.2893	80.9654
Pondum	37	18.9687	81.0878
Porowada	37	18.7711	81.1956
Potakapadu	21	19.1532	83.5180
Poddabai	21	19.2420	83.6119
Pondapasingi	21	19.0977	83.7066
Ponkhallu	21	19.4378	83.8470
Potugam	21	19.2088	83.8688
Pogadavalli	21	19.0694	83.7848
Podabhadra	21	19.0404	83.8541
Potta	21	19.0891	83.9875
Pondum	37	18.9184	81.4756
Pondum	37	18.8910	81.4597
Pondum	37	18.8914	81.4941
Pothmarka	37	18.7916	81.4305
Pordem	37	18.5409	81.4724
Pordem	37	18.5249	81.4364
Pordem	37	18.5104	81.4340
Potali	37	18.4769	81.3688
Pogu Bheji	37	18.3300	81.4820
Porasakri	21	18.9634	83.0632
Podapodoro	21	18.9356	83.0045
Poridombo	21	18.8952	83.0920
Podabhadra	21	18.8421	83.1464
Poimala	02	18.7521	83.1441
Ponga Paluru	21	18.9525	83.1679
Ponga Lellari	21	18.9700	83.1943
Potannavalasa	02	18.6062	83.1063
Polamuvalasa	02	18.4141	83.0700
Polamguda	02	18.3233	83.0178
Polampalli	37	18.1907	81.3924
Ponpalli	37	18.2185	81.4474
Posaguda	37	18.1445	81.4703
Poru	02	18.1761	83.0502
Potubandipalem	02	18.0412	83.0811
Potanabilli	02	18.1071	83.1734
Potampalem	02	18.1376	83.1278
Polam Seka	02	18.9829	83.4045
Poduguvalasa	02	18.9526	83.4660
Povampara	37	18.8669	81.5597
Pondam	37	18.5291	81.6537
Podamguda	37	18.4341	81.6138
Posuguda	37	18.3621	81.6718
Potturu	21	18.1339	81.6033
Posiguda	21	18.0733	81.7411
Poramlova	02	18.4067	83.2609
Poram	02	18.3946	83.2778
Porali	02	18.3644	83.4127
Polayavalasa	02	18.2604	83.4883
Pollanki	02	18.1291	83.2604
Potnuru	02	18.0194	83.3208
Potjyapalem	02	18.0979	83.4810
Polinayuduvalasa	02	18.7215	83.5109
Potakallu	21	18.1140	81.7901
Podmogiri	21	18.4923	81.9133
Podorapolle	21	18.4676	81.9880
Porandangu	02	18.8441	83.6022
Pokari	02	18.8221	83.7386
Podesi	02	18.8574	83.6742
Potuvada	02	18.8940	83.6890
Podi	02	18.8748	83.6492
Podi	02	18.8823	83.6470
Polampalli	37	17.9180	81.0225
Polirayuduvalasa	02	18.6588	83.5545
Potli	02	18.6487	83.6898
Poram	02	18.5332	83.6662
Potayavalasa	02	18.2555	83.5899
Potayavalasa	02	18.2795	83.6963
Pogiri	02	18.4018	83.6937
Ponugativalasa	02	18.4597	83.6763
Poram	02	18.1074	83.5568
Ponnanapalem	02	18.1853	83.6338
Polavaram Savaraguda	02	18.8178	83.8268
Potigalimguda	02	18.7943	83.8361
Polavaram	02	18.8090	83.8397
Polugumma	21	18.9868	83.8628
Podomsingi	21	18.9838	83.9150
Ponnuturu	02	18.7742	83.9590
Porida	21	18.8880	83.9485
Podugupadu	02	18.5768	83.9483
Polipaka	40	17.6081	81.1244
Pochavaram	40	17.5982	81.1455
Potlavaya	40	17.6023	81.1893
Potlavaya	40	17.5786	81.1914
Posarlu	40	17.5462	81.2428
Politigaduguda	02	18.6039	83.8721
Potulujogipeta	02	18.4794	83.8099
Potilnayuduguda	02	18.6459	83.8085
Poturajupeta	02	18.4218	83.7651
Podali	02	18.4304	83.8121
Ponnada	02	18.2536	83.9012
Poddapalle	02	18.4143	83.8905
Ponnampeta	02	18.4265	83.9232
Ponnam	02	18.4109	83.9425
Pogakupeta	02	18.2809	83.9256
Potanavalasa	02	17.9470	83.0605
Podugupalem	02	17.9153	83.0248
Porlupalem	02	17.7742	83.1950
Potampeta	02	17.9779	83.0984
Poreddipalem	02	17.9791	83.1266
Ponukumadu	02	17.0339	81.0605
Poluru	02	15.9938	80.2114
Potavaram	02	15.6633	80.0977
Pothiamma	02	14.8637	80.0626
Potukatla	02	15.9525	80.3556
Pottipalem	02	15.8761	80.4833
Potampalle	40	17.7595	81.4303
Ponnapudi	02	14.6668	80.1410
Pottiyampad	02	14.3176	80.0300
Potlapudi	02	14.4520	80.1316
Pothiragadibba	02	14.4702	80.1311
Pogadadoruvukhandrika	02	14.4731	80.1463
Ponnavolu	02	14.1530	80.0148
Pondavakkam	25	13.3448	80.0996
Poltreddikandigai	25	13.4025	80.1217
Podikarankolam	02	13.4827	80.1907
Pottinayakankandigai	25	13.3088	80.2407
Pottharkat	35	24.4006	82.5767
Ponri	35	24.3151	82.5789
Poleshiammankulam	02	13.4053	80.2835
Polakaya Tippa	02	15.9573	81.1146
Pokharaha	34	25.0700	84.3537
Pochvaram	40	17.4719	81.4059
Potepalle	02	17.0013	81.2773
Pottanedupalem	02	17.0179	81.3890
Potavaram	02	17.0133	81.4127
Ponguturu	02	17.0889	81.4272
Potteru	21	17.9517	81.6912
Pokharbhinda	34	25.8372	84.6655
Potlavada	02	17.7278	81.7083
Pogra	24	23.9629	73.5657
Potiwara	24	23.3389	74.0216
Pochhniawara	24	23.4630	74.1240
Ponchwa Dhani	24	26.0212	73.4221
Ponchwa Khurd	24	26.0293	73.4285
Potlia	24	26.0578	73.3879
Ponchwa Kalan	24	26.0213	73.4395
Poharura	39	30.0206	79.9986
Pokhri	39	29.6528	79.1519
Porha	34	25.6890	84.5993
Pohapia-ka-gaon	39	29.2112	79.2058
Podan ka Gudha	24	25.4887	73.8440
Ponwasa	35	22.1191	74.2748
Polapan	09	24.2296	73.0601
Pohia	35	22.5040	74.5579
Pokhria Thok	39	29.3041	79.4842
Pokhri	39	29.5103	79.5036
Pokhri	39	29.5836	79.7090
Pokhri	39	29.7064	79.6672
Pokhri	39	29.7196	79.6428
Pohian	34	25.8121	84.8357
Pojhi Buzurg	34	25.8650	84.8499
Pokharia Pher	39	29.2927	79.6950
Pokhri	39	29.3282	79.6827
Pokhrar	39	29.3984	79.6340
Pokhri	39	29.4715	79.6831
Pokhri	39	29.8985	79.5702
Pokhri	39	29.7709	79.5092
Pokhri	39	29.7556	79.6315
Poharwa	34	27.1789	84.4516
Pokhariya	34	27.1144	84.4263
Poia	34	27.0540	84.4738
Pokhra	34	27.1752	84.5983
Pokharia	34	27.0860	84.5324
Pokharia	34	27.0083	84.7145
Polera	24	25.3160	74.0356
Pokhar Bhinda	36	26.6984	84.0736
Pokharbhinda	36	26.6363	84.0005
Pokharbhinda	36	26.6334	84.0639
Poia Girdhar	34	26.5191	84.2005
Poia Rup	34	26.5330	84.2028
Pokhrera	34	26.2357	84.2097
Pothin	39	29.9760	79.8689
Polin	39	29.9220	79.8669
Pokhri	39	29.8218	79.9902
Pokhri	39	29.8322	79.9239
Pothan	39	29.8890	79.9369
Pokh	39	29.9192	79.9069
Pokharia Babu	34	26.8921	84.4738
Pokharia Rai	34	26.9231	84.4950
Pokharia Kharag	34	26.9601	84.4986
Pokhri	39	29.7148	79.8816
Pokhri	39	29.5629	79.8867
Pokhri	39	29.6557	79.9129
Pokhri	39	29.7493	79.9392
Pokhar Bhinda	34	26.5389	84.3523
Pokariawala	24	27.1196	75.8527
Pokhri	39	29.3117	79.8810
Pokhri	39	29.2108	79.9075
Polai	35	22.9300	76.2846
Ponasa	35	22.8616	76.3160
Pornapur	36	28.1978	79.0922
Polay	35	22.7222	76.4095
Postipura	35	22.5300	76.4432
Polakhal	35	22.4562	76.2785
Potla	35	22.3626	76.2630
Posina	09	23.7577	73.1150
Pokhra	34	26.1648	84.5418
Ponai	36	28.8070	79.5773
Pokhariya	34	26.9295	84.7829
Pokhariya	34	26.8322	84.7972
Pound	34	26.8020	84.8539
Pokharia	34	26.7459	84.8493
Pokhra	34	26.4929	84.8342
Pospur	35	21.9987	74.7695
Poklia Vajhar	35	21.8157	74.7582
Pokhrera	34	26.1011	84.8684
Porainan	36	28.6263	79.7205
Pokharpur Taluka Sarjupur	36	28.0244	79.5854
Pokhrenda	36	25.8933	84.2444
Poawan	34	25.4182	84.9844
Pondil	34	25.1047	84.7678
Pokhanwan	34	25.1102	84.8568
Pokhrahi	38	24.6027	84.0140
Pokhrapur	38	24.5628	84.0079
Pokhra	38	24.5904	84.0353
Poldih	38	24.5073	84.0814
Pokhrahi	34	24.6613	84.1039
Pokhrahi	34	24.6677	84.1513
Pongarhi	34	25.3672	84.1463
Pokraha Kalan	38	24.0467	84.1277
Pokraha Khurd	38	24.0572	84.1187
Pokharbhinda	34	25.9680	84.4855
Pokhrahan	34	25.5228	84.3074
Pokhiatola	34	25.4006	84.3235
Pokhraha	34	24.8670	84.2531
Pokhrahi	34	24.8068	84.2754
Pokhraha	34	24.8633	84.4618
Pokhraha	34	24.7527	84.4424
Poktha	34	24.9307	84.4377
Pokhraha	38	24.4168	84.2745
Pokhar Buzurg	35	22.3668	76.6885
Pokhar Khurd	35	22.3472	76.7023
Potrani	35	22.8063	76.9196
Pokharia	38	24.1596	84.3099
Pokhardiha	38	24.0612	84.4304
Pokhraha	38	24.0233	84.4772
Pogar	34	24.8620	84.5921
Pokharaha	34	24.9170	84.6013
Pokhraha	34	24.7903	84.6965
Poay	34	24.7094	84.6823
Pokhraha	34	24.4050	84.5438
Pokhari	34	24.3525	84.5048
Pokhraha	34	24.4838	84.5892
Potamdohar	38	24.1511	84.6032
Pokharpur	34	25.3657	85.7717
Potluru	02	16.1350	79.8227
Pokhariha	35	25.0399	80.6539
Pokhri Purwa	35	25.1312	80.7208
Poidelu	19	12.8881	74.9317
Potticheruvu	02	14.7339	77.5095
Pogururu	02	14.9934	77.6121
Poturayi	02	14.8957	77.5414
Podiralla	02	14.7587	77.6187
Potukunta	02	14.4222	77.6951
Polepalle	02	14.3039	77.5581
Potulakunta	02	14.1601	77.7048
Potiamarri	02	14.4940	77.7598
Potulanagepalle	02	14.3485	77.7500
Podarallapalle	02	14.3251	77.9696
Pogadaranhalli	19	13.1907	77.0802
Polenahalli	19	13.7904	77.4023
Pochinapalle	02	13.8025	77.4715
Polenhalli	19	13.4736	77.3573
Polepalle	02	13.9081	77.5760
Potenahalli	19	13.5268	77.5226
Pottery Town	19	13.0015	77.6077
Pokamakulapalli	19	13.8782	77.8571
Polepalle	02	13.8830	77.7725
Potepalli	19	13.8205	77.8065
Polavaripalli	19	13.7519	77.7674
Polnahalli	19	13.2251	77.7673
Pommenhalli	19	14.5931	75.8153
Porat	19	13.0764	75.0632
Pollur	19	13.2277	75.0147
Posavakkel	19	13.2183	75.0031
Ponnaje	19	13.0218	75.2660
Podzari	16	19.7134	79.4951
Poslaongura	40	19.3278	79.2691
Potepalli	40	19.2503	79.4249
Pochanpalli	40	19.1324	79.4306
Pottipala	13	12.5274	75.0840
Pomachi	13	12.4654	75.0593
Pododka	13	12.3990	75.1808
Pondi	13	12.2846	75.1719
Podavur	13	12.2606	75.2288
Podsa	16	19.5134	79.5892
Poranaura	13	12.0788	75.1706
Poroli	19	12.8199	75.3159
Pokharpur	34	25.0941	85.5316
Pojh	34	25.0499	85.7270
Polampalli	40	19.2701	79.6585
Potepalli	40	19.3036	79.7069
Polampalli	40	19.1591	79.6110
Potulakatta	19	14.5375	76.0024
Pokhraira	34	25.9129	85.7557
Pokharpur	34	24.7065	85.2051
Poa	34	24.6580	85.1918
Polpol	38	24.3156	85.0236
Pokhartola	34	24.9781	85.4988
Pohi	34	24.6499	85.4391
Poro	38	24.4215	85.3502
Poraia	38	24.3275	85.4400
Pokharpur	38	24.1146	85.4560
Pokharia	38	24.1063	85.4876
Pompapur	19	14.0782	76.3076
Polenahalli	02	14.5363	76.8724
Pokhardiha	38	24.7756	85.7178
Poksi	34	24.9642	85.6882
Pokdanda	38	24.3812	85.5236
Pokhrauni	34	26.3975	86.0254
Poharsam	34	26.2918	86.0789
Pohadi	34	26.0387	86.1612
Ponnasamudra	19	13.2837	76.3147
Pokharbhinda	34	26.1924	86.2536
Pohadi	34	26.0809	86.2831
Poni	34	26.0592	86.3612
Poracheri Vayal	22	12.0999	75.2572
Porandahi	34	25.9228	85.9992
Pokharbhira	34	25.8695	86.0465
Pokhram	34	25.9358	86.1974
Potepalli	40	19.4006	79.8270
Potyal	19	12.8406	75.5013
Pochampet	40	18.9885	79.0101
Potapalli	40	18.8782	79.2380
Pokhrawan	34	25.1909	86.2262
Potanahalli	19	12.8683	76.3082
Povachivadi	16	15.9877	74.2232
Pokhra	34	25.6080	86.3059
Pokharia	34	25.4183	86.2651
Ponnur	19	15.9549	77.1507
Podalakunta	02	15.8424	77.1148
Pottipadu	02	15.0334	77.3307
Poliki	02	15.0709	77.2941
Ponakaladinne	02	15.8396	77.6018
Potlapadu	02	15.5989	77.5092
Potakalamarri	02	15.5200	77.5037
Polampalli	40	18.3024	79.2380
Pokhria	34	25.2073	86.3744
Ponnakallu	02	15.7839	77.7858
Potugallu	02	15.6030	77.7665
Potaganahalli	19	14.2792	77.2135
Pokhram	34	25.8504	86.9051
Pothuvacheri	13	11.8468	75.4565
Potaram	40	18.2244	79.0181
Potlapalli	40	18.1437	79.1752
Potaram	40	18.1242	79.2298
Poradipalli	40	18.0963	79.0711
Potaram	40	18.0302	79.1240
Postanpalli	40	18.9470	79.4560
Polimadagu	40	18.9488	79.4505
Posalagudem	40	18.8927	79.2944
Pota	09	23.1891	73.5145
Poyanad	13	11.8311	75.5087
Poyilur	13	11.7662	75.6464
Poyari	13	11.8921	75.6626
Pothuvaccheri	13	11.7267	75.5246
Ponmeri	13	11.6382	75.6415
Potalpani	35	22.2675	79.4144
Poyil	13	11.8469	75.9407
Pothur	13	11.7905	75.9105
Porur	13	11.7822	75.9312
Porunnannur	13	11.7349	75.9896
Polur	13	11.3204	75.8417
Porangottu	13	11.3874	75.9317
Porur	13	10.9222	75.9077
Poyilassheri	13	10.8756	75.9454
Polpakkara	13	10.7968	75.9829
Ponnazhikkara	13	10.7904	75.9886
Pottanur	13	10.9020	75.9616
Pottanur	13	10.8082	75.9803
Podocem	33	15.5802	74.0102
Porevadi	16	15.9867	74.2689
Pochammagudi	40	19.2386	79.0423
Polkanti	40	19.1084	79.0042
Posal	40	18.5328	79.3053
Pochammapalli	40	18.4074	79.2872
Potreddipalli	40	18.3725	79.4572
Potreddipeta	40	18.2697	79.4076
Porannapalli	40	18.2056	79.3806
Ponnur	40	18.6400	79.5503
Potaram	40	18.5360	79.6086
Pochanpalli	40	18.4226	79.5555
Pothgal	40	18.3552	79.6247
Pocharam	40	18.1413	79.6793
Potalakatte	19	15.0373	76.3891
Podakote	19	12.2290	75.7978
Pollibetta	19	12.2404	75.9139
Poradu	19	12.0379	75.9197
Poppanahalu	19	15.5719	76.9356
Porayhalli	19	12.6805	75.5037
Posarkana	19	12.6691	75.6390
Ponkadra	19	14.9194	74.3454
Pokhrahi	34	24.6291	84.2523
Pola	34	24.5756	84.2767
Pokhrahi	34	24.6776	84.3344
Poiwan	34	24.7479	84.4414
Politola	34	24.5765	84.2744
Pokharpur	34	24.5046	84.8895
Pororiya	34	24.5793	84.9969
Potgah	34	26.6242	85.9865
Pothia	34	26.2434	87.2899
Pokharia	34	26.3807	87.2187
Posdaha	34	26.3467	87.1776
Pokhria	34	26.0379	87.0035
Pokharia	34	26.3647	87.3166
Pothia	34	26.2554	87.3128
Pothia	34	26.3162	87.4772
Pokharia	34	26.3701	87.6619
Pothia	28	26.0703	87.9364
Pokra	34	25.4659	87.0351
Pokharia	34	25.3530	87.1775
Pothia	34	25.0822	87.1949
Pothia	34	25.8813	87.3342
Pokhraiya	38	25.1873	87.4444
Pokhariya	38	25.0345	87.4557
Pokharia	34	25.7628	87.5528
Pokharia	34	25.9130	87.5979
Pora	34	25.9622	87.5894
Pothia	34	25.9924	87.6396
Pothia	34	25.9156	87.6166
Pokharia	34	25.8127	87.6936
Pothi	12	33.7705	74.1835
Pokharpur	34	25.9118	85.0157
Pojhi	34	25.8797	85.0247
Porai	34	25.8639	85.0369
Pokhra	34	25.6871	85.2239
Pothihi	34	25.4404	85.0839
Pokharpar	34	25.3097	85.0852
Pokharia	34	25.6244	87.5879
Ponaiya	38	25.1942	87.5523
Pokharia	38	25.0948	87.5507
Polma	38	25.1996	87.5987
Pokhuria	38	25.2379	87.6459
Pokhariapahar	38	25.2011	87.6254
Pokharia	38	25.1859	87.6326
Podiaha	38	25.1788	87.6226
Poal	38	25.0933	87.6125
Pothra	34	25.8427	87.8652
Porabari	28	25.8601	87.9031
Pothiar	28	25.9365	87.9031
Pothimari	28	25.8114	87.9494
Pokharia	34	25.5623	87.8125
Pothia	34	25.6116	87.8665
Posniarghat	34	25.5990	87.9823
Pokharia	34	25.5441	87.9821
Pokharia	34	25.4612	87.7979
Porai Chak	34	24.9401	87.0359
Pokharia Bara	38	24.7068	87.5788
Pokharia	38	24.2040	87.5638
Pokharia	38	24.7194	87.8090
Podhra	28	24.2640	87.8383
Pokhraira	34	25.9899	85.4066
Pokhraira	34	25.7255	85.3625
Pohiar	34	25.6981	85.4869
Pohiari	34	25.6925	85.4896
Pokhra	34	25.8484	85.5930
Porai	34	25.3670	85.5219
Poari	34	25.3520	85.5951
Pojh	34	25.2755	85.7208
Poi	35	21.8498	75.8497
Pokhrabad	35	21.8012	75.9217
Pokhar Khurd	35	21.9641	75.9440
Pogulla	40	16.4017	79.1744
Polepalle	02	16.4264	79.4842
Pondugala	02	16.6797	79.6630
Potalbagda	40	17.8539	78.3995
Potrajpalli	40	17.8183	78.4810
Polampalli	40	17.9830	78.4405
Porur	40	17.6210	78.5270
Potapalli	40	17.5651	78.5379
Pochhino	24	26.3554	70.2458
Pocharam	40	17.4357	78.6418
Potrajguda	40	17.4057	78.7225
Poklaguda	40	17.4567	78.6594
Posanpalli	40	17.8781	78.8771
Pochampalli	40	17.4913	78.9485
Pokharia	34	26.1872	87.5469
Pothia	34	26.1960	87.5935
Pokharia	34	26.1823	87.7125
Pokhri	36	27.4298	80.1451
Poovar	13	8.3181	77.0706
Pothencode	13	8.6191	76.8975
Posana	24	27.8461	75.4871
Poruvazhy	13	9.0912	76.6593
Pophali	16	17.4359	73.6564
Poovathussery	13	10.2025	76.3180
Ponparappi	25	11.2698	79.2397
Ponganadu	13	8.7802	76.8449
Potpalli	02	19.0159	78.2776
Pottavaripalli	19	13.6783	77.8536
Polinayakanapalli	19	13.6448	77.9837
Polamhalli	19	13.6474	77.7637
Polappanahalli	19	13.5026	77.9491
Polohalli	19	12.9340	77.2752
Poidoddi	25	12.5183	77.6554
Ponnachchi	19	12.1143	77.6005
Ponnampalle	02	14.8991	78.2799
Ponnatota	02	14.8353	78.3611
Poluru	02	15.5344	78.4360
Pottipadu	02	15.1866	78.3566
Pottipadu	02	14.8244	78.5357
Pochupalle	02	15.2418	78.9707
Potureddipalle	02	14.8385	78.0195
Pottipadu	02	14.7504	78.1134
Polamvandlapalle	02	14.1969	78.0712
Potunivandlapalle	02	14.1614	78.2406
Polavandlapalle	02	14.0222	78.1954
Polavandlapalle	02	14.0158	78.2162
Potureddipalle	02	14.7768	78.7820
Polutalayepalle	02	14.6515	78.7802
Ponnavolu	02	14.5005	78.8914
Polusettipalle	02	14.4175	78.8151
Polimerapalle	02	14.1886	78.8250
Poluvandlapalle	02	14.1429	78.8706
Potukurapalle	02	14.1081	78.7757
Poluruvallapalle	02	14.0512	78.9111
Potinenivaripalle	02	13.9903	78.0687
Pokanatipalle	02	13.7898	78.2280
Posalvaripalli	19	13.7318	78.0507
Polanayakanahalli	19	13.5170	78.0069
Potapadu	02	13.6764	78.2013
Poreddivandlapalle	02	13.6286	78.4816
Ponnutipalem	02	13.5698	78.4603
Pokalapalle	02	13.4836	78.4920
Poturajupalle	02	13.4362	78.4321
Ponnamreddipalle	02	13.3811	78.4850
Pombarahalli	19	13.1924	78.2637
Pornipenta	02	13.4517	78.6049
Podallapalle	02	13.4216	78.6828
Poduvuru	02	13.4002	78.5134
Polepalle	02	13.2745	78.6378
Ponnamakulapalle	02	13.1812	78.6196
Potanapalle	02	13.0765	78.5165
Pokharia	34	27.2723	84.3468
Pokharjori	34	25.6064	85.6159
Ponnalanattam	25	12.7041	77.8825
Potasandiram	25	12.5981	77.8597
Podur	25	12.6695	77.9167
Podur	25	12.4206	77.7977
Podur	25	12.4928	77.8205
Poduppatti	25	12.0489	77.9572
Podur	25	12.7767	78.1026
Polenhalli	19	12.8075	78.2173
Polupalli	25	12.5873	78.1590
Ponnalnattam	25	12.6725	78.0951
Ponnapalli	25	12.7296	78.1555
Ponnappagavunipalli	25	12.6454	78.1742
Potinayinipalli	25	12.5815	78.2252
Ponniganur	25	12.3182	78.1955
Ponneri	25	12.2700	78.1986
Polanahalli	25	12.2176	78.1472
Porakundlapalli	02	12.7382	78.2738
Pottepalli	19	12.9507	78.2872
Pogurupalli	02	12.8440	78.2852
Ponnepalli	02	12.8864	78.4119
Pokampatti	25	12.3208	78.4121
Podar	25	12.2748	78.4243
Polayampatti	25	12.1489	78.3526
Ponnakavundanpatti	25	12.1735	78.4095
Ponantoppu	25	12.6636	78.5462
Ponneri	25	12.5972	78.5979
Pogalur	25	12.9042	78.7984
Pondai	25	12.0922	78.8569
Porasappattu	25	12.0473	78.9874
Poruvallur	25	12.0527	78.9863
Pommappatti	25	12.2340	78.5188
Ponneri	25	12.0503	78.5438
Potur	25	12.3010	77.6452
Ponjala	25	12.2517	77.7280
Potamsettipalle	02	15.5003	78.9751
Podilekondapalle	02	15.3564	78.9654
Polepalle	02	14.4011	78.2544
Polatulavandlapalle	02	14.1715	78.2502
Pottuvandlapalle	02	14.1215	78.2762
Potalavandlapalle	02	14.1153	78.3294
Polisettipalle	02	14.2058	78.5344
Polireddipalle	02	14.0129	78.5609
Poturajutur	02	15.7054	79.0305
Porumamillapalle	02	15.5608	79.0892
Pottipalle	02	15.3679	79.0347
Pokalalingayapalle	02	15.0231	79.1715
Polepalle	02	15.8787	79.4227
Potampalle	02	15.9090	79.2558
Potulapadu	02	15.7343	79.3921
Potlapadu	02	15.8797	79.5395
Polavaram	02	15.8412	79.6731
Potuvaram	02	15.5916	79.5887
Polavaram	02	15.3547	79.5052
Potavaram	02	15.3076	79.6265
Polinenicheruru	02	15.1958	79.6567
Potepalle	02	15.0370	79.5947
Polavaram	02	15.7953	79.8852
Polinenipalem	02	15.1799	79.7590
Potluru	02	15.0461	79.9480
Ponnarazupalli	02	14.9790	79.2199
Pottigaripalli	02	14.7582	79.0258
Podilivaripalli	02	14.5373	79.1942
Ponnapalli	02	14.4459	79.1287
Pondaluru	02	14.2535	79.2408
Pottapi	02	14.3491	79.2287
Pondaluruvenkatampalli	02	14.2122	79.1560
Podalopalli	02	14.0749	79.1546
Potunayadupalli	02	14.1960	79.3041
Polampadu	02	14.8297	79.7394
Pothegunta	02	14.1749	79.6388
Potireddipalem	02	14.4791	79.9715
Pottepalem	02	14.4652	79.9310
Polipadu	02	14.0220	79.8398
Potireddivaripalli	02	13.7337	79.1149
Pogurivandlapalli	02	13.7433	79.1689
Podavallammacheruvupalli	02	13.6479	79.1184
Potapativaripalli	02	13.6154	79.2348
Posamvallapalli	02	13.5573	79.0550
Polisettipalli	02	13.4808	79.0424
Polakala	02	13.4312	79.0171
Potukanama	02	13.4040	79.0734
Polireddipalli	02	13.4167	79.1540
Polakalavaripalli	02	13.4093	79.2390
Polavaram	02	13.3707	79.1384
Polinayanikhandrika	02	13.2812	79.2275
Ponnasamudram	02	13.2720	79.0331
Pottinayudukandigai	02	13.2342	79.0554
Potambattu	02	13.2031	79.0741
Polurajupalli	02	13.1476	79.1699
Polukrishnampalli	02	13.2031	79.1997
Porakapalle	02	13.4112	79.3055
Podolopalle	02	13.3387	79.3578
Poturajugunta	02	13.1519	79.3391
Polipakkam	25	13.0585	79.4868
Polipakkam	25	13.0500	79.4688
Poli	02	13.8770	79.6006
Ponabaka	02	13.7887	79.6829
Polireddikhandrika	02	13.6898	79.6971
Pottiguttla	02	13.4715	79.5357
Poyyapakkam	25	13.0421	79.6695
Polurkhandigai	25	13.1263	79.6389
Polur	25	13.1264	79.6449
Polireddipalem	02	13.7813	79.9684
Pogadamanitettu	02	13.5057	79.8747
Polinayudukhandrika	02	13.5699	79.7609
Pondavakkam	25	13.3107	79.8949
Pondavakkam	02	13.4737	79.9965
Ponnanpulam	25	13.0739	79.7917
Polivakkamkandigai	25	13.0538	79.9080
Polivakkam	25	13.0683	79.9153
Pottarai	25	12.5651	79.1100
Ponakkadu	25	12.2792	79.0158
Porkunam	25	12.3805	79.1227
Poyyanandal	25	12.3854	79.1951
Poradai	25	12.3077	79.2444
Porikkal	25	12.0554	79.1616
Polakunam	25	12.2007	79.1550
Ponnappanthangal	25	12.9656	79.4565
Ponalapadi	25	12.6431	79.3103
Ponnambalam	25	12.6735	79.4312
Porkunam	25	12.3076	79.3821
Pottuvoy	25	12.1470	79.2587
Ponnankuppam	25	12.1075	79.3433
Porur	25	12.0486	79.3882
Ponpatti	25	12.2394	79.4251
Poykainellur	25	12.9057	79.5615
Pondavakkam	25	12.9570	79.7203
Podavur	25	12.9233	79.7462
Ponnur	25	12.4695	79.5432
Pondai	25	12.3189	79.5050
Porpanankaranai	25	12.4087	79.7272
Porpanankaranai	25	12.4004	79.7295
Ponnankuopam	25	12.0443	79.5170
Ponnampundi	25	12.0456	79.6258
Pombur	25	12.0344	79.6034
Podavur	25	12.9177	79.8377
Porpandal	25	12.6967	79.8848
Ponpadirkuttam	25	12.6081	79.9962
Porayur	25	12.4381	79.8496
Polambakkam	25	12.4293	79.8833
Pondur	25	12.3196	79.9243
Porur	25	12.3515	79.9101
Pothumule	13	11.8912	76.0180
Polacchikuni	13	11.6832	76.1374
Ponginitoti	13	11.6905	76.1366
Pothukal	13	11.4069	76.2463
Porur	13	11.1576	76.2456
Ponmala	13	11.0283	76.0404
Ponvayal	25	11.5241	76.4543
Porakkal	25	11.5621	76.4537
Ponvayal	25	11.5579	76.4662
Ponkulli	13	11.6866	76.3927
Pothuvapadam	13	11.0306	76.4275
Porthimund	25	11.3782	76.5705
Porthi	25	11.3447	76.6295
Pottikal	13	11.0804	76.5317
Porayaratti	25	11.3601	76.7567
Ponaraikambe	25	11.3105	76.8499
Pottur	13	10.8030	76.0407
Ponniyakurisshi	13	10.9865	76.2475
Porkolangad	13	10.6195	76.0750
Ponnur	13	10.5890	76.1408
Poyya	13	10.2144	76.2451
Ponthiambram	13	10.9304	76.4856
Pombra	13	10.9328	76.4400
Pothi	13	10.8725	76.3750
Poruthikkod	13	10.7057	76.4317
Pottimada	13	10.5600	76.4240
Potta	13	10.3207	76.3368
Poikadu	13	10.1619	76.3440
Pothupara	13	10.3826	76.5668
Ponnamalaiyur	25	10.7030	76.8816
Poravipalaiyam	25	10.7371	76.9614
Ponnapuram	25	10.6948	76.9910
Ponnayur	25	10.6788	76.9365
Pongaliyur	25	10.5215	76.9683
Porkai	13	10.0529	76.8841
Pongayil	13	9.4476	76.3943
Pottappalli Vadakku	13	9.2838	76.4289
Pottappalli Tekku	13	9.2753	76.4353
Ponnanparambukad	13	9.7048	76.8012
Polikkod	13	8.9330	76.8415
Poretam	13	8.8547	76.8375
Porunthaman	13	8.7553	76.8945
Pottilavu	13	8.7957	76.8942
Pottankod	13	8.6184	76.8976
Ponnayyakavundanpudur	25	11.1503	77.0930
Pottiyampalaiyam	25	11.1153	77.1195
Ponnandampalaiyam	25	11.1095	77.1329
Pottanikad	13	10.0063	76.6799
Ponnaveli	13	9.7382	76.3180
Podimbirappadam	13	9.7106	76.3084
Pola	13	9.5104	76.3329
Ponagam	13	9.2179	76.5382
Ponnezha	13	9.2011	76.5525
Poruvakara	13	9.0167	76.5328
Polikara	13	8.8118	76.6539
Pomavur	13	8.8029	76.7078
Porsikavundanpalaiyam	19	11.8929	77.2879
Polavakkalipalaiyam	25	11.4478	77.4806
Ponmalaipalaiyam	25	11.4019	77.4131
Podur	25	11.3876	77.4784
Pottiyampalaiyam	25	11.3614	77.2727
Polavapalaiyam	25	11.3529	77.3085
Pottapalaiyam	25	11.3649	77.3573
Pottampalaiyam	25	11.2852	77.2515
Pongekavundanpudur	25	11.3017	77.2734
Ponnayakavundanvalasu	25	11.3173	77.3436
Polanayakkanpalaiyam	25	11.3086	77.4938
Polavapalaiyam	25	11.2646	77.4994
Pongupalaiyam	25	11.1875	77.3391
Porasapalaiyam	25	11.2191	77.3798
Ponnapuram	25	11.1820	77.4297
Ponnayyakavundanpalaiyam	25	11.1484	77.4329
Pongekavundanpudur	25	11.0998	77.2655
Pollikalipalaiyam	25	11.0365	77.3894
Porayapalaiyam	25	11.6308	77.6632
Ponmudi	25	11.2606	77.5300
Pongalivammanpudur	25	11.2523	77.5353
Polavanur	25	11.2115	77.5680
Porayakavundanvalasu	25	11.2487	77.6193
Poluvavalasu	25	11.2394	77.7437
Ponnekavundanpudur	25	11.0442	77.5326
Porasappalaiyam	25	11.0433	77.7028
Poraiyur	25	11.7153	77.7859
Poyyanur	25	11.7222	77.8774
Ponnampalaiyam	25	11.5878	77.7690
Pottaneri	25	11.8265	77.9056
Podiyampatti	25	11.8244	77.9634
Porasakattur	25	11.3771	77.7561
Pottilipalaiyam	25	11.3354	77.8450
Pomangalpalaiyam	25	11.3385	77.8609
Pokkampalaiyam	25	11.3466	77.9308
Ponappalaiyam	25	11.2869	77.9160
Ponnampalaiyam	25	11.2560	77.8811
Pongalivalasu	25	11.1942	77.8728
Ponnampalaiyam	25	11.2104	77.8157
Potovallipalaiyam	25	11.1591	77.7524
Porayampalaiyam	25	11.1273	77.8630
Polamdo	25	11.1236	77.7958
Pongigattuvalasu	25	11.0860	77.8225
Pongakivalasu	25	11.0829	77.8577
Pottupalaiyam	25	11.0969	77.9582
Ponnapuram	25	11.0255	77.7718
Ponniyakavundanpudur	25	11.0191	77.9831
Ponnakkani	25	10.8894	77.0976
Pottanur	25	10.7148	77.0255
Pongaliyappakavundanpudur	25	10.7286	77.2034
Pottaiyampalaryam	25	10.6599	77.2019
Pottinayakkanur	25	10.6619	77.2174
Ponnaiyakavundanur	25	10.6046	77.0825
Ponnapuram	25	10.6048	77.0358
Ponnachchiyur	25	10.5947	77.0222
Ponnandakavundanur	25	10.5691	77.0639
Pottaiyampalaiyam	25	10.5920	77.0838
Pongalur	25	10.9654	77.3720
Ponnangalivalasu	25	10.9986	77.4989
Ponnalipalaiyam	25	10.7980	77.4457
Pottikkampalaiyam	25	10.7176	77.3546
Ponnapuram	25	10.6969	77.3909
Ponneri	25	10.6418	77.2658
Podupatti	25	10.5418	77.4277
Pottinayakkanur	25	10.5433	77.3365
Polammavalasu	25	10.4950	77.4332
Ponneri	25	11.5103	79.3464
Ponnaragaram	25	11.5318	79.4131
Pottaveli	25	11.5892	79.4749
Pottakkollaitattanur	25	11.1447	79.2623
Porpatinjanallur	25	11.1320	79.3634
Pokalur	25	11.2276	79.3790
Ponpetti	25	10.9994	79.3249
Porkalakkudi	25	10.9324	79.3860
Ponnur	25	10.8280	79.4697
Ponnappur Kilpadi	25	10.6916	79.2529
Ponnappur Melpadi	25	10.6843	79.2558
Potlankudikkadu	25	10.6199	79.2992
Ponnavarayankottai	25	10.4161	79.3366
Podakkudi	25	10.7377	79.5075
Ponnavarai	25	10.8788	79.1182
Ponmanjanallur	25	10.8896	79.2468
Pondayakulam	25	10.8331	79.2128
Ponakkulam	25	10.6570	79.0476
Poyyundakottai	25	10.6272	79.1637
Polakkudi	25	10.9745	79.6333
Porkaraikkudi	25	10.8261	79.7448
Polagam	25	10.8986	79.7137
Polavam	22	10.8590	79.8317
Podasahi	21	20.4351	84.8516
Ponkalosahi	21	20.0007	84.8100
Pobala	21	20.1337	84.8912
Porasahi	21	20.0726	84.8661
Poksunga	21	20.1916	84.9325
Poklatoli	38	23.9143	85.0005
Pokhratoli	38	23.3451	85.0665
Pokhartoli	38	23.3308	85.1856
Pola	38	23.1903	85.0104
Podeatoli	38	23.1433	85.0474
Pokta	38	23.1251	85.0226
Poktadihtoli	38	23.1314	85.0092
Pora	38	23.1017	85.1244
Podatoli	38	23.0535	85.1075
Pokhartoli	38	23.0363	85.1635
Potanga	38	23.7176	85.2825
Potomorha	38	23.7040	85.3417
Porha	38	23.6914	85.3376
Pochra	38	23.6161	85.4837
Pochra	38	23.6279	85.4915
Podiatanr	38	23.5196	85.3486
Pokhartoli	38	23.5008	85.2768
Pokhartoli	38	23.3739	85.3752
Pokhartoli	38	23.3939	85.3637
Pokhartoli	38	23.2758	85.2614
Potomgara	38	23.1710	85.3687
Posea	38	23.1209	85.3604
Pokla	38	23.0311	85.2772
Potmo	38	23.8980	85.5593
Pochra	38	23.6742	85.5378
Potamdaga	38	23.5233	85.6303
Potadag	38	23.4256	85.7218
Pogra	38	23.2937	85.7098
Potawatoli	38	23.3189	85.6133
Poadiritoli	38	23.2141	85.6508
Poadiri	38	23.2162	85.6438
Poradih	38	23.1124	85.6167
Porkatoli	38	23.0402	85.7088
Pokhria	38	23.9086	85.9378
Ponra	38	23.6414	85.9286
Ponrdag	38	23.6250	85.8648
Postabera	28	23.3801	85.9410
Porotoli	38	22.9042	85.1125
Porotoli	38	22.8387	85.0071
Posar	38	22.6268	85.0288
Pokamba	38	22.5253	85.2276
Posea	38	22.9979	85.3049
Pokhardan	38	22.4070	85.1702
Porka	38	22.8700	85.4183
Poto	38	22.8941	85.4055
Postiya	38	24.3059	84.8270
Pokhariya	34	24.3979	84.9392
Potam	38	24.0731	84.8049
Porahat	38	22.5979	85.4374
Pongra	38	22.7076	85.4980
Potobera	38	22.6108	85.4454
Pokhripi	38	22.2328	85.6008
Potra	21	22.0021	85.6369
Pokam	38	22.1062	85.6733
Pokhria	38	24.1175	86.8929
Pokharia	38	24.0696	86.9935
Pokhraha	38	23.9711	84.1700
Polpol Kalan	38	23.9665	84.1864
Polpol Khurd	38	23.9627	84.1812
Ponchi	38	23.9302	84.2410
Pokhri Khurd	38	23.9052	84.1935
Pokhri Kalan	38	23.9056	84.1851
Pogra	38	23.0208	84.2457
Pokhri	38	23.8425	84.3288
Pounri	38	23.3424	84.4320
Polpoltoli	38	23.3151	84.2721
Porha	38	23.2722	84.4573
Pokhratoli	38	23.3102	84.4726
Ponri	38	23.0345	84.2793
Pogra	38	23.0083	84.4208
Porsam	38	23.9377	84.5447
Potmahi	38	23.8092	84.6980
Pokiatoli	38	23.7393	84.7259
Poriatoli	38	23.4233	84.5686
Potritoli	38	23.2650	84.6238
Pokhratoli	38	23.2885	84.6961
Pokma	38	23.1379	84.5168
Pokotoli	38	23.1319	84.5753
Porhatoli	38	23.0219	84.5403
Porha	38	23.1020	84.6910
Pokhratoli	38	23.5551	84.7940
Porha	38	23.2877	84.7968
Poratoli	38	23.4904	84.9777
Pokatikratoli	38	23.2292	84.9652
Porhhatoli	38	23.1887	84.9653
Potro	38	23.1581	84.7766
Pototoli	38	23.0512	84.8328
Porhatoli	38	23.1478	84.9114
Porahtoli	38	23.0375	84.9232
Pondih	37	22.9068	84.0767
Pogramunda	21	22.5065	84.0219
Pondripani	37	22.6954	84.1239
Pograbahal	37	22.6957	84.1306
Pogratangar	37	22.6901	84.1715
Pokhratoli	38	22.6103	84.2454
Pokhartoli	38	22.5335	84.2266
Pokhartoli	38	22.4737	84.2194
Pondkhar	38	22.4273	84.2381
Portenga	37	22.9136	84.3104
Pondi	37	22.9738	84.3672
Pokbar	38	22.6450	84.2859
Poraltoli	38	22.5070	84.3027
Poraitoli	38	22.5448	84.3977
Porhatoli	38	22.5830	84.3703
Poratoli	38	22.6960	84.4098
Pokharduba	38	22.7066	84.4895
Poratoli	38	22.7604	84.6392
Pothatoli	38	22.7668	84.6566
Pojenga	38	22.8025	84.6651
Pokta	38	22.9699	84.7861
Porhotoli	38	22.8409	84.8632
Pototoli	38	22.7991	84.9604
Pojetoli	38	22.8796	84.9744
Poje	38	22.8903	84.9800
Pokla	38	22.9191	84.9530
Potiatoli	38	22.7395	84.7625
Pogoloia	38	22.6337	84.8243
Poseatoli	38	22.5874	84.8083
Porhotoli	38	22.5224	84.7885
Porojharia	38	22.5141	84.8388
Pokhratoli	38	22.7122	84.8573
Pomia	38	22.4447	84.8343
Porotoli	38	22.4487	84.8323
Pottaluppatti	25	9.4754	77.6185
Pottalpudur	25	9.2418	77.6559
Pottal	25	8.6497	77.4859
Pottipudur	25	8.3116	77.4391
Polikkaratura	25	8.1060	77.4060
Pottaipudur	25	8.2190	77.4844
Pottal	25	8.7519	77.7438
Ponnakkudi	25	8.6170	77.7024
Pottaipudur	25	8.3734	77.6553
Pottaiyadi	25	8.4605	77.7223
Pottakulamparacheri	25	8.1402	77.5322
Pottalvilakudiyiruppu	25	8.1427	77.5786
Poiyilan Pacheri	25	8.7328	77.8108
Pondampuli	25	8.6906	77.8397
Ponnangurichi	25	8.6324	77.8996
Pottalurani	25	8.7483	77.9377
Pottal	25	8.6301	77.9685
Poikkaranpalaiyam	25	10.9056	78.0011
Podampatti	25	10.8415	78.0206
Poravipalaiyam	25	10.9438	78.1464
Ponnipatti	25	10.9807	78.2118
Porani	25	10.8632	78.1933
Ponnampatti	25	10.7482	78.0066
Ponnampatti	25	10.7127	78.0163
Pojayakkavundanpatti	25	10.6067	78.0575
Pochchalakkavundanur	25	10.5825	78.0052
Pondugampatti	25	10.1274	78.1521
Poykkaraippatti	25	10.0493	78.2027
Potturavattanpatti	25	10.8350	78.3314
Posiyampatti	25	10.7529	78.2775
Porakkalampatti	25	10.7951	78.4337
Ponnampatti	25	10.7821	78.4495
Pottappatti	25	10.6621	78.2948
Ponnakkavundanpatti	25	10.6559	78.2733
Pottappatti	25	10.6211	78.2895
Pottanayakkanpatti	25	10.5332	78.2914
Ponnambalappatti	25	10.5360	78.2554
Ponnakkonappatti	25	10.5587	78.3703
Poygaippatti	25	10.5633	78.4015
Ponnampatti	25	10.5932	78.3679
Pottamettuppatti	25	10.6170	78.4288
Ponnampatti	25	10.6833	78.4269
Poduvarapatti	25	10.6772	78.4317
Ponkudippatti	25	10.6797	78.4476
Porasampatti	25	10.6161	78.4893
Ponnusangapatti	25	10.5814	78.4541
Poyyamani	25	10.5600	78.4728
Pottappatti	25	10.5564	78.4799
Podiyakanpatti	25	10.5230	78.4708
Ponnampatti	25	10.4637	78.2779
Podikkampatti	25	10.4042	78.2734
Pothappatti	25	10.4244	78.3484
Pottalpatti	25	10.2818	78.3718
Ponnudaippappatti	25	10.3056	78.4613
Pottappatti	25	10.2815	78.4443
Poyyamamanipatti	25	10.2614	78.4859
Polur	25	10.2106	77.3212
Ponparappu	25	10.9863	77.6383
Pommipalaiyam	25	10.8148	77.6532
Polarai	25	10.7681	77.6670
Ponnivadipudur	25	10.7015	77.6449
Porulur	25	10.6003	77.6261
Pottakkunduppatti	25	10.0206	78.4821
Ponnapuram	25	10.4592	77.5472
Pommalappatti	25	10.7788	78.7217
Ponnampatti	25	10.9750	78.5489
Ponnanganippatti	25	10.9878	78.5431
Posampatti	25	10.8142	78.5851
Posavur	25	10.7964	78.5704
Poyyamani	25	10.8792	78.5037
Poruvai	25	10.6467	78.5471
Polampatti	25	10.5122	78.6621
Polampatti	25	10.4496	78.5050
Pokudippatti	25	10.2895	78.7460
Ponnanaippatti	25	10.3160	78.6958
Pokkadippatti	25	10.4662	78.6567
Poruvay	25	10.4328	78.5017
Porundanpatti	25	10.2223	78.5194
Pottavelikkalam	25	10.2297	78.5426
Ponnangudi	25	10.0368	78.6391
Poyyalur	25	10.0187	78.7030
Porandi	25	10.0020	78.6501
Ponvilanjanpatti	25	10.8055	78.8881
Poyyakudi	25	10.7060	78.8564
Pokshakarampatti	25	10.4742	78.8915
Ponnampatti	25	10.3555	78.8285
Ponnampatti	25	10.2829	78.8505
Ponduppuli	25	10.2075	78.8898
Posampatti	25	10.1364	78.9167
Ponnambalam	25	10.1376	78.8948
Poyyavayal	25	10.1034	78.9557
Porkudi	25	10.0237	78.9875
Podumu	25	9.9855	78.0851
Pottappanaiyur	25	9.9084	78.2172
Ponmeni	25	9.9234	78.0898
Pottappalaiyam	25	9.8410	78.1649
Poyyanaikkulam	25	9.5414	78.1216
Podampatti	25	9.4253	78.0547
Podampatti	25	9.3481	78.2153
Ponnayyapuram	25	9.2026	78.0690
Podappanayakkanpatti	25	9.0688	78.0175
Pokkalupatti	25	9.9962	78.4786
Pogaikaraipatti	25	9.9368	78.3579
Ponnakulam	25	9.8405	78.4442
Ponnakkarai	25	9.5948	78.4498
Pottaneri	25	9.4868	78.3590
Pottakkulam	25	9.4731	78.4357
Pondampuli	25	9.3263	78.4841
Podikkulam	25	9.2843	78.4805
Pondampuli	25	9.2398	78.3568
Pottappuli	25	9.2462	78.3976
Poradappu	25	9.8618	78.7445
Ponnampatti	25	9.8909	78.5176
Porasadappu	25	9.7873	78.6236
Ponnankal	25	9.7920	78.5792
Porisapatti	25	9.7610	78.5087
Pottavayal	25	9.7591	78.5919
Pottakkudi	25	9.7739	78.6098
Ponnalli	25	9.7463	78.5198
Ponniyendal	25	9.6884	78.6528
Pokkani	25	9.7126	78.6552
Poduvendal	25	9.6406	78.7332
Porivayal	25	9.9433	78.7657
Polikalkudi	25	9.4443	78.5340
Pottasattikudi	25	9.4871	78.6618
Posukkudi	25	9.3874	78.5846
Pokkanarendal	25	9.3638	78.6362
Ponnakkaraiyendal	25	9.3612	78.6457
Ponvasal	25	9.2605	78.5083
Ponvasal	25	9.2555	78.5019
Pottappacheri	25	9.2439	78.6165
Ponnivayal	25	9.9839	78.8050
Poyyamoli	25	9.9688	78.8536
Porukudi	25	9.9430	78.8888
Pokkariyendal	25	9.9927	78.8972
Porkudi	25	9.8809	78.7871
Ponnalamkottai	25	9.8332	78.7550
Ponnatti	25	9.8530	78.7855
Posukkani	25	9.8108	78.7600
Ponnakkarai	25	9.8138	78.8185
Poduvakkudi	25	9.8010	78.8454
Ponnivayal	25	9.7860	78.9207
Pottakkottai	25	9.8119	78.9361
Ponnankurichchi	25	9.7966	78.9626
Ponnagariyendal	25	9.7811	78.9851
Ponniyendal	25	9.7182	78.8528
Ponnalikkottai	25	9.6017	78.8387
Podiyarkudi	25	9.5538	78.7565
Pottavayal	25	9.5183	78.8343
Pottaikalanvilai	25	8.3144	77.8779
Pottakalanvilai	25	8.4064	77.9477
Pottanilai	25	8.5228	78.0473
Pottalkadu	25	8.7185	78.1024
Porppalampattu	25	11.8894	79.0326
Ponnipalaiyam	25	10.9672	77.9294
Ponniyandal	25	11.9015	79.0927
Ponnivadi	25	10.9461	77.8697
Pokkampalaiyam	25	10.9568	77.8013
Ponnapuram	25	10.8237	77.8843
Ponnamma Pudur	25	10.7255	77.7957
Poyinappadi	25	11.5323	79.0454
Porasakkurichchi	25	11.6677	79.0410
Poraiyur	25	11.6903	79.1469
Pogappatti	25	11.7433	79.1907
Podaiyur	25	11.5037	79.2035
Pongaliammanpudur	25	10.5261	77.8068
Ponniyappakavundanvalasu	25	10.5469	77.7566
Podaiyur	25	11.4805	79.0450
Pottiramangalam	25	11.3961	79.1612
Ponneri	25	11.4005	79.2224
Pottinayakkanpatti	25	10.4513	77.8177
Ponnimanturai	25	10.3623	77.9354
Pottinayakkanpatti	25	10.3771	77.8615
Poyyur	25	11.0647	79.1074
Pottaveli	25	11.2329	79.1490
Poyyadanallur	25	11.2169	79.1251
Poyyur	25	11.1553	79.1511
Ponnankuppam	25	11.9816	79.3828
Poyyarasur	25	11.8196	79.4431
Ponnankuppam	25	11.8039	79.4903
Poyyapakkam	25	11.9552	79.5297
Poraiyur	25	11.9341	79.7480
Ponnankovil	25	11.4286	79.5657
Ponnur	25	11.1218	79.6058
Ponmasanallur	25	11.1711	79.6606
Polavanur	25	11.2296	79.6285
Ponnur	25	11.0145	79.6822
Pottipuram	25	9.9375	77.3049
Pottipuram	25	9.9401	77.3213
Pottalpatti	25	9.3649	77.4997
Poganur	25	9.0876	77.3713
Poigai	25	9.0336	77.3880
Poigaikulam	25	9.1452	77.4938
Pottiyappiliainattam	25	9.2194	77.4739
Ponnammalpatti	25	9.9411	77.5301
Pottukkadu	25	11.7689	78.2362
Ponnantittu	25	11.4765	79.7594
Podayur	25	11.0528	79.7775
Ponnamvidudi	25	10.4139	79.0312
Ponnanviduthy	25	10.4013	79.0340
Ponvasal	25	10.3621	79.2239
Pokkamvidudi	25	10.3524	79.1985
Ponnanganikadu	25	10.2932	79.1955
Pottaneri	25	11.6888	78.0014
Ponparappippatti	25	11.5220	78.1047
Ponnammapettai	25	11.6638	78.1734
Porasalpatti	25	11.4750	78.0578
Poyyeripalaiyam	25	11.2659	78.0666
Ponkurichchi	25	11.4304	78.1197
Pottanam	25	11.2926	78.2037
Porasapalaiyam	25	11.2504	78.1151
Poyyeri	25	11.1101	78.0302
Ponneripatti	25	11.1320	78.0750
Ponnarampatti	25	11.6131	78.3932
Polkadu	25	11.4104	78.3162
Poranikkadu	25	11.2774	78.3576
Podambil	25	11.2829	78.3672
Pottireddippatti	25	11.1659	78.2708
Ponneri	25	11.1535	78.2727
Ponnambalam	25	11.0673	78.5459
Ponnusangampatti	25	11.0716	78.5266
Poruppam	25	11.8765	78.7856
Pottiyam	25	11.7557	78.7964
Pombarappattu	25	11.7864	78.9123
Poykkunam	25	11.8717	78.8872
Porpadakurichchi	25	11.6934	78.9539
Polenahalli	19	14.2308	77.0192
Ponnasamudra	19	14.1872	77.2306
Posoita	38	22.4296	85.2871
Pochahatu	38	22.2696	85.3663
Potobera	38	22.9356	85.5317
Pokoa	38	22.6441	85.6082
Potka	38	22.6723	85.6402
Potobera	38	22.7086	85.7479
Poromhatu	38	22.4170	85.5628
Pohrakocha	38	22.9295	85.8962
Poradih	38	22.8627	85.9978
Poradiha	38	22.7444	85.8389
Porloyang	38	22.6745	85.7986
Potka	38	22.7343	85.8643
Poradih	38	22.7349	85.9567
Pora	21	22.4797	85.9967
Pokharia	38	22.0122	85.8023
Pokharia	38	22.1768	85.8861
Podagarh	21	21.2468	85.0465
Poipal	21	21.1601	85.1358
Podadi	21	21.8523	85.3042
Potabera	21	21.9305	85.3655
Porjanpur	21	21.7880	85.5279
Poipani	21	21.7293	85.5180
Poradiha	21	21.6492	85.7121
Ponga	21	21.3174	85.5771
Ponasia	21	21.3812	85.6718
Potilo	21	21.4213	85.7130
Potabari	21	21.4505	85.7332
Pongaposi	21	21.2505	85.7441
Ponnavarai	25	11.3344	78.5595
Pondai	25	11.2697	78.6511
Podhajora	21	21.2151	85.5519
Pordara	21	21.0709	85.7268
Potua	21	21.9153	85.8877
Pokharia	21	21.8708	85.9337
Pokamunda	21	21.7937	85.9968
Ponsi	21	21.9713	85.9885
Poktunga	21	20.7379	85.0309
Potanda	21	20.3987	85.0594
Poragarh	21	20.0871	85.0707
Porapara	21	20.7643	85.4459
Poraiatola	38	24.0643	85.6911
Pokharpur	34	24.8554	85.8196
Pohe Khushhalpur	34	24.9743	85.9961
Potodihtoli	38	24.6920	85.8104
Potmagarha	38	24.4177	85.8595
Pokhariatoli	38	24.1679	85.8815
Potmatanrtoli	38	24.2066	85.9021
Pochri	38	24.0217	85.9262
Pokharia	38	24.0092	85.9469
Posaimandal	34	26.2409	86.5949
Pokharbhinda	34	25.9369	86.4781
Pokharia	38	24.2409	86.0725
Pokharia	38	24.1212	86.1150
Pokharia	38	24.0300	86.1834
Postahar	34	24.9529	86.3571
Porsil	34	24.7946	86.4403
Pojha	34	24.5602	86.3654
Pokharitari	34	24.6918	86.4752
Pokharia	38	24.1720	86.4725
Postmara	38	24.0295	86.3379
Pokharna	38	24.0113	86.2586
Pokharia	38	24.1484	86.2566
Pordiapali	21	21.0163	84.0376
Potupal	21	21.0726	84.0870
Podamal	21	21.2773	84.3599
Podadihi	21	21.4785	84.4424
Podabaranda	21	21.0508	84.2926
Podakhol	21	21.2911	84.5109
Porapara	21	21.3842	84.6039
Poigaon	21	21.7817	84.9806
Pogarisahi	21	21.8931	84.9200
Poipani	21	21.5205	84.8942
Poipani	21	21.2688	84.7602
Podapada	21	21.4282	84.8480
Porhakhol	21	20.8243	84.1264
Polam	21	20.8579	84.2457
Pondua	21	20.9241	84.1413
Porung	21	20.4292	84.0874
Poknagan	21	20.4288	84.2428
Potingia	21	20.3115	84.2351
Poriaberna	21	20.2607	84.1292
Podmopodoro	21	20.2454	84.1112
Pokari	21	20.2085	84.2450
Ponganaju	21	20.1148	84.2057
Polamahul	21	20.9102	84.3481
Podhiakata	21	20.8317	84.2702
Pokdoi	21	20.5896	84.3445
Podhanopoda	21	20.2816	84.2927
Podasai	21	20.2840	84.3222
Ponosopodoro	21	20.3701	84.3628
Ponganaju	21	20.1375	84.2748
Ponganaju	21	20.1045	84.2768
Ponganaju	21	20.1138	84.2796
Ponganaju	21	20.1225	84.2829
Podakia	21	20.1183	84.3244
Podikia	21	20.1129	84.3337
Ponganaju	21	20.1775	84.3684
Pottapaderi	21	20.2155	84.3608
Podhanopoda	21	20.2327	84.3858
Podhanogam	21	20.2255	84.4744
Poitagam	21	20.0689	84.4978
Podapadar	21	20.8446	84.5637
Porianali	21	20.9492	84.7027
Pokanda	21	20.8099	84.7298
Podapadar	21	20.6705	84.6492
Podasahi	21	20.2747	84.5790
Pokharigochha	21	20.2648	84.7480
Podorogaria	21	20.2263	84.5406
Pokirchira	21	20.2026	84.5600
Ponkalo	21	20.0014	84.6034
Pochalundi	21	20.0256	84.6645
Podangi	21	20.1909	84.6188
Pokunda	21	20.7695	84.9220
Pothia	34	26.3147	88.1763
Poduru	02	16.5891	81.7611
Potka	38	22.6177	86.2131
Poreya Hat	38	24.6790	87.1800
Pokhri	39	30.2604	78.2130
Pondi	35	23.2672	80.1439
Pokharia	34	26.0481	87.7160
Porvorim	33	15.5525	73.8175