Rewa	35	24.5326	81.2923
Rewari	10	28.1990	76.6183
Renukut	36	24.2164	83.0358
Repalle	02	16.0184	80.8296
Revelganj	34	25.7898	84.6360
Remuna	21	21.5280	86.8716
Rehli	35	23.6372	79.0627
Reddipalaiyam	25	13.1078	80.1206
Renwal	24	27.1577	75.3581
Reengus	24	27.3636	75.5684
Renigunta	02	13.6514	79.5126
Reoti	36	25.8509	84.3778
Reethapuram	25	8.1843	77.2481
Resubelpara	18	25.9040	90.6075
Reliance Complex	09	22.3440	69.8590
Rerma	38	24.0372	84.0818
Rehti	35	22.7378	77.4340
Rengali	21	21.6460	84.0531
Rengte	03	24.4811	92.7586
Revadanda	16	18.5536	72.9256
Rees	16	18.8954	73.2000
Religara	38	23.7128	85.3610
Reodhar	24	24.6197	72.5262
Reis Magos	33	15.5076	73.8097
Rekurti	40	18.4689	79.1119
Rehambal	12	32.8976	75.0683
Rengali	21	21.2544	85.0330
Reddivaripalle	02	13.6031	79.0466
Red	16	16.9988	74.1515
Rezan	41	34.2743	75.1854
Rewasa	24	27.5331	75.2259
Rewas Deora	24	24.1037	74.9441
Rewak Songmong	18	25.2938	90.6660
Rewad Kalan	38	23.8734	84.5008
Revora	33	15.6652	73.8561
Revas Bandar	16	18.8167	72.9500
Revas	16	18.7909	72.9309
Retwala	24	29.7588	73.7353
Rettapalli	02	14.0881	79.8792
Retana	24	28.5403	74.7905
Rerwas	24	25.3391	74.8941
Reru	41	33.3462	76.9504
Reru	30	27.5833	93.8333
Reria	38	24.5981	84.0332
Reotipur	36	25.5373	83.7125
Renwal	24	26.6974	75.6751
Rentachintala	02	16.5524	79.5533
Renlawara	09	23.6177	73.4709
Reni	24	27.1658	76.7379
Rengma Pathar	03	26.1785	93.9108
Renghalo	21	20.1113	85.9627
Rengdil	26	24.0484	92.3842
Rengazabal	12	33.9024	74.5842
Rengalbera	21	21.9071	84.9810
Rengakhar	37	21.9584	80.8788
Rendhar	36	26.1592	79.1018
Renavi	16	17.2758	74.6171
Renapur	16	18.5264	76.5978
Rena	09	22.9170	73.4937
Ren	24	26.7818	74.0882
Remidicherla	02	16.2810	79.6501
Remenda	21	21.2664	83.7612
Rembigiri	18	25.8665	90.3490
Relmangra	24	25.0217	74.1130
Relawan	24	25.2500	76.6667
Relangi	02	16.7167	81.6667
Rel	24	25.1236	76.1235
Rel	16	20.9197	77.0483
Rekwar	35	24.5138	80.6094
Rehra Bazar	36	27.1831	82.2772
Rehra	37	23.2760	83.8007
Rehla Kalan	38	24.2172	83.8830
Rehar	36	29.3568	78.7725
Rendari	24	25.9513	72.9895
Reha Nana	09	23.1340	69.7461
Reha Mota	09	23.1407	69.7465
Reha	09	23.1500	69.7500
Regod	40	17.9789	77.8520
Regadipalle	02	14.8122	78.1467
Regadiguduru	02	15.7133	78.4783
Redi	24	28.7510	74.8666
Reddivaripalle	02	14.2675	78.1988
Reddipalli	02	14.0897	79.2290
Redana	24	25.8479	70.9425
Rebai	36	25.3440	79.4703
Rethoda	24	25.7432	75.9851
Renibas	24	28.6733	74.9400
Rewasi	24	28.7383	74.9517
Repiangan	12	34.3428	74.8861
Reshipur	12	34.2352	74.6567
Reban	12	34.3006	74.4190
Redanag	12	34.4916	74.4328
Redian	12	33.1587	74.2232
Rethana	12	32.5548	74.7931
Rehal	12	32.5629	74.8756
Reala	12	34.3632	73.7793
Reuwala	39	30.4173	77.9393
Redapur	39	30.4045	77.7966
Rewag	11	31.2255	77.1017
Reddipalli	40	17.3743	78.2473
Regulakunta	40	17.0286	78.3936
Renkunta	40	17.7167	78.9097
Reddi Khanapur	40	17.6917	78.1688
Reddipalli	40	17.9869	78.4700
Reddipalli	40	17.7838	78.2626
Rekonda	40	18.2489	79.2412
Reta	35	24.0986	78.1715
Rehatwas	35	24.0594	78.1868
Rengwan	35	24.0269	78.3465
Renwat	35	24.8099	78.9323
Rewa	36	27.9156	79.0233
Resi Nagla	36	27.8472	79.0999
Rebha	36	27.0120	79.8754
Rehowa	36	26.8771	79.5797
Reuri	36	26.6576	79.9010
Resamguri	03	26.4760	89.9893
Rewara	24	28.1330	74.1983
Rebra	40	19.2492	79.3961
Reddipalle	02	14.1993	78.0102
Rehegaon	35	21.9207	75.8263
Rewa	21	21.0596	82.6429
Revli Devli	35	24.4584	74.9731
Rengabod	37	21.7336	81.8812
Rengalbahal	21	21.5118	84.9135
Rebatiraman	21	19.8270	85.7782
Reckong Peo	11	31.5399	78.2721
Repor	12	34.2531	74.7464
Rewarah	10	29.0212	76.7419
Revshi	11	31.5025	77.0880
Reukal	11	31.7148	77.1685
Rejri	24	28.9398	75.4524
Rewana	24	28.0324	76.2755
Rela	11	31.3806	77.0677
Relu	11	31.4436	77.0838
Rednaidon	12	34.6931	74.4640
Rewog	11	31.2507	77.3245
Rehri	11	31.2629	77.3672
Rewog	11	31.2226	77.2900
Rehar	11	31.0283	77.3218
Renu	11	31.1658	77.3251
Reyog	11	31.2184	77.4679
Reot	11	31.1726	77.4887
Rera	11	31.2887	77.5212
Rekaon	11	31.1293	77.5497
Rewal	11	31.0282	77.5721
Reiun	11	30.8580	77.0730
Rehad	11	30.9144	77.2175
Reli	11	30.7453	77.0810
Reo	11	30.6949	77.2323
Retgarh	10	30.1116	77.1948
Reri	11	30.8000	77.3043
Rewali	11	30.7813	77.3614
Resla	11	30.5789	77.3379
Rerli	11	30.6827	77.4127
Rela	24	27.7258	76.0082
Rekho	24	27.4669	76.4349
Rekamala	24	27.4685	76.3669
Renagar	24	27.8489	76.5649
Renagar Ki Dhani	24	27.8402	76.5646
Reti	11	30.5726	77.5350
Resti	24	27.4429	76.8634
Rewali	24	26.5953	76.4332
Rewali	24	26.5862	76.4551
Rehurwa	36	29.2964	78.1684
Reharwala	36	29.2767	78.0719
Rehar	24	26.3260	76.1336
Renwa	35	23.5204	78.6055
Renjaha	35	23.7281	78.9234
Rewansa	24	26.7030	76.5268
Rehma	35	23.1934	78.5450
Renga Jholi	35	23.4027	78.7133
Rera	36	29.5996	77.2140
Rera	36	29.5774	77.2246
Reri Malakpur	36	29.9175	77.4786
Rendal	24	26.6738	76.9139
Rendal Turk	24	26.6642	76.9113
Redi Majra Kandhla	36	29.3401	77.2899
Rera	36	29.7462	77.5151
Renjakhera	35	22.6678	78.2107
Rehli	35	22.9778	78.6142
Reni Khera	35	22.5476	78.5652
Rendai	35	22.0808	78.5162
Rehap	35	22.0175	78.5554
Rehap	35	22.0097	78.5505
Rehli	35	22.9499	78.8852
Rewaldehi	35	21.9963	78.4106
Renkapur	16	20.6907	78.2298
Rel	24	24.0747	73.4737
Reora	36	28.7940	77.4214
Rewari ka Dhana	24	24.0153	73.9868
Rewar	10	29.7820	76.0970
Reoli	10	29.0111	77.0634
Regaom	39	30.5476	79.5780
Regri	39	30.4791	79.6161
Reoti	36	28.3229	79.1179
Regunta	16	19.0637	79.8822
Regulawal	16	19.0818	79.9849
Rewelli	40	18.6374	79.1285
Reddipalli	40	18.9234	79.6226
Regalgudem	40	18.6260	79.8796
Rengawahi	16	19.7144	80.2491
Rerlia	24	26.1659	75.4806
Redhora	37	19.7272	80.6231
Resna	36	28.9755	77.7668
Remadwa	37	21.6258	81.1056
Regakathera	37	21.3689	81.1123
Repa	16	19.6538	76.8636
Retwan ka Pura	35	26.3721	77.9600
Revalgaon	16	19.5491	76.3196
Renakhali	16	19.3423	76.3649
Renapur	16	19.2237	76.4743
Retgarh	23	30.2239	76.0237
Retgarh	23	30.1193	76.1774
Rea	23	30.7727	76.3240
Rel Majri	23	30.9985	76.4689
Rewali	16	18.9531	76.3873
Resri	36	28.0048	77.7748
Resra	36	28.0455	77.8284
Rera	37	22.0425	82.8357
Relha	37	21.8239	82.2450
Rengadih	37	21.4824	82.0072
Rehchi	37	20.9175	81.2415
Reoti Nawagaon	37	20.7757	81.2038
Rengni	37	20.7895	81.1274
Renghai	37	20.7896	81.1368
Rengadih	37	20.7378	81.9051
Rengatola	37	21.8201	81.2046
Renga	37	21.6934	81.3461
Rewe	37	21.5817	81.4387
Rekalmardi	19	16.2305	76.9899
Regaon	16	19.2194	77.1642
Reva Tanda	16	18.8850	77.0114
Rekashpet	40	18.6404	77.8932
Revagi	19	17.4863	77.0794
Reddiganapur	40	17.2258	77.5132
Regad Mailwaram	40	17.1233	77.6673
Rehki Kalan	16	20.8275	78.6735
Renkapur	16	20.6282	78.9469
Renguwan	35	23.8190	79.1817
Reddipalli	40	17.9817	77.9062
Rejintala	40	17.5793	77.9551
Rehsupur	36	27.9091	78.2386
Renuvatla	40	16.8250	77.6069
Rerapur	36	27.0581	78.9007
Rewanagar	35	22.9957	79.0607
Rehli	35	22.9164	79.1338
Rehta Yusufnagar	36	27.6494	78.9258
Revulapalli	40	16.3304	77.7093
Reddipalli	40	16.9212	77.7960
Renganwadi	16	19.8071	78.1675
Renlapalli	40	19.3702	78.2536
Rengawan	24	26.4723	77.0326
Reshmibagh	16	21.1314	79.1150
Regadi Doswada	40	17.2189	78.0845
Rewral	16	21.2654	79.4681
Rebiopura	24	26.7920	77.6304
Retki	35	26.0793	77.5863
Reda ka Pura	35	26.2246	77.9298
Reha	36	27.3824	79.5257
Reddipalayam	40	17.1662	78.3188
Remaddul	40	16.3222	78.1670
Rekulpalli	40	16.2758	78.1836
Rembhote	16	21.1696	76.0082
Rebha	36	27.9772	79.8940
Renhati	35	25.9766	77.7929
Renjha	35	25.0405	77.5070
Renhat	35	25.9831	77.8299
Rerai	35	24.0729	77.1735
Renjhai	35	24.7474	77.4270
Rewari	36	27.4297	78.8002
Renjaghat	35	24.8873	77.5766
Renja Muafi	35	24.7168	77.5559
Rentai	35	24.4302	77.7417
Repri	35	24.3464	77.6871
Rewra	35	24.2011	77.9851
Regadi Tanda	40	16.6468	78.8338
Rejua	36	27.5061	78.3723
Reddigudem	40	17.3190	79.4099
Reddipalem	40	17.7896	79.5385
Rekhpur	36	27.8128	78.7190
Reddigudem	40	17.4210	79.6693
Repuni	40	17.4596	79.7361
Redlawada	40	17.7374	79.7760
Reddammagadda	40	17.9076	79.9403
Repaia	40	17.1118	79.8052
Regatta	40	16.9939	79.1171
Rerha	36	26.6550	79.6694
Reman	36	26.4373	79.6309
Regigani Tanda	40	16.6074	79.0420
Rewa	36	26.0222	79.5051
Reuri	36	26.8046	79.8858
Reria	36	26.4810	79.8353
Rewan	36	27.2804	78.5529
Regalgadda Tanda	40	16.6318	79.4589
Regalgadda	40	16.7473	79.4448
Regulagadda Tanda	40	16.9407	79.7935
Revur	40	16.8216	79.9926
Rehti	35	22.5524	76.9961
Rehti	35	22.6482	76.8511
Relwan	35	22.3841	76.9857
Rewapur	35	22.3337	76.9634
Reni	36	25.6252	82.0783
Rewan	36	25.3787	79.1368
Rewai	36	25.4861	79.7855
Rekha	35	25.1464	79.9290
Reanjhakhera	35	24.4100	79.1165
Reola	36	25.9524	82.9005
Retwa	36	25.7918	82.9857
Rehlai	36	26.9361	78.0382
Reno	36	26.8278	78.2442
Rehatphal	35	21.6852	76.0419
Rehatphal	35	21.6780	76.0363
Rehta	35	21.2587	76.2718
Rehari	36	25.5740	83.0598
Reman	36	25.2550	83.1490
Reonsa	36	25.2742	83.1698
Renka	36	26.8614	78.5292
Repura	35	26.7391	78.6675
Repura	35	26.5562	78.6430
Reori	36	25.1982	83.0425
Rerupur	36	25.1836	83.1035
Revja	35	26.4334	78.8738
Rehugaon	35	22.6354	77.4374
Rehra	35	22.5997	77.4697
Retia	16	21.3713	76.7856
Reonsa	36	25.5660	83.4344
Redi	35	25.0631	78.2284
Rev	35	25.5840	78.3042
Reosan	36	25.2813	83.3776
Redhva	16	20.5646	77.1137
Rewanja Kalan	35	24.0147	79.5654
Rewanjamadho	35	24.0107	79.7356
Rehta Khurd	35	22.3153	77.0975
Rewai	35	25.1663	78.3655
Rera	35	25.7121	78.5087
Reori Dih	36	25.9952	83.5645
Retiyakhera	16	21.6586	77.2638
Reuva	35	21.7490	77.9874
Renkakhapa	35	21.5846	77.7639
Rehi	34	25.0081	83.6937
Rehari	34	25.0295	83.5673
Reosara	36	25.6318	83.8545
Rendmar	36	25.6503	83.8541
Renria	34	25.1903	83.9880
Rehari	34	25.1447	83.9947
Reosa	16	21.0053	77.7217
Renkapur	16	20.5282	77.8748
Rerhwa	16	21.3965	77.8286
Revida	16	20.1383	77.8697
Rengajhiri	35	21.6656	79.9836
Rengepar	16	21.1162	79.8237
Rengepar	16	21.0493	79.8821
Reti Khurd	36	24.6861	83.2853
Reti Kalan	36	24.6840	83.2851
Rekhadih	38	24.4454	83.5191
Rejo	38	24.1652	83.6820
Rerhwatola	38	24.1381	83.7291
Rengatur	16	20.9213	79.5244
Revni	16	20.7624	79.6747
Rengora	16	20.9632	79.8234
Rev	36	25.7117	78.8994
Revna	35	25.2782	80.1605
Rengna	36	25.9169	80.3902
Reuri	36	25.9360	80.4343
Rehonta	36	25.7101	80.3789
Revna	36	25.4170	80.3934
Ren	36	25.8627	80.5576
Rehla Khurd	38	24.2103	83.8823
Retibavdi	40	17.3979	78.4320
Reyoran Khirak	36	25.2588	78.9138
Reddipalemu	40	16.7342	78.2521
Rekulachaudapuram	40	16.9246	78.0832
Reddi Tanda	40	16.7188	78.4385
Revalli	40	16.7107	78.3742
Revalli	40	16.3726	78.2652
Reballi	40	16.8087	78.9922
Rebarti	40	17.9384	79.0814
Regula	40	17.6107	79.5530
Rewur Khurd	19	17.3328	76.4569
Rewur Buzurg	19	17.3175	76.4611
Rehronmala	35	24.1300	78.6236
Revadihal	19	16.0928	76.1344
Regalgudium	40	19.6139	78.5578
Rehari	35	24.8416	81.4961
Reruwa	35	24.5480	81.5768
Reruwa	35	24.5523	81.5858
Rerua	35	24.9382	81.8947
Reruapurwa	36	24.9419	81.9140
Reuhin	36	24.9164	81.9123
Rehna	35	24.6963	81.9038
Rendsha	35	24.0213	81.0718
Reduariya	35	24.2958	81.3828
Rehura	35	24.2528	81.5597
Rengadhana	35	22.0316	78.2740
Rechipalli	40	19.1202	78.7526
Rekulapalli	40	19.0555	78.9906
Rehonta	36	25.2898	80.8885
Rehli	35	23.1696	79.0500
Rehtaur	36	25.7610	82.1091
Rewsa	35	24.5221	80.5160
Rendi	36	25.9110	82.2685
Rendi	36	25.9089	82.2774
Rethi	36	25.7724	82.5136
Reochandpur	36	25.7730	82.6814
Reonjha	35	23.0607	79.3786
Rehli	35	23.0589	79.4282
Rechhai	35	23.7174	79.7309
Reguwan	35	24.0925	80.1839
Rehli	35	22.5766	79.4496
Rengajhori	35	22.9933	79.8225
Rehi	36	25.0332	82.4604
Rewara Paraspur	36	25.3852	82.5820
Reona	36	25.1217	82.5837
Rehia	36	25.1053	82.9582
Rewari	36	24.9029	82.3770
Rekal	36	24.9083	82.5206
Rehi	36	24.7694	82.6941
Rehi	36	24.7773	82.6867
Rekari	36	24.8535	82.7632
Rekara	36	24.8465	82.7538
Renuan	36	24.6805	82.9428
Rehi	35	24.3973	82.2108
Renri	35	24.3793	82.2899
Rehanda	35	24.4839	82.3946
Rewari	10	28.8468	76.2505
Rewarikhera	10	28.6810	76.7360
Redhuwas	10	28.5245	76.5423
Renapur Khera	36	26.5776	80.8235
Rekar	36	26.5406	80.7631
Reola	36	26.4661	80.9132
Rehti	36	25.5892	82.7815
Reola Khanpur	07	28.5649	76.9819
Renan	36	26.0270	80.7629
Rewari	36	26.1577	80.8899
Rehra	36	29.2260	78.1924
Reihi	35	24.6327	82.5120
Rehua	36	27.8960	81.0783
Rehar	36	27.7202	81.0798
Reosa	36	27.5443	81.2199
Rewali	36	27.4125	81.0290
Rewan	36	27.2786	81.1530
Rehta	36	24.1718	82.7802
Reoli	36	27.5793	81.6780
Renda	36	27.5114	81.7230
Reolia	36	27.2877	81.6050
Renga	36	25.8097	83.7741
Reoli	36	27.4763	81.7107
Reolia	36	27.7012	81.8440
Rehra	36	27.7054	81.8270
Rehri	36	27.7006	81.8214
Remunian	36	27.6161	81.8397
Redgawan	36	27.5345	81.8042
Rehli	36	27.6711	81.9733
Rehar	36	27.6907	81.9664
Rekwar Purwa	36	27.2308	81.7893
Rerwa	36	27.1274	81.8238
Renria Khurd	34	24.9629	83.8279
Renria Kalan	34	24.9725	83.8344
Rehi	34	24.9489	83.9299
Reori	36	26.9782	81.2642
Reoti Purwa	36	26.7872	81.3722
Rehti Jagir	36	29.0871	78.4518
Rehta Baloch	36	29.0920	78.4626
Reoli	36	26.5720	81.3521
Rengepar	16	21.4123	79.8404
Reshwari	12	34.1492	74.1021
Reuhan	35	24.7828	80.9529
Rehmapur	39	29.2548	78.8163
Reoti Dih	36	26.3917	81.4114
Renhka Nagla	36	29.0166	78.9417
Rengatur	16	20.6194	79.6365
Rehra	36	25.9763	81.0437
Redaspur	36	27.1287	80.8748
Retharanpur	36	27.1668	80.9505
Reoli	36	27.2293	81.5232
Reoti Purwa	36	27.1977	81.5329
Rehonda	36	27.0893	81.5355
Rendwaria	36	27.3364	81.7968
Reoli	36	25.8255	81.4113
Reti	36	26.2140	81.2063
Rechh	36	26.6380	81.6164
Reharwa Purwa	36	26.9780	81.9551
Retha Dal Singh	36	26.9528	81.9964
Rewara	36	28.2204	78.5108
Rendha	36	28.1580	78.5445
Rebha	36	26.1343	81.8133
Reoraha	36	26.0191	81.9143
Rehra	36	27.6821	82.1536
Reonai	36	28.1857	78.7924
Relai	36	28.0517	78.8220
Rekalpalli	40	18.6316	78.4017
Reota	36	27.4023	82.0254
Retwagara	36	27.2562	82.2133
Rendi Bhasauli	36	25.3324	81.3337
Rerwaria	36	27.0633	82.1438
Rendwalia	36	27.2557	82.3256
Rehra	36	27.2983	82.3845
Reddipet	40	18.4163	78.4214
Reharwar	36	27.1117	82.4029
Renuwan	36	27.1081	82.4727
Rehar Tapaki	36	27.0449	82.4382
Regatlapalli	40	18.1490	78.3741
Reonipalli	40	18.0955	78.3743
Regunda	40	18.8683	78.6169
Rehra	36	27.1709	82.6222
Rewan	36	27.1378	82.7202
Rehra Ghat	36	27.2246	82.7249
Rehra	36	27.1519	82.8403
Rehra	36	27.2317	82.8826
Rehli	36	26.8565	82.2014
Reban	12	33.7513	74.9940
Reshipur	12	33.9426	74.9650
Rewatan	12	33.6282	74.8311
Regpur	12	33.6150	74.8709
Reshpur	12	33.5887	74.9583
Renapur	36	26.1587	82.0512
Regunta	40	18.9370	78.7665
Rechapalli	40	18.9324	78.9299
Regulapalli	40	18.4089	78.9871
Repar	12	32.6872	74.8228
Repar	12	32.6954	74.8523
Rehar Purwa	36	26.8660	82.3416
Reharwa	36	26.9151	82.4680
Retas Goshain	36	26.8195	82.4861
Reoridas	36	26.7586	82.4685
Renhdi	36	26.5775	82.4080
Reori	36	26.6004	82.4420
Reoli	36	26.4054	82.3201
Reonah	36	26.4210	82.3477
Reora	36	26.2893	82.4569
Renda	36	25.8137	83.1654
Reora	36	25.8944	83.0148
Rendua	36	25.9937	83.1179
Reti	36	26.2455	82.4989
Revta Harsaran Shukul	36	26.8607	82.5957
Rehar Jangai	36	26.9320	82.6872
Rengi	36	26.9634	82.7308
Rehar	36	26.9127	82.6917
Revta	36	26.8666	82.5995
Reotia	36	26.6426	82.5737
Reharwa	36	26.6942	82.6895
Rehar	36	26.7348	82.6972
Reza Shah Ramzan	36	26.3491	82.6174
Reuli	36	26.7595	82.8048
Regharwa	36	26.8441	82.8186
Reharwa	36	26.8287	82.9282
Revaria	36	25.7820	83.3828
Rehtimalipur	36	25.7949	83.3777
Rewai	36	26.3729	82.7648
Rehla	36	26.2045	82.8207
Rerha	36	26.2059	82.9097
Reora Parwezpur	36	26.0810	82.9810
Rehra	36	27.1175	83.0102
Rehra	36	27.1914	83.1229
Rehra	36	27.2143	83.1383
Rehawe	36	27.1942	83.5433
Rewatiram ka Purwa	36	25.8358	81.6705
Reshampur	36	26.9629	83.0855
Rerua	36	26.8615	83.0902
Rethna	36	26.8615	83.2461
Reora	36	26.7126	83.0900
Reota	36	26.5756	83.0896
Reharwa	36	26.6661	83.2197
Rehalpar	36	26.5574	83.2122
Reballia	36	26.9229	83.3281
Reharwa	36	26.8992	83.4404
Reharwa	36	26.8350	83.4140
Rehrapurwa	36	26.6501	83.3287
Rehra Jot	36	26.6286	83.3581
Reoradih	36	26.5115	83.4090
Reman	36	26.3804	83.3623
Reaon	36	26.3923	83.5057
Reoti Narharpur	36	26.1943	83.5444
Rela	16	19.3163	80.4609
Reiwas	12	33.9679	75.2737
Reiteng	12	33.7935	75.2759
Rechal	12	33.3255	75.3329
Reotha	12	33.2818	75.3909
Rengawaya	37	19.1812	80.6197
Reoli	36	26.1706	83.9115
Regulagudem	40	18.4690	80.1333
Regulagudem	40	18.4545	80.1377
Regalgura	37	18.7339	80.2717
Redipalli	37	18.9308	80.3145
Regulapadu	40	18.4841	80.4538
Reonjha	35	23.4958	80.0109
Repura	35	23.7460	80.2794
Rewara	12	33.1112	75.5569
Re	12	33.1173	75.5942
Renkha	12	33.1458	75.7392
Re	12	33.1027	75.5569
Rerum	35	23.0688	80.3474
Rehli	35	23.2243	80.8849
Rewsar	12	33.0476	75.7548
Rela	12	33.0502	75.8810
Rewar	12	32.6356	75.2145
Rei	12	32.5168	75.2340
Reala	12	32.7083	75.3049
Reti	12	32.5129	75.4277
Rejal	12	32.7268	75.4600
Ren	12	32.5785	75.4787
Rehi	36	25.3864	81.6480
Reh	35	25.0811	81.5903
Rehra	35	25.0486	81.6122
Re	12	32.7289	75.5944
Rea	12	32.7156	75.5630
Rea	12	32.6300	75.5797
Realta	12	32.5260	75.6479
Rejna	12	32.7122	75.6586
Rendi	36	25.8544	81.8002
Reni Satkhariya	36	25.8165	81.9955
Rendbir	36	25.8784	81.8906
Rekanar	16	19.9424	80.3111
Regri	16	19.8597	80.3158
Reche	16	19.9632	80.4374
Rehi Khurd	36	25.3446	81.8860
Rehi Kalan	36	25.3401	81.8881
Rero	36	25.2584	81.7594
Rehi	36	25.2259	81.7664
Reberda	35	22.1552	74.6776
Rekti	35	22.1382	74.8172
Re	11	32.4445	75.9682
Rena	11	32.4960	75.9342
Redgaon	16	20.2116	74.2743
Redgaon	16	20.2181	74.0935
Revati	35	22.8097	75.8339
Relva	35	21.9541	75.2589
Rehegaon	35	21.7858	75.2834
Rengajhori	35	22.8305	80.0952
Rel	16	20.2496	75.1119
Relgaon	16	20.4393	75.5460
Remabad	16	20.3453	75.7251
Relgaon	16	20.3562	75.9074
Rewara	35	22.4854	80.0774
Retia Tola	35	22.3881	80.2143
Rechna	35	22.1349	80.0114
Reruo	24	24.4688	72.7326
Rengakathera	37	20.9319	81.2960
Rengalkathera	37	20.9648	81.5242
Reotha	35	22.4983	80.4616
Rehngi	35	22.6708	80.8191
Rehngi	35	22.6124	80.8689
Rer Kalan	10	29.4881	76.8321
Rengatola	35	21.7874	80.1623
Rerhwan	23	31.0271	75.2455
Rero	23	31.0864	75.2484
Rengepar	16	21.1596	80.0638
Rengepar	16	21.2295	80.1498
Rengepar	16	21.1173	80.1918
Rewaria	24	25.7268	73.6436
Rendri	24	25.8592	73.6804
Resonia	24	25.7903	73.7125
Reru	23	31.1191	75.4870
Reli	23	31.9523	75.7155
Reyali	11	31.9983	75.8114
Rehadpur	11	31.9936	75.8448
Repur	23	31.9419	75.7987
Reri	11	31.9227	75.9314
Relia	37	22.0648	82.2953
Rel	16	21.0876	75.4720
Rengakathera	37	21.3864	80.8679
Rengakathera	37	21.1149	80.8586
Rengakathera	37	21.1801	80.9968
Rewadih	37	21.0852	80.9925
Relgaon	16	20.1027	75.3939
Reori	36	27.2380	80.5565
Reba	37	21.0568	82.6114
Rekhadadar	37	21.2270	82.6666
Rehta	36	27.0402	80.6596
Reori	36	27.3127	80.8082
Rewa	36	27.4085	80.9109
Rekhatola	16	20.1119	80.2154
Rehri	16	20.9056	80.4180
Rehjos	11	33.1190	76.3764
Rela	11	32.7215	76.1746
Rera	11	32.6162	76.1171
Reh	11	32.5929	76.0810
Reh	11	32.5581	76.0033
Rerh	11	32.5048	76.0760
Rell	11	32.5241	76.2460
Rengagaon	16	20.3510	80.4769
Rea	11	32.4623	76.2361
Renda	11	32.4117	76.0215
Resara Khad	11	32.3988	76.1536
Rer	11	32.3958	76.1405
Rengadandi	16	20.0092	80.3743
Rengadanditola	16	20.0056	80.3702
Reche	16	20.0495	80.4522
Rengatola	37	20.1908	80.4246
Rengakathera	37	20.8401	80.6226
Rei	11	32.9545	76.4573
Rengakathera	37	20.9720	80.8089
Renat	11	32.5146	76.2923
Renhgi	35	22.7433	81.0207
Rengadabri	37	20.7724	80.9047
Rengakathera	37	20.5860	80.8152
Rengatola	37	20.1858	80.9969
Rehngi	35	22.9076	81.0305
Rehngi	35	22.8587	81.1294
Rengakhar	37	22.0540	81.2179
Retan	11	32.4327	76.4952
Rehla Got	11	32.3407	76.2629
Rehuta	37	22.1989	81.4243
Rengabor	37	22.1554	81.4594
Rehuta	37	22.0901	81.4454
Rehalpur	11	32.1120	76.2843
Rehalkar	11	32.0411	76.2551
Rehr	11	32.0135	76.2920
Rewan Sewan	36	27.1584	81.0900
Rewamau	36	27.1074	81.0115
Reori	36	27.0594	81.0838
Rewan	36	27.0540	81.1529
Rehengi	37	22.3056	81.6808
Rehuta	37	22.2896	81.6865
Rehuta	37	22.0442	81.6963
Rengni	37	21.6210	81.8173
Rehara	11	31.9739	76.4034
Rehri	11	31.9482	76.3771
Rer	11	31.8076	76.3464
Rer	11	31.8027	76.3124
Reru Jhleiwala	11	31.0938	76.6882
Reru Uparla	11	31.1004	76.6984
Remra	37	21.2885	82.7753
Remratola	37	21.2907	82.7671
Rera	11	31.3667	76.8667
Rera	11	31.3744	76.9217
Reoch	11	31.3858	76.9075
Retho	11	31.2981	76.8597
Reri	11	31.3040	76.8100
Reta	11	30.9553	76.8744
Rel Moti	09	23.2292	74.0356
Rel Nani	09	23.2111	74.0124
Rengabahal	21	20.6355	82.5772
Rentari	11	31.2266	77.7717
Reoshala	11	31.1519	77.7968
Rewdi	21	20.1324	82.5646
Reoshtigaon	11	30.8584	77.6470
Rehri Mohiuddinpur	36	30.0856	77.6106
Rerhi	36	30.0226	77.7177
Rewari	35	23.5658	76.1623
Retar	39	30.7827	77.8692
Revadikota	02	17.8737	81.9369
Regulapalem	02	17.5728	81.9415
Rewatoli	38	23.5897	83.9041
Reda	37	21.8007	83.1520
Rengalmura	37	21.5213	83.1212
Rera	37	21.6291	83.0942
Rewaganj	35	23.5155	76.4848
Reori	39	30.1650	78.7874
Retpur	39	30.1868	78.8645
Rera	39	29.8559	78.7678
Rewa	39	29.7700	78.9281
Regra	37	21.9402	83.4306
Rengalpali	37	21.7668	83.4761
Remta	21	21.6874	83.4926
Rebo	37	21.6373	83.4655
Reharwa	36	28.6373	78.1849
Renaich Narmadpur	36	28.2269	78.0009
Retakheri	35	23.2584	76.3792
Rehatikhol	21	21.3085	83.2579
Rengali	21	21.3344	83.3578
Rehatia	35	23.1486	76.3635
Rengalpali	21	21.0808	83.3254
Rengali	21	21.0520	83.3813
Rengalipali	21	21.1659	83.4030
Rekali	21	21.7767	83.6074
Rengali	21	21.8017	83.5976
Rengalipali	21	21.7005	83.6308
Rengalidih	21	21.4889	83.5696
Rengalpali	21	21.3025	83.5966
Rengalpali	21	21.4584	83.7227
Retamunda	21	21.1104	83.5887
Remta	21	21.2018	83.6190
Resam	21	21.1362	83.6846
Rengalmunra	21	21.9616	83.8127
Remja	21	21.8387	83.9374
Renda	21	21.9100	83.9726
Remra	21	21.6891	83.8245
Rengali	21	21.6986	83.9020
Rengali	21	21.4816	83.7827
Rengalipali	21	21.3740	83.7564
Rengalipali	21	21.2790	83.8507
Rengalipali	21	21.3598	83.9017
Remed	21	21.4984	83.9489
Repallevada	40	18.0223	80.7003
Redi	37	18.7988	80.9890
Reotipurwa	36	27.5408	81.3617
Rehwa Mansur	36	27.6208	81.4553
Regapalli	37	18.3752	80.9048
Regunta	40	18.0933	80.7994
Rehwa	36	27.4819	81.4206
Reti Purwa	36	27.4212	81.4899
Reta	36	27.2363	81.3690
Reti Nasarganj	36	27.1834	81.4978
Reoti Purwa	36	26.1502	81.3205
Reori Purwa	36	26.1346	81.2572
Reori Saiyidpur	36	26.2208	81.3718
Reori Khurd	36	26.2175	81.3697
Reori	36	26.1552	81.3822
Rehwara	36	26.0597	81.3864
Reoli	36	26.0266	81.3812
Reondha	36	26.9393	81.5857
Reunrhapur	36	26.3690	81.6415
Resi	36	26.3688	81.7052
Reoli	36	26.1098	81.5682
Rehua	36	26.0689	81.6228
Reni	21	18.4775	82.8403
Rengar	02	18.2906	82.9861
Regam	02	18.2191	82.9847
Revalpalem	02	18.0210	82.9518
Reddikuppam	25	12.6966	80.0551
Reyyilagadda	02	17.9668	82.2151
Revallu	02	17.6251	82.1827
Revutpalem	02	17.3103	82.2022
Relampadu	02	17.5767	82.2676
Revallu	02	17.6048	82.3494
Rekapalle	02	17.6816	82.4447
Reddicheruvu	02	16.8031	81.6515
Regigudem	40	17.9731	80.8249
Reguballi	40	17.7933	80.8809
Rejarla	40	17.1664	80.8071
Rellalapalerm	02	17.7513	82.5420
Reddipalem	02	16.2738	80.0821
Rentapalla	02	16.4721	80.1342
Regalagadda	02	16.2938	80.2064
Reddigudem	02	16.4381	80.0511
Rekavanipalem	02	17.3773	82.5432
Rebaka	02	17.4455	82.6604
Rellibanda	02	17.9710	82.8294
Rellipadu	02	17.9903	82.8949
Revadlu	02	17.8441	82.9510
Repura	34	26.2104	84.2646
Renua	34	26.2070	84.3378
Regupalem	02	17.5178	82.8170
Revuvatada	02	17.4261	82.8737
Remidicherla	40	16.8002	80.4977
Rediguda	21	19.9274	83.3820
Rengapalli	21	19.6953	83.3926
Returu	02	16.0043	80.4417
Rendaras	37	18.8767	82.0452
Rengavada	21	18.6020	82.0002
Repudi	02	16.9539	80.6837
Reddigudem	02	16.8683	80.7367
Reddikunta	02	16.8361	80.7256
Renga	21	19.3037	83.1064
Redelu	21	18.5228	82.4199
Rekkaliguda	21	19.4543	83.3386
Revatiguda	21	19.2540	83.3350
Regalapadu	21	19.2915	83.3948
Revatiguda	21	19.3775	83.3818
Rellibadigam	21	19.3437	83.4250
Revatiguda	21	19.2999	83.4273
Retli	21	19.3644	83.5473
Rekhapai	21	19.3365	83.5324
Rengpadi	21	19.3704	83.6688
Rega	02	18.0215	82.4685
Rekasrayi	02	18.1866	82.7028
Rekavalasa	02	18.2463	82.7179
Revendrapadu	02	16.3970	80.6263
Reddipalem	02	16.3980	80.6446
Reddaputtu	21	18.5128	82.7581
Rega	21	18.5480	82.8544
Regunta	02	16.7690	80.8150
Regalapadu	21	19.0653	83.5644
Rella	02	19.0775	83.6416
Rekhabhadra	21	19.2029	83.5971
Rengidi	21	19.3431	83.8234
Rella	21	19.2368	83.8862
Regalabhadra	21	19.0823	83.7844
Regidi	21	19.0033	83.9897
Rengi	21	19.0846	83.9556
Renganar	37	18.7893	81.4015
Rewali	37	18.5370	81.4056
Retem	37	18.6245	81.4978
Rega	21	18.7842	83.2179
Regulavalasa	02	18.6479	83.1881
Retalpadu	02	18.4265	83.1080
Reddivanivalasa	02	18.3683	83.2259
Regulapadu	02	18.3990	83.2296
Revallapalem	02	18.1198	83.2329
Rega	02	18.1108	83.1135
Regulavalasa	02	18.2343	83.1615
Revatiguda	21	18.8379	83.3783
Regulapadu	02	18.8847	83.4340
Regulavalasa	02	18.6288	83.2547
Rejeru	02	18.5195	83.4700
Repativalasa	02	18.6988	83.3524
Reddivalasa	02	18.6343	83.4455
Reddivanivalasa	02	18.6213	83.3640
Rejeru	02	18.3801	83.3906
Regati Agraharam	02	18.3278	83.4980
Reddipalle Agraharam	02	18.0129	83.3400
Regubilli	02	18.1401	83.2500
Rega	02	18.1267	83.4004
Retbandvadi	37	18.6716	81.8570
Redlapalli	37	17.8854	81.0177
Regadagutta	40	17.7861	81.0152
Regulapadu	02	18.6693	83.6436
Regidi	02	18.5584	83.7208
Reddipeta	02	18.5303	83.6959
Reddipeta	02	18.3011	83.5712
Rellivalasa	02	18.0916	83.5239
Rentupalem	02	18.2496	83.6872
Reddipeta	02	18.1503	83.7220
Regidi	02	18.8477	83.8131
Relliguda	02	18.8331	83.8379
Reguluguda	02	18.7484	83.8645
Relivalasa	02	18.6246	83.9701
Reddipalem	02	18.2589	83.9243
Rellivalasa	02	18.4725	83.9853
Reddipeta	02	18.2724	83.9315
Regapalem	02	18.1676	83.7686
Reddigudem	40	17.3993	81.0379
Reddigudem	40	17.4842	81.2188
Relligaurammapeta	02	17.9751	83.1566
Rega Agraharam	02	17.9511	83.1196
Relli	02	17.8918	83.2264
Recherla	02	17.1090	81.0114
Reddigudem	02	17.0607	81.2474
Renangivaram	02	15.8030	80.0438
Revupalem	02	15.7154	80.3066
Regadagadda	40	17.7939	81.3033
Reddipalem	02	15.9990	80.5892
Reddipalem	02	15.9404	80.6371
Reddivalem	02	14.5432	80.0228
Reddipalli	02	14.0608	80.1070
Reddipalaiyam	25	13.3862	80.0995
Reddikandigai	25	13.4724	80.1399
Rettambedu	25	13.4289	80.1687
Reddipalaiyam	25	13.3534	80.2633
Reddipalaiyam	25	13.2798	80.2852
Reddipalaiyam	25	13.2584	80.2781
Remadgudem	40	17.6156	81.2887
Rekapalle	40	17.5683	81.2967
Regulapadu	40	17.7201	81.3495
Repura	34	25.0119	84.4705
Reddi Kamaram	02	17.3178	81.2999
Reddi Bodair	02	17.3142	81.3303
Repalli	02	17.3356	81.3818
Regulgadda	02	17.2366	81.2858
Regulkunta	02	17.2025	81.3342
Reddigudem	02	17.1999	81.4943
Repalivada	02	17.1441	81.4271
Regalgudem	21	17.9736	81.5010
Repura	34	25.7979	84.6520
Repura	34	25.9645	84.7398
Rewari	34	25.8360	84.6814
Rethani	35	23.5698	76.7039
Rewari	35	22.8134	76.0988
Relia	09	23.0807	73.1881
Rewara	35	22.0086	76.2151
Red	24	23.8325	73.6619
Redla	24	23.9002	73.7204
Rechho	09	23.6246	73.5900
Relo	09	23.5139	73.5273
Renta	24	23.6847	73.6548
Relva	09	23.3303	73.8023
Rel Nani	09	23.1084	73.8679
Rel Moti	09	23.1207	73.8745
Rewarawas	24	26.0657	73.5561
Rebarion ki Dhani	24	25.1859	73.4648
Rebarion ka Jhupa	24	25.1683	73.4501
Rehira	39	29.9899	79.2549
Rewari	39	29.9395	79.3462
Reli	24	24.8901	73.1420
Rendi	09	22.0505	74.0921
Renda	09	22.0896	74.1577
Reta	35	22.7586	74.4439
Renda	35	22.5910	74.6382
Renda	35	22.6069	74.6470
Rehi	39	29.4621	79.2768
Rewari ki Dhani	24	24.8840	73.7847
Rewari ki Dhani	24	24.8114	73.7984
Rewari ka Dhani	24	24.6479	73.7945
Rewari ka Gurha	24	24.6044	73.7550
Rewara Pakar	34	25.0206	84.7470
Relra	24	26.1585	74.2067
Repura	34	25.9056	84.7661
Renria	34	25.8206	84.7977
Repura	34	25.8413	84.8774
Repura	34	25.8566	84.8776
Resaola	35	22.3472	74.7947
Rewat	24	26.5689	74.5614
Repura	34	25.7073	84.9953
Rewa	34	25.6028	84.9789
Retpada	16	21.6023	74.0611
Rel ka Baria	24	25.9641	74.4309
Rewahi	34	26.4522	84.0042
Renrwaria Shukul	34	26.4405	84.1387
Rewara	24	25.1351	74.3670
Renrwaria Tiwari	34	26.4355	84.1443
Rewasi	34	26.1916	84.1012
Repura	34	26.1265	84.1518
Reta	34	26.7887	84.3006
Renwas	24	25.2125	74.8113
Rekka Sundarpatti	34	26.7027	84.5322
Rekha Sarea	34	26.6152	84.5303
Renchri	24	24.0833	74.4664
Rekla	35	22.2589	76.3790
Rewtith	34	26.2853	84.7155
Revas	09	23.8201	73.1369
Retwara	36	28.8341	79.5406
Revadi	16	21.1522	74.5311
Revja	35	21.7996	74.9758
Rehra	36	28.0689	79.7439
Resampur	36	28.5283	79.8744
Rehiya	34	25.5494	84.2259
Repura	34	25.0583	84.7742
Rewai	34	25.0008	84.8238
Renriya	34	24.8006	84.0300
Rendiya	34	24.8368	84.2110
Reriatola	34	24.7054	84.1054
Regania Majhauli	34	24.7406	84.2213
Rehi	34	25.2842	84.0637
Rewatiya	34	25.3612	84.2458
Reriya	34	25.2102	84.2400
Repura	36	25.7311	84.2655
Rekhatola	34	25.2688	84.3317
Repura	34	25.4368	84.4447
Repura	34	25.3333	84.4533
Renriya	34	24.7605	84.4806
Rehmanpura	35	22.5678	76.6169
Rengniatola	34	24.7626	84.5558
Renganian	34	24.6174	84.6320
Reddipalem	02	16.3009	79.9296
Rechag	38	24.0071	84.6037
Reddipalem	02	16.2266	79.8896
Repura	34	25.1985	85.9870
Rewari	36	25.6639	80.9821
Revadihal	19	15.3415	75.0503
Revadikop	19	15.8831	75.3936
Reddivaripalle	02	14.2806	77.3770
Reddipalle	02	14.0422	77.3785
Reddivaripalle	19	14.2144	77.4627
Regatipalle	02	14.4018	77.6788
Reddipalle	02	14.7184	77.6785
Rekulakuntapalle	02	14.6957	77.6696
Reddipalle	02	14.9256	77.7797
Reddivaripalle	02	14.2229	77.9660
Reddihalli	19	13.8409	77.1618
Renganpalya	19	13.3144	77.0560
Rekalakunta	02	13.9435	77.3477
Reddihalli	19	13.7284	77.3676
Reddihalli	19	13.5915	77.3075
Reddicheruvupalle	02	13.9068	77.6705
Reddipalle	02	13.8515	77.7022
Renumakalahalli	19	13.6585	77.7312
Reddipalle	02	13.8231	77.7726
Rechchanayikanapalli	19	13.7756	77.9905
Reddigaripalle	02	13.9696	77.8282
Renjal	19	13.1525	75.0523
Rewapur	35	22.0544	76.7353
Repliwadi	40	19.1807	79.4286
Renjaladi	19	12.7791	75.4788
Rekya	19	12.8280	75.4680
Rekya	19	12.8460	75.4889
Rewara Jagdispur	34	25.0907	85.7028
Rebena	40	19.4081	79.7458
Rechni	40	19.1808	79.5010
Rebna	40	19.1115	79.6603
Reora	34	25.8773	85.9363
Rendibar	34	24.6019	85.0260
Rewatola	34	24.5179	85.0292
Rengana	34	24.8292	85.2679
Repura Sirsa	34	24.8251	85.3822
Reula	34	24.8883	85.3516
Regania	34	24.6962	85.3122
Reganiatanr	34	24.6812	85.3818
Rengaini	34	24.5180	85.2632
Rekkalagere	19	14.5038	76.5688
Rekulakunta	02	14.6647	76.9933
Renukapura	19	14.4738	76.8295
Rewar	34	24.9224	85.7293
Rebhnadih	38	24.3793	85.5969
Rewarhi	34	26.2997	86.3188
Rekakanhar	16	19.9101	79.9814
Rengwahi	16	19.6574	79.9155
Renjala	19	12.7885	75.5532
Rebanpalli	40	18.9453	79.1651
Rekurti	40	18.4562	79.1085
Repra Musehri	34	25.2333	86.2850
Regania	34	25.0164	86.3085
Reharwa	34	25.6875	86.5246
Remata	02	15.8271	77.8586
Regadikhanapuram	02	15.8004	77.8467
Remaduru	02	15.6693	77.9151
Rekalakunta	02	15.3272	77.8131
Renimakulapalle	02	14.9216	77.2299
Reshmegundi	19	12.2526	75.9680
Rehri	34	24.7783	86.0418
Regtulpalli	40	18.0607	79.1228
Renchhavaj	09	23.3746	73.5567
Reheman	09	23.2992	73.7033
Rengan Palia Mota	09	23.0665	73.6675
Reri	36	26.9047	79.4779
Reri	36	26.9562	79.4268
Renganghat	40	19.4350	79.1971
Revalgudem	40	19.2326	79.0664
Retikuntanaikangudem	40	19.0223	79.0516
Reddipalli	40	18.3712	79.4099
Repaka	40	18.2785	79.7282
Reddipalli	40	18.0386	79.5889
Rewara	34	24.8990	84.9720
Reriahi	34	26.5750	85.9401
Rewahi	34	26.2698	87.2124
Rewah	34	25.9964	85.0666
Rewahdih	34	25.9988	85.0780
Rewan	34	25.3085	85.0437
Renri	34	25.3222	85.2356
Rend Bigha	34	25.3583	85.1616
Reri	38	24.8654	87.1697
Resamba	38	24.9622	87.1880
Rengnia	38	24.8010	87.1221
Repura	34	25.8493	85.5263
Repura	34	25.8996	85.6850
Rekal Gadda	40	16.4983	79.0488
Reklawaram	40	16.4517	79.1500
Regulapalle	02	16.0659	79.2610
Rentala	02	16.5292	79.5651
Reddipalem	02	16.3556	79.7375
Remtapalle	02	16.1313	79.5002
Regulagadda	02	16.7018	79.8564
Reballi	40	16.6468	79.9586
Rengandi	40	17.3186	78.6578
Revti	16	20.8255	75.9469
Rela	39	29.1614	80.0748
Reori	36	27.6496	80.0684
Rela Khera	36	27.7139	80.2096
Renda Purwa	36	27.2717	80.0989
Reori	36	27.1648	80.1603
Rethal	09	22.8887	72.1882
Regonda	40	18.2378	79.7750
Reddivaripalli	19	13.6855	77.8565
Renumakalahalli	19	13.5089	77.7862
Reddihalli	19	13.5515	77.8160
Repalle	02	15.5474	78.0804
Reddipalle	02	15.1074	78.2276
Regadapalle	02	14.9835	78.3088
Revanuru	02	15.3013	78.3723
Reddivarijambuladinne	02	15.0401	78.4420
Repalle	02	14.7669	78.6773
Reddipalle	02	15.2224	78.5996
Reddicherla	02	15.2295	78.9894
Reddipalle	02	15.1739	78.8948
Repalle	02	14.8125	78.2018
Reddigaripalle	02	14.1864	78.0751
Reddivaripalle	02	14.9345	78.9948
Rekalakunta	02	14.7329	78.9172
Reddivaripalle	02	14.1660	78.7681
Reddivenkatapalle	02	14.0905	78.9520
Reddivaripalle	02	14.1024	78.8251
Reddivaripalle	02	14.1320	78.8119
Reddivaripalle	02	14.0516	78.8136
Reddipalle	02	14.0606	78.9415
Reddigaripalli	02	13.8616	78.0965
Reddivaripalle	02	13.8770	78.0267
Reddamvandlapalle	02	13.8242	78.2359
Reddivaripalli	19	13.5237	78.2351
Rekalaguntipalle	19	13.6907	78.0797
Reddivaripalle	02	13.6575	78.2032
Reddipalle	02	13.6300	78.2134
Reddivaripalle	02	13.9159	78.4126
Reddivaripalle	02	13.9057	78.3305
Reddivaripalle	02	13.8617	78.3417
Reddivandlapalle	02	13.8655	78.3018
Reddivaripalle	02	13.8321	78.2857
Reddivandlapalle	02	13.8099	78.3172
Reddivaripalle	02	13.7683	78.4898
Reddivaripalle	02	13.7454	78.3265
Reddivaripalle	02	13.6717	78.3410
Reddikuntapalle	02	13.6757	78.4440
Reddivaripalle	02	13.7055	78.4980
Regavanipalle	02	13.6509	78.2822
Reddimpalli	19	13.4342	78.2619
Reddipalle	02	13.3314	78.4624
Reddihalli	19	13.0802	78.3669
Reriahi	34	25.7017	85.6111
Reddikottai	25	12.2913	78.0677
Reddihalli	25	12.1490	78.1497
Rediyur	25	12.0642	78.1727
Redihalli	25	12.0394	78.1659
Reddivanipudu	19	12.8671	78.3209
Regadadinnapalli	19	12.9046	78.3736
Redlapalli	02	12.8550	78.4152
Reddipatti	25	12.2754	78.3864
Renukuttahalli	25	12.3258	78.4643
Regadahalli	25	12.0198	78.2603
Reddippatti	25	12.0993	78.3717
Reddiyur	25	12.5837	78.5848
Reddiyur	25	12.6380	78.6619
Reddiyur	25	12.6159	78.6941
Reddivalasai	25	12.5680	78.7199
Reddivalasai	25	12.2892	78.5981
Reddivalasai	25	12.3318	78.5882
Reddimankuppam	25	12.8277	78.7553
Reddiyur	25	12.8629	78.9835
Reddiyur	25	12.5939	78.8094
Reddipalaiyam	25	12.0940	78.7915
Regumanipalle	02	15.9276	79.2398
Reddippatti	25	12.2500	78.5428
Reddivaripalle	02	14.2524	78.3266
Reddivaripalle	02	14.0609	78.3343
Reddivaripalle	02	14.0510	78.4057
Reddivaripalle	02	14.2103	78.5259
Reddivaripalle	02	14.2075	78.5509
Reddimanyampalle	02	14.1317	78.5304
Reddivaripalle	02	14.1646	78.6167
Reddivaripalle	02	14.1356	78.6534
Reddivaripalle	02	14.0801	78.6722
Reddipalle	02	14.0240	78.5030
Reddivaripalle	02	14.0405	78.5245
Reddivaripalle	02	14.0633	78.5847
Reddivaripalle	02	14.0078	78.5802
Retlapalle	02	15.5805	79.1994
Regulachelika	02	15.1377	79.1799
Regadapalle	02	15.7067	79.4691
Regumanipalle	02	15.6856	79.4120
Repalle	02	15.2320	79.3623
Reddivaripalle	02	15.1828	79.3245
Reddennapalle	02	15.8199	79.5573
Reddipalem	02	15.8997	79.7079
Reddipalle	02	15.7316	79.6391
Renumadugu	02	15.0442	79.5895
Repala	02	15.0044	79.6953
Repalle	02	15.0094	79.7146
Reddipalem	02	15.5342	79.9845
Reddivaripalle	02	15.4919	79.3820
Reddipalem	02	15.1224	79.8901
Reddigaripalli	02	14.6691	79.0243
Reddipalli	02	14.5705	79.0425
Rekalakunta	02	14.5600	79.1697
Reddipalli	02	14.2703	79.1459
Renutala	02	14.1879	79.0276
Reddivaripalli	02	14.3233	79.2869
Regatipalli	02	14.2417	79.3315
Reddivaripalli	02	14.1842	79.3137
Reddipalli	02	14.0378	79.3600
Reddipalle	02	14.7574	79.7165
Revillayerraguntapalem	02	14.4181	79.6630
Regatipalli	02	14.2913	79.5743
Regadachelika	02	14.6142	79.9894
Rebala	02	14.5318	79.9013
Reddivaripalli	02	13.8521	79.1224
Reddivaripalli	02	13.8350	79.0540
Reddivaripalli	02	13.7028	79.0302
Reddivaripalli	02	13.6699	79.1508
Reddivaripalli	02	13.6190	79.0050
Renumakulapalli	02	13.5908	79.0905
Reddivaripalli	02	13.5414	79.0920
Reddivaripalli	02	13.4382	79.0166
Rettagunta	02	13.0920	79.1391
Reddigunta	02	13.1738	79.0980
Reddipalli	02	13.2355	79.2118
Rekalchenu	02	13.4919	79.2855
Rendalachenu	02	13.4056	79.2824
Reddipalle	02	13.3926	79.2871
Repalli	02	13.2930	79.3524
Reddipalli	02	13.2165	79.2563
Rendadi	25	13.0584	79.3726
Reddivarikuppam	25	13.1771	79.3890
Rendadi	25	13.0821	79.4511
Repalli	02	13.8838	79.5407
Reddipalli	02	13.8308	79.6475
Reddikhandigai	25	13.0590	79.6286
Rettakolam	25	13.1358	79.6273
Reddipalaiyam	25	13.1686	79.6770
Repalli	02	13.5161	79.8980
Repallikhandrika	02	13.5113	79.8999
Reddipalaiyam	25	13.0494	79.8612
Renderipattu	25	12.5247	79.1280
Reddipalaiyam	25	12.6529	79.1593
Renukapuram	25	12.7127	79.1272
Reddipalaiyam	25	12.7470	79.1186
Reddipalaiyam	25	12.4614	79.2190
Reddipalaiyam	25	12.7720	79.3054
Reddikuppam	25	12.5081	79.4418
Reddipalaiyam	25	12.2531	79.3278
Reddipalaiyam	25	12.2222	79.3285
Reddipalaiyam	25	12.2465	79.3412
Reddivalam	25	12.9361	79.5923
Reddikuppam	25	12.0423	79.5828
Rettanai	25	12.1953	79.5526
Reddipalaiyam	25	12.7662	79.9376
Rettamangalam	25	12.6356	79.8393
Rendadi	25	12.3234	79.8494
Rendamada	13	8.5394	76.9874
Rechampalli	19	11.9738	77.0251
Reddipalaiyam	25	11.1740	77.4603
Reddipalaiyam	25	11.1075	77.4779
Reddipalaiyam	25	11.6493	77.6538
Rettaippalivalasu	25	11.3056	77.6890
Reddivalasu	25	11.0939	77.5294
Rengappanpalaiyam	25	11.0896	77.5178
Reddiyur	25	11.7462	77.9409
Reddippatti	25	11.7480	77.9902
Reddipatti	25	11.7375	77.9951
Reddiyur	25	11.7018	77.8723
Reddippatti	25	11.6456	77.8067
Reddippatti	25	11.5739	77.8786
Reddipalaiyam	25	11.4967	77.7850
Rengampalaiyam	25	11.0105	77.9764
Reddipalaiyam	25	10.5429	77.1437
Reddiyarur	25	10.5440	77.0591
Reddipalaiyam	25	10.7222	77.4586
Reddipalaiyam	25	10.5275	77.3467
Reddikuppam	25	11.5497	79.2732
Reddipalaiyam	25	11.7126	79.4421
Reddipalaiyam	25	11.4014	79.3918
Reddinattam	25	11.4323	79.3980
Rettappallam	25	11.3412	79.4299
Reddipalaiyam	25	11.2323	79.4614
Reddipalaiyam	25	10.9176	79.3844
Rendankattalai	25	10.9493	79.4740
Rendampulikkadu	25	10.2973	79.2987
Reddipalaiyam	25	10.7844	79.1048
Reddipalaiyam	25	10.7241	79.0607
Rettaikkudi	25	10.9249	79.6940
Regra	21	20.5267	84.9190
Rege	38	23.4949	85.1145
Rewa	38	23.1063	85.2409
Rehargara	38	23.0682	85.0093
Renro	38	23.4441	85.3814
Remta	38	23.1644	85.3995
Resam	38	23.4463	85.5641
Reladih	38	23.1953	85.6250
Reda	38	23.1588	85.5448
Repebera	38	23.6647	85.9919
Relakurra	28	23.2208	85.9384
Rengolda	38	22.5956	85.1311
Relkundi	38	22.5255	85.0110
Rengarbera	38	22.3549	85.1282
Reda	38	22.2604	85.0986
Rebda	34	24.4283	84.9559
Rehedag	38	24.3040	84.9727
Rejhadih	38	24.1275	84.8170
Rearda	38	22.6063	85.2799
Remedkocha	38	22.5733	85.2595
Rengalbera	38	22.5638	85.4729
Rengarbera	38	22.2091	85.5684
Rengarbera	38	22.1248	85.5844
Regasai	21	22.0217	85.7317
Repekaroha	38	23.6380	84.1939
Rengnitoli	38	23.0258	84.2206
Rengai	38	23.9647	84.4175
Rewaratu	38	23.9492	84.2631
Rebda	38	23.7747	84.4144
Rehaldag	38	23.4841	84.3820
Rehe	38	23.3661	84.3998
Rehra	38	23.7556	84.5117
Rehal	38	23.7812	84.5621
Renchi	38	23.7746	84.6365
Rehaia	38	23.6868	84.5437
Reheldag	38	23.6768	84.5682
Rekkatoli	38	23.6442	84.5818
Rerhai	38	23.7223	84.6517
Rerwa	38	23.1454	84.7151
Rehrahitoli	38	23.9082	84.7806
Rehrahitoli	38	23.8787	84.8089
Renchi	38	23.8708	84.8415
Renrwa	38	23.0237	84.8891
Rengola	37	22.8014	84.1171
Rengarbahar	38	22.5029	84.1813
Rengarbahar	38	22.4041	84.2383
Rengola	38	22.8866	84.3847
Rengartoli	38	22.6389	84.2585
Rengari	38	22.5461	84.3602
Rengarpani	38	22.7436	84.3773
Rengartoli	38	22.4029	84.3626
Rekhatoli	38	22.8405	84.5002
Rekma	38	22.9928	84.7186
Reora	38	22.8010	84.7204
Rengarbira	38	22.4276	84.6874
Rewatoli	38	22.7723	84.8930
Rengalburi	21	21.9996	84.0667
Remenda	21	21.9659	84.0112
Remeradihi	21	21.9536	84.0544
Rengalpali	21	21.8510	84.1413
Rengalimal	21	21.8686	84.1840
Rengalbhera	21	21.9104	84.2237
Rengalipali	21	21.6571	84.0411
Rengalipali	21	21.6311	84.0528
Rengalpali	21	21.7331	84.1853
Rengalpali	21	21.5554	84.1647
Rengloi	21	21.7053	84.2166
Reddiyapatti	25	9.3135	77.5559
Rettiyapatti	25	9.4147	77.6513
Reddippatti	25	9.3834	77.7435
Rettiyappatti	25	9.1258	77.5753
Reddipatti	25	9.0090	77.6151
Rengayyapuram	25	9.1349	77.6410
Reddiyapatti	25	8.9290	77.5681
Rendunchollan	25	8.9220	77.6576
Reddiyapuram	25	8.6546	77.5119
Reddiyapatti	25	8.6715	77.7407
Rettaittiruppati	25	8.6137	77.9783
Reddipalaiyam	25	10.9672	78.0479
Reddipalaiyam Pudur	25	10.9614	78.0510
Regunadapuram	25	10.9392	78.1240
Reddiyapatti	25	10.6096	78.1076
Reddiyapatti	25	10.6761	78.2482
Reddiyarpatti	25	10.4535	78.1003
Reddiyappatti	25	10.3283	78.0090
Reddiyappatti	25	10.3870	78.1050
Reddiyapatti	25	10.1581	78.1901
Reddiyapatti	25	10.8727	78.3228
Reddipatti	25	10.8147	78.4028
Reddiyapatti	25	10.6587	78.3145
Reddiyapatti	25	10.5955	78.3274
Reddiyapatti	25	10.5374	78.3253
Reddippatti	25	10.5368	78.4706
Rettayampatti	25	10.2531	78.3274
Reddivalasu	25	10.9831	77.6657
Reddivalasu	25	10.9656	77.7062
Reddivalasu	25	10.9578	77.6314
Reddiyapatti	25	10.5017	77.6724
Rettiyapatti	25	10.3071	78.5631
Reddimangudi	25	10.9961	78.8252
Reddiyapatti	25	9.5871	78.0448
Reddiyapatti	25	9.4212	78.2072
Reddiyapatti	25	9.2327	78.1423
Rettappuli	25	9.3912	78.2758
Reddiyapatti	25	9.0975	78.2521
Rettaiyurani	25	9.6559	78.8507
Rewad Khurd	38	23.8717	84.4949
Rettankulam	25	8.4909	77.8219
Rettakurichchi	25	11.5680	79.0312
Reddiyapattipudur	25	10.5571	77.8349
Reddikkudikkadu	25	11.3915	79.1212
Reddiyapatti	25	10.4826	77.9225
Reddiyar Chattram	25	10.4305	77.8676
Reddiyarpatti	25	10.3806	77.8328
Reddipalaiyam	25	11.1087	79.1633
Reddikuppam	25	11.8323	79.4818
Reddipalaiyam	25	11.8862	79.4924
Rettaikulam	25	11.4414	79.6088
Reddiyur	25	11.2071	79.5217
Reddipalaiyam	25	11.2175	79.6289
Reddiyarpalaiyam	22	11.9297	79.8002
Reddichavadi	22	11.8385	79.7860
Reddiyapatti	25	9.8803	77.6746
Reddiyapatti	25	9.9819	77.7102
Reddiyur	25	11.8615	78.0421
Reddiyur	25	11.7880	78.0871
Reddippatti	25	11.5874	78.0238
Reddiyur	25	11.6812	78.1336
Reddipudur	25	11.3442	78.1602
Reddippatti	25	11.2100	78.2166
Rettaiyampatti	25	11.1121	78.2232
Rettapudi Pudur	25	11.5905	78.2686
Reddiyapatti	25	11.1978	78.4783
Rettikotte	25	11.8812	78.5673
Rewali	38	23.9802	85.3340
Rewar	38	23.9362	85.4576
Rela	38	22.4011	85.3380
Rengabera	38	22.4885	85.4308
Redsawid	38	22.8337	85.5208
Relung	38	22.8326	85.5536
Renguli	38	22.8265	85.5666
Rengsa	38	22.8337	85.6946
Regadih	38	22.7810	85.7384
Rengra	38	22.4291	85.5675
Rebedloa	38	22.3078	85.6181
Rengogora	38	22.7624	85.8680
Rengadih	38	22.7642	85.8954
Rejia	38	22.9220	85.8628
Rengodih	38	22.7509	85.9735
Rengbhatu	38	22.6200	85.7983
Rengaibera	38	22.5609	85.9044
Renga	21	21.9092	85.1941
Rengari	21	21.6132	85.0852
Remro	21	21.5278	85.1453
Rengali	21	21.5258	85.1995
Rengalmunda	21	21.3315	85.1469
Rengali	21	21.3802	85.1993
Rengarbera	21	21.9617	85.2601
Rengarberah	21	21.7779	85.3706
Rengalmunda	21	21.2161	85.3191
Remri	21	21.9625	85.6043
Remri	21	21.9520	85.5927
Redha	21	21.1821	85.5542
Rekuti	21	21.1696	85.6115
Rensasai	21	21.9771	85.9353
Rengarbera	21	21.5983	85.9155
Rengarbera	21	21.6312	85.9524
Renthapat	21	20.8088	85.3628
Rewar	34	24.9782	85.8327
Rehari	34	24.9730	85.8298
Regniatanr	38	24.7515	85.8417
Rewai	34	24.9297	85.9869
Reguiatanrtoli	38	24.7491	85.8457
Rehatoli	38	24.1847	85.8371
Reota	34	25.8194	86.3061
Rehatanr	38	24.1888	86.1233
Retapahari	38	24.2519	86.3436
Rengalmunda	21	21.3970	84.1170
Rengali	21	21.0728	84.0663
Rengali	21	21.9328	84.2564
Rengalbera	21	21.9919	84.4160
Rengali	21	21.8965	84.4446
Rengalbera	21	21.6455	84.4159
Rengalbera	21	21.5595	84.4351
Rengumunda	21	21.4374	84.2932
Rengalbahal	21	21.3062	84.4613
Rengali	21	21.7218	84.5013
Rengalbera	21	21.0051	84.4810
Regda	21	21.6063	84.7401
Rengalbeda	21	21.4421	84.6804
Rengalbahal	21	21.3438	84.6514
Rengali	21	21.2477	84.5905
Rengalbera	21	21.9958	84.7695
Rengalpali	21	21.4527	84.8069
Rengalpali	21	21.2857	84.7611
Rengali	21	20.9720	84.2800
Rerakun	21	20.6742	84.4931
Rengali	21	20.6739	84.2667
Retuli	21	20.1195	84.4140
Reyepara	28	22.0560	87.9011
Rebo-Pergin	30	28.2840	95.0106
Renuka Ji	11	30.6040	77.4557
Reebana	40	19.2558	79.4151
Reiek	31	23.6986	92.6054
Renuk	30	27.1563	95.9108
Reyog	11	31.1804	77.5596
Rehra	36	27.1930	82.2706
Reddivaripalle	02	14.3050	78.1391
Reddivaripalli	19	13.5697	78.2899
Reddivaripalle	02	14.2338	78.2577
Reddivaripalle	02	14.1879	78.6856
Reddivaripalle	02	14.1405	78.7127
Reddiyur	25	11.8147	77.9016
Reddiyur	25	11.7527	77.7974
Reddivalasu	25	10.9683	77.7870