Rishra	28	22.7239	88.3456
Rishikesh	39	30.1078	78.2926
Risod	16	19.9767	76.7880
Richha	36	28.6947	79.5228
Rijokri	07	28.5139	77.1151
Riasi	12	33.0812	74.8324
Risama	16	21.3645	80.3711
Rid	24	26.7012	74.5386
Rib	09	22.1207	70.7461
Rivona	33	15.1784	74.1091
Rivri	24	26.4537	71.1102
Riu	30	28.3069	95.0532
Rithi	35	23.9106	80.1425
Rithaura	36	28.4592	79.5074
Rithakhal	39	29.9007	78.8200
Rithad	16	20.0530	76.9796
Rishivandiyam	25	11.8141	79.0978
Risgaon	37	20.1346	82.0923
Risewada	35	21.3832	80.5749
Risaliya Khera	10	29.7134	74.7637
Riri	24	27.9436	74.0982
Riponpet	19	13.9928	75.2588
Ringi	39	30.4851	79.6514
Ringnod	35	23.7395	75.1839
Ringnod	35	22.6113	74.9338
Ringkhap Songmong	18	25.2965	90.4425
Ringdom Goempa	41	34.0374	76.3748
Ring	12	34.7667	74.4167
Rinchingpong	29	27.2394	88.2689
Rilmilsar	24	29.5641	73.7308
Rikor	30	28.7925	94.9340
Rikinwas	41	33.9494	75.5185
Rihom	12	34.2735	74.3551
Rihabari	03	26.6019	91.1690
Righagarh	21	20.7047	86.8214
Rigauli	36	27.0231	83.2126
Riga	30	28.4345	95.0389
Riga	34	26.6553	85.4420
Richwa	24	24.4667	76.2333
Richughutu	38	23.6583	84.5879
Ribba	11	31.5881	78.3639
Ribandar	33	15.4992	73.8682
Riang	30	27.5333	92.9333
Rian	24	26.5404	74.2396
Rian	24	26.3860	73.4939
Riamal	21	21.3632	84.6567
Rirkhala	24	28.4048	74.8785
Ribia	24	28.4413	74.7733
Richhwa	12	33.2552	74.2315
Riddi	12	34.4761	74.0578
Rinj	12	34.2211	74.5076
Rishmahal	12	34.0960	74.7407
Rishipur	12	34.3231	74.3482
Rinan	12	34.3270	74.3228
Ringapat	12	34.3184	74.2928
Richhali	12	33.8287	74.3441
Riala	12	32.9691	74.8846
Ridhao	10	28.9785	76.8262
Riari	12	32.7417	74.8583
Rindal	10	29.7937	77.0736
Rishanda	24	25.6584	75.7292
Riyund	11	31.1886	77.0986
Rihana	11	31.2472	77.0925
Ritur	39	29.8926	78.5302
Richmond Town	19	12.9634	77.6025
Richmond Rd	19	12.9666	77.6083
Rijani	24	28.1619	75.3110
Rikhishwar	35	25.0320	78.8303
Rithaur	35	24.0539	78.3107
Richhpura	36	24.5328	78.5085
Rigaura	35	24.7215	78.9249
Ritakhera	35	24.5952	78.9469
Richhai	35	24.0169	78.8265
Richhai	35	24.0397	78.9158
Rithian	36	27.8768	79.3775
Rinian	36	26.2202	79.3931
Riyan	36	25.7368	79.1920
Richhara	36	25.3645	79.3978
Richhara	35	24.5220	79.1564
Richhan ki Dhani	24	27.7098	71.7744
Rimrangpara	18	25.3316	90.2827
Riangchi	30	27.8912	93.4326
Ringui	17	25.0526	94.2522
Rishetsu	20	25.9594	94.7503
Riwara	24	24.7226	72.0722
Ril	16	17.2122	73.2511
Riwadih	37	21.8152	82.9152
Richhi Pindrai	35	23.4279	80.0172
Rikhnikhal	39	29.7721	78.8733
Rimijhimighat I	03	26.3913	90.1226
Rispa	11	31.5762	78.4268
Risia Bazar	36	27.6869	81.6028
Ritauli	10	29.4135	76.5112
Risalwa	10	29.4820	76.7075
Rindana	10	29.1284	76.5061
Rithai	10	29.0088	76.7144
Ritauli	10	28.7658	76.5753
Rithal Phogat	10	28.9943	76.7177
Rithal Narwal	10	28.9900	76.7180
Riapri	11	31.6265	77.0072
Rila	11	31.5386	77.1641
Rindhawa	10	29.4194	75.0708
Rihara	10	29.6021	76.5720
Ria	11	31.4872	77.0065
Riali	11	31.4423	77.0790
Risht	11	31.3239	77.0950
Riosi	11	31.4990	77.0917
Riara	11	31.4920	77.2160
Riki	11	31.4190	77.2094
Richhwali Baihk	12	34.5762	74.0915
Ringdob	12	34.5779	74.1954
Rishigund	12	34.5217	74.1342
Ring Bala	12	34.7321	74.3749
Richhni	11	31.3960	77.2552
Rishta	11	31.4453	77.3919
Rihog	11	31.0955	77.3174
Riyog	11	31.1547	77.4966
Riecha	11	31.5376	77.5672
Richmana	11	31.5419	77.5709
Richi	11	31.4226	77.5863
Rikhan	11	31.1481	77.6468
Riwai Dogri	11	31.2236	77.7226
Rital	11	30.8587	77.0333
Rivri	11	30.8086	77.1573
Rishtar	11	30.7802	77.1522
Riwari	11	30.8617	77.1916
Rigarwala	11	30.6202	77.1803
Ritab	11	30.9447	77.3283
Rihana	11	30.7978	77.3431
Rihara	11	30.8008	77.3892
Rigaspuri	24	27.5362	76.5318
Richhar	11	30.6066	77.6239
Rith	11	30.7405	77.6119
Rinwi	11	30.7445	77.6274
Rithe ka Dochi	39	30.7392	77.7349
Rithog	11	30.6413	77.6711
Righaspuri	24	27.8643	76.8465
Righar	10	27.7489	76.9749
Rikhar	39	30.6521	77.8832
Rishikhul	39	29.9365	78.1447
Rimjha	35	23.1931	78.3938
Richhai	35	23.6565	78.5277
Rigaspura	24	26.7425	76.6904
Richhawar	35	23.0443	78.7041
Richhawar	35	23.0407	78.7201
Richha	35	23.0017	78.9855
Rijheta	35	26.0897	76.9187
Richhaheri	24	25.2334	76.1972
Ritayalkhapa	35	22.7512	78.1206
Richhera	35	22.7019	78.3819
Richhera	35	22.8732	78.5484
Richhara	35	22.2384	78.6820
Richhora	35	22.2235	78.6684
Richhai	35	22.7434	78.7956
Richna	35	22.9995	78.9840
Ridhora	35	22.1263	78.7653
Ridhora	35	21.8734	78.4347
Rinjidhana	35	21.9096	78.5508
Ridhora	16	21.2324	78.6272
Ringnabodi	16	21.1292	78.7160
Rithi Chorkhairi	16	21.5343	78.9664
Riyawah	36	29.2427	77.5287
Riyawali Nagla	36	29.2353	77.5452
Rithali	36	29.1571	77.5414
Richri	24	24.7323	72.9900
Rigni	35	25.6359	76.5978
Rinchawar	24	24.2962	73.5375
Rishia ka Baria	24	25.6687	74.1937
Rithala	07	28.7201	77.1027
Riwajpur	10	28.4316	77.3738
Rithauri	36	28.4638	77.6017
Ritauli	36	28.4849	77.7400
Riwari ki Dhani	24	24.1083	73.9287
Richmalian	24	26.1021	74.8344
Richhra	24	25.4441	74.7398
Rithaura	36	29.2078	77.2108
Rinu	11	31.5598	78.0062
Rikhauli	39	30.4328	78.0244
Rithamandi	39	30.3090	78.0362
Ringalgarh	39	30.3540	78.2365
Rijon	24	24.3643	76.2770
Richhanda	24	24.8573	76.5344
Richhanda ki Tapriyan	24	24.8486	76.5194
Richhwa	24	24.4419	76.5271
Rijha	24	24.7427	76.7594
Rijhri	24	24.7349	76.7635
Richhra	24	24.6833	76.8128
Richhri	24	24.6923	76.8705
Richhri	24	24.2792	76.8136
Ringnote	24	26.2437	75.0164
Ridlia	24	26.2392	75.3443
Rimbik	28	27.1169	88.1014
Ribdi	29	27.1694	88.1074
Ridang	29	27.1491	88.1864
Rishihat	28	27.0283	88.2191
Rimbik	28	27.1119	88.1313
Rishi	29	27.2174	88.3075
Rigu	29	27.2079	88.7330
Rigaon	37	21.3117	81.1166
Richhari Kalan	35	25.8340	78.0151
Rithori	16	19.2816	76.0551
Ridhora	16	19.7773	76.9365
Ritkheri	23	30.4380	76.4205
Rithaura	36	27.6863	77.3589
Riwar	10	30.0024	76.3941
Ringni	16	18.1991	76.3760
Risangaon	16	18.9053	76.9889
Risangaon Tanda	16	18.8906	76.9939
Richhpura	10	29.0967	76.0037
Rijhaura	36	28.3658	77.9381
Rikkin Alur	19	17.4849	76.7424
Riwabahar	37	22.1699	82.8222
Riwanpali	37	22.0624	82.9759
Risda	37	21.6295	82.1245
Rinwadih	37	21.4233	82.2029
Riko Kalan	37	21.3478	82.6345
Riko Khurd	37	21.3437	82.6224
Riwagahan	37	20.8870	81.0724
Riwagahan	37	20.9241	81.0013
Risawara	37	20.3898	81.5907
Ringni	37	21.2648	81.4330
Risama	37	21.0628	81.3190
Risali	37	21.1611	81.3366
Risamli	37	21.8779	81.5657
Riko	37	21.2037	81.7877
Riwa	37	21.2191	81.8907
Riakal	40	18.0850	77.7574
Ridhora	16	20.9024	78.6103
Rimdoh	16	20.5653	78.8648
Richhonra	35	23.6735	79.0102
Riyana	35	23.7825	79.5898
Rimjha	35	23.2617	79.6673
Riyana	35	23.3181	79.7466
Richhkuri	35	23.4501	79.6497
Rimjha	35	23.0824	79.5452
Richhi	35	23.5734	79.9464
Richhai	35	23.2158	79.7790
Rionjha	35	23.2174	79.9074
Richhai	35	23.2206	79.9779
Rithra	36	27.0963	78.5950
Rikhauli	36	27.8196	78.9994
Richhera	35	22.3683	79.1054
Rijula	36	27.4881	77.9059
Richha	35	22.9235	79.3655
Rithwari	35	26.6610	78.4467
Rijhauli	36	27.0708	77.7799
Rithaura	36	27.0718	77.8554
Richhara	16	21.4670	79.0021
Rithari	36	27.2983	79.3702
Rithaura	36	27.2869	79.3667
Richhi	35	21.8778	79.3162
Riddi	35	21.7363	79.4763
Richhoha	36	26.8939	77.5373
Rithaura	35	26.4585	77.6162
Rithauniyan	35	26.2978	77.5965
Rithori	36	26.9858	77.9036
Rithori Katra	36	26.9898	77.9065
Rithath	10	27.9637	77.1046
Rihua	36	27.1440	79.7049
Rijoda	35	25.4937	77.4173
Rijhol	24	25.2761	77.3522
Rijoda	35	25.1364	77.6235
Rithondan	35	25.8676	77.9951
Richhari Khurd	35	25.8280	77.9871
Richhra	35	24.6798	77.4275
Rijoda	35	24.3577	77.3845
Richhpura	36	27.3811	78.9506
Rijodi	35	24.9669	77.6043
Richhai	35	24.8368	77.5084
Richhan	35	24.0390	77.6223
Riniyan	35	24.2555	77.9205
Richhra	36	26.1886	79.5486
Rinian Bindepur	36	26.1519	79.4988
Rijor Khas	36	27.4041	78.7126
Riaznagar	36	26.0373	79.9379
Rinian	36	25.9642	79.4096
Rihunta	36	25.7550	79.4766
Rithari	36	25.9624	79.9915
Rirua Buzurg	36	25.8878	79.7513
Rirwi Para	36	25.8372	79.9031
Rigwara Kalan	36	25.7228	79.6731
Rigwara Khurd	36	25.7177	79.6766
Rirua	36	25.9800	79.5879
Rithwan	35	25.0010	80.4328
Richhi	35	22.6521	76.8956
Risalgarh	36	25.7384	82.0587
Richha	36	25.3928	79.5711
Riyana	35	24.0387	79.3248
Rikhwaha	36	25.2359	79.6448
Rikhwara	35	25.0851	79.5452
Richhai	35	24.3607	79.0576
Rithona	35	26.7580	78.1962
Rithora	35	26.6277	78.1688
Richgaon	35	21.9985	76.4371
Rijgaon	35	22.6112	77.0357
Richhariya	35	22.6457	77.2435
Rishti	36	25.6471	83.1703
Rithai	36	26.9767	78.4602
Risti	36	25.3769	83.2390
Richhapura	36	26.8344	78.6583
Ridoli ka Pura	35	26.6725	78.6998
Ridoli	35	26.6578	78.6987
Ripuapura	35	26.1767	78.5077
Riwan	36	25.1783	83.0596
Rikhaipur	36	25.0124	83.0692
Rithwar	35	22.7449	77.2908
Richhariya	35	22.5960	77.3105
Richhi	35	22.5447	77.2686
Rinjariya	35	22.7138	77.4109
Richhora	35	22.9297	77.9629
Rigaon	16	20.9548	76.3374
Richhra	35	25.7101	78.4754
Richhdri	35	25.7091	78.4232
Rijgaon	35	22.4509	77.0493
Richariya	35	22.3650	77.0619
Richhariya	35	22.0648	77.0287
Richhahi	35	24.8078	79.8262
Richhra	35	25.9152	78.6203
Richhar	35	25.6533	78.6578
Ringandhana	35	21.7681	77.5314
Rinria	34	25.2430	83.8550
Rivan	34	25.0582	83.8443
Rithia	36	24.8367	83.2297
Ritpur	16	21.2401	77.8068
Rinmochan	16	20.8814	77.4722
Rindia	36	24.5450	83.0101
Rindatola	36	24.0939	83.2458
Riwan	36	25.5857	80.0980
Rinia	35	25.9550	78.8548
Rifallatola	38	24.2431	83.5511
Ridhora	16	20.9368	79.3646
Richhaura	36	25.5082	78.7608
Riwai	36	25.4212	80.0797
Rithwan	36	25.9059	80.3410
Riga	36	25.2870	80.4885
Ritahari	35	23.7853	78.0574
Richhai	35	23.7840	78.1355
Ritha	16	19.4349	78.0801
Ritha Tanda	16	19.4304	78.0742
Riyasatnagar	40	17.3408	78.4925
Ripsili	35	23.0523	78.1846
Richhai	35	24.9957	78.2000
Rijoda	35	24.9175	78.0030
Richha	35	24.4550	78.1483
Richha	35	24.1904	78.5280
Richhora	35	23.9109	78.7543
Richhawar	35	23.8163	78.8881
Rimar	35	24.5034	81.1151
Richhonda	35	23.9160	78.7393
Rimari	35	24.7368	81.3598
Rithi	35	24.5095	81.3865
Rithi	35	24.5216	81.3881
Rithi	35	24.5276	81.3983
Rimari	35	24.8162	81.6794
Rithi	35	24.6418	81.8022
Rijhauri	35	24.1683	81.0815
Riha	35	24.0958	81.1022
Rimar	35	24.4712	81.2626
Rimari	35	24.2689	81.5687
Ringankhapa	35	21.6834	78.5128
Ridhora	35	21.6007	78.7452
Rithwan	36	25.8130	80.8902
Ridhor	16	20.2826	78.6596
Richhai	35	23.3201	79.0345
Rirmalsar	24	28.0218	73.3984
Rirmalsar	24	28.0078	73.4023
Richhai	35	23.1247	79.0831
Rihunta	35	24.2612	80.0523
Richhiao	35	23.5496	79.5572
Richari	35	24.5239	80.9559
Riwa	35	22.9359	79.8621
Rikhipur	36	25.3810	82.2170
Richhaura	35	24.4243	80.2882
Richhul	35	24.4050	80.3827
Rishpur	10	29.3771	77.1127
Risalu	10	29.3627	77.0092
Riksa Khurd	36	24.8920	82.5792
Rijul	36	24.6134	82.8287
Rikhai Pura	36	25.5034	82.4593
Rithaura Kalan	36	29.2007	78.0701
Rithaura Khurd	36	29.2123	78.0375
Riwanian	36	27.5378	81.1106
Riwan	36	27.5561	81.1125
Risia Jamal	36	27.6288	81.6047
Richhal Purwa	36	27.0399	81.8839
Risal Purwa	36	27.0838	81.8825
Rikhhiram Purwa	36	27.1459	81.8828
Riwan	36	26.5039	81.2919
Rithi	36	26.6370	81.3603
Rikhera Talla	39	29.7422	78.7971
Rigra	35	24.2892	80.9371
Risal Khera	36	26.4227	81.1013
Risal Purwa	36	26.4006	81.3189
Risal Purwa	36	26.3932	81.3540
Risaldaspur	36	26.3121	81.7595
Risalpur	36	26.2519	81.7760
Risalpur	36	26.4779	81.8617
Risalpur	36	26.3976	81.8215
Risalpur	36	26.4410	81.9672
Riwara	35	24.1271	80.8670
Rirwa	36	25.2775	81.2401
Rithi	36	25.3621	81.1985
Riwan Kalan	36	27.1468	80.8554
Rinapur	16	19.6274	77.2273
Riwalganj	36	27.4475	81.8699
Rithali	36	28.6124	78.5161
Risan Purwa	36	26.9838	81.9708
Rith	36	28.5493	78.9318
Ripalliwadi	40	18.1681	78.0054
Risauli	36	28.0620	78.9787
Rich Bagla	12	33.4250	74.6066
Risalpur	36	27.4335	82.1385
Rihar	36	27.4203	82.2262
Rithadhar	39	29.9060	79.0271
Rikhad	39	29.8596	79.0484
Riksal	39	29.9514	79.1857
Rikhaun	39	29.8905	79.1892
Rikhari	39	29.8383	79.2496
Rikhi Dih	36	27.3094	82.2514
Rikhi Dih	36	27.4760	82.4765
Rikhia	36	27.0546	82.6715
Riuna	36	27.0341	82.9009
Ritia	36	27.1019	82.9387
Riwan	36	26.8640	82.2143
Ridhaura	36	26.8492	82.2468
Ringawar	12	33.7915	74.7724
Rishpur	12	33.7751	74.9875
Rinzpur	12	33.8602	74.9973
Rishnagar	12	33.6545	74.8409
Riyai	12	33.6670	74.9045
Rishpur	12	33.7011	74.9529
Ringit	12	33.5892	74.9860
Rich Bangla	12	33.4229	74.8634
Rimari	35	25.0679	81.4226
Riwa	36	26.8435	82.2942
Rikhipur	36	26.8326	82.2962
Rirgai Purwa	36	26.8805	82.4942
Risauli	36	26.5017	82.2928
Rikhpur	36	26.1450	82.3017
Ritwa	36	26.1197	82.3626
Riti	36	26.0809	82.3408
Rithia	36	26.7757	82.6922
Rithauli	36	26.8184	82.7959
Riuhari	36	26.7047	82.9300
Rita	36	26.6072	82.9350
Rithi Jot	36	26.6098	82.9326
Riwankhor	36	26.6986	82.9957
Ritwapar	36	26.4067	82.9269
Riwan	36	26.1115	82.8913
Riwan Mafi	36	27.1673	83.0539
Rithia Parari	36	27.1481	83.1776
Rishpur	12	33.8694	75.0297
Riharwar	36	27.0643	83.2607
Rikhauna	36	27.1363	83.3717
Rihar	36	27.0424	83.3358
Risalpur	36	27.2330	83.4388
Risalpur	36	25.9446	81.5199
Righi	36	25.9657	81.7361
Rithwakhor	36	26.8146	83.1391
Rithna	36	26.8764	83.2302
Rimanmainsir	36	26.6875	83.0183
Rithia	36	26.3328	83.0187
Rikhai	36	26.9518	83.3661
Rithia	36	26.8308	83.5592
Rishkolbal	12	33.8533	75.3026
Rishpur	12	33.4817	75.3441
Riyapar	36	26.8569	83.8255
Richhi Khurd	35	23.4146	80.0366
Ridhori	35	23.4307	80.1047
Rinji	35	23.4353	80.1465
Rithori	35	23.2388	80.0521
Richhai	35	23.0821	80.0696
Rihta	35	23.3539	80.2816
Ritsal	12	33.6641	75.7562
Rikinwar	12	33.5774	75.8431
Richon	12	33.2205	75.9155
Richgut	12	33.1433	75.9967
Rishiyan	36	25.2488	81.5070
Rijwalta	12	32.6011	75.3897
Rihauni	36	25.4370	81.5657
Rigwan	36	25.2610	81.7167
Risada	35	25.0773	81.5464
Rinlu	12	32.7451	75.5830
Rinda	12	32.7419	75.5681
Rikhaund	12	32.6765	75.6166
Rineta	12	32.6994	75.5967
Risal	12	32.7168	75.6339
Ritanun	12	32.5867	75.7309
Rikhai ka Purwa	36	25.6106	81.7646
Riwari	36	25.6851	81.9847
Rithaiya	36	25.3976	81.9744
Rimari	35	24.7815	81.0533
Richwi	35	22.3196	74.2637
Rina	11	32.3066	75.9489
Ringanoda	35	22.8453	75.8444
Rinjra	35	22.7208	75.7503
Rit Uparli	11	32.2387	75.7719
Rit Jhikli	11	32.2285	75.7726
Riali	11	32.0192	75.8060
Riali	11	32.0310	75.8187
Ridiala-di-Sar	11	32.2368	75.7964
Ring	11	32.1095	75.8871
Rit	11	32.1796	75.9003
Rihara	11	32.0491	75.9171
Richhada	09	24.0020	72.7102
Riwagahan	37	20.8720	81.3999
Riwagahan	37	20.8810	81.4868
Riwangahan	37	20.8216	81.5647
Richka Kalan	35	22.5349	80.8517
Rikhia	23	31.8422	75.1570
Riwaribera	24	26.1798	73.7515
Riwatola	37	21.0232	80.7143
Risehr	11	31.8650	75.9852
Rindhola	23	31.7694	75.8896
Rigwar	37	22.4253	82.1308
Richhabardi	35	22.5512	75.7210
Ringania	37	22.6806	82.5366
Riwagahan	37	21.3534	80.9339
Riwagahan	37	21.2202	80.8293
Riwagahan	37	21.0838	80.9541
Riwanpar	37	22.1001	82.6977
Rikhi	37	22.9711	82.9108
Rithi	16	20.2647	75.1616
Risdi	37	22.3697	82.7581
Risda	37	22.3899	82.7496
Risda	37	21.9565	82.3106
Riwapar	37	21.7865	82.4817
Rigni	37	21.7736	82.5809
Risda	37	21.9964	82.7816
Riwadih	37	21.8821	82.7770
Rikotar	37	21.6350	82.7781
Riwapar	37	21.6393	82.9966
Riwasarar	37	21.4843	82.2638
Rijhauna	36	27.7563	80.8757
Richhan	36	27.7366	80.7621
Rikhauna	36	27.6421	80.7857
Rifatpur	36	27.4641	80.7888
Riuntl Adwar	11	33.1009	76.3759
Rikhalu	11	32.7522	76.1421
Rikha	11	32.7328	76.1094
Rikhani	11	32.6416	76.1191
Rinda	11	32.5808	76.0789
Riara	11	32.5743	76.0403
Rikhni Behi	11	32.5517	76.0787
Riali	11	32.5145	76.0172
Ridwahi	16	20.3114	80.4770
Riara	11	32.3683	76.0145
Rikh Gola	11	32.3259	76.1683
Rirha	11	32.2931	76.1363
Rirakmarh	11	32.2850	76.1992
Rihara	11	32.2828	76.1093
Rihlu	11	32.2250	76.2094
Rihala	11	32.0507	76.1821
Rijapuri	35	22.7973	81.1514
Riwatola	35	22.8497	81.3853
Riwanpar	37	22.1085	81.2718
Rin	11	32.1613	76.3625
Riwan	36	27.1386	81.1720
Riwapar	37	22.1123	81.7082
Richhiara	11	32.1217	76.5790
Rigriga	37	22.5326	81.9937
Rijhana	11	31.9993	76.2487
Rialkar	11	31.9566	76.2366
Rirkal	11	31.8987	76.4963
Ri	11	31.2167	76.7425
Riyur	11	31.7816	76.7511
Richhwahan	11	31.7892	76.9122
Riagri	11	31.8186	76.9804
Rissa	11	31.7292	76.7719
Riyur	11	31.6403	76.8556
Rigar	11	31.5960	76.9780
Rihri	11	31.4607	76.8407
Riun	11	31.3894	76.9065
Rihan	11	31.3008	76.8170
Rilli	11	30.9779	76.8691
Rigsha	24	26.8030	75.8787
Rinjat	11	30.8986	77.6290
Richhi	35	24.1773	79.9003
Rindoli	35	23.7719	76.1530
Richhi	35	23.8282	76.1480
Rindka	10	28.0529	77.2537
Rijawta	35	23.5586	76.4276
Ringwargaon	39	29.9806	78.7610
Risekela	37	21.4042	83.0392
Rimji	37	21.3259	83.1657
Richholi	39	30.0767	78.7705
Ritholi	39	30.0193	78.7682
Rithai	39	30.0878	78.7921
Rikhera	39	29.9484	78.4906
Ringwari	39	29.9817	78.8421
Ritel	39	29.9068	78.8534
Riwanpara	37	21.9071	83.4021
Riyapali	37	21.7690	83.4360
Risora	37	21.5226	83.3410
Riwara	36	28.3196	78.1260
Rilla	36	28.1700	78.2398
Risalu	36	28.1527	78.1160
Ringnikhera	35	23.3631	76.3925
Richhoda	35	23.4134	76.4026
Rithwala	36	28.9467	78.7577
Richhria	35	23.1230	76.3786
Rinbachan	21	21.0292	83.4355
Rijhaipali	21	21.2011	83.8273
Risamunda	21	21.1822	83.8314
Rikhapurwa	36	27.9341	81.4002
Rikhapurwa	36	27.9655	81.4370
Richhli	36	27.2065	81.3231
Richhla	36	27.2120	81.3162
Risal Purwa	36	26.0913	81.3066
Richaura	36	26.3999	81.7108
Riwai	36	26.1036	81.5706
Risalpur	36	26.1249	81.6757
Rithi	36	26.0466	81.7340
Ridchanda	02	18.1396	82.7781
Rintada	02	17.8564	82.2983
Risgam	21	19.9003	83.1304
Rivvalikona	21	19.3330	83.3658
Ringabadi	21	19.4176	83.3832
Rivvalakona	21	19.3469	83.4982
Rimala	02	18.0011	82.5093
Ringabadi	21	19.1413	83.5891
Ridinguda	21	19.3126	83.9716
Rivinjarpeta	02	17.0033	81.0531
Ringalgudem	40	17.7830	81.2955
Rith	34	25.9983	84.5336
Risal Raitola	36	25.7833	84.5714
Risri	09	24.3149	72.8587
Richhoda	35	23.4203	76.6615
Rinayar	35	22.8039	76.0658
Rinjrapol	35	22.6144	76.1170
Richaritalai	35	22.4920	76.1708
Ringania	09	23.2396	73.8496
Rirkali	24	26.2048	73.2675
Ringalti	39	29.7331	79.0081
Ringalta	39	29.6597	79.0667
Ritha	39	29.6406	79.0934
Ritha	39	29.6339	79.1195
Riwali	39	29.7051	79.1212
Rikwansi	39	29.6223	79.1612
Rikhtanda	39	29.7370	79.2223
Richa	39	29.0122	79.2470
Ringonia	39	29.8806	79.4317
Rikhani	39	29.7808	79.3026
Rikhar	39	29.7171	79.2983
Rikholi	39	29.6865	79.4010
Richhvel	09	22.5526	74.0151
Ringniapara	35	22.9305	74.7116
Riya	39	29.4474	79.2914
Riali	39	29.3419	79.4695
Richmalian	24	26.4191	74.3054
Rikhai	39	29.6814	79.5926
Ritha	39	29.6405	79.7077
Risal	39	29.7044	79.7339
Rikhakot	39	29.3036	79.7091
Rithani	39	29.4749	79.6668
Ritha Gunt	39	29.9545	79.5879
Ritha	39	29.9478	79.5538
Rithar	39	29.8911	79.5667
Riuni Lakhmar	39	29.9109	79.6655
Riwara	24	25.3345	74.3161
Riwara	24	25.3301	74.3069
Rini Math	34	26.4702	84.1155
Rimafat Chhapra	34	26.1939	84.1133
Rikhel	39	29.7816	79.7821
Rikhari	39	29.8171	79.9229
Rikhari	39	29.8009	79.8810
Rimkuiti	39	29.9070	79.9520
Rithabagar	39	29.9933	79.9128
Rikhana	39	29.5782	79.8092
Rithait	39	29.6935	79.9813
Risani	24	27.1201	75.7847
Rikholi	39	29.3764	79.8661
Rithanth	39	29.2920	79.7559
Rito	39	29.3601	79.9039
Ritaoli	35	22.7651	76.3504
Richholi	36	28.8468	79.4835
Risaura	34	26.1596	84.5688
Richhola	36	28.8300	79.5089
Richhi	35	22.2445	76.4196
Richhphal Kalan	35	22.1934	76.2904
Richhphal Khurd	35	22.1863	76.2858
Richhola Tara Chand	36	28.5068	79.5195
Richhola Chaudhri	36	28.5972	79.5506
Richhola Kifaitullah	36	28.5315	79.6223
Richha	36	28.3390	79.6025
Richhola Ghasi	36	28.3742	79.7322
Richholia	36	28.2945	79.7271
Riunan Kalan	36	28.1517	79.6363
Riunan Dhimra	36	28.1547	79.6351
Richhola	36	28.6193	79.9166
Rigwan	36	25.9807	84.2004
Ringniyatanr	34	25.2703	84.8548
Ridpura	34	25.0275	84.8627
Rita Bigha	34	25.1801	84.8665
Riur	34	24.8101	84.2294
Risiapa	38	24.3705	84.3444
Richharia	35	22.9655	76.7114
Richhi	35	22.8182	76.8971
Rimi	38	24.0009	84.5824
Rithauta	36	25.9383	80.0865
Risalpalya	19	13.2946	77.1899
Richards Town	19	13.0038	77.6185
Rimmagatte	19	14.3231	76.3405
Risal Rai	34	26.3674	86.4055
Rishi	34	25.2800	86.2871
Risalpur	34	25.2981	86.3535
Rivem	33	15.6217	74.1608
Ringinguda	40	19.3064	79.2460
Riakaldevipalli	40	18.5528	79.2854
Risiap	34	24.6959	84.3048
Risaudh	34	24.9083	84.9941
Riketganj	34	26.3570	87.2257
Rikabganj	34	25.9533	87.1106
Rikabganj	34	25.8151	87.4712
Rifadpur	34	25.2635	87.4157
Rikhar	34	25.8955	85.2222
Rifaetpur	34	24.9660	87.1279
Ridhur	16	21.1389	75.5112
Ridhori	16	21.1030	75.8433
Riwampalli	40	17.3569	78.8319
Rikha Purwa	36	27.4718	80.1449
Rinchenpong	29	27.2433	88.2709
Rishinaradamangalam	13	10.6193	76.4625
Rishiyur	25	10.7478	79.4541
Ribtingtoli	38	23.4991	85.1104
Rigtitoli	38	23.2694	85.2453
Ridadih	38	23.0560	85.3331
Rigid	28	23.4237	85.9705
Ridung	38	22.9722	85.1396
Righa	21	22.0503	85.7055
Ringari	38	23.0837	84.2077
Risapattoli	38	23.4031	84.4109
Rihari Asrotoli	38	23.0552	84.2771
Ringargora	38	22.5911	84.0759
Rigri	38	22.6214	84.3311
Richamuppanvalasa	25	9.1986	78.7037
Rikba	38	23.7536	85.3700
Riarda	38	22.8848	85.5663
Rigabera	38	22.8743	85.5524
Riarda	38	22.8279	85.5150
Riring	38	22.8409	85.8238
Riarda	38	22.8747	85.8789
Ritusai	38	22.0264	85.9298
Ria	21	20.8540	85.3613
Rijhodih	34	24.8421	85.8648
Risdih	34	24.9063	85.9688
Rijhni	38	24.5995	86.1138
Riguamarni	38	24.4269	86.4951
Rijumunda	21	20.9572	84.1078
Risbandh	21	20.7692	84.0322
Ringibadi	21	20.3151	84.4489
Ristiguda	21	20.0693	84.2946
Richukrong	30	27.3826	92.8230
Rini	39	30.4869	79.6934
Riwagahan	37	20.9908	80.9420