Rohini	07	28.7432	77.0678
Rohtak	10	28.8945	76.5892
Rourkela	21	22.2250	84.8641
Robertsonpet	19	12.9563	78.2754
Roorkee	39	29.8663	77.8912
Roha	16	18.4369	73.1196
Roshanpura	07	28.6006	76.9892
Ropar	23	30.9690	76.5269
Robertsganj	36	24.6886	83.0678
Rosera	34	25.7549	86.0315
Ron	19	15.6994	75.7341
Roing	30	28.1432	95.8447
Roha	09	23.1965	69.2708
Rohru	11	31.2027	77.7548
Rosera	35	22.9421	79.2148
Ror	35	24.5672	81.4149
Rozi Mata	09	22.5481	70.0430
Royapuram	25	13.1141	80.2947
Rowta	03	26.7058	92.2266
Rotung	30	28.1418	95.1528
Rosia	24	25.9667	72.8167
Roshanganj	34	24.5286	84.7142
Roshan	24	27.9500	74.8500
Roro	38	22.4793	85.6525
Rori	10	29.7437	75.2030
Rorawad	24	25.9978	76.7541
Rora Bhatpura	36	25.2871	79.2386
Rora	24	27.5424	73.4491
Rople	16	18.2152	75.3639
Ropla Buzurg	16	17.7882	75.4018
Roogee	19	17.0890	75.9687
Ronvel	09	20.5571	73.0470
Rontha	21	21.7721	85.1288
Rongsanggiri	18	25.4906	90.0112
Rongrenggiri	18	25.5306	90.5707
Rongram	18	25.5991	90.2562
Rongra	18	25.1940	90.7830
Rongmachokgiri	18	25.8046	90.0681
Rongjeng	18	25.6111	90.8689
Rongdu	41	34.4051	77.7874
Rongchugiri	18	25.6918	90.1451
Rongat	01	12.4667	92.9333
Rong	41	33.6877	77.7330
Rondapolli	21	18.9286	82.5669
Rombha	21	20.0856	84.4846
Rollapenta	02	15.8842	78.8242
Rolla	02	13.8415	77.1009
Rohal	24	28.0444	74.8671
Rol	24	27.1650	73.9281
Rojri	24	28.8060	73.0742
Rojhava	16	21.6205	74.2161
Roida	21	22.0144	85.3768
Rohti	23	30.3912	76.2036
Rohrabandh	38	23.6645	86.4997
Rohoni	09	22.4155	72.4724
Rohna Kalan	35	22.0191	78.8646
Rohna	16	20.8527	78.3280
Rohla	24	25.3252	71.4908
Rohisa	09	20.8311	71.2506
Rohini	24	27.4527	73.7172
Rohini	38	24.4757	86.6485
Rohini	28	22.1640	87.0901
Rohina	24	27.1018	74.1678
Rohera	24	24.6124	72.9608
Rohat	24	25.9550	73.1332
Rohankhed	16	20.6274	76.1296
Rohania	35	23.5079	81.0057
Rohania	35	23.4144	81.3994
Rohana	36	29.5913	77.7029
Rodhain	24	26.2489	77.1498
Roddam	02	14.0940	77.4279
Roang	41	33.6372	78.1408
Rohand	28	22.6575	88.4875
Rohiranwali Satharan	24	30.0458	73.8013
Rohiranwali Rathan	24	30.0244	73.8129
Roual	12	33.3201	74.1796
Rotan Singh Ki Dhani	24	26.5475	71.7528
Rowchha	12	34.3091	74.3313
Rohno Khurd	23	30.6492	76.1200
Rohat	10	28.9341	76.9747
Rohi	12	32.6569	74.8458
Rosinar	12	34.4340	73.9055
Roshanpur	36	29.7215	77.2721
Roni Harjipur	36	29.5445	77.4929
Ronija	24	25.7053	75.6658
Rosanda	24	25.6499	75.4982
Roshanpura	07	28.6092	76.9907
Rohni	39	29.8478	78.6362
Royapettah	25	13.0506	80.2642
Rokha ki Dhani	24	28.1928	75.4899
Rodha	10	28.7509	75.7357
Roshanpura	24	28.4159	75.6992
Rohno Kalan	23	30.6466	76.1333
Roshanpur	10	30.1270	76.6397
Rohar Jagir	23	30.1178	76.5300
Rohti	10	30.1170	76.7137
Rotele ka Khirk	35	25.1877	78.9171
Ronda	35	24.1776	78.5016
Rorai	35	24.8495	78.9925
Ronra	35	24.1082	78.8253
Rora	36	27.8542	79.4237
Rota	36	27.7943	79.2830
Ropalpur	36	27.0018	79.4412
Rora	35	26.4732	79.0234
Roshangpur	36	26.4920	79.3795
Romai Diwara	36	26.4206	79.4235
Romai Mustaqil	36	26.4102	79.4332
Rotanpura	36	25.7080	79.0617
Ronaha	36	26.8212	79.5093
Rondapur	36	26.8107	79.5238
Rohaniya	35	24.7446	79.1295
Roherewala	24	27.7753	71.6012
Rola ki Dhani	24	27.4734	71.8608
Rohida	24	24.6122	72.9606
Rolasar	24	28.7851	74.2137
Romgiri	18	25.7310	90.1375
Rongra Asimgiri	18	25.3941	90.4309
Rosekandi	03	24.6953	92.7150
Roisa	24	26.4756	74.1888
Roja	24	27.3882	74.2415
Rohina	24	27.3417	73.0648
Roriawan	24	25.7466	73.9945
Rollapadu	02	15.2526	77.6705
Rodappanayakkanpatti	31	9.0509	78.1464
Rohoda	16	19.9121	77.3456
Roshangaon	16	19.8048	75.7255
Rogda	37	21.9763	82.4076
Rohda	37	21.9317	82.7320
Rola	35	23.7845	75.1954
Roda	37	21.0162	82.2665
Rowmari	03	26.4428	91.9420
Romai	03	27.3788	95.0625
Rojhala	10	29.3639	76.6051
Rodh	10	29.4656	76.6154
Rojhpur	10	28.2260	76.7145
Rohna	10	28.8542	76.8792
Ropa	11	31.6242	77.0743
Ror	11	31.5516	77.2101
Ropru	11	31.5986	77.1835
Ropa	11	31.7373	77.1679
Rojani	24	28.7420	75.1721
Rodwal	24	28.0103	76.3557
Roh	12	33.2540	74.2635
Rohandah	11	31.4610	77.0279
Ropru	11	31.3140	77.0175
Ropa	11	31.3615	77.0457
Roharah	11	31.3762	77.0740
Rohni	11	31.4800	77.1034
Rohal	11	31.4894	77.0935
Rohal	11	31.3744	77.1330
Ropri	11	31.2510	77.2287
Ropli	11	31.2667	77.2276
Rosinar Baihk	12	34.5211	74.0116
Ropri	11	31.4077	77.2947
Ropra	11	31.3095	77.2779
Rokhlu	11	31.4186	77.3099
Ropa	11	31.4911	77.3293
Roha	11	31.4877	77.3606
Ropa	11	31.4557	77.3618
Ropla	11	31.4442	77.3349
Rorha	11	31.4091	77.3941
Rohchha	11	31.4794	77.4328
Ropli	11	31.4431	77.4294
Ropri	11	31.3546	77.4159
Ropi	11	31.2934	77.4753
Ropri	11	31.3566	77.4814
Roplu	11	31.3916	77.4790
Rogehr	11	31.4777	77.4473
Roheranwali	23	30.2138	74.2134
Roranwala	23	30.4989	74.2799
Roranwala	23	30.0088	74.5098
Roni	11	31.2133	77.3440
Roni	11	31.2054	77.3952
Rowan	11	31.0155	77.3471
Roti	11	31.0061	77.3537
Roni	11	31.1901	77.4529
Rohalti	11	31.0268	77.2608
Ropri	11	31.5197	77.6937
Ropri	11	31.4937	77.5651
Ropru	11	31.4419	77.6267
Rohila	11	31.1562	77.5262
Roni	11	31.1323	77.5784
Ronthi	11	31.2442	77.6989
Rog	11	30.9901	77.0427
Rotla	11	30.8535	77.1098
Rohar	11	30.9259	77.1976
Rohi	11	30.6872	77.1793
Roja	10	30.3942	77.2191
Ror Chhappar	10	30.1086	77.2276
Rori	11	30.9526	77.3334
Rohari	11	30.9489	77.3393
Rohru	11	30.8875	77.2901
Rowada	11	30.7959	77.2820
Roranwali	11	30.5608	77.2694
Roj	11	30.5555	77.3910
Roiya	11	30.6419	77.3800
Rolagarh	11	30.6993	77.4239
Roja	24	27.7013	76.5739
Rohana	11	30.5960	77.6067
Ror Lani	11	30.7274	77.7159
Roara	11	30.6055	77.7009
Ronijo	24	27.9940	76.7596
Roshanpur Pelon	36	30.2897	77.6509
Ronpur	24	27.4735	76.8290
Ronijapahar	24	27.4091	76.8047
Ronija Jat	24	27.3932	76.8321
Roshanabad	39	29.9660	78.0474
Rohalki	39	29.9024	78.0372
Ronsara Ghati	35	23.1876	78.3467
Ronsara	35	23.2323	78.4751
Ronsara	35	23.1539	78.3770
Roria Nala	35	23.0072	78.6545
Rorha	35	23.0907	78.6579
Roshanpur	36	29.9021	77.2542
Ronsi ka Barapura	24	26.7024	76.8657
Ronsi	24	26.6950	76.8482
Rolana	24	25.0136	76.2366
Rojhra	35	22.0248	78.1565
Rojhni	35	22.5524	78.8848
Rohna	35	22.1231	78.9309
Rohnadhana	35	22.0236	78.8540
Rohna	35	21.4886	78.0881
Roshankheda	16	21.4505	78.2896
Rohna	16	21.3470	78.4798
Rohna	35	21.9041	78.6758
Rohna	35	21.7138	78.8362
Rohirawala	24	29.9047	74.4093
Rojgata	09	24.2933	73.1270
Rothau	09	24.2959	73.1135
Ro	09	24.4557	73.0904
Roda	23	30.6820	75.0195
Rov	24	24.2720	73.5449
Rorda	24	24.3572	73.9510
Roshanwala	23	30.9639	75.3100
Rohalki Dayalpur	39	29.9178	77.8062
Rohalki	39	29.7104	77.9810
Ror	23	30.9850	75.9526
Roopnagar	07	28.6840	77.2014
Rohtasnagar	07	28.6812	77.2890
Rohillapur	36	28.5116	77.3775
Rohtasgarhi	36	28.7608	77.5709
Rori	36	28.8550	77.6103
Roshanpur	36	28.3599	77.6096
Roni	36	28.4141	77.6149
Rori Kapura	23	30.4439	74.8189
Romblawala	23	31.6064	75.9731
Ror	23	31.6978	75.8260
Rodhiana	24	25.8789	74.1664
Rojron ka Baria	24	25.7876	74.1897
Rora	24	24.6885	74.1680
Rojri	24	25.5497	75.2430
Roshanwala	23	30.2590	75.9884
Rohan	10	29.7553	75.1397
Rogla	23	30.0215	75.9514
Rojhanwali	23	29.7481	75.5651
Rockselwa	11	31.5188	78.2073
Roghi	11	31.5088	78.2222
Roshan Zamirpur	36	29.3158	78.6152
Rotapur	36	28.4237	79.2210
Rotapur	36	28.4013	79.2224
Roja Kalan	24	24.2267	76.4794
Rohilapalli	40	18.9528	79.9223
Rohi	36	28.1670	77.6265
Rompalli	16	18.9790	80.0365
Rokdanda	29	27.1355	88.4228
Rong	29	27.1296	88.3663
Rorathang	29	27.2020	88.6217
Rojara	24	28.0573	75.9007
Rohala	23	30.8482	76.1434
Rohina	16	19.6216	76.2620
Rohti Basta Singhwali	23	30.3610	76.1965
Rohta	23	30.3815	76.1887
Rohti Mauran	23	30.3713	76.1975
Roshanpuri	16	19.1894	76.2696
Rokadwadi	16	19.0132	76.8376
Ror Majri	23	30.9963	76.2536
Rorgarh	23	30.4384	76.3446
Rode Majra	23	30.8813	76.5445
Roi	16	18.5181	76.4300
Rohina	16	18.4445	76.9459
Ronchhi	36	27.4265	77.7045
Roj Khera	10	29.4580	76.2460
Roherian	10	29.7544	76.3497
Rohera	10	29.5632	76.4252
Rojagiribawachiwadi	16	17.8394	76.2756
Ronda	36	28.1913	77.8852
Rosangi	19	17.0800	76.7060
Rolla	19	17.7648	76.9609
Rohasi	37	21.5239	82.2417
Rogadih	37	20.1047	81.7643
Rodalbandi	19	16.2019	76.3647
Rodra	37	21.6754	81.4330
Rohi Pimpalgaon Tanda	16	19.0804	77.4825
Roshangaon	16	18.8760	77.7555
Rohta	36	27.1028	78.0060
Rohna	36	27.3698	78.4716
Rohani	16	20.5386	78.3482
Rohtek	16	20.2035	78.3173
Rotha	16	20.7398	78.5385
Rohankhera	16	20.5255	78.6391
Rohpat	16	20.0329	78.7278
Ron	35	23.7699	79.2181
Ronra	35	23.9525	79.5736
Ronsra	35	23.3720	79.6338
Rojha	35	23.2445	79.7802
Roshannagar	36	27.8606	78.8406
Rorawar	36	27.8799	78.0516
Rohna Singhpur	36	27.8276	78.2183
Ronsra	35	22.9298	79.4146
Ronsri	35	22.9289	79.4249
Rohiya	35	22.8116	79.4997
Roriyapura	35	26.7247	78.4006
Rowat ka Pura	35	26.7145	78.3753
Ronra	36	24.7429	78.4379
Rolmamda	40	19.2743	78.4219
Rohna	16	21.3187	79.1078
Rohana	16	21.2731	79.1755
Rohan	36	27.2688	79.3158
Rohilla	36	27.3197	79.4377
Rohai	24	26.8287	77.7274
Rohra	36	27.6355	79.8295
Rohli	36	27.0927	79.6437
Rori	36	27.1182	79.6149
Roda	35	25.3484	77.4331
Roshanpur	36	27.9314	79.7895
Rohni	35	21.9436	76.5016
Rorakheri	35	24.2898	77.0364
Roriya	35	24.3440	77.5348
Rolpura	35	24.1181	77.7018
Rohal	36	27.7335	78.0959
Rodduli	36	27.6108	78.1706
Rohi	36	27.5342	78.0188
Rollakall Tanda	40	17.7636	79.6655
Rollakall	40	17.7541	79.6847
Roza Alipet	40	17.5704	79.9944
Roshnapur	36	26.5861	79.6302
Rohini	36	26.3744	79.6659
Rollakallu	40	16.7362	79.0648
Roshanmau	36	26.4787	79.9578
Rohansi	36	27.4950	78.6154
Rohinia	36	25.5033	79.8608
Roshnabad	36	25.0159	80.3026
Roshanpur	36	25.5397	81.0869
Rosar	35	22.1735	76.7931
Roh Khurd	36	25.7330	82.1865
Roh Kalan	36	25.7234	82.1674
Rohiaon	36	25.7388	82.2388
Roni	36	25.2065	79.1445
Rohani	35	21.9532	76.2115
Roshiya	35	21.9632	76.1503
Roshiya	35	21.9584	76.1550
Roshanpura	36	25.4169	79.8116
Rohi Khas	36	26.9643	78.1710
Roshanhar	35	21.7361	76.2358
Rohni	35	21.4688	76.1126
Ronda	35	21.4164	76.0005
Rojhara	35	23.2470	77.8097
Rora	35	24.8042	79.6177
Roanpar	36	25.6885	83.0882
Ronki ka Pura	36	26.9390	78.4903
Rose ka Pura	35	26.7241	78.5095
Rohanda	35	26.6960	78.5283
Roai ka Pura	35	26.6156	78.5200
Roshnahar	36	25.0322	83.0105
Ronija	35	25.6561	78.1925
Rohna	16	20.6459	76.4757
Ronsara	35	24.1354	79.5905
Ronra	35	24.0901	79.5216
Rolgaon	35	22.2142	77.0220
Rohankhi	34	25.1289	83.3591
Rojhra	35	22.0300	77.7026
Ronija	36	25.5600	78.5381
Rohda	36	25.3351	83.6219
Rohinikhera	35	21.7724	77.1105
Rora	16	21.5279	77.1562
Rozrikhera	35	21.9419	77.2917
Rondha	35	21.8447	77.8657
Rohnibhan	34	25.4307	83.8397
Rohdaspatti	34	25.1287	83.8994
Rohana	16	20.1405	77.6993
Rohana	16	20.6740	77.7897
Rohankhed	16	21.1849	77.8853
Rohankhed	16	21.0834	77.7904
Ronga	16	21.4739	79.5372
Rohankheda	16	20.9806	77.1211
Rohana	16	20.8623	77.0955
Rohana	16	20.2545	77.4814
Rohan	16	20.8140	77.4811
Rohanitola	16	21.5560	79.6621
Roha	16	21.2847	79.7464
Rohana	16	21.2726	79.6878
Ropadandi	36	24.4570	83.2222
Rohinwan	36	24.4238	83.1410
Rorwa	36	24.4011	83.3493
Rohiniyan	38	24.3805	83.4798
Rohiniyandamar	36	24.3297	83.3696
Ropar	34	24.9152	83.5812
Rohila	38	24.2484	83.6332
Rohni	16	20.7358	79.8165
Rowi	16	20.5130	79.9569
Rokarwadi	16	18.8687	76.6009
Rodalbandi	19	16.2312	76.7145
Roza	19	16.8583	76.9012
Roshanganj	35	23.7988	78.0644
Royyapalli	40	17.6538	78.3056
Rora	35	23.3634	78.0233
Rotyana	35	25.3031	78.8917
Rollabanda Penta	40	16.2789	78.7584
Rosalya	24	24.9475	76.3487
Rojri	35	23.8542	76.2781
Rodgi	19	17.2065	76.1655
Rohopetti	16	19.8815	78.2740
Rohilla	36	27.2115	79.2347
Rojhauhi	35	24.8730	81.5108
Rojawah	35	24.7696	81.6250
Rojhaha	35	24.5479	81.9295
Rojhawan	35	24.3740	81.8536
Rorighat	35	22.4264	78.3578
Rora	35	22.0610	78.3988
Rohni	16	20.3926	78.6644
Rohinia	35	24.0421	80.3367
Rohinia	35	24.9158	80.7243
Rohri	36	25.9747	82.0900
Rohni	35	23.0979	79.2968
Rohni	35	23.6409	79.5857
Rond	35	23.7182	79.6948
Rohanbari	35	24.1754	80.1455
Rongwa	35	24.5695	80.8138
Rohi	36	25.3864	82.3280
Rohania	35	24.1946	80.5259
Roh	36	25.4897	82.8477
Rohania	36	25.2891	82.9283
Rohelapur	36	25.0709	82.8605
Rohania Khurd	35	24.0694	80.5192
Rohanla	35	24.1446	80.6879
Rojohin	36	24.8948	82.3902
Robertsganj	36	24.8761	82.9932
Rohinahwan	36	24.3962	82.9123
Rohinahwan	36	24.4028	82.8978
Roni	36	25.0969	82.0154
Roshan Khera	36	26.2703	80.8367
Roshanganj	36	26.4161	80.8868
Rohad	10	28.7439	76.8063
Roshan Mandi	07	28.6132	76.9918
Roshan Vihar	07	28.5993	76.9843
Ropra	36	29.1895	78.0577
Roshanpur	36	29.4817	78.4420
Roshanpur	36	29.4356	78.3751
Rothia	36	27.8124	81.1400
Roha Chandi Khera	36	27.7395	81.1222
Rodain	36	27.4706	81.1457
Rohna	36	25.8387	83.8240
Roshan Chak	36	27.5159	81.8127
Rosik Purwa	36	27.1231	81.8077
Rohni Purwa	36	27.0364	81.7771
Rosan	35	22.2921	79.7899
Rojhain	34	24.9815	83.9192
Rohna	16	21.2215	79.5798
Roshanpur	36	29.1631	78.3747
Roshanpur Jagir	36	29.1378	78.4361
Rounderi Chhoti	39	29.6605	78.9359
Roshan Singh Purwa	36	26.2936	81.2896
Roshanpur	36	29.0491	78.8522
Rohna	16	20.7110	79.5036
Rohna	16	20.7440	79.6262
Rotipur	36	26.3241	81.8188
Roghnathpur	36	26.2879	81.9009
Ronian Dakhin	36	26.3128	81.9160
Ronjan Pachchhim	36	26.3155	81.9175
Ronian Purab	36	26.3137	81.9216
Rohnian	35	24.0007	80.9003
Roshanpur Tikari	36	25.8198	81.1383
Rohod	16	21.0434	74.0283
Rojgaon	16	21.1014	74.3746
Rohaniya	36	25.1531	81.1076
Rodepur	36	27.0013	80.8763
Rotan	36	27.0798	81.6670
Rohnibhari	36	27.3869	81.8599
Rora Dip	36	28.4493	78.4380
Rohanian	36	28.2265	79.8238
Rohela	36	28.0382	79.9106
Rohinia	36	25.9791	81.3831
Rohna Miranpur	36	26.5868	81.5364
Roghnathpur	36	26.2362	81.7983
Ronda	36	28.7039	78.8997
Robwala	12	33.7401	74.3119
Rohida	39	29.9876	79.2458
Rohnibhari	36	27.3583	82.5230
Rohuwa	36	27.1115	82.9518
Ropur	12	33.9541	74.7917
Romu	12	33.8552	74.8291
Rohari	36	26.4852	82.1845
Roli Kalns	12	33.4418	74.9234
Rowan	36	25.9961	83.0480
Roal	12	32.5256	74.8203
Rowa Babu	36	26.8055	82.4589
Roshannagar	36	26.6634	82.3074
Rohtamnagar	36	26.6314	82.4151
Rohanpara	36	26.5664	82.3563
Rotigaon	36	26.3699	82.3773
Rozah Purwa	36	26.1596	82.2679
Rohua Mustafabad	36	25.8975	83.0213
Rohiawan	36	26.2448	82.3614
Rozah	36	26.1496	82.3537
Rozah	36	26.0086	82.3990
Rohi Patti	36	26.0001	82.3933
Rohianwan	36	26.2318	82.5004
Rohni	36	26.2489	82.3681
Roshangarh	36	26.3963	82.5983
Rohsa	36	26.1374	82.6303
Rohra	36	26.1500	82.6406
Rojwa	36	26.9243	82.7604
Rowangowan	36	26.6703	82.7992
Roshanpur	36	25.9340	83.2888
Roshanpur	36	26.4891	82.9046
Roza Tola	36	27.0384	83.5531
Rohal	12	33.6373	75.0501
Romatpur	36	25.8249	81.6075
Roshnapur	36	26.5848	83.2360
Ronawe	36	26.3263	83.0917
Rohwa	36	26.4803	83.1807
Rohari	36	26.4331	83.1921
Roshanganj	36	26.3444	83.2481
Ronpur	36	26.1087	83.1019
Rojia	36	26.1117	83.1685
Rohuwa	36	26.7856	83.2538
Roha	36	26.5718	83.4696
Ronidiha	36	26.3906	83.3365
Rohua	36	26.8235	83.6873
Rohua Satbharia	36	26.8238	83.7119
Rohi	36	25.5550	81.5099
Rohia	36	26.6455	83.7426
Ror	36	25.7499	81.6989
Rohua	36	26.3171	83.6074
Roshanpur	36	26.2218	83.6100
Royur	40	18.3840	80.4372
Rora	35	23.3559	80.0852
Rojhan	35	23.5253	80.4299
Rotipadarna	12	33.1571	75.6444
Rokali	12	33.1090	75.7139
Rojhin	35	23.5713	80.6994
Rojhin	35	23.4489	80.6514
Roganda	12	33.5945	75.8007
Ronambal Ler	12	32.5651	75.3837
Rolyal	12	32.7236	75.5279
Rohna	36	25.8427	81.7734
Ror	36	25.8011	81.8999
Rohi	36	25.5913	81.8061
Rohera	36	25.5688	81.9789
Rokri	36	25.2123	81.9630
Rojwa	09	22.4027	74.2610
Rorda	35	22.2523	74.3706
Roja	35	22.2233	74.7134
Roja	35	22.2414	74.7067
Rohro	11	32.4201	75.9579
Rohru	11	32.4523	75.9496
Roshmal Khurd	16	21.8975	74.1379
Roshmal Budrukh	16	21.8338	74.1941
Roj	16	20.5770	74.6911
Rojri	35	22.7710	75.7225
Rosyawari	35	22.3480	75.7786
Ronia	35	22.0100	75.9124
Rohini	16	21.3894	75.0942
Roto	35	22.7526	80.0537
Rojkund	35	22.9250	80.0608
Rokda	16	20.6807	75.1817
Roala	11	32.1882	75.8301
Ronah	11	32.2408	75.8426
Ropra	11	32.2069	75.8505
Ror	11	32.2451	75.8672
Roroh	11	32.1168	75.9149
Roranwala Khurd	23	31.5981	74.5877
Roranwala Kalan	23	31.5954	74.6008
Rowana	35	22.3993	80.1046
Roho	09	24.4159	72.6475
Rosra	35	22.8556	80.5034
Ronda	35	22.3625	80.5914
Rokhe	23	31.8034	74.7668
Rondatola	35	22.1204	80.5260
Rodewala	23	31.1121	74.8669
Roshan Shahwala	23	31.0404	74.9969
Rolad Latifpur Khera	10	29.1009	76.8625
Rolad Latifpur	10	29.1009	76.8570
Rol	35	22.2620	80.9876
Rodewala	23	30.9180	74.5221
Ror Khera	23	31.9289	75.1532
Roshna	35	21.9140	80.1559
Rondha	16	21.3228	80.4897
Roranwali	23	31.9252	75.3969
Roshanwala	23	31.1144	75.4638
Rodawas	24	25.8393	73.9295
Rotimar	37	22.6477	82.1832
Rojhimuda	37	22.9975	82.4112
Rode	37	22.8343	82.4573
Roltola	37	21.9972	80.9408
Rol	37	21.9885	80.9340
Rohini	16	20.3702	74.8625
Rohile Budrukh	16	20.1664	74.9243
Rohile Khurd	16	20.1665	74.9264
Rotvad	16	21.0914	75.2411
Romchichli	35	21.7397	75.4928
Rogda	37	22.1411	82.7103
Rokda	16	20.4382	75.0707
Rogada	37	21.9778	82.4077
Rojhandih	37	21.8638	82.4196
Rogada	37	21.8802	82.6758
Rohina	37	21.6585	82.8405
Rora	37	21.0016	82.0198
Ronra	37	21.0017	82.2529
Rodan Khera	36	27.0353	80.7396
Rodan Khera	36	27.0606	80.6338
Rohin	36	27.9189	80.8728
Rorha	36	27.3953	80.8250
Rotha	16	20.2784	80.1801
Ropa	16	20.8740	80.2837
Rorian	23	31.4756	75.8867
Rotdhar	12	33.2884	76.1622
Rondi	11	32.5777	76.1101
Rohar	11	32.3487	76.1002
Rondawahi	16	20.0338	80.3595
Rod ka Gura	24	25.2229	73.7521
Roli	37	22.3780	81.2583
Roshanpur	36	27.2225	81.0732
Roldahpur	36	27.1750	81.0115
Roshannagar	36	27.0096	81.2338
Rohra	37	22.0987	81.7273
Ropa	11	32.1050	76.6522
Ropa	11	32.0611	76.5447
Ropru	11	32.0616	76.8611
Rolang	11	32.0359	76.8731
Rot	11	32.0222	76.8601
Rori Kori	11	31.9101	76.1165
Ror	11	31.9842	76.1321
Rohra	37	21.9737	81.8910
Rohra	37	21.7380	81.8675
Ror Mazara	23	31.1972	76.2175
Rolda Kotha	23	31.0276	76.1291
Ropa	11	31.9738	76.3263
Ropa	11	31.8102	76.4912
Ror	11	31.7993	76.3133
Rottian	11	31.7742	76.4035
Rosara	37	21.3123	82.8068
Rohina	37	21.4328	82.9515
Ropa Padhar	11	31.9779	76.8330
Ropri	11	31.9523	76.7548
Rota	11	31.9058	76.8034
Ropa	11	31.9068	76.9707
Ropa	11	31.8083	76.9809
Ropru	11	31.7195	76.8577
Rohan	11	31.6627	76.7949
Rora	11	31.6271	76.9265
Ropa	11	31.5942	76.8768
Ropri	11	31.5424	76.8649
Ropa	11	31.5406	76.8949
Ropri	11	31.4715	76.8686
Ropru	11	31.4600	76.9719
Ropa	11	31.4629	76.9780
Ropri	11	31.4549	76.8455
Ropa	11	31.4682	76.7841
Rohan	11	31.4229	76.7547
Ropri	11	31.4246	76.8875
Ropa	11	31.3909	76.8861
Ropa	11	31.3865	76.8195
Ropa	11	31.3871	76.8419
Rora	23	30.7350	76.5696
Rogi	11	30.9930	76.7936
Ropara	24	26.8534	75.9068
Rohela	11	31.1092	77.0857
Roura	11	31.0038	77.1457
Rosanda-ki-Jhonpria	24	25.6318	75.4981
Rola	24	23.2144	74.2009
Rohinia	24	23.1877	74.2474
Royania Ramsingh	24	23.2432	74.2989
Royania Dalpatsingh	24	23.2346	74.3046
Royania	24	23.2166	74.4153
Rojia	24	23.1614	74.2846
Rojia	35	23.0789	74.4264
Rotan	11	31.1203	77.7867
Rohanpadar	21	20.3498	82.7418
Rokal	21	20.2183	82.6403
Rohalka	36	30.1282	77.5643
Rogla Hathauli	36	30.1473	77.5453
Rohalki	36	30.1246	77.5744
Rodo	38	23.8060	83.8710
Rohra	38	23.8619	83.8636
Rota Khera	39	30.7929	77.8606
Rovvagadda	02	17.6770	81.8572
Rojwas	35	23.3310	76.1794
Rongchil Dogri	11	31.6084	78.3874
Rorang Saring Dogri	11	31.6452	78.4045
Rovang Dogri	11	31.5711	78.4636
Rohinapali	37	21.5529	83.2452
Rohinapali	37	21.5192	83.1669
Roliyakheri	35	23.6555	76.3568
Rotiah	39	30.0125	78.9800
Roidu	39	29.9652	78.8051
Rora	36	28.3871	78.0563
Roinda	36	28.3882	78.0276
Rora	36	28.3485	78.1851
Roshanpur	36	28.2040	78.3558
Ronail Khurd	35	23.1088	76.2778
Rohini	21	21.8192	83.6909
Rojiya	35	23.8982	76.7014
Rojar Kalan	35	23.9081	76.6962
Roshiya	35	23.8994	76.6682
Rotigaon	36	27.0293	81.3119
Rojhaya Bhikham Shah	36	26.0265	81.2875
Rokha	36	26.1726	81.4328
Rokar	36	26.9782	81.6187
Roshan Lal	36	26.8299	81.5179
Roshanganj	36	26.4248	81.5376
Rohara	36	26.0009	81.6218
Rohnsi Narauli	36	26.2371	81.6543
Rohnsi Buzurg	36	26.1721	81.6574
Rolangpadu	02	18.0194	82.7849
Rollagadda	02	17.6479	82.1112
Rolangi	02	17.7965	82.4168
Rompimalla	40	17.0267	80.3624
Rolupadu	02	17.0498	80.5723
Robbasingi	02	17.7525	82.5264
Rolugunta	02	17.7166	82.6681
Rongalinayadupalem	02	17.7265	82.9350
Rohinipalli	21	19.8533	83.0022
Rohinipalli	21	19.9526	83.1831
Rogaguda	21	19.6907	83.2576
Rongopiaguda	21	18.5062	82.0745
Rottakhondi	21	18.7356	82.2206
Rongoniaguda	21	18.4879	82.1542
Rongologuda	21	18.7164	82.3746
Ronganiguda	02	18.3484	82.4009
Roddang	21	19.4917	83.4246
Rolaguda	21	19.0842	83.3082
Roppa	21	19.1244	83.3470
Rodangi	21	19.2712	83.5244
Rollagadda	21	18.0616	82.2705
Ronganapuro	21	18.8709	82.5476
Ronganiguda	21	18.8268	82.5654
Rongomaliguda	21	18.9292	82.7458
Ronginiguda	21	18.5747	82.5155
Rolangaput	02	18.0312	82.5499
Rongoguda	21	18.8727	82.7548
Royyuru	02	16.3931	80.7380
Rosaiputtu	21	18.6960	82.7593
Ronginiguda	21	18.5969	82.7641
Rochipaka	21	19.0771	83.5354
Rosani	21	19.0554	83.6814
Routhuguda	21	19.3597	83.7609
Routhuranga	21	19.2837	83.8208
Roddavalasa	02	18.5301	83.0885
Rompalle	02	18.2873	83.2221
Rompalle	02	18.5412	83.2691
Rongalivanivalasa	02	18.5381	83.2593
Rokel	37	18.5760	81.7313
Roddanapalle	21	18.1756	81.5833
Rompallevalasa	02	18.4441	83.3175
Rollavaka	02	18.1815	83.3866
Roagbuta	37	18.5290	81.7825
Rowtipeta	02	18.3699	83.6149
Rolluchappita	02	18.0753	83.6243
Rosingi	21	18.9955	83.9429
Roliguda	02	18.6069	83.8785
Rottavalasa	02	18.4744	83.9018
Ronanki	02	18.3810	83.9674
Rompivalasa	02	18.2308	83.7691
Rongalinayudupalem	02	17.8823	83.0097
Rojar	35	23.7268	76.5509
Rosiya	35	23.6661	76.6404
Rolakheri	35	23.1750	76.7290
Ronsala	35	23.6158	76.7839
Ronsla	35	23.2336	76.8190
Rolukheri	35	23.2341	76.9859
Rojawara M.	09	23.0932	73.0211
Rojhao	09	23.2090	73.3966
Robia	24	23.9645	73.5467
Rohan Wara	24	23.9454	73.7061
Rol	09	23.5328	73.5290
Royania	09	23.3587	73.8662
Rohinia Muwara	09	23.1665	73.7891
Rohnia	24	23.3280	74.1731
Ronwari	24	23.2953	74.1838
Rohat ki Dhani	24	25.9292	73.1394
Rodla	24	25.4336	73.0263
Roshantola	34	25.4309	84.4998
Rotapanl	39	29.8045	79.2586
Ronwara	24	24.9806	73.2453
Roji Para	09	22.7042	74.2430
Rorda	09	22.1534	74.0764
Rosan	35	22.1309	74.2127
Rorda	35	22.2207	74.2869
Rotla	35	22.7265	74.6799
Ropra	39	29.3359	79.4834
Rori	24	24.8248	73.9128
Roisa Dhani	24	26.4950	74.1764
Roisi	24	26.4789	74.2120
Ropaich	34	25.1375	84.6172
Roja	34	25.2332	84.6743
Rohai	34	25.2043	84.7024
Rojhan Bigha	34	25.1194	84.6669
Roherakhera	24	26.0100	74.2246
Rodpur	39	29.7052	79.5090
Rojawas	24	26.7072	74.5843
Rolyana	39	29.8363	79.5815
Roari	34	27.0537	84.4272
Rorawas	24	26.7096	74.7522
Rora ka Baria	24	25.8642	74.3201
Rol	39	29.5643	79.9660
Rolu Piplia	35	22.9940	76.2987
Roshnabad	35	22.9384	76.3480
Rojri	35	22.8699	76.2694
Roshannagar	36	28.0616	79.0484
Rota	36	28.1519	79.0725
Rohania	36	28.7836	79.4213
Roheli	36	28.6698	79.4310
Rohela	36	28.6688	79.4352
Rotha	36	28.3805	79.3685
Rokampur	36	28.4471	79.3277
Rohri	36	28.0255	79.4438
Rohua Tal	34	26.3191	84.7338
Ronmala	09	23.9814	73.2465
Rosar	35	21.9664	74.6018
Rohinia	34	26.7678	84.8784
Rohua	34	26.5479	84.7666
Rohua Khas	34	26.5474	84.7752
Rohani	35	22.1325	76.4117
Roshanpura	35	22.1266	76.2822
Rohana	16	21.1376	74.6870
Rora Ramnagar	36	28.6866	79.8397
Rohilatola	34	25.3043	84.9147
Rostampur	34	25.4893	84.9692
Rohidas Khap	34	24.6218	84.2120
Rohua	36	25.7983	84.2779
Rohinya	35	22.3283	76.6800
Rolagaon	35	22.8784	76.7669
Rol	38	24.2229	84.2712
Rohariya	38	24.2877	84.5064
Rohwe	34	24.4087	84.6334
Rompicherla	02	16.2098	79.9090
Rohmar	38	24.1624	85.0561
Rohani Purwa	36	25.2451	80.7361
Rottigvad	19	15.3142	75.3693
Roddakampalle	02	14.1079	77.4212
Roddammapalem	02	13.8820	77.2004
Rollebetta	02	13.8549	77.1129
Roppa	19	13.4787	77.1966
Ropadapalya	19	13.3216	77.1451
Rojipur	19	13.3043	77.5412
Rodamvaripalli	19	13.8228	77.8147
Rotepalli	40	19.0921	79.3639
Rolapahad	40	19.1967	79.4715
Rotta Jabba	12	33.4462	74.2003
Rohua	34	25.7653	85.9959
Rochna	34	25.7179	85.8242
Rohi	34	24.4944	84.9993
Rosana	34	24.6440	85.2104
Romi	38	24.2825	85.1701
Rohanyantanr	38	24.4617	85.4861
Romi	38	24.1913	85.3922
Romi	38	24.0237	85.3342
Roh	34	24.8905	85.6750
Rohua	34	24.9392	85.6746
Ropnadih	38	24.2537	85.6845
Rohitol	34	26.3338	86.3193
Roppa	19	13.9223	76.2872
Rohua	34	26.1285	86.3917
Rohar	34	25.9917	86.2366
Rohua	34	25.2251	86.1185
Rohua	34	25.4557	86.4258
Rohuaman	34	25.8761	86.5502
Rohua	34	25.7687	86.6186
Rohua	34	25.9223	86.5445
Rohiar	34	25.5513	86.6208
Rohinwa	34	25.5718	86.7562
Royania	09	23.4799	73.6283
Rodala	23	31.6908	74.7957
Rora	36	26.1972	79.0730
Rolapur	40	19.0606	79.0643
Rompalli	40	19.0969	79.2426
Rodalkundi	19	15.6775	76.7752
Rohan Bigha	34	24.9418	84.9688
Rohuatola	34	24.7533	84.9330
Roshan Chak	38	24.5186	84.8053
Rohi Bigha	34	24.6664	84.9417
Roshan Chak	34	24.5223	84.9988
Roharia	34	26.0730	87.1847
Rohia	34	26.1900	87.8574
Rosatampur	34	25.8337	87.1615
Rohua	34	25.7485	87.1312
Rohua	34	25.7230	87.3903
Rounia	34	25.5179	87.3999
Rohua	34	25.7407	87.4056
Roharia	34	25.9654	87.6123
Routi	34	25.9075	87.6281
Rohua	34	25.9173	87.7347
Roshanpur	34	25.2528	87.3669
Rohna	34	25.9865	85.1615
Romantola	34	25.6458	85.1375
Rohila Chak	34	25.4141	85.1270
Rotari	34	25.6892	87.6962
Roldih	38	25.1982	87.6363
Rohia	34	25.5559	87.8015
Roshanganj	34	25.6848	87.8343
Roldih	38	24.3842	87.5246
Rolajiwanpur	38	24.4679	87.6937
Rolagram	38	24.4806	87.7003
Rongaipur	28	24.2442	87.8059
Rohua Shahmian	34	25.8499	85.2567
Rojhani	35	21.9007	75.1881
Rohua	34	25.7393	85.4965
Rohua	34	25.0208	85.2991
Rohariapind	34	25.0343	85.4246
Rosia	35	21.7433	75.8977
Rojhoda	16	21.1945	75.8911
Rotvad	16	20.7849	75.5731
Rohania	34	26.1250	87.7452
Rodekhawadi	16	20.0690	75.6455
Rohilia	36	27.4482	80.0163
Rojhai	36	27.2512	80.1901
Roda Purwa	36	27.4083	80.1173
Roshanpur	36	27.1481	80.0745
Roopangarh	24	26.7948	74.8509
Rojid	09	22.1950	71.8883
Roparlahalli	19	13.4721	77.9543
Roza	02	15.8424	78.0384
Rollampadu	02	15.8657	78.1356
Rollapadu	02	15.7351	78.3640
Rodamvaripalle	02	14.1789	78.1140
Ronur	19	13.3944	78.2479
Rollagumpadu	02	15.5808	79.2045
Rompidodla	02	15.0381	79.5022
Rollamadugu	02	14.0933	79.0400
Rompicherla	02	13.6707	79.0464
Rollavaripalli	02	13.1795	79.0015
Rosanuru	02	13.8408	79.9031
Roshanagaram	25	13.4394	79.9864
Royaruthupathi	25	11.1402	76.8787
Rosnamal	34	25.4143	87.7422
Rottikaranur	25	10.8650	76.9091
Ronihalli	25	11.9898	77.9640
Rol	38	23.5021	85.0239
Rol	38	23.5873	85.1710
Ronhe	38	23.2824	85.1583
Ronhedih	38	23.1894	85.1626
Ronhe	38	23.1857	85.1631
Rolagutu	38	23.1883	85.1344
Roro	38	23.0324	85.1646
Rochap	38	23.6635	85.2525
Rol	38	23.4835	85.3357
Roltoli	38	23.3055	85.4935
Rongo	38	23.0542	85.3534
Rotadih	38	23.0263	85.3846
Rola	38	23.8782	85.6292
Rohniatoli	38	23.7461	85.7081
Rola	38	23.4973	85.5289
Rohinidih	38	23.4935	85.5786
Ronredih	38	23.2194	85.5594
Rolabera	38	23.1068	85.6683
Rohanitanrtoli	38	23.6956	85.9291
Rohar	38	23.6971	85.9180
Rola	38	23.5787	85.7712
Roria	38	23.4900	85.9389
Ronhe	38	22.8930	85.1582
Roro	38	22.7071	85.2192
Rogratoli	38	22.6497	85.0592
Roma	38	22.5746	85.1591
Robkera	38	22.5450	85.1448
Roladih	38	22.9526	85.3544
Roro	38	22.8903	85.2900
Roro	38	22.7751	85.2791
Rowali	38	22.8372	85.3897
Roabali	38	22.8462	85.4400
Roprotoli	38	22.8742	85.3757
Romba	38	22.9223	85.4061
Rokab	38	22.8678	85.4895
Rogodih	38	22.8141	85.4658
Roriatoli	38	24.2926	84.8614
Rosna	38	24.3210	84.9849
Rol	38	24.0609	84.9705
Rolakuti	38	22.5060	85.4406
Robenta	38	22.1827	85.5355
Rohini	38	24.2198	86.7962
Rol	38	23.6522	84.3599
Rol	38	23.3775	84.3560
Ropakonatoli	38	23.3063	84.3353
Roghadih	38	23.1166	84.3807
Rorettoli	38	23.1228	84.4138
Rohantoli	38	23.7986	84.5521
Rohan	38	23.8612	84.6929
Rorad	38	23.5218	84.5386
Rocho	38	23.5583	84.6942
Rotwatoli	38	23.4978	84.6455
Ronhe	38	23.9383	84.7992
Rol	38	23.9717	84.9553
Rohiniatanrtoli	38	23.6820	84.9956
Roliatoli	38	23.6826	84.9308
Ronihatoli	38	23.5066	84.7988
Rohum	38	23.5547	84.9295
Roritoli	38	23.2786	84.7779
Rogo	38	23.2451	84.9706
Roghadih	38	23.2101	84.9573
Ronrapani	38	22.6179	84.1753
Rontoli	38	22.4250	84.3670
Royatoli	38	22.4545	84.4074
Rokedega	38	22.8436	84.5895
Roiamunda	38	22.4807	84.6925
Rodatoli	38	22.9307	84.9433
Rohga	38	22.4995	84.8227
Rogini	25	9.4199	78.6631
Rodavilai	25	8.2584	77.8399
Rottuppatti	25	9.8970	77.2965
Rosanappatti	25	9.9783	77.5747
Rola	38	23.9915	85.4239
Ronhe	38	23.7545	85.2835
Rongo	38	22.4045	85.2739
Roam	38	22.3314	85.3960
Romkud	38	22.4856	85.3705
Rolahatu	38	22.8437	85.6054
Roladih	38	22.7573	85.6744
Rolamarcha	38	22.7951	85.6790
Rochda	38	22.8382	85.6763
Rotundih	38	22.9783	85.7010
Robga	38	22.6204	85.6734
Romara	38	22.3588	85.6669
Roladih	38	22.9769	85.7664
Ropsinghtoli	38	22.9748	85.8001
Rola	38	22.6159	85.9721
Roladi	38	22.3533	85.9295
Roladih	38	22.4729	85.9268
Rotebasang	38	22.0479	85.8086
Ronjo	21	21.7193	85.0651
Roradih	21	21.6110	85.1714
Rohila	21	21.3526	85.2263
Robo	21	21.6920	85.3172
Romati	21	21.5903	85.3258
Rodua	21	21.5535	85.6036
Rodua	21	21.5491	85.5854
Rohi	21	21.2704	85.7192
Roowang	11	31.5740	78.4612
Rodang	21	21.1471	85.5478
Rogabad	21	20.3073	85.0303
Rohisahi	21	20.1778	85.0565
Rohiniatanr	38	24.4901	85.8995
Rosoiatanr	38	24.4646	85.9327
Rojhania	34	24.6595	86.2435
Rohniatanr	38	24.1742	86.1962
Rohniatanr	38	24.1573	86.2137
Rohania	34	24.7405	86.3693
Rohniatanr	38	24.3794	86.3821
Rohinigadia	21	21.2578	84.7325
Routmara	21	21.5323	84.7585
Rombha	21	20.1324	84.2934
Rotingia	21	20.1157	84.3362
Rodasingi	21	20.2485	84.3943
Rongomatia	21	20.2182	84.4864
Rombhapalli	21	20.0028	84.4805
Rongomatia	21	20.3703	84.5074
Ronogam	21	20.2981	84.5046
Rogapadu	21	20.1740	84.5033
Rongameru	21	20.0763	84.5841
Rodsinga	21	20.8446	84.8032
Rongkhelan	03	25.8563	93.4418
Ronghang Arong	03	25.8635	93.4531
Rohtas	34	24.6298	83.9200
Ropri	11	31.3476	77.5239
Ropri	11	31.4922	77.6638
Rodhain	24	26.3099	77.1296
Ropa	11	31.4077	76.9673
Ropa	11	31.4036	76.9856
Ropru	11	31.3441	76.9479
Rohua	34	25.8917	87.7637