Rudrapur	39	28.9800	79.4000
Rudarpur	36	26.4447	83.6130
Rusera	34	25.7536	86.0260
Rura	36	26.4900	79.9011
Rurki	23	30.3695	76.4741
Run	24	26.8430	73.7931
Rupahi Town	03	26.4197	92.7456
Rudravati	25	10.8743	77.4103
Rupiabathan	03	26.4054	91.3432
Rupa	30	27.2048	92.4008
Rudraprayag	39	30.2847	78.9835
Ruwo	10	28.0833	75.9333
Rushyabari	26	23.4499	91.9332
Rusa	20	27.0258	95.2779
Rurka Kalan	23	31.1228	75.6996
Rurawan	35	24.1813	79.0164
Rupsi	03	26.1245	89.9272
Rupshu	41	32.9667	78.2833
Rupsa	21	21.6254	87.0207
Rupnayal	19	16.5064	74.6433
Rupnarayanpur	34	26.1397	84.9799
Rupnarayanpur	28	23.8149	86.8865
Rupangarh	24	26.7961	74.8516
Rupjhar	35	21.9557	80.4197
Rupidiha	36	28.0167	81.5833
Rupi	11	31.6087	77.8422
Rupdevli	09	21.4500	73.8500
Rupbas	24	26.9928	77.5922
Rupawati	09	22.8751	72.0861
Rupawas	24	26.0111	73.5833
Rupawali	24	26.3043	75.2876
Rupau	34	24.8588	85.7545
Rupanagudi	19	15.0476	77.0634
Rupana	23	30.4070	74.5276
Rupaliya	24	25.1855	74.7407
Rupal	09	23.5529	73.1226
Rupaigaon	03	27.4448	94.2322
Rupai Diha	36	27.2973	81.9459
Rupahi	03	26.4110	92.7400
Rupaheli	24	25.7881	74.6431
Rupa	24	25.5654	75.1099
Runjha	16	20.1686	78.4846
Runi Saiyadpur	34	26.3746	85.4905
Runija	35	24.0845	75.7528
Runija	35	23.1575	75.2629
Rungarh	30	27.8767	96.9422
Rumbak	41	34.0497	77.4162
Rulagung	41	33.7343	76.8282
Rukhar	35	21.8712	79.5265
Rukanpura	23	30.0394	74.1074
Rukadi	16	16.7213	74.3545
Ruichattisi	16	18.9055	74.8420
Rui	16	20.1676	78.0580
Rugi	19	16.9546	76.0268
Rudrur	40	18.5837	77.8793
Rudri	37	20.6625	81.5530
Rudravaram	02	15.2426	78.6043
Rudrapura	35	26.2922	78.1553
Rudrangi	40	18.6258	78.7020
Rudrajupalle	40	17.2638	80.8471
Rudhauli	36	27.0296	82.8016
Rudawal	24	26.9649	77.4244
Rudaur	24	26.6090	77.0139
Rudauli	36	26.7488	81.7488
Rudarpur	36	26.6552	83.2513
Rudana	52	20.0979	73.0899
Rudakota	02	18.2935	82.4595
Rud	24	25.0491	74.4706
Ruar	35	26.3528	77.9490
Ruallalung	31	22.6583	92.6747
Rupalsar	24	28.1006	73.9958
Rukansar	24	28.1459	74.9714
Rujipur	28	22.9778	88.0672
Rudrapur	28	22.6303	88.1753
Rukha	28	22.3237	88.1557
Rudrapur	28	22.7688	88.7681
Rula Chak	28	22.4969	88.8817
Rupnagar	23	30.2101	73.9943
Rus	12	34.0824	74.6452
Rusripur	12	34.1494	74.4994
Rupji Ki Dhani	24	26.7166	71.9007
Rugh Gund Manchhar	12	34.4882	74.4062
Rug	12	33.1052	74.4834
Rumblan Pail	12	32.9564	74.4391
Rumail	12	32.8704	74.4792
Rundan	12	34.0722	73.9774
Rudarpur	39	30.4463	77.8547
Rupnagar	24	25.3606	75.5502
Rudrol	10	28.4736	76.0958
Rug	11	31.2047	77.0219
Rupe ki Ber	11	31.1679	77.0099
Rudrawaram	40	17.5631	78.1670
Rukmapur	40	17.9976	78.4915
Rupana	10	28.9388	75.6453
Rurki	23	30.5820	76.1578
Rurki Khurd	23	30.5515	76.0464
Rurki Kalan	23	30.5642	76.0151
Rurki Budhsingh	23	30.1971	76.5205
Rurki	23	30.0859	76.5175
Rurka	23	30.6579	76.7593
Rupganj	35	25.0655	78.9346
Rupau	35	24.1656	78.1680
Rusiya	35	24.0930	78.0169
Rusalla	35	24.1849	78.2679
Rusalla	35	24.0524	78.2736
Rukwaha	36	24.5679	78.8587
Rupapur	36	27.8247	79.2323
Rupapur	36	27.9779	79.1669
Ruppur	36	27.9834	79.2635
Rupamai	36	27.9095	79.2702
Rukhara	36	27.8442	79.3160
Rudi Nagla	36	27.7777	79.4458
Ruddarpur	36	27.1026	79.3675
Rupapur	36	27.7242	79.6236
Rustampur	36	27.7276	79.6433
Rur	36	26.9962	79.1594
Ruria	36	26.9291	79.2255
Rurua	36	26.9765	79.0424
Ruppur Sarai Bhikan	36	26.8882	79.0835
Rura	36	26.8434	79.2250
Rura	35	26.4746	79.0569
Rutaur Marrian	36	26.4552	79.1798
Rudpura Madhogarh	36	26.3114	79.1704
Rutaur	36	26.4609	79.1889
Ruppura	36	26.4757	79.3408
Ruheli	36	26.4565	79.3717
Rudawali	36	26.4014	79.2623
Rurajatia	36	26.3630	79.4338
Rupapur	36	26.2723	79.2577
Rura Addu	36	26.0645	79.4471
Rura Mallu	36	26.0668	79.3637
Rupnaul	36	25.4290	79.3679
Ruri Khurd	36	25.3982	79.4124
Ruri Kalan	36	25.3132	79.4442
Ruppur	36	26.8704	79.5899
Ruppur Sahar	36	26.7726	79.5244
Rupauli	34	25.5805	87.1465
Ruplisar	24	28.2695	74.4932
Rupal	09	23.3145	72.6011
Runaha	35	23.7135	77.2463
Ruppura	24	24.8538	74.8580
Rushipali	21	21.4135	83.6548
Rujhenmal	21	21.4804	83.7385
Ruiya	28	22.7422	88.3988
Rukunadeipur	21	21.0660	86.6825
Ruwan	10	29.9322	76.6425
Rukhi	10	29.0502	76.6791
Rukanpur	10	29.7361	76.9458
Rurki	10	28.9338	76.7395
Rudh	10	28.0866	76.5770
Ruhara	11	31.5021	77.2041
Rur	11	31.7231	77.2094
Rupana	10	29.3966	75.0953
Rupawas	10	29.3637	75.0540
Rupana Bishnoiyan	10	29.3669	75.2423
Rugsana	10	29.6563	76.6663
Rupgarh	10	28.6989	76.1098
Ruthal Garhi	10	28.1596	76.2642
Ruswala	11	31.4592	77.1381
Ruhni	11	31.3423	77.1625
Ruhali	11	31.3363	77.1956
Rumhani	11	31.4755	77.2708
Rudal Khal	11	31.3965	77.3336
Runa	11	31.4214	77.4072
Ruwari	11	31.3795	77.4380
Rupaiyanwala	23	30.7386	74.5680
Rukhala	23	30.3012	74.6436
Rukan Shahwala	23	30.9669	74.7583
Rumthal	11	31.1509	77.2705
Runreli	11	31.1580	77.3708
Ruwan	11	31.3898	77.6837
Rupari	11	31.0101	77.6276
Ruil	11	31.1155	77.7484
Runda	11	31.2208	77.7062
Ruald	11	30.9315	77.0346
Runan Godo	11	30.8891	77.0759
Runja	10	30.7293	77.0726
Runja	10	30.6993	77.1095
Rurki	10	30.6185	77.0085
Runja	11	30.7213	77.1570
Rurki	11	30.7193	77.1601
Rurki	10	30.0351	77.0024
Rupauli	10	30.1576	77.1384
Rukri	10	30.2429	77.0875
Ruhala Kheri	10	30.1776	77.2393
Ruhata	11	30.9104	77.3639
Rug	11	30.8489	77.3652
Rug	11	30.9908	77.3878
Runja	11	30.6818	77.3090
Rukhari	11	30.5170	77.3515
Ruwara	11	30.6588	77.3786
Rupadaswali Dhani	24	27.5904	76.0357
Rupawali Dhani	24	27.5648	76.0772
Rup Ka Bas	24	27.3906	76.2708
Rupbas	24	27.5290	76.6157
Rupbas	24	27.3241	76.5763
Rulla Heri	10	30.4076	77.3266
Rukali	10	30.2992	77.3573
Runi	11	30.7201	77.7323
Rudana	11	30.5672	77.7467
Rupbas	24	27.9557	76.9088
Rupbas	24	27.7167	76.8439
Rupa Ka Bas	24	27.4338	76.8870
Rupau	39	30.5787	77.7840
Rusalla	35	23.7494	78.3091
Ruppura	24	26.7406	76.0908
Rupari	24	26.6824	76.0948
Ruwas	24	26.6040	76.0224
Ruppura	24	26.5093	76.1817
Rungti	24	26.4693	76.1976
Rupari	24	26.6894	76.5389
Ruppura	24	26.2473	76.6213
Rukwara	35	23.0719	78.9644
Rustam ki Begi	36	29.7479	77.1537
Rupri Gujar	36	29.9648	77.4980
Rugdhi	24	25.1670	76.1962
Rustampur	36	29.1337	77.2634
Rupapani	35	22.0444	78.5697
Ruhansa	36	29.1779	77.6960
Rukanpur	36	29.2326	77.7075
Rupnagar	24	29.9615	74.0229
Ruimal	24	24.3941	73.3259
Rupji ka Gurha	24	24.8947	73.7419
Rundi	35	25.5324	76.5239
Rupnagar	35	25.7267	76.6635
Rupahera	24	24.9282	76.1909
Runji	24	24.5419	76.0182
Ruppura	24	25.6407	74.1912
Rundiyan	24	25.0681	74.6405
Ruppura	24	25.1425	74.6536
Rura Kalan	23	30.2600	75.4397
Rurka	23	30.8249	75.7077
Rurkali	36	29.4302	77.8796
Rumalpuri	36	29.3411	77.9785
Ruhullahpur	36	28.4671	77.4775
Rustampur	36	28.2670	77.5785
Ruab	24	24.0645	73.9750
Rupana	24	25.9492	74.1869
Ruparel	24	25.8542	74.2173
Rupnagar	24	25.8089	74.0466
Ruppura	24	25.3219	74.5036
Rughnathpura	24	25.4294	74.6554
Rughnathpura	24	25.4819	74.6129
Rupaheli	24	25.3133	74.7452
Rupanli	24	24.6779	74.0158
Rupawas ki Dhani	24	27.1696	75.6963
Ruppura	24	25.5878	75.1294
Rurka	23	30.4996	75.8282
Rurgarh	23	30.4730	75.7704
Rupaheri	23	30.3017	75.9046
Rustamgarh	23	30.4574	75.9012
Rupanwali	10	29.7053	75.7030
Runhat	10	29.0109	75.9168
Rulen	41	33.3802	76.2880
Ruriawas	10	28.5607	76.4406
Runang	11	31.5117	78.1908
Ruwing	39	30.6195	79.8294
Rukhara	36	28.4142	79.1566
Rudarpur	36	28.3335	79.2331
Ruparel	24	24.4977	76.2505
Ruparel	24	24.6508	76.9644
Rupahera	24	24.2624	76.7665
Rudrakshapalle	40	18.6004	79.0249
Rudravaram	40	18.5566	79.0918
Rukmapuram	40	18.5340	79.1511
Rumipuram	40	18.7486	79.6349
Rudram Kalan	40	18.5753	79.8996
Rudram Khurd	40	18.5798	79.9144
Rukmapur	16	18.7841	80.0027
Rukanpur	36	28.9919	77.8335
Ruchung	29	27.1603	88.4616
Ruse	37	21.5576	81.2411
Runipur	35	26.3875	77.7663
Rumai	35	26.3619	77.9715
Ruri ka Pura	35	26.3948	78.3892
Ruehaura	35	25.9191	78.0982
Rupalon	23	30.7851	76.1114
Rupa	23	30.7562	76.1541
Rurewal	23	30.9659	76.2028
Rudhi	16	19.3327	76.5289
Rumna	16	19.0575	76.7221
Rukali	23	30.9009	76.3344
Rurki	23	30.8524	76.4286
Ruppur	36	27.9949	77.7897
Rupa Nagla	36	27.9217	77.8561
Rustampur	36	27.8799	77.9800
Rupnagar	36	27.6245	77.3783
Rurki	23	30.7655	76.6014
Rudiala	23	30.7762	76.6332
Rurki Kham	23	30.7905	76.6742
Rurka	23	30.3403	76.5875
Rurki	23	30.3327	76.5825
Rupu Majra	10	30.3443	76.7488
Rualiyon	10	30.3094	76.7656
Ruddha	16	18.7705	76.9466
Rupbas	24	27.5186	77.1599
Rund Khoh	24	27.5206	77.2221
Rupnagar	36	27.8708	77.5217
Rustam Ka Nagla	36	27.5706	77.5295
Rura Ka Nagla	36	27.3021	77.6035
Rudrawadi	16	17.8804	76.3635
Rupbas Pachgahin	36	28.3108	77.7988
Rudrawadi	19	17.6786	76.6214
Rupnagar	36	28.1155	77.7723
Rukunpur	36	28.1410	77.9096
Ruddri	36	28.1000	77.9586
Rund Ikran	24	27.2161	77.5950
Runjhuni	37	21.3612	82.6120
Rudgi	19	16.4277	76.0738
Ruda	37	21.0927	81.2016
Ruha	37	21.4163	81.2516
Ruabandha	37	21.1746	81.3270
Ruse	37	21.8651	81.6920
Ruhi	37	21.1283	81.5393
Runj	16	19.1232	77.1166
Rupla	16	19.1945	77.1478
Ruiwadi	16	18.7813	77.0022
Rui	16	18.7501	77.2797
Rui Buzurg	16	18.9508	77.5479
Rui Khurd	16	18.9447	77.5656
Rudrapur	16	18.7544	77.6483
Rushegaon	40	18.4354	77.6841
Rudrawaram	40	18.1348	77.9931
Rupdhanun	36	27.3652	78.1260
Rudail	36	27.4122	78.1654
Rustampur	19	17.4583	77.3027
Rudnur	19	17.2781	77.2993
Rudau	36	27.1929	78.2070
Rudraram	40	17.1342	77.5100
Rudarpur	36	27.4703	78.4935
Rudau Paharpur	36	27.3125	78.3239
Rudha	16	20.3148	78.3974
Runjha Tanda	16	20.1737	78.5028
Rudrar	40	17.9788	77.8059
Rukmoshpalli	40	17.9892	77.9986
Rupnagar	36	27.6869	78.6293
Rudarpur	36	27.5710	78.6769
Rustamgarh	36	27.5444	78.5472
Rupaspur	36	27.1235	78.5350
Rudaini	36	27.1092	78.6687
Rudemai	36	27.0286	78.7328
Rudau	36	27.0354	78.5662
Rustampur Dhola	36	27.9734	78.0120
Rustampur Akhan	36	27.9022	78.0132
Rustampur Elam	36	27.8161	78.1250
Rustampur Sakat Khan	36	27.8262	78.0772
Rund ka Pura	35	26.6230	78.4969
Rupahati	35	26.6364	78.2747
Ruariya	35	26.5825	78.2764
Rundh ka Pura	35	26.5285	78.3049
Runkuta	36	27.2371	77.8748
Runjhaitola	35	22.0878	79.6165
Rusumpalli	40	16.9593	77.8347
Rukanpur	36	26.9145	78.8984
Rudrapur	36	26.9266	78.9433
Rudrasamudram	40	16.4658	77.5506
Rustampur	36	27.6758	79.0343
Rudain	36	27.5897	79.1986
Rustamnagar	36	27.6463	79.2340
Rudainian	36	27.3470	79.1118
Ruppura	36	27.2792	79.0243
Rustamnagar	36	27.4119	79.1790
Rudha	16	19.8222	78.5307
Rundhpura	24	26.6166	77.2565
Rui	16	21.0201	79.0730
Rukhia Khalikdadpur	36	27.4566	79.2767
Rupnagar	36	27.2873	79.2958
Rudrawaram	40	17.2355	78.1580
Rudpur	36	27.9818	79.5147
Ruhdewa	36	27.8893	79.7112
Runghan	35	26.1917	77.5238
Runghani	35	26.2028	77.5257
Rundh ka Pura	24	26.8201	77.8950
Rudau	36	26.9130	77.8592
Runi Chursai	36	27.3264	79.5639
Rupapur	36	27.5626	79.8392
Rupapur	36	27.5384	79.9575
Rupraka	10	27.9968	77.2013
Rupnaga Natoli	10	27.8605	77.2061
Ruhera	10	27.9031	77.1855
Rustumpur	35	21.6997	76.2753
Rudrapur	36	27.1714	79.5255
Ruppur	36	27.1012	79.5695
Rurakhera	36	27.0650	79.6027
Ruppur	36	27.1512	79.6375
Ruhani	35	25.3588	77.4595
Rudrapur	36	27.9557	79.7886
Rudrapur	36	27.8278	79.8887
Rupapur	36	27.4988	79.7670
Rudauli	36	27.0398	79.7837
Rugar	35	25.8020	77.9639
Rupaheri	35	24.1368	77.1174
Rusia	35	24.4606	77.3971
Rusalla	35	24.4459	77.4706
Rusalli Khurd	35	24.2864	77.4103
Rupdhani	36	27.4796	78.9329
Rustampur	36	27.4153	78.9872
Rudrapur	36	27.2749	78.9847
Rusalla Buzurg	35	24.8602	77.6707
Rusalla Khura	35	24.8195	77.5766
Rusalla Buzurg	35	24.5851	77.6866
Rusalli Kalan	35	24.3140	77.5551
Rusalla Aberaj	35	24.1963	77.5808
Rusalli Sahu	35	24.1132	77.5303
Rusiya	35	24.0818	77.5743
Rusalla	35	24.4295	77.8894
Rusalli	35	24.3592	77.9429
Rusallihat	35	24.2337	77.8944
Rusallighat	35	24.2000	77.8383
Rusalli Dama	35	24.1119	77.7921
Ruplagani Tanda	40	17.5645	79.4383
Rustampur Gotna	36	27.7393	78.0211
Rustampur Khojan	36	27.7472	78.0220
Rudain	36	27.7280	78.0706
Ruheri	36	27.6424	78.0633
Ruddarpur	36	27.5565	78.1686
Runpan	36	27.9903	78.3876
Rumamai	36	27.9678	78.4088
Rukhala	36	27.8892	78.4216
Rudain	36	27.7441	78.3095
Rudarpur	36	27.5394	78.4141
Rupaspur	36	27.5393	78.4699
Rudhau	36	27.2181	78.3615
Rupaspur	36	27.1547	78.3548
Rudwari	36	27.0315	78.3652
Rupbas	36	27.0413	78.4952
Ruppur	36	27.0296	78.3926
Rudauli	36	26.4899	79.5514
Rundha	36	26.6778	79.6403
Rurua	36	26.5299	79.6138
Ruheri	36	26.4950	79.6103
Rura	36	26.9071	79.8428
Ruppur	36	26.9324	79.7693
Rurwahar	36	26.4329	79.9832
Ruddarpur	36	27.4018	78.5190
Rurgaon	36	26.2451	79.7611
Rukhna	36	25.8009	79.2165
Ruhullahpur	36	25.6779	81.1500
Runjhun	35	22.0593	76.9305
Rudapur	36	25.5080	82.0263
Rupa Dhamna	36	25.2845	79.1286
Rusando	35	24.0992	79.4762
Rundhpura	24	26.9014	78.1001
Ruphata	35	21.6793	76.0541
Rudhi	35	21.8336	76.4371
Rusalli Chaubisa	35	23.7194	77.8535
Rusalli	35	23.5907	77.8762
Rusalla	35	23.5190	77.8866
Rundlai ki Dhani	35	22.5038	77.1638
Rujan Kheri	35	22.6700	77.2484
Rukanpur	36	25.7229	83.2376
Ruar	35	26.7961	78.2632
Rustampur	36	25.3695	83.0536
Rupetha	36	25.3367	83.2099
Ruchan Manikpur	36	26.9542	78.7296
Rudmuli	36	26.9136	78.5997
Rumpura Garhi	36	26.8241	78.6755
Ruppura	36	26.8402	78.6667
Ruar	35	26.5538	78.6316
Rurampura	35	26.2423	78.6917
Rupawai	35	26.2411	78.7137
Ruwaha	35	26.0381	78.6575
Rura	35	26.0347	78.6509
Rupaundha	36	25.1628	83.0033
Rukumpur	36	25.0392	83.0774
Ruknapur	36	25.1748	83.1279
Rur	35	26.4871	78.9260
Ruhera	35	26.2767	78.8158
Rupadeh	35	22.5182	77.4254
Rupapur	35	22.6249	77.9056
Ruikhed	16	20.9780	76.1109
Rustampur	36	25.7014	83.3570
Rustumabad	16	20.6136	77.0663
Rusalli	35	24.0676	79.5936
Rupiparethiya	35	22.3239	77.1134
Rundlai	35	22.4945	77.1485
Rui	16	20.3957	77.1530
Ruia	34	25.2047	83.4683
Rupin	34	25.0840	83.4661
Rur	35	25.9725	78.5425
Rura	35	25.8951	78.5179
Rudpur	36	25.8900	83.5392
Rund Balaura	36	25.3963	78.5054
Ruhia	34	25.3241	83.7094
Rupanandpur	34	25.2864	83.5940
Ruhipathar	16	21.7055	77.2802
Ruppur	34	25.1623	83.5665
Ruiyan	34	25.1102	83.5849
Rupapatti	34	25.0179	83.5292
Rukna Dih	34	25.4695	83.9049
Rupapokhar	34	25.4007	83.8862
Rupinbandh	34	25.2218	83.8554
Rupaitha	34	25.1049	83.9468
Rudrala	16	20.3337	77.5121
Rui	16	20.0446	77.6861
Rui	16	20.0625	77.6896
Ruikhed	16	21.1823	77.1530
Rudhari	16	21.2152	77.0917
Ruipatha	16	21.2845	77.2788
Rustampur	16	20.8554	77.1891
Rui	16	20.0841	77.4432
Rudauli	36	24.5678	83.0928
Rudrawar Khurd	34	24.9882	83.6785
Rudrawar Kalan	34	24.9875	83.6850
Ruyad	16	20.9572	79.4211
Rulgaon Heti	16	20.6133	79.9465
Rui	16	20.5098	79.9306
Rui	16	20.5178	79.9270
Rudrapur	16	20.0442	79.7980
Rura Purwa	36	25.9713	80.3180
Rustampur	36	25.9334	80.2855
Rupaiti	35	23.8609	78.2406
Rustumpet	40	17.7422	78.2550
Rukkampalli	40	16.8861	78.0509
Rudraram	40	16.8614	78.0189
Ruhana	35	24.4917	78.1090
Rusalla	35	24.3254	78.2149
Ruman	16	19.9360	76.3100
Rudrayapalli	40	17.9759	79.0452
Rupahera	24	24.7595	76.3608
Rupau	35	23.9080	78.4891
Rupahera	35	23.9485	76.3971
Rudewadi	16	17.3820	76.3258
Rumkum	40	19.7167	78.8313
Rupapet	16	19.7124	78.9056
Ruppura	36	27.2141	79.0724
Ruri	36	27.0250	79.0579
Ruppura	36	27.0407	79.1967
Rul	36	27.2365	79.1410
Rusalla	35	23.8986	78.8161
Rupaiatola	35	24.5937	81.1122
Rupauli	35	24.6863	81.1844
Rupauli	35	24.9140	81.3406
Rungawa	35	24.4526	81.0872
Rungawa	35	24.4408	81.0991
Ruhia	35	24.4815	81.1594
Rupaidol	35	24.2060	81.6494
Ruda ka Pura	36	25.9026	82.0187
Rupipur	36	25.7928	82.0578
Rur	36	25.9146	82.2543
Rupchandpur	36	25.8851	82.4951
Rupapur	36	25.9510	82.4928
Rustampur	36	25.9990	82.5241
Rupipur	36	25.9205	82.5907
Rudhauli	36	25.9440	82.6575
Rukunpur	36	25.7002	82.5721
Rubjhar	35	23.9221	79.9234
Rum Saharpur	36	25.6280	81.2779
Rupnarayanpur Gorion	36	25.6114	81.3599
Rupnarayanpur Sailabi	36	25.6147	81.4826
Rudhaipur	36	25.5003	82.2965
Rudrapur	36	25.4011	82.5846
Rupapur	36	25.2835	82.7343
Rupapur	36	25.4541	82.9902
Rudauli	36	25.2048	82.8978
Rundh	35	24.3654	80.3635
Rupdaun	35	22.7296	79.9443
Rupganj	35	24.1939	80.7324
Rumma	36	24.6714	82.7599
Rudraudhi	36	24.7426	82.9011
Ruppura	24	28.3844	75.8416
Ruppatti	36	25.1193	82.2435
Rup Khera	36	26.7345	80.8046
Rup Khera	36	26.3834	80.8007
Ruda Khera	36	26.3878	80.8821
Ruddarpur	36	25.7161	82.9921
Rudarpur	36	25.5745	82.9372
Rupohandpur	36	25.5292	82.9692
Rup Khera	36	26.2490	80.9007
Rugri Saiyad	36	29.3688	78.3409
Rukanpur	36	29.3438	78.2670
Rugri Salempur	36	29.3240	78.3673
Rustampur Bazid	36	29.2578	78.2970
Rudpur Salem	36	27.8369	81.2332
Rudarpur	36	27.5924	81.1122
Ruhia Shivpur	36	27.7445	81.1209
Rusohan	36	27.4575	81.0404
Rudain	36	27.3411	81.1875
Ruknapur	36	27.6196	81.5398
Rukhnapur Kalan	36	27.2583	81.5318
Ruknapur Khurd	36	27.3338	81.5380
Rudh Saheria	36	27.3056	81.7249
Rustamnagar	36	27.5443	81.8787
Rukhmangatpur	36	27.2016	81.8320
Ruhian Purwa	36	27.0210	81.8513
Rudha Purwa	36	27.0780	81.9167
Rudpur	36	27.1531	81.9431
Rukmangadpur	36	27.2496	81.9142
Rura Belwa	36	27.2465	81.9793
Rustam Purwa	36	26.9253	81.1119
Rustam Khera	36	26.5174	81.0894
Rustamganj	36	26.5066	81.1878
Rubpur	36	26.9857	81.3941
Rudlapur	36	26.8976	81.4129
Ruyar	16	21.0315	79.5465
Ruppur	36	29.1086	78.2635
Rukanpur	36	29.1171	78.3072
Rustampur	36	29.0281	78.3017
Ruknapur	36	26.6721	81.2682
Rukanuddinpur	36	26.6420	81.4412
Rupera	16	21.4474	79.8134
Ruppur	36	29.1638	78.5426
Rustampur	36	29.0212	78.6744
Rustam Khera	36	26.4771	81.0515
Rup Khera	36	26.3874	81.0225
Ruknapur	36	26.3185	81.0890
Rup Khera	36	26.3476	81.1398
Rustam Khera	36	26.3767	81.1600
Rudpur	36	26.4836	81.2243
Rudh Singh Purwa	36	26.3601	81.2783
Ruppur Tandola	36	29.1877	78.8388
Rukanpur	36	26.3228	81.3393
Rukanpur	36	26.4621	81.4657
Rupapur	36	29.0514	78.9787
Rudaulia	36	26.3537	81.8163
Rusha Dih	36	26.3363	81.8467
Rughnathpur	36	26.3238	81.9138
Rupai Purwa	36	26.3597	81.9541
Rujhauri	35	24.1116	80.8878
Rustampur	36	25.9936	81.0735
Runmali	16	21.1441	74.2914
Rupauli	36	25.3456	81.2140
Ruppur	36	27.1173	80.8334
Rukhara	36	27.0397	80.9146
Ruman	36	26.3588	80.4370
Rudain	36	27.1453	81.5394
Rura Taj Singh	36	27.1069	81.6059
Rudaulia	36	27.0921	81.6175
Rupan Purwa	36	27.2326	81.7153
Rudal Purwa	36	27.2164	81.6845
Ruanri	36	27.1660	81.6726
Rudarpur	36	28.6704	78.2923
Rustampur	36	28.6527	78.2716
Rupa Nagla	36	28.6039	78.3674
Rudayan	36	28.5077	78.4931
Rudauli	36	27.0131	81.6916
Ruknapur	36	27.4171	81.7789
Rupur	16	19.5933	77.2890
Rudarwari	16	19.5290	77.3740
Rurh	36	28.3219	78.2786
Rui	16	19.5340	77.5871
Rui	16	19.8357	77.8840
Rustampur Sarai	36	28.7762	78.7386
Ruria Ghuria	36	28.2172	79.9615
Rustampur Niawali	36	28.6473	78.5179
Ruknuddin Sarai	36	28.5853	78.5548
Rustampur	36	28.5262	78.7475
Rukanpur	36	25.7598	81.3766
Rukaiyapur	36	25.8144	81.4779
Rup ka Purwa	36	25.8235	81.4392
Rukaiyapur	36	25.8717	81.4522
Runipur	36	25.9894	81.4290
Rustampur	36	28.3123	78.5146
Rukunuddinnagar	36	28.2653	78.6816
Rustamgarh Ugia	36	28.4207	78.7356
Rudau Purwa	36	26.0181	81.1161
Rustamgarh	36	26.5202	81.6217
Rudapur	36	26.5088	81.7018
Rurian Purwa	36	26.9770	81.9026
Rustamnagar	36	28.0473	78.5211
Rudnaul Azizpur	36	28.1758	78.6411
Rupipur Singhti	36	26.1186	81.9746
Rura	36	26.1609	81.9780
Ruppur	36	28.7128	78.8009
Rustamnagar	36	28.6099	78.7966
Rustampur	36	28.5920	78.8375
Ruppur	36	28.5964	78.9396
Rudarpur Sakhunia	36	27.7537	82.0888
Rudain	36	28.2857	78.7857
Rustamnagar	36	28.4702	78.9531
Rupnagar	36	27.5077	82.2090
Ruan	36	28.0412	78.9634
Rudaina	36	28.1831	78.9852
Rudapur	36	27.2547	82.0818
Ruhanwan	36	27.1130	82.0137
Rupai Diha	36	27.0608	82.0614
Rudhpur	36	27.0480	82.0402
Rudargarh Nausi	36	27.1900	82.1306
Ruroli	39	29.8277	79.1422
Rudhai Purwa	36	27.3019	82.2550
Rukhi	36	27.3074	82.3079
Rukhi Majhari	36	27.3157	82.3049
Runwari	36	27.4257	82.3370
Rustamnagar Dih	36	27.3515	82.4447
Rustamnagar	36	27.3566	82.4488
Rudhauli	36	27.2226	82.2795
Rudhar Parshad	36	27.0433	82.4504
Ruhaon Khurd	36	27.3223	82.5418
Rudawalia	36	27.2057	82.5976
Rustampur	36	27.0589	82.6038
Rudrawalia Buzurg	36	27.2232	82.6769
Rudnagar	36	27.0311	82.8160
Rudarpur	36	27.2445	82.8860
Rudarpur	36	27.1971	82.8921
Runwari	36	27.0996	82.9057
Rudhauli	36	27.1447	82.9181
Rusa	36	26.8892	82.1097
Rupipur	36	26.9206	82.0893
Rudapur	36	26.9965	82.2061
Ruru Basheshar	36	26.5983	82.0637
Ruru Khas	36	26.5972	82.0645
Ruknpur	36	26.6058	82.1428
Rusia Muafi	36	26.6355	82.1024
Rupipur	36	26.5352	82.1544
Rudraram	40	18.0816	78.6280
Rudapur	36	26.4602	82.0456
Rupipur	36	26.3997	82.0398
Rupapur	36	26.3156	82.0123
Rukmanpur	36	26.3651	82.1513
Rupnathpur	36	26.3703	82.1716
Rudapur	36	26.0916	82.1867
Rusuwali	12	33.3256	74.9502
Rudraram	40	18.4235	78.9068
Rudha Sugagarhi	36	26.9178	82.3706
Ruhin	36	26.9912	82.4074
Rudaulia	36	26.6574	82.3014
Rukmangadpur	36	26.5197	82.4084
Rupgarh	36	26.7460	82.4234
Rupanpur	36	26.3011	82.3273
Rudaupur	36	26.4543	82.3673
Rudri	36	25.9748	83.1403
Rudarpur	36	25.9446	83.1226
Rupipur	36	26.1241	82.2721
Rupanpur	36	26.0266	82.2777
Rudarpur	36	26.9531	82.7315
Rudhauli	36	26.8268	82.7446
Rustampur	36	26.5635	82.5384
Rustampur	36	26.5629	82.6184
Ruhipur	36	26.6448	82.6420
Rudaupur	36	26.5961	82.7403
Ruhullahpur	36	26.3264	82.5756
Rudhauli Adai	36	26.2740	82.6694
Rukanpur	36	26.2713	82.6481
Rudhauli Mafi	36	26.2684	82.6703
Rustampur	36	26.3731	82.6512
Ruknuddinpur	36	26.3891	82.6484
Rustampur Akhai	36	26.4010	82.6483
Rudarpur Bhagahi	36	26.4544	82.7078
Rukunpur Kasimpur	36	26.3710	82.7412
Ruknuddinpur	36	26.3636	82.7089
Rudhauli Misr	36	26.1079	82.5101
Rupaipur	36	26.1976	82.6320
Rudhauli	36	26.9256	82.8687
Rupaipur	36	26.6256	82.8473
Rupipur	36	26.5955	82.8608
Rustampur	36	26.5564	82.9715
Rukhan Jalim	36	25.9014	83.3366
Rurhi	36	26.4355	82.8329
Rustampur	36	26.3661	82.8583
Rukmalpur	36	26.3629	82.9607
Rukhnipur	36	26.3063	82.9935
Rukchandpur	36	26.4664	82.9673
Rupdhar	36	26.1228	82.7964
Rupaipur	36	26.1624	82.8358
Ruknuddinpur	36	26.0497	82.9560
Rudrapur Sakhu	36	27.1030	83.2759
Runua	36	27.1102	83.3443
Rudrapur	36	27.0562	83.4630
Rudhauli	36	27.1199	83.5051
Rudrapur	36	27.1353	83.5126
Rupdhar	36	27.1272	83.5230
Rudrapur	36	27.2391	83.5962
Rudrapur	36	27.0311	83.6006
Rudrapur	36	27.1006	83.6856
Rudrapur	36	27.1837	83.7279
Ruzul	12	33.5791	75.1173
Ruh	12	33.7139	75.1420
Rup ka Purwa	36	25.9522	81.7460
Rupin	36	26.5751	83.0135
Rustampur	36	26.5399	83.1108
Rukmalpur	36	26.3107	83.0452
Rudpur	36	26.2660	83.2178
Rukunpur	36	26.4222	83.2178
Rudarmanpur	36	26.0678	83.0868
Rupainpur	36	26.2411	83.1343
Rudarpur	36	26.7750	83.3448
Rupannari	36	26.6006	83.2912
Rustampur	36	26.7365	83.3690
Rudarman	36	26.5213	83.3488
Rudrapur	36	26.7429	83.5020
Rudrapur Bhaluhi	36	26.9142	83.5258
Rup ka Pura	36	25.6819	81.5022
Ruchapar	36	26.5441	83.7439
Rudauli	36	26.3506	83.5441
Rukunpur	36	26.1134	83.6848
Rudhi	36	26.0159	83.6963
Ruari	36	26.9683	83.8716
Rupwar	36	26.0287	83.8273
Ruchapar	36	26.2112	83.9302
Ruggapur	36	25.7179	83.5531
Ruhipur	36	25.6852	83.5664
Ruqqapur	36	25.7308	83.5900
Ruheli	36	25.7273	83.6596
Rukundipur	36	25.6636	83.6906
Rudraram	37	18.8401	80.4167
Rudraram	37	18.8390	80.4126
Rurmur	35	23.9228	80.0567
Rupaund	35	23.7369	80.5583
Ruhania	35	23.7681	80.6217
Ruhania	35	23.9685	80.6194
Rund	12	33.4752	75.7681
Ruara	12	33.0443	75.9925
Rusahai	36	25.3310	81.5879
Rusahai	36	25.3394	81.5948
Rujhaun	35	25.0640	81.5049
Rum	36	25.1358	81.7416
Rumili	12	32.7006	75.5457
Rukhila	12	32.7032	75.5023
Ruppur	36	25.8035	81.9050
Rupapur	36	25.9061	81.9770
Ruchal ka Pura	36	25.5353	81.8200
Ruddi ka Pura	36	25.5601	81.8548
Rudapur	36	25.5373	81.8390
Rubhalli	12	32.4803	75.6615
Rubgarh	35	23.0404	74.5104
Rubgarh	24	23.1824	74.5823
Ruparel	35	23.1403	74.6974
Rupapara	35	23.2446	74.7217
Ruriakua	35	22.2949	74.3499
Rui	16	20.0205	74.2350
Rudrakhya	35	22.9521	75.6622
Rupakheri	35	22.9654	75.9593
Rupala	35	22.3279	75.8929
Rutala	16	20.7127	75.0163
Ruikheda	16	20.1356	75.1451
Ruri	11	32.0446	75.8767
Rumal	35	22.3114	80.0636
Rup-pura	09	24.1529	72.5508
Rupal	09	24.0257	72.5018
Ruda	37	20.9420	81.3150
Ruputola	37	20.6039	81.3469
Rurewal	23	31.9731	74.8571
Rure Asal	23	31.4069	74.9122
Ruriwala	23	31.2292	74.9916
Rusa	35	22.5612	80.7636
Rukna Mungla	23	30.8998	74.6377
Rukna Begu	23	30.8618	74.6610
Rupowali	23	31.9394	75.0102
Rupowali Chogawan	23	31.7031	75.0357
Rupowali Brahmanan	23	31.7151	75.1382
Rupgarh	10	29.3882	76.3076
Rukanpur	36	29.4757	77.6603
Ruknewala Khurd	23	31.1462	75.0516
Ruknewala Kalan	23	31.1348	75.0372
Ruprel	24	26.1748	73.9173
Rupaji ka Gurha	24	25.4000	73.4782
Rungatola	16	21.2281	80.4169
Rura Buttar	23	31.8533	75.4115
Rupanpur	23	31.4556	75.3881
Rungri	24	25.5047	73.5324
Rupewali	23	31.1470	75.3179
Rupenwal	23	31.7197	75.7180
Rumga	37	22.8740	82.0927
Rupvadi	16	20.1123	74.9832
Rupatta	35	22.5420	75.5736
Rundhati	16	21.1601	75.1988
Rundla	37	22.8613	82.5763
Rukhankheda	16	21.2375	75.3508
Rukhankheda	16	21.1992	75.4693
Ruse	37	21.2901	80.9678
Rumrabahar Nala	37	22.7362	82.7806
Ruwatola	37	21.1848	80.9312
Rugduli	37	22.4831	82.7967
Rumekel	37	21.2629	82.2933
Rudauli	36	27.1308	80.7274
Rusena	36	27.0263	80.6038
Rudpur	36	27.9776	80.8001
Rukhia	36	27.9228	80.8867
Rukhara	36	27.8585	80.9560
Rudpur Kalan	36	27.8067	80.8339
Ruknapur	36	27.8062	80.8809
Ruknapur	36	27.8096	80.9660
Rurha	36	27.6854	80.9141
Rupa Purwa	36	27.3948	80.8171
Rukanpur	36	27.4908	80.9624
Rustampur	36	27.3492	80.9982
Rurki	23	31.1528	75.7108
Rupowal	23	31.0883	75.7001
Rupowal	23	31.3463	75.9356
Rurka Khurd	23	31.1210	75.7951
Rupani	11	32.8734	76.0292
Runpal	11	32.8181	76.1564
Rundota	11	32.7173	76.2216
Rundla	11	32.6711	76.1134
Rupan	11	32.6276	76.0555
Rutakhi	11	32.6211	76.0587
Rura	11	32.6315	76.1264
Rundla	11	32.6147	76.2017
Rundega	11	32.5389	76.1587
Rundhar	11	32.4792	76.2232
Rupnialu	11	32.4132	76.0956
Rupaina Kothi	11	32.3708	76.0599
Rupaina	11	32.3668	76.0644
Ruled	11	32.2893	76.1333
Rundhera	11	32.2690	76.0471
Ruhni	11	32.3939	76.0578
Rubjitola	37	20.7705	80.6888
Rugnathpura	24	25.1835	73.8575
Rupakhera	24	25.1165	73.9915
Ruhalkar	11	32.0654	76.2374
Rupingatta	16	20.0495	80.5247
Rupingatta	16	20.0393	80.5327
Runtha	11	32.5985	76.2664
Rudgaon	37	20.9874	80.9039
Rupakathi	37	20.9995	80.9456
Ruputola	37	20.7053	80.9719
Rusa	35	22.9561	81.1687
Rujhni Sarai	35	22.5526	81.2262
Ruru	35	22.2945	81.0237
Rukhmidadar	37	22.4806	81.2791
Rungri	11	32.4693	76.2702
Ruse	37	22.1158	81.3679
Rudditola	35	22.7940	81.6258
Rusa	35	22.7331	81.5169
Rumehr	11	32.1439	76.3824
Rupnagar	24	26.2453	74.3354
Rupa	24	26.2009	74.4146
Ruparal	24	26.1838	74.3794
Rundlai	24	26.2025	74.4667
Rupnagar	24	26.1591	74.2893
Rupaheli	24	26.0738	74.3666
Rupandand	37	22.7017	81.8895
Ruleng	11	32.0742	76.7838
Ruse	37	21.8579	81.3512
Rurki Khas	23	31.1608	76.1539
Rurki Muglan	23	31.1113	76.2321
Ruhl	11	31.9191	76.3653
Rupa	11	31.8771	76.4042
Ruhara	11	31.8457	76.2708
Rudyali	11	31.0503	76.7056
Rupapali	37	21.3887	82.8651
Rupi	11	31.8874	76.8949
Runjh	11	31.7535	76.9543
Rupa Thathar	11	31.5914	76.7538
Rura	11	31.3915	76.8993
Rul	11	31.3877	76.9046
Ruhna Bhola	23	30.5429	76.4723
Ruhna Uncha	23	30.5444	76.4626
Ruhna Niwan	23	30.5315	76.4594
Rurki	23	30.5205	76.4004
Rupalheri	23	30.6824	76.5378
Rupura	24	26.1256	74.6669
Rupura	24	26.0238	74.5300
Rupar	11	30.9888	76.9635
Rupalikhera	24	25.9037	74.7569
Rupajat ki Dhani	24	26.8288	75.7245
Rupawas	24	26.9720	75.9783
Rupala	24	26.9344	75.9171
Ruppura	24	26.7673	75.9634
Rupniwas	24	25.9823	75.2593
Rundi	09	23.0850	74.2006
Rupakhera	09	23.0036	74.1907
Ruwar	37	20.6593	82.2795
Rupkhera	24	23.2258	74.3658
Rupi Am	21	20.6265	82.5000
Rupaltu	11	31.0804	77.7946
Ruri	21	20.3172	82.5200
Rusla	11	30.9442	77.6438
Ruparel	35	23.8662	76.1715
Rupa Khera	39	30.9004	77.8156
Rud	38	23.6367	83.8429
Rundhi	10	28.0504	77.3881
Rupang Dogri	11	31.6732	78.3671
Rubang Dogri	11	31.6562	78.3981
Rupsinghpali	37	21.2898	83.0661
Rura	37	21.3066	83.1321
Ruchida	37	21.7972	83.2810
Ruchida	21	21.6093	83.3958
Rustampur	36	28.9067	78.2324
Rukhalu	36	28.6600	78.2446
Rutha	36	28.4430	78.1144
Rutha	36	28.4319	78.1261
Ruhallapur	36	28.3541	78.1200
Rup Bas	36	28.3188	78.2344
Runsi	36	28.1984	78.1710
Ruknabad	36	28.2066	78.4334
Rustampur	36	28.1634	78.4682
Rulki	35	23.2817	76.2760
Rupapura	35	23.2877	76.4275
Rustampur Tigri	36	28.9189	78.8094
Rupur	36	28.8979	78.9974
Rustampur Badhmar	36	28.7810	78.8217
Runipali	21	21.4797	83.5742
Rungnia	21	21.3135	83.6289
Rusipali	21	21.4155	83.6402
Rujhanmal	21	21.4821	83.7200
Runipali	21	21.4784	83.6806
Rudrpur	39	30.5328	79.1638
Rugripal	21	21.1613	83.5930
Rugripali	21	21.1929	83.7075
Rusapali	21	21.5640	83.9797
Rupapali	21	21.3806	83.8834
Rupapali	21	21.2496	83.7933
Rusra	21	21.1706	83.8525
Rustampur	36	27.9792	81.2950
Rup Singh	36	27.5243	81.3487
Ruhera	36	27.1705	81.3163
Rustampur	36	26.2082	81.3230
Rupamau	36	26.2274	81.3461
Rustam Singh Purwa	36	26.1147	81.4208
Ruhullanagar Kanti	36	26.9015	81.5039
Rudgarh	36	26.3550	81.5815
Rudai	36	26.1294	81.6540
Rukkuba	21	18.4954	82.7813
Rudrakoti	25	12.6021	80.0618
Rudrapaka	02	16.5094	81.0993
Rustumbada	02	16.4255	81.6804
Rudravaram	02	16.6022	80.1636
Rudravaram	02	16.3764	80.0916
Rukmanipuram	02	17.5110	82.8104
Rudravaram	02	16.8000	80.3506
Rupeni	21	19.5101	83.2127
Rupnipari	21	19.8322	83.4836
Rudravaram	02	16.8749	80.6669
Rukapadar	21	19.4365	83.1384
Rudagomangi	02	18.2917	82.4632
Rundiloputtu	02	18.3191	82.4855
Rutipai	21	19.0886	83.2919
Rupapadar	21	19.4921	83.6307
Rurubayalu	02	18.0386	82.4941
Rulamputtu	02	18.0181	82.4983
Ruppini	21	19.1089	83.5788
Ruda	21	19.8675	83.8486
Rungudu	21	19.4919	83.7806
Ruppabhadra	21	19.1221	83.8288
Rumbatti	21	19.0155	83.8889
Ruyigadavalasa	02	18.4587	83.0674
Rudrapalem	02	18.2336	83.2897
Rupayi	02	18.7526	83.7205
Rusayavarguda	02	18.9170	83.7374
Rusingi	02	18.6592	83.5862
Rugada	02	18.7527	83.9827
Rudraguda	21	18.8677	83.9476
Ruppannaguda	02	18.7199	83.8006
Rudripeta	02	18.6216	83.7687
Rudramkota	40	17.5630	81.2472
Ruppapeta	02	18.2443	83.8624
Ruppapeta	02	18.2189	83.9086
Rudrakolarajugudem	02	17.1284	81.1172
Rudrakota	02	14.9797	80.0062
Russi	34	25.9453	84.6315
Rudarpur	34	25.9098	84.6996
Rupaheri	35	23.5205	76.6194
Rustampur	35	23.2673	76.7351
Rupeta	35	23.0004	76.6386
Rupahera	35	23.7221	76.8420
Ruparel	35	23.7096	76.8405
Rupeta	35	22.7511	76.1175
Rupaberi	35	22.2437	76.0636
Rupkhera	35	22.1640	76.0551
Rupakhera	09	23.1637	73.9951
Rupakhera	24	23.3975	74.1131
Runia	24	23.4501	74.0970
Rupakhera	24	23.3590	74.2138
Ruidali	39	29.6655	79.1085
Rundia	24	26.0354	73.7225
Rupawas	24	25.7548	73.1769
Ruppur	39	29.3692	79.0768
Rupdeopur	39	29.2988	79.2423
Rup Chakiya	34	25.5220	84.7391
Ruppur	39	29.1030	79.2171
Rudarpur	34	25.3903	84.6582
Rupnagar	24	25.2834	73.6331
Rupanauli	39	29.7997	79.3419
Ruinchi	39	29.6062	79.3370
Rupapara	35	23.2101	74.7540
Ruina	39	29.5674	79.4685
Rupsagar ki Bagal	24	24.9966	73.2146
Rumrio	09	22.1722	74.0636
Rulmal	35	22.0163	74.2861
Rulgaon	35	22.0785	74.4431
Rudarmala	09	24.0351	73.0038
Rudra	09	24.0418	73.0961
Rundkhera	35	22.8432	74.5475
Ruparel	35	22.7999	74.6708
Rupakhera	35	22.8538	74.6533
Rurki	39	29.3881	79.3318
Runsi	39	29.3684	79.4512
Rupsia	39	29.3090	79.4903
Rupauli	24	24.9035	73.9621
Ruppur	39	29.2487	79.3276
Rupnagar	24	26.3238	74.2142
Ruparel	24	26.3934	74.3267
Ruparel	24	26.2905	74.2849
Rupnagar	24	26.2771	74.2836
Rupali	24	26.4744	74.4367
Rubgarh	35	22.9867	74.7763
Rupakhera	35	22.8104	74.8562
Rupapara	35	22.9627	74.9497
Rupakhera	35	22.8134	74.9035
Rupakhera	35	22.7533	74.9828
Rup Rahimpur	34	25.9795	84.8881
Ruptaltola	34	25.6252	84.9189
Ruins	39	29.4018	79.6599
Ruppur	39	29.1487	79.6056
Rudpur	39	29.0320	79.6603
Runkhet	39	29.8645	79.7424
Rupaulia	34	27.2920	84.5055
Rupa ka Khera	24	25.4617	74.1070
Ruppura	24	25.1408	74.1058
Ruparel	24	25.2332	74.1606
Ruppura	24	25.9558	74.3862
Rupaheli Khurd	24	25.9825	74.3944
Rupaheli Kalan	24	25.9925	74.3982
Ruppura	24	25.8608	74.4630
Ruppura	24	25.4480	74.3299
Ruppura	24	25.4532	74.4176
Ruphi	34	26.9119	84.1468
Rudaulia	36	26.7594	84.0054
Rudarpur	34	26.6230	84.0990
Rupii Bagahi	34	26.5373	84.1578
Ruchapar	36	26.3019	83.9996
Rudarpur	34	26.4085	84.0858
Ruppura	24	25.1443	74.4136
Rustam Bahiari	36	26.2713	84.0406
Rupi Batarha	34	26.4253	84.2073
Rudarwar	36	26.0601	84.0110
Rupwar Chak	36	26.0067	84.0765
Ruia	34	26.1663	84.2424
Rupaulia	34	26.9631	84.2948
Rudarpur Paterwa	34	26.8946	84.3930
Rudarpur Paterwa	34	26.8774	84.4014
Rupikura	39	29.6592	79.8158
Rutnoli	39	29.6324	79.8378
Rual	39	29.5629	79.9316
Rup Chhap	34	26.5821	84.3810
Rudalpur	34	26.7150	84.4713
Ruppura	24	25.1109	74.8098
Rupakhera	24	25.1086	74.7798
Ruppura	24	25.1887	74.8828
Rupdih	34	26.7672	84.5659
Rulhi Nizamat	34	26.7192	84.6881
Rupdih	34	26.6019	84.7356
Ruppura	36	28.1873	79.0044
Rupalyapura	35	22.5718	76.4484
Rupalyapura	35	22.5804	76.4542
Rudarpur	39	28.9706	79.4111
Rurki	36	28.7685	79.4774
Rustampur	36	28.8481	79.3386
Rustampur	36	28.7145	79.2833
Rustamnagar	36	28.5528	79.3202
Rutia	36	28.2799	79.2753
Ruppur	36	28.3818	79.3289
Rudarpur	36	28.1964	79.3276
Rukhra Khola	36	28.0812	79.2685
Rudeli	36	28.0824	79.3975
Rudrpur	36	28.0840	79.3972
Rukampur	36	28.1619	79.4211
Ruria	36	28.1913	79.4521
Rupan Chhap	34	26.4199	84.5732
Rudar Hata	34	26.3166	84.5389
Rukundipur	34	26.0816	84.5227
Rudarpur Sani	39	28.9277	79.5663
Ruppur	36	28.7798	79.5207
Ruaha	34	26.6943	84.7853
Rulahi	34	26.5982	84.9514
Rup Dih	34	26.6603	84.9543
Rudavli	16	21.3384	74.7976
Ruppur	36	28.5664	79.5003
Rupapur	36	28.4113	79.5060
Rupiapur	36	28.3290	79.6878
Rukampur	36	28.4127	79.7278
Rupapur	36	28.3587	79.7078
Ruppur Kirpa	36	28.5961	79.8106
Ruppur Kamalu	36	28.5909	79.8076
Ruppur	36	28.6558	79.8937
Rupwar	36	25.9253	84.0993
Rukunpura	36	25.9204	84.1948
Rustampur	36	25.8081	84.2304
Ruria	36	28.3828	79.8137
Rudar Chak	34	25.4357	84.8526
Rupaspur	34	25.2607	84.9311
Rupapur	34	25.2413	84.8256
Rukunpura	34	25.2212	84.7653
Rupaspur	34	25.0587	84.8756
Rustam Chak	34	25.0832	84.8771
Rupahtha	34	24.7576	84.0351
Rudarpura	34	24.9297	84.1131
Rup Narayanpur	38	24.5124	84.0496
Rupanbigha	34	24.7229	84.2253
Rupsagar	34	25.3733	84.2183
Rupi	34	25.2164	84.0103
Rupipur	34	25.0959	84.0362
Rupahtha	34	25.0784	84.0392
Rudana	34	25.0023	84.0856
Rutawan	34	25.0420	84.1724
Rudrapur	36	25.7611	84.3395
Rudarnagar	34	25.5773	84.3890
Rupbandhtola	34	25.5347	84.4746
Rud Khaptola	34	24.8442	84.3587
Rukhua	34	24.8571	84.4998
Rupahera	35	22.9932	76.6371
Rupdi	35	22.9028	76.9453
Rupadeh	35	22.8887	76.9542
Rudidih	38	24.1917	84.2846
Rukun Chak	34	24.7868	84.6394
Rukundi	34	24.9190	84.6439
Rupan Bigha	34	24.9232	84.7033
Runian	34	24.6812	84.5827
Rupenaguntla	02	16.3043	79.9991
Rupnagar	34	25.4157	85.9952
Rudasi	34	25.1056	85.9222
Rupin	38	24.2164	85.0359
Ruturwa	38	24.0925	85.1915
Ruthardu Deven	19	13.0453	74.8391
Rudrapur	19	15.7811	75.8787
Rudrampeta	02	14.6709	77.5789
Rukalapalle	02	13.9659	77.5115
Rudimati	19	13.8199	75.2587
Rudrakshikoppa	19	13.7398	75.3878
Rubber	19	13.1152	75.6893
Ruyad	16	19.7297	79.3075
Rudrapur	40	19.2717	79.2591
Rupaspur	34	25.0736	85.5707
Rudranakatte	19	14.4359	76.0452
Rupauli	34	25.7881	85.7629
Rupasbaj	34	25.5666	85.8510
Rupauli Khurd	34	25.7478	85.8825
Rudauli	34	25.5960	85.9550
Rupin	34	24.6271	85.2201
Rupin	38	24.3654	85.2391
Rustampur	34	24.9775	85.4988
Rupan Bigha	34	24.6816	85.3988
Rupai	34	24.6656	85.3037
Rud	38	24.0963	85.3835
Rudrammanahalli	19	14.5396	76.6819
Rudregaudana Koppal	19	12.3094	76.3572
Runnipur	34	24.7815	85.5294
Rukhi	34	24.8462	85.7210
Rustampur	34	24.9031	85.6708
Rupaidih	38	24.3517	85.7166
Ruchaul	34	26.3163	86.1582
Rupauli	34	26.2564	86.2070
Ruchaul	34	26.2225	86.0340
Rupnagar	34	26.0097	86.1979
Rudrapur	34	26.3459	86.3275
Rudranahalli	19	13.2511	76.2636
Rudrapura	19	13.4055	76.4111
Rupauli	34	26.2002	86.3244
Rupaspur	34	26.0896	86.2544
Rupauli	34	26.1614	86.4103
Rupauli	34	26.0248	86.7795
Rupauli	34	25.9563	86.0126
Rudrapur	40	19.4274	79.7922
Rupaspur	34	25.4238	86.0661
Rudrapatna	19	12.5962	76.1231
Rubanakallu	19	15.9654	77.0793
Rupnagar	34	25.8626	86.6367
Rupauli	34	25.8717	86.7056
Rukmania	34	25.6387	86.7153
Rupamau	34	25.0342	86.5400
Rudpai	34	25.0701	86.7445
Rudrampalle	02	14.3938	77.1330
Rudrayanakuppa	19	14.2825	77.1981
Rukmania	34	25.5572	86.8007
Rupabel	34	24.8038	86.0353
Rupal Mota	09	23.2422	73.5066
Ruppur	36	27.4022	80.6239
Ruppur	36	27.4112	80.5559
Ruhling	11	32.8409	76.7631
Ruppura	36	26.1443	79.0269
Rudawali	36	26.2177	79.1009
Rura Sirsa	36	26.1904	79.2193
Rura	36	26.0948	79.1391
Ruruganj	36	26.7667	79.4552
Ruru Kalan	36	26.7556	79.4653
Rur	36	26.9752	79.4888
Ruppur	36	26.9887	79.4835
Ruru Khurd	36	26.7673	79.4396
Rudauli	36	26.8896	79.2854
Ruppura	36	26.8549	79.3719
Rurua Auraiya	36	26.6325	79.3657
Ruppur	36	26.6791	79.3488
Rupnarayanpeta	40	18.3967	79.4792
Rupreddipalli	40	18.2154	79.7368
Rudrabidu	19	12.1621	75.9771
Rudrapadam	19	15.4873	76.7844
Rudrapur	19	15.8680	74.9337
Rudarbigha	34	24.6489	84.3165
Rupaspur	34	24.9105	84.7598
Rukunpur	34	24.8082	84.7993
Rupaspur	34	24.8690	84.8413
Rupan Bigha	34	24.9154	84.8898
Rupauli	34	26.1234	87.3847
Runki	34	26.0291	87.7647
Rupadhar	34	26.2356	87.9561
Ruidhasa	34	26.0975	87.9388
Rupauli	34	25.8695	87.0600
Rupauli	34	25.8682	87.0870
Rupni	38	25.0221	87.1827
Rupaspur Khagha	34	25.7411	87.2726
Rupastola	34	25.7185	87.2754
Rupaspur	34	25.6496	87.4867
Rup Chak	34	25.2305	87.4200
Runji	38	25.1156	87.4586
Rusabari	34	25.9047	87.5973
Rukanbada	34	25.9683	85.0580
Rufuspur	34	25.6033	85.0629
Rukunpur	34	25.6079	85.0747
Rukunpur	34	25.5957	85.0721
Rukunpur	34	25.5204	85.2358
Rupaspur	34	25.3757	85.1042
Rukunpura	34	25.2720	85.1518
Ruchanpura	34	25.2694	85.2427
Rupaili	34	25.7186	87.6764
Rupatok	38	25.0777	87.5454
Rupaili	34	25.6051	87.7562
Rupaspur	34	25.3690	85.2487
Rup Chak	38	24.8917	87.2092
Rupia Mal	38	24.8399	87.1958
Rupi Bigha	34	25.0583	85.1250
Rustampur	34	25.1346	85.1542
Rupaspur	34	25.1291	85.2230
Rupdeo Bigha	34	25.0983	85.0679
Rupganj	28	24.0104	87.5649
Rukunpur	28	24.0616	87.7147
Rupri	28	24.7414	87.8517
Rupchandrapur	28	24.5172	87.9386
Rudra Nagar	28	24.3822	87.8876
Ruprampur	28	24.4712	87.8707
Rui	35	21.8608	75.2379
Rustampur	34	25.5700	85.3061
Rupas	34	25.5219	85.4749
Rupan Bigha	34	25.2925	85.3502
Rukhae	34	25.3269	85.3725
Rukunpura	34	25.4852	85.4100
Rupaspur	34	25.3570	85.4740
Rupan Bigha	34	25.1576	85.2899
Rupaspur	34	25.0660	85.2789
Rupaspur	34	25.2341	85.3924
Rudatola	34	25.2329	85.3655
Rupanpatti	34	25.9913	85.5289
Rupanpatti	34	25.8962	85.5298
Rupas	34	25.4966	85.5049
Rupaspur	34	25.3572	85.5257
Rupas	34	25.4590	85.6297
Rupaspur	34	25.2699	85.7402
Rudraram	40	17.9793	78.4183
Rudraweli	40	17.4100	78.7846
Rupail	34	26.1736	87.5729
Rupni	34	26.2407	87.7015
Rupauli	34	26.1010	87.6683
Ruhi	36	27.5211	80.0727
Rudai Purwa	36	27.7161	80.1477
Ruhnian Purwa	36	27.4823	80.1457
Rudauli	36	27.1472	80.0985
Rudi Khera	36	27.1545	80.2005
Rudauli	36	27.2134	80.1145
Rudamau Kalyanpur	36	27.1179	80.1314
Ruknapur	36	27.0847	80.1379
Rudrakshipura	19	12.6139	77.0789
Rudrapuram	19	12.1442	77.3901
Rudravaram	02	15.7577	78.0887
Rudravaram	02	15.5571	78.1083
Rupanagudi	02	15.0988	78.3843
Rustumnagaram	02	15.6680	78.9814
Rukuvandlapalle	02	14.1423	78.8078
Rudranayaka Thanda	02	13.9264	78.4866
Rumdaya	34	27.2921	84.3873
Rupnarayanpur	34	25.6775	85.5688
Rupsipur	34	25.6964	85.5445
Rupauli Chausima	34	25.6103	85.5861
Rupauli Chausima	34	25.6043	85.5993
Ruthur	25	12.6667	78.9758
Rutupalle	02	15.3038	78.9664
Rudrasamudram	02	15.8417	79.3998
Rudravaram	02	15.6087	79.9635
Rudrayapalem	02	14.0371	79.9273
Rudrayapalem	02	14.0424	79.9237
Rudrayyagaripalli	02	13.4160	79.1295
Rudravaram	02	13.9988	79.9853
Rudarampalaiyam	25	11.2466	77.1524
Rukkammavur	25	11.1503	77.7455
Rudrapalaiyam	25	10.4770	77.3493
Rupanarayanallur	25	11.6154	79.3012
Rurapadar	21	20.2014	84.7515
Runsilitoli	38	23.1167	85.1381
Runju	38	23.0781	85.0794
Rubangtoli	38	23.7270	85.4249
Ruka	38	23.4469	85.4648
Rudia	38	23.4295	85.4315
Rurung Kocha	38	23.2321	85.3825
Rutatoli	38	23.0979	85.3465
Rumchu	38	23.0033	85.4898
Rundai	38	23.5099	85.6844
Rupru	38	23.3763	85.5906
Rutadih	38	23.0488	85.5488
Rumchu	38	23.0038	85.5097
Rukam	38	23.5802	85.8537
Rugri	38	23.1727	85.8272
Rugri	38	23.0757	85.9222
Rugri	38	23.0168	85.7583
Rugri	38	23.0079	85.8406
Rugrutoli	38	22.9319	85.1979
Rushutoli	38	22.8018	85.1164
Ruritoli	38	22.7829	85.1092
Ruhanpanitoli	38	22.7177	85.0589
Rungikocha	38	22.5041	85.1831
Runghi	38	22.4435	85.0764
Runghi	38	22.4514	85.0723
Ruitola	38	22.9822	85.3337
Rumutkel	38	22.8757	85.2576
Rumjui	38	22.8582	85.2618
Rubua	38	22.8769	85.2768
Rutadih	38	22.8579	85.3053
Ruruanga	38	22.9336	85.3998
Rugri	38	22.9902	85.4221
Rungru	38	22.9202	85.4831
Rugudtola	38	24.1355	84.7863
Rud Khurd	38	24.2272	84.9371
Rupapos	38	22.5795	85.4627
Rutagutu	38	22.1276	85.5378
Rugri	21	22.0074	85.5022
Rundusai	21	22.0515	85.6547
Rugutsai	38	22.2158	85.6325
Ruradangal	38	24.0384	86.8680
Rudarpur	38	23.0135	84.1703
Rud	38	23.5626	84.3091
Ruki	38	23.2544	84.4453
Rud	38	23.9200	84.7486
Rubed	38	23.6581	84.5369
Rud	38	23.6869	84.6847
Rud	38	23.5397	84.8386
Rukhidipatoli	37	22.8662	84.0729
Rusutoli	38	22.5378	84.2436
Rungudera	38	22.4412	84.1836
Rupsera	37	22.9503	84.2810
Rutkudanr	38	22.6839	84.3735
Rukrumtoli	38	22.9644	84.5187
Rufuatoli	38	22.4909	84.5589
Rumsumtoli	38	22.4958	84.7780
Rukidihi	21	21.7264	84.1966
Rukmaniyammalpuram	25	8.9720	77.5690
Rudrappanayakkanpatti	25	10.3063	78.0285
Rukarampatti	25	10.4924	77.5686
Rudranpatti	25	9.9285	78.9906
Rudrakshappatti	25	10.7670	77.9506
Rudrakshakombai	25	11.2133	78.4299
Rudumangalam	25	11.0349	78.5323
Rudraroppam	19	14.1928	77.1833
Rudi	38	23.8365	85.3092
Rutagutu	38	22.3795	85.4701
Rurunghata	38	22.9032	85.5682
Rurang	38	22.8907	85.5495
Rugri	38	22.8350	85.5259
Rugudih	38	22.8790	85.6472
Ruchab	38	22.8305	85.7474
Rugri	38	22.7284	85.7250
Ruadiri	38	22.3557	85.6516
Ruadih	38	22.9853	85.9743
Rugri	38	22.9644	85.9552
Rudarpur	38	22.7389	85.8383
Rurih	38	22.6536	85.8326
Rugrisai	38	22.6702	85.9345
Rundasai	38	22.6663	85.9305
Ruia	38	22.2450	85.7714
Rugudsai	38	22.1192	85.7620
Rugudsai	38	22.0692	85.8316
Rutubhuin	21	21.0522	85.0923
Rugutdi	21	21.9978	85.3217
Rudkura	21	21.9829	85.3150
Rugutsai	21	21.8660	85.3020
Rugrisai	21	21.8148	85.4014
Rugdikesra	21	21.5803	85.3969
Rugdikesra	21	21.5655	85.4142
Rugudidiha	21	21.4526	85.3558
Rugudi	21	21.3663	85.4738
Rugudidihi	21	21.6854	85.5085
Rukunapur	21	21.7273	85.6091
Rutikishilla	21	21.4966	85.7206
Rupabedha	21	21.0910	85.5584
Rugudi	21	21.9261	85.9927
Ruguriapara	21	20.6919	85.0246
Rupali	21	20.6104	85.2104
Rusipada	21	20.4038	85.1906
Ruro	21	20.8199	85.3397
Rustampur	34	24.9074	85.8312
Ruputola	38	24.4082	85.9934
Rupanadih	38	24.3454	85.9869
Rupaidih	38	24.2793	85.8837
Rupidih	38	24.3046	85.9696
Rupauli	34	26.0279	86.5147
Rukotanr	38	24.1891	86.4667
Rugdipali	21	21.2252	84.0425
Rugud	21	21.7218	84.9853
Rugud	21	21.5140	84.9740
Ruguripali	21	20.9650	84.0187
Ruguriguda	21	20.7664	84.0240
Rugurapara	21	20.7084	84.0088
Rutamaska	21	20.5476	84.1623
Rujangi	21	20.4557	84.2417
Rupapadar	21	20.3342	84.1641
Rugrisai	21	20.3357	84.1603
Rugudipali	21	20.6250	84.4367
Rujipara	21	20.4746	84.3214
Rugripadar	21	20.3518	84.2713
Ruji	21	20.3657	84.4063
Rugudisuga	21	20.3585	84.4832
Rupagam	21	20.2697	84.4752
Rupagam	21	20.2659	84.4851
Rudangia	21	20.1507	84.3284
Rugudisugam	21	20.1970	84.4836
Runjagam	21	20.0767	84.4773
Rupajhari	21	20.3679	84.5275
Rugdimada	21	20.3620	84.7463
Ruksin	30	27.8454	95.2230
Rumgong	30	28.3099	94.8852
Rupaichhari	26	23.0961	91.7000
Ruppur	36	26.8946	78.9979
Ruppur	36	26.8785	78.9877
Ruil	11	31.0754	77.7523