Sonipat	10	28.9948	77.0194
Soyibug	12	34.0768	74.7057
Sopur	12	34.2867	74.4723
Sojat	24	25.9249	73.6663
Solan	11	30.9091	77.1087
Sonepur	34	25.6961	85.1667
Sohna	10	28.2474	77.0654
Soyagaon	16	20.5525	74.5069
Soro	21	21.2785	86.6883
Soron	36	27.8906	78.7462
Sonamukhi	28	23.3052	87.4134
Songadh	09	21.1697	73.5636
Sohagpur	35	22.7005	78.1952
Someshvara	19	12.8035	74.8647
Soygaon	16	20.5961	75.6176
Someshwar	19	13.4911	75.0665
Sonepur	21	20.8333	83.9167
Sonari	03	27.0246	95.0163
Sojitra	09	22.5388	72.7198
Somandepalle	02	14.0077	77.6085
Solsumba	09	20.1575	72.7891
Sompeta	02	18.9442	84.5845
Sonkach	35	22.9717	76.3467
Sonpet	16	19.0259	76.4739
Sorada	21	19.7608	84.4300
Somampalaiyam	25	11.0484	76.8973
Soyatkalan	35	24.1886	76.1778
Soalkuchi	03	26.1681	91.5711
Solap	28	22.1278	88.1586
South Kannanur	25	10.9194	78.7401
Sonegaon	16	20.6291	78.6921
Sorab	19	14.3814	75.0918
Sonamura	26	23.4755	91.2659
Solim	33	15.6152	73.7674
Sogam	12	34.5014	74.3823
Sonegaon	16	21.1367	78.9973
Sohana	23	30.6887	76.7066
Sohagi	35	24.9818	81.6956
Sorala	21	19.1308	84.7509
Sorbhog	03	26.4861	90.8859
Somvarpet	19	12.5970	75.8496
Sohela	21	21.3015	83.3980
Soanpeta	40	18.9700	78.3563
Soolakkarai	25	9.5360	77.9506
Solakut	12	34.5391	74.2553
Sorkhi	10	29.0519	76.1191
Sonabera	21	20.5105	82.4592
Solankiyatada	24	26.5367	72.2695
Soyet	35	24.1891	76.1757
South Salmara	03	25.9054	90.0181
Southada	16	18.8019	75.3637
Sotur	12	34.0403	75.0738
Sotha	23	30.3824	74.5548
Sosonpal	37	19.0227	81.9135
Sosing	29	27.2799	88.3534
Sosale	19	12.2386	76.9111
Sorwa	35	22.2679	74.2497
Sorsan	24	25.0167	76.3000
Soreng	29	27.1690	88.2026
Soraon	36	25.6084	81.8453
Sopona	11	31.9905	78.3016
Sopara	16	19.4158	72.8008
Sonwari	09	20.8538	72.9732
Sonwara	24	24.8609	72.9505
Sonwan	36	27.6571	81.7533
Sonvad Budrukh	16	21.0772	75.3468
Sonua	38	22.5819	85.4634
Sonthwa	35	25.7688	76.5768
Sontha	34	26.1861	87.7766
Sontalai	35	22.3466	76.8710
Sonsari	16	20.5163	80.2347
Sonri	24	25.0754	71.2551
Sonpur	36	27.9167	81.7167
Sonpur	34	25.6934	85.1718
Sonpur	37	19.7013	81.0124
Sonparam	17	25.0200	93.5910
Sonpara	16	21.3240	73.9824
Sonpa	34	25.4591	83.8401
Sonkhed	16	19.0299	77.2172
Sonkach	35	23.7683	76.9932
Sonik	36	26.5786	80.5761
Soniyasar	24	27.7656	74.0223
Soniyana	24	25.1217	74.6345
Soni	35	26.5225	78.5565
Sonhat	37	23.4829	82.5182
Songsang	17	24.4857	93.3163
Songsak	18	25.6432	90.6116
Songpekmun	17	24.3216	93.2862
Songkong	17	24.0904	93.6789
Songir	16	21.0803	74.7877
Songchal	17	24.1647	93.3712
Songarh	09	21.7142	71.8877
Songaon	16	18.0553	74.5306
Sone ka Gurja	24	26.4916	77.5612
Sonegaon	16	18.5671	75.4153
Sondwa	35	22.1151	74.3750
Sondo	16	19.6637	79.3250
Sondhri	36	26.0931	83.0182
Sondekoppa	19	13.0199	77.3838
Sondar	12	33.4739	75.8656
Sondad	16	21.0683	80.0904
Sonda	19	14.7350	74.8091
Sonbarsa	34	26.8469	85.5800
Sonath	19	17.6119	77.1107
Sonari Town	38	22.8206	86.1720
Sonaria	09	21.4706	71.2401
Sonari	16	18.3657	75.4191
Sonapur	03	26.1177	91.9722
Sonamarg	41	34.3037	75.2982
Sonakhira	03	24.5706	92.2884
Sonaimukh	03	24.7256	92.8812
Sonaili Bazar	34	25.6080	87.7159
Sonai	16	19.3956	74.8195
Sonahula	34	25.0900	87.1623
Sonahatu	38	23.1954	85.7054
Sonada	28	26.9575	88.2700
Sona Arjunpur	36	29.7532	77.4583
Sona	39	30.2479	80.5383
Son	37	21.7498	82.3816
Son	40	19.0106	78.3847
Somsisar	24	28.7760	74.7477
Somran	24	27.2504	73.9464
Somnath	09	22.0665	71.3675
Somnath	09	20.8881	70.4013
Somna	36	28.0573	77.9406
Somidevipalle	02	15.4572	79.0384
Someshwar	39	29.7811	79.6057
Sombari	29	27.1403	88.1505
Somavaram	02	17.2271	82.1181
Somatoli	38	22.7181	84.8754
Somasi	24	28.4100	74.8936
Somaram	40	18.9919	79.7165
Somanur	25	11.0846	77.1891
Somnathpur	19	12.2762	76.8835
Somalsar	24	27.5831	73.5237
Somala	02	13.4748	78.8101
Som	24	24.1830	73.3418
Solur	19	13.0725	77.2451
Solpata	21	21.5618	87.0591
Sollebail	19	13.4000	75.3667
Soliyakkudi	25	9.7092	78.9911
Soldia	21	21.8772	83.9977
Solankuppam Mel	25	12.4677	78.9410
Solaguda	21	20.0652	83.9107
Sokhniz	41	33.9837	75.5153
Sokhda	09	22.4229	73.1675
Sojna	36	24.5469	78.8932
Sointara	24	26.2679	72.3846
Soin Kalan	35	25.7514	76.6697
Soila	24	26.8263	73.3337
Soira	21	21.7619	84.3578
Sohwal	36	26.7487	81.9873
Sohuwala Chak Rohi	10	29.6500	74.9667
Sohso	21	21.2200	86.3311
Soh Sarai	34	25.2236	85.5142
Sohrarim	18	25.3500	91.7333
Sohian Kalan	23	31.7444	74.9163
Sohawal	35	24.5726	80.7636
Sohar	36	26.1194	83.4968
Sohar	35	24.3003	82.3043
Sohanjna	12	32.6975	74.7429
Sohan	24	26.7202	77.6858
Sohal	23	31.4685	74.7199
Sohagpura	24	23.9197	74.7089
Sohagpur	35	23.3173	81.3518
Sohagpur	37	22.1184	82.7117
Sohagpur	37	21.5944	82.8764
Soguru	21	18.5142	82.6120
Sogra	41	34.3459	76.9675
Sofale	16	19.5776	72.8265
Sodpur	28	22.7043	88.3917
Sode	38	22.6822	85.0482
Sodarpur	35	23.3972	78.4181
Sodaori	09	21.0936	70.8476
Sodalpur	35	22.3189	77.2197
Sodakor	24	27.0351	71.4366
Sochumei	17	25.4833	94.2333
Sobraon	23	31.1793	74.8521
Sobhapur Bazyaft	35	23.0428	77.5660
Sobhapur	35	22.7737	78.2638
Sobhasar	24	28.1197	73.2337
Sobala	39	30.0678	80.5714
Sora	24	26.4034	75.5086
Sorongodo	21	20.2275	84.1242
Sondiya	35	23.8732	76.6979
Somalsar	24	28.4232	74.6663
Sorani	24	28.9462	74.7807
Sonatikri	28	22.8689	88.0603
Sobharampur	28	22.0822	88.0858
Sonakhali	28	22.8008	88.6725
Sonatikri	28	22.6839	88.5936
Sonakhal	28	22.2307	88.7111
Solban	12	34.3826	74.8315
Soenar	12	34.4145	74.8198
Sora	12	34.1424	74.7991
Sotiung	12	34.0532	74.8509
Sonawar	12	34.0731	74.8418
Solala	12	33.5098	74.1854
Sonamul	12	34.4619	74.1584
Sonchipur	12	34.4931	74.1008
Sonawari	12	34.2372	74.6348
Sozyeth Guripura	12	34.1140	74.6818
Sonim	12	34.1237	74.5292
Soipur	12	34.0776	74.5157
Sotipura	12	34.0090	74.6011
Sonapah	12	34.0101	74.6048
Soipur	12	34.0647	74.6694
Sonyan Saidnar	12	34.2919	74.3102
Sonyan Saidnar	12	34.2986	74.3167
Sonawaing	12	34.3553	74.3878
Sobka Tala	12	32.8811	74.7476
Sohal	12	32.8942	74.6530
Sonawa	12	33.1996	74.1189
Solki	12	33.1570	74.4264
Sodira	12	33.0466	74.4696
Souji	12	33.8693	74.2891
Sobka	12	32.8764	74.7514
Sodhi	10	29.9310	76.9339
Sodhera	12	32.7486	74.9264
Sobhashnagar	39	30.2772	77.9914
Sodinagar Tongia	39	30.1769	77.8870
Sonta Rasulpur	36	29.5336	77.4109
Sondhapur	10	29.3776	76.9345
Soreda	07	28.5968	76.9370
Sohal	11	31.2444	77.0383
Soriya	11	31.2217	77.0078
Solipur	40	17.0387	78.2110
Somawaram	40	17.4348	78.7646
Somaram	40	17.6783	78.5028
Somaram	40	17.7333	78.9972
Sompet	40	17.8689	78.1410
Soraram	40	17.9507	78.3990
Sonari	16	18.9104	72.9879
Sowcarpet	25	13.0898	80.2775
Sokkanallur	25	13.0847	80.0686
Sonnapanahalli	19	13.1583	77.6245
South End Circle	19	12.9367	77.5798
Sonasar	24	28.2153	75.3842
Soti	24	28.1726	75.4321
Sovrani Dhani	24	28.3206	75.6382
Solana	24	28.0630	75.5697
Sohata	10	30.2013	76.9576
Sonrai	36	24.8961	78.4409
Sonarai	35	24.0096	78.9309
Sondhamai	36	27.8563	79.2853
Sobanpur	36	27.1580	79.3260
Sonek	36	27.6975	79.5355
Sonua ka Nagla	36	26.9765	79.2150
Sonepura	36	26.3439	79.2274
Sorathpura	24	26.7750	75.6050
Sonapur	36	26.3435	79.3166
Sohrapur Ata	36	26.1388	79.4746
Sonal Parwal	36	26.1632	79.2981
Sonakpura	36	25.3816	79.2826
Sonra	35	25.2519	79.3307
Sonasi	36	26.6905	79.9233
Sonjh	36	26.6035	79.8526
Sora	35	24.6611	78.9998
Sorkhi	35	24.6270	79.0861
Soriyana	35	24.8980	79.3338
Sontala	35	24.8972	79.2828
Sorda Jadid	10	28.5756	75.6299
Sonali Dabri	03	26.3488	89.8270
Somapur	19	15.8833	74.9974
Sogal	19	15.8607	74.9756
Sonpalsar	24	28.5118	74.1667
Somasar	24	28.3855	74.0683
Somat	41	34.4401	75.9091
Sonarihola	03	26.5484	92.8807
Sonbaraghat	03	24.7539	92.8400
Sonarijangaon	03	26.2239	93.1368
Sokpao	17	24.9797	94.2658
Solang	35	24.2056	82.5587
Sonwa	24	26.0937	75.7864
Sonna	19	15.0193	76.1081
Sottuppakkam	25	12.4368	79.8348
Sohangarh	35	23.5739	75.0583
Sonala	16	21.1236	76.7415
Sonara	16	21.2282	73.9320
Sosak	09	21.2737	72.7579
Sonabil	03	26.8187	92.6411
Sosa	39	29.8473	80.5369
Sonpandar	37	21.6053	81.2491
Sonamui	28	22.5376	88.0106
Sohela (Community Development Block)	21	21.2990	83.4005
Sonaidih	37	21.8767	82.7280
Sono	34	24.7375	86.3017
Sonpuri	37	22.4370	82.7165
Sonpur	35	23.2201	80.0724
Sonmuth	37	22.8843	84.1435
Sonpur	37	22.6328	83.3175
Sonpuri	37	21.6860	82.1523
Sonardeori	37	21.5660	82.2447
Sorakhal	39	30.3012	78.5661
Solsindi	35	22.9646	75.9144
Sontara	37	22.3159	81.2712
Solmara	03	26.3796	91.2951
Soter	35	24.6094	78.1854
Sonadi	35	24.4211	75.4490
Somarundi Kalan	35	23.4515	74.8230
Sonpur	21	21.7326	87.1535
Solagaon	21	20.5214	85.9803
Solahala	21	19.9720	85.7526
Solapatia	21	19.9679	86.2647
Sombaray	28	26.9617	88.6965
Somanhalli	19	12.7717	77.5053
South Kanghmun	31	23.2142	92.7404
Sonitpur	03	26.7820	92.4491
Sonarwain	12	34.4442	74.6525
Sodanor Naistikhan	12	34.3210	74.6513
Solu Majra	10	29.8649	76.5782
Sohanpura	10	29.7431	76.8688
Sothana	10	28.1047	76.5948
Sothani	10	28.1129	76.6016
Sonkh	10	28.1264	76.9849
Solwach	11	31.5033	77.0851
Som	11	31.6513	77.2240
Soja	11	31.6828	77.0456
Sonri	24	29.1766	74.7015
Soti Bari	24	29.1869	74.8376
Sohuwala	10	29.4386	75.1706
Sohlan	10	29.8267	76.8604
Som	12	33.2643	74.4039
Sokh Bani	12	33.3522	74.4130
Sokar	12	33.4452	74.4105
Sonchal	12	33.2685	74.4593
Sowarian	12	33.3818	74.4594
Sokar Nakka	12	33.4616	74.4947
Sonjhdu	11	31.2880	77.0616
Sorushao	11	31.3228	77.1572
Sorad	11	31.4635	77.0416
Sonapind Gali	12	34.5884	74.4726
Sohniali Forest	12	34.5262	74.4882
Sohniali	12	34.5123	74.4963
Sogaim Baihk	12	34.6905	74.4550
Sowera	11	31.2850	77.3547
Sowari	11	31.3010	77.4637
Sodhiwala	23	30.9130	74.9257
Soi	11	31.1797	77.3440
Sot	11	31.1901	77.3227
Sonthal	11	31.0257	77.3589
Sohach	11	31.4650	77.5883
Sojla	11	31.0871	77.7220
Sonpuri	11	31.1335	77.7423
Sovar	11	30.8386	77.1052
Solari	11	30.8058	77.1326
Sona	11	30.9755	77.1732
Sonh	11	30.7171	77.1479
Sohal	11	30.7355	77.1442
Sowat	11	30.7168	77.1748
Song	10	30.7302	77.0838
Sohana	10	30.2536	77.0269
Sora	11	30.7864	77.2763
Sotani	11	30.8223	77.4106
Sonthai	11	30.5864	77.3648
Sorwabas	24	27.8799	76.6436
Sorwa	24	27.8821	76.6425
Sorka Kalan	24	27.7302	76.5777
Sodanpura	24	27.5008	76.5454
Sotaka	24	27.6305	76.7452
Sonanpur	24	27.4414	76.6143
Sondhibas	36	30.1542	77.4412
Sonphar	11	30.7253	77.5455
Sora	11	30.5988	77.5693
Sojoi	11	30.6520	77.6962
Sohalpur	10	27.7455	76.9445
Soran	39	30.7306	77.7830
Sohan	39	30.5102	77.8869
Sonanda	24	26.5704	76.3457
Sofatpur	36	29.6349	78.1837
Sonpur	35	23.6933	78.2854
Sothiya	35	23.5810	78.3034
Soyala	24	26.4586	76.1555
Sopra ki Dhani	24	26.3097	76.0155
Sonpur	35	23.5474	78.6214
Sothia	35	23.7443	78.7131
Somawas	24	26.3836	76.2516
Sotoli	24	26.2874	76.2634
Sonpur	35	23.5114	78.9242
Sonpur	35	23.5889	78.9911
Sojpura	24	26.7126	76.6980
Sobhan ki Bad	24	26.4050	76.5262
Sojni	35	23.1407	78.5222
Sokalpur	35	23.0331	78.6791
Sohana	10	29.6608	77.0413
Sop	24	26.6326	76.7741
Soli	24	25.2433	76.0513
Sohanjani	36	29.4870	77.4665
Sonta	36	29.4473	77.4492
Sodhra	35	22.8192	78.2065
Sonsarkhera	35	22.8332	78.1939
Sonpur	35	22.5814	78.3105
Sonkhawa	35	22.1709	78.9150
Sonapipri	35	22.1400	78.8017
Sonakhar	35	22.0607	78.9916
Sohpur	35	22.0215	78.9567
Somadhana	35	22.1129	78.9027
Somudhana	35	21.9887	78.2481
Sontalai	35	21.9255	78.2393
Somlapurdhana	35	21.8517	78.1332
Sonora	35	21.8050	78.0632
Sonkheri	35	21.7663	78.0393
Sonora	35	21.7603	78.2026
Somlapur	35	21.8470	78.1258
Somlapur	35	21.9594	78.2743
Sonegaon	35	21.9139	78.3081
Somadhana	35	21.9358	78.3990
Sondiya	35	21.8658	78.4459
Sonegaon	35	21.8456	78.4529
Somgadh	35	21.6685	78.3119
Sonegaon	16	21.1150	78.3216
Sonoli	16	21.3667	78.6260
Sonegaon	16	21.1433	78.6313
Sonpur	16	21.1876	78.6687
Sonmoh	16	21.2293	78.6834
Sohagpur	35	21.9274	78.8015
Sonmau	35	21.9060	78.7788
Sonpur	16	21.5419	78.9763
Sonegaon	16	21.2329	78.8315
Sonegaon	16	20.7255	78.2439
Sobhapur	36	29.0021	77.6526
Sonwa	24	25.3256	76.3125
Sonkachh	24	25.8907	76.5900
Sobhagpura	35	25.7611	76.7071
Songarh	09	24.3501	73.0023
Solia	09	24.2930	73.0748
Sonarap	24	24.3896	73.1350
Solghati	24	24.1617	73.3826
Solaki	24	24.8019	73.5337
Sosan	23	30.8106	75.0142
Sohna ka Gurha	24	24.6671	73.6647
Sonairo	24	24.6811	73.6739
Sodhiwala	23	30.9058	75.4198
Soloniyan	24	24.8711	76.2146
Sohankheri	24	24.5017	76.0892
Soliya	24	25.1738	74.5505
Solankhio ka Khera	24	25.0667	74.5833
Solankhiyo ka Khera	24	25.2432	74.7198
Songran ki Kheri	24	25.0164	74.7221
Sohian	23	30.7972	75.5417
Sohalpur Gara	39	29.8831	77.8279
Sohalpur Sakrauda	39	29.9642	77.9164
Sohal Sarai	07	28.5564	77.1060
South Patelnagar	07	28.6469	77.1645
South Moti Bagh	07	28.5806	77.1716
South Vinaynagar	07	28.5672	77.1941
Soharkha	36	28.5739	77.4048
Sobhapur	36	28.9894	77.3628
Sobhapur	36	28.7625	77.4840
Sohana	36	28.8629	77.4923
Softa	10	28.2629	77.2840
Sotai	10	28.2921	77.3607
Sonda	36	28.8362	77.5238
Soharka	36	28.9311	77.6060
Solana	36	28.8710	77.6588
Sotla	23	31.6774	75.7661
Sobri	24	26.0259	74.7866
Solia	24	26.1753	74.9992
Soniana	24	25.8810	74.1934
Sohanpura	24	25.8156	74.2096
Sohian	23	30.2318	75.8698
Sonf	10	28.6831	76.2526
Sonthi	36	29.2163	77.2461
Sondana	39	30.3037	78.1859
Sohagpur	36	29.3162	78.5302
Sojanpur	36	28.7751	79.2230
Sona	36	28.4652	79.0767
Sojpur	24	24.6768	76.4297
Sohanpura	24	24.4940	76.3837
Soni	24	24.8488	76.7384
Solaheri	24	24.7684	76.7037
Sonda	24	24.7350	76.9064
Solariyakheri	35	24.3535	76.8554
Soliyabeh	35	24.3853	76.9026
Soyali	35	24.3667	76.8510
Sondila	40	18.7600	79.5475
Somanapalli	40	18.7075	79.7428
Sohanpura	24	26.0700	75.0783
Solhra	10	28.1860	77.5139
Sotipura	36	28.0409	77.6526
Sohanpur	36	28.7253	77.8105
Sodhawali	36	28.7275	77.8022
Sohanpur	36	28.5767	77.7581
Sorakpani	29	27.1291	88.3427
Solti	29	27.1371	88.3380
Soryiang	28	27.0454	88.4116
Song	29	27.2464	88.5062
Songllaka	29	27.2016	88.7185
Sohagpur	37	21.5580	81.1481
Sonpuri	37	21.6215	81.2422
Sondongri	37	21.5159	81.2218
Sonbhatta	37	21.3696	81.0606
Sonpuri	37	21.4850	81.1053
Sonikhera	36	26.7665	77.4874
Soti ka Pura	35	26.4904	77.8596
Sohli	35	26.3348	78.3125
Sondha	35	26.4891	78.4861
Solgavhan	16	19.7120	76.1026
Sota Khiria	35	25.8544	78.1387
Sosa	35	25.8780	78.3452
Somnath	16	19.8440	76.0292
Sondev	16	19.8606	76.2138
Soyanjana	16	19.5568	76.1910
Sopara	16	19.3642	76.1821
Sonnathadi	16	19.1419	76.3329
Somathana	16	19.2247	76.3553
Sonkhed	16	19.0235	76.4678
Sonna	16	19.4304	76.5366
Somthana	16	19.3718	76.5901
Sodiwala	23	30.0109	76.1583
Sonula	16	19.2385	76.5870
Sonna	16	19.2436	76.6855
Someshwar	16	19.0483	76.9226
Sonijawla	16	18.6814	76.1081
Sohniali	12	34.6079	74.2755
Sohavi	23	30.7546	76.3794
Sopha	36	27.9835	77.7657
Sonoth	36	27.8551	77.9355
Sotal	23	30.8583	76.5403
Sonhiwra	16	18.8390	76.3670
Sonala	16	18.7901	76.2717
Somnath Borgaon	16	18.6289	76.2938
Son Sangvi	16	18.2382	76.7020
Somthan	16	18.3770	76.9185
Solpurpili	24	27.6053	77.1608
Sonokhar	24	27.7456	77.2397
Somka	24	27.7082	77.1670
Sonsa	36	27.4494	77.5580
Son	36	27.3955	77.5701
Sonoth Janubi	36	27.3538	77.6064
Sotha	10	29.3796	76.0706
Sotha	10	29.9298	76.3367
Sonda	36	28.1857	77.8082
Sonadih	37	22.4241	82.3646
Sontapara	37	22.4173	82.4237
Songorha	37	22.1063	82.7757
Soniapat	37	22.0052	82.7649
Sonthi	37	22.0141	82.9644
Sonpuri	37	21.8980	82.0945
Sonadih	37	21.7560	82.1950
Sonpur	37	21.3437	82.6644
Sonekanhar	37	20.1908	81.0660
Sore	37	20.0596	81.0922
Soram	37	20.6564	81.5191
Sonewara	37	20.7161	81.7433
Sonpur	37	20.3310	81.6012
Sonjhari	37	20.5537	81.8208
Sonaraindaihan	37	20.6788	81.9069
Sonpairi	37	20.7283	81.8343
Sonamagar	37	20.3273	81.9131
Sonpur	37	20.0361	81.7535
Somnathhalli	19	17.0581	76.8445
Somnal	19	16.3440	76.2840
Somanamaradi	19	16.3123	76.7593
Sonpuri	37	21.8266	81.1427
Sonpur	37	21.9358	81.1643
Sohagpur	37	21.9347	81.2172
Somni	37	21.1236	81.1470
Sonchiraia	37	21.7320	81.3660
Sond	37	21.5376	81.4412
Sonesarar	37	21.4410	81.3586
Sonth	37	21.1909	81.3952
Somni	37	21.1837	81.4352
Soram	37	21.0391	81.4826
Sonpuri	37	21.9999	81.5297
Sondongri	37	21.2777	81.5947
Sondra	37	21.3648	81.6383
Sonpairi	37	21.1146	81.6382
Sonpur	37	21.0420	81.5845
Sonpairi	37	21.1712	81.8775
Sonesilli	37	21.0030	81.8378
Sonth	37	21.0125	81.8526
Sonna	16	19.1370	77.0991
Someshwar	16	19.1081	77.1985
Sonkhed	16	19.1886	77.1403
Sonegaon	16	19.2441	77.1856
Sonari	16	19.1979	77.7499
Sonari	40	19.2014	77.9115
Sownli	40	19.1593	77.8974
Sowna	40	19.1716	77.9722
Sonmanjri	16	18.9998	77.0836
Somthana	16	18.7605	77.1739
Somthana	16	18.9298	77.4358
Soniwadi	16	18.4587	77.4270
Somur	16	18.3289	77.4882
Sonala	40	18.5304	77.6495
Somur	40	18.4217	77.6007
Sopur	02	18.2902	77.5566
Sorhaili	19	18.0827	77.5410
Soraskhod	16	18.8519	77.8454
Sompur	40	18.6588	77.7839
Somwarpet	40	18.1979	77.9883
Somthana Tanda	19	17.4399	77.1630
Somthana	19	17.4324	77.1568
Som Lingadhalli	19	17.4108	77.4765
Sona	36	27.4262	78.3205
Sorta	16	20.7690	78.3203
Sonura	16	20.7962	78.2933
Sonora	16	20.6390	78.2876
Sonegaon	16	20.6810	78.4379
Sonkhas	16	20.4966	78.3813
Sonurli	16	20.4259	78.4581
Sonegaon	16	20.4869	78.3951
Sonkhas	16	20.2772	78.3543
Sonkhas	16	20.0165	78.3453
Sond	16	20.9418	78.6581
Sonegaon	16	20.6057	78.5668
Sonegaon	16	20.5042	78.6745
Sondlapur	16	20.7129	78.6953
Sonbardi	16	20.0462	78.5128
Sonurli	16	20.1531	78.6720
Sonegaon	16	20.7921	78.9563
Sonegaon	16	20.5252	78.8006
Soit	16	20.2792	78.8221
Somnala	16	20.0840	78.8758
Sonapur	16	20.1335	78.9067
Soniya	36	27.6797	77.8554
Sogra	36	27.5648	77.9516
Sonai	36	27.5720	77.8875
Sojanwar	35	23.8940	79.1050
Sorkhi	35	23.7640	79.1710
Sodarpalli	40	17.9916	77.8448
Songra	36	27.6024	78.5356
Somkhera Kalan	35	23.5720	79.3935
Somati	35	23.0434	79.6919
Soma Kalan	35	23.5828	79.9727
Sohajana	35	23.3641	79.8999
Sontalai	35	23.2311	79.8208
Sorakh	36	27.0222	78.5545
Sothra	36	27.0777	78.7489
Someshwarbanda	40	16.5794	77.4695
Sowrashtrahalli	19	16.5444	77.3346
Sohawali	36	27.7765	78.2465
Sothra	36	27.0881	78.8242
Sondra	36	27.0613	78.8487
Sonpur	35	22.6185	79.2011
Sondhani	35	22.6160	79.1430
Sonpur	35	22.3598	79.0256
Somra	36	27.3751	77.9118
Sonkh	36	27.4867	77.8351
Sona Ka Bas	36	27.2911	77.9930
Sonhar	36	27.5049	78.8708
Sondha	35	26.5134	78.4909
Sohalla	36	27.1438	77.9886
Sonadongari	35	22.1914	79.5377
Sonatola	35	22.0211	79.6494
Sonegaon	35	22.0499	79.6517
Sonai	36	26.8528	78.9878
Sonaipura	36	26.5912	78.9950
Sompur	40	16.2592	77.7076
Sotair	35	24.5999	78.1778
Sona	35	24.6082	78.2575
Solangi	36	27.5579	79.1171
Sokha	36	27.5492	79.0316
Sonpalli	40	19.4972	78.3277
Sonala	40	19.4184	78.3172
Sonpura	24	26.3312	77.0613
Soni ka Pura	24	26.6311	77.3470
Soni	24	26.5407	77.4606
Sonapipri	35	21.9864	79.0806
Sonakhari	35	21.6384	79.0597
Sonpur	35	21.6182	79.0541
Sonegaon	16	21.3201	79.1523
Sombhara	16	21.0992	79.0642
Sonwanagar	16	21.1502	79.1504
Somwari Bazar	16	21.1421	79.0883
Sona Jankipur	36	27.4493	79.4297
Sonpur	16	21.4343	79.3450
Soneghat	16	21.4235	79.3111
Sonegaon	16	21.4254	79.4186
Sonegaon	16	21.1859	79.3107
Somapuri	35	21.7732	79.7330
Sondha	36	27.9253	79.6226
Son	36	26.9842	77.8585
Sonra	36	26.9704	77.9204
Sohagpur	36	27.6508	79.8762
Sonsa	35	25.5409	77.4051
Sonipura	35	25.5361	77.3783
Sothkhera	35	25.8706	77.5923
Sohepur	36	27.3637	79.8420
Sonepur	36	27.3571	79.8815
Sonipur	36	27.3713	79.8913
Sohedi	36	27.4222	79.9157
Sonkhera	35	24.9356	77.2205
Sorampur	35	24.3764	77.1324
Sopra	35	24.2830	77.0256
Sonthi	35	24.5969	77.2562
Sonjna	35	24.6011	77.3015
Sompur	35	24.3685	77.2643
Sohat	35	24.4546	77.4994
Sonai	36	27.3577	78.9195
Sonkheri	35	24.1192	77.4347
Sonera	35	24.4290	77.5373
Sojna	35	24.0078	77.5437
Sopara	35	24.3361	77.9879
Sona	35	24.0973	77.8582
Somanaik Tanda	40	16.6598	78.9565
Solipur	40	17.0461	79.0647
Sodshapalli	40	17.9661	79.3465
Sokhna	36	27.6104	78.0777
Sosamai	36	27.6730	78.2764
Soa	36	27.6808	78.3177
Sowllagudem	40	17.2740	79.4417
Somidi	40	17.9868	79.5038
Sofisahab Ki Mazar	36	27.1198	78.3740
Sofipur	36	27.1263	78.3885
Somaram	40	17.7762	79.7056
Sohbat Bhur	36	27.8777	78.6440
Solipet	40	17.2751	79.5221
Somal Tanda	40	17.5625	79.9480
Somalapalli	40	16.9073	79.0270
Solempur Nawalsingh	36	26.4984	79.5168
Sonatha Bara	36	26.5830	79.7075
Sonatha Chhota	36	26.5879	79.7088
Sorasi	36	26.5286	79.7046
Sonai	36	27.3740	78.6517
Sondhi	36	26.0523	79.8204
Somai	36	25.9080	79.2873
Sonahta	36	25.9376	79.6308
Somalagani Tanda	40	16.8229	79.7694
Sojpura	35	24.4464	79.2739
Sonhariya Buzurg	35	25.1597	80.2639
Sofiapur	36	25.0431	80.3144
Somgaon	35	22.6623	76.8574
Sondhiamai	36	25.6629	81.2272
Sonemau	36	25.6714	81.0405
Solon	36	25.5987	81.1170
Sonari	36	25.5015	81.2292
Somgaon	35	22.1639	76.8361
Somgaon Kalan	35	22.0846	76.9894
Sonpura	35	22.0748	76.9164
Sonkhori	36	25.6192	82.1006
Sohansa	36	25.6190	82.1851
Soron	36	25.5673	82.2238
Sonbarsa	36	25.5958	82.0154
Somla	35	21.9459	76.1305
Sonrai	35	24.1911	79.2991
Sonja	36	25.4170	79.7946
Sonrai	35	24.3882	79.0294
Sojpura	35	24.2556	79.1101
Sohauli	36	25.8795	82.8121
Sonhra	36	25.8834	82.7837
Songar	36	25.9039	82.7535
Solehpur	36	25.7756	82.9482
Somli ka Pura	24	26.8863	78.1213
Somli	24	26.8830	78.1301
Songir	35	21.7417	76.2451
Sonkheri	35	21.6959	76.0257
Sonkheri	35	21.7008	76.0095
Sorai	35	23.5699	77.8475
Sojana	35	23.5975	77.9065
Sonthiya	35	23.4810	77.8006
Sojna	35	23.3301	77.9141
Sonkachh	35	23.3492	77.9295
Sohanpura	35	21.3203	76.4071
Sonud	35	21.4361	76.4928
Soner	35	22.7990	77.2462
Son Kheri	35	22.6381	77.0268
Songaon	35	22.5622	77.0531
Sohan Kheri	35	22.6081	77.2181
Sonbarsa	35	24.5335	82.0575
Sonbarsa	36	25.5835	83.0155
Soniapar	36	25.6502	83.1157
Sohni Barthara	36	25.4545	83.0701
Sonbarsa	36	25.4311	83.1156
Sonbarsa	36	25.4888	83.1700
Sonahula	36	25.4240	83.2033
Sorara	36	26.9955	78.5059
Sotpura	35	26.5891	78.6403
Soni Head	35	26.5459	78.5414
Sonai	36	25.1743	83.0120
Sonkhara	36	25.0504	83.0175
Sonai Dih	36	25.2042	83.1954
Sota	36	25.1508	83.2425
Sonhul	36	25.0584	83.2154
Sonbarsa	36	25.0178	83.1514
Sotiya	35	22.6635	77.2695
Soyat	35	22.7340	77.3840
Soyath	35	22.5938	77.4883
Somnapur	35	22.9320	77.8880
Sonasanwari	35	22.6278	77.7635
Somalwara	35	22.6081	77.8204
Somalwara Kalan	35	22.6505	77.8671
Sontalai	35	22.6222	77.9621
Somthana	16	21.2540	76.9002
Sonar	35	25.5428	78.0072
Sonati	16	20.9169	75.9998
Sonbarsa	36	25.6539	83.3204
Sonhauli	36	25.5508	83.3304
Sonharia	36	25.5869	83.4947
Sonaj	16	20.8590	76.4152
Sonbarsa	36	25.3910	83.4063
Solhanpur	36	25.4843	83.4932
Sonharia	36	25.4853	83.4386
Sonala	16	20.6544	77.1558
Somthan	16	20.6673	77.0028
Songiri	16	20.5503	77.0376
Sojna	35	24.0365	79.5975
Sonkheri	35	22.4267	77.1448
Sohagpur	35	22.3205	77.1799
Sonpur	35	22.0863	77.0879
Sonkhas	16	20.4071	77.0410
Sonal	16	20.3263	77.2091
Soyat	16	20.2644	77.2110
Sonbarsa	36	25.1971	83.2607
Son Dehra	36	25.2377	83.3389
Sonao	34	25.1348	83.4781
Songar	34	25.0268	83.3795
Sorha	35	25.8249	78.6462
Sotachikhli	35	22.4282	77.5944
Somalwara	35	22.4908	77.5897
Sotkheradhana	35	22.0768	77.6450
Sonpur	35	22.0026	77.6702
Sonadeh	35	22.2615	77.8095
Somudhana	35	22.2525	77.8832
Somkhera	35	22.3791	77.8691
Sohagpurdhana	35	22.1971	77.9274
Sonori	16	20.8185	77.5247
Sonbarsa	36	25.7856	83.6748
Sondhara	36	25.8003	83.5763
Sonha	36	25.7936	83.5935
Sokani	36	25.4412	83.5163
Somita	16	21.7344	77.3070
Sonthdhana	35	21.8619	77.5395
Sonajhar	35	21.8057	77.7206
Sonaghati	35	21.9249	77.8747
Sohagpur	35	21.8800	77.9815
Sonarkhapa	35	21.7987	77.9688
Sonawan	34	25.1990	83.5306
Son Dihra	34	25.1281	83.6362
Sonbarsa	34	25.1332	83.5052
Sonawan	34	25.1094	83.7286
Sonhan	34	25.0476	83.6976
Sohawal	34	25.0132	83.5266
Sonwani	36	25.6878	83.9595
Sonbarsa	36	25.6955	83.9015
Sonari	36	25.6257	83.8485
Sona Purwa	34	25.4613	83.9483
Sonbarsa	34	25.3710	83.7761
Sotwa	34	25.3583	83.7908
Soni	34	25.3583	83.8398
Sorthi	34	25.2533	83.9801
Sonbarsa	34	25.1571	83.9331
Soni	34	25.1292	83.9414
Sonbarsa	34	25.1640	83.7680
Sohwalia Khurd	34	25.1394	83.8244
Sohwalia Kalan	34	25.1330	83.8185
Sobhipur	34	25.1795	83.8339
Sohbalia	34	25.1815	83.8643
Sonbarsa	34	25.0591	83.9435
Somthana	16	20.4402	77.5811
Sonait	36	24.7828	83.1156
Somthana	16	20.2084	77.5507
Soyjan	16	20.1723	77.6245
Sonbardi	16	21.0515	77.0276
Somwarkheda	16	21.3388	77.3484
Sonapur	16	21.2886	77.3382
Songaon	16	21.0725	77.3501
Songaon	16	20.7853	77.9811
Somthana	16	21.3053	77.5902
Sonarkhera	16	21.0090	77.5376
Sonmahu	35	21.4469	77.9779
Sonora	35	21.3951	77.7852
Sonor Buzurg	16	20.7376	77.9373
Sonori	16	21.2850	77.7765
Sonkhed	16	20.8687	77.1650
Sonkhas	16	20.1231	77.0881
Somthana	16	20.0923	77.0027
Sonala	16	20.7096	77.4046
Sonari	16	20.7184	77.3400
Sonkhas	16	20.5839	77.2842
Sonkhas	16	20.3080	77.3244
Sonkhas	16	20.9777	77.3344
Sovndad Hirapur	16	20.8905	77.2537
Sorna	16	21.4328	79.5899
Sonpuri	16	21.4266	79.6136
Sonawani	35	21.9204	79.8889
Sonegaon	35	21.6883	79.7772
Sondiya	16	21.5324	79.8544
Sondiyatola	16	21.5276	79.8644
Sonwar	36	24.7396	83.1608
Sonia	36	24.7205	83.1801
Sonari	36	24.6671	83.1506
Sonegaon	16	21.1937	79.8571
Sonpuri	16	21.1230	79.9497
Somalwara	16	21.0951	79.8174
Sonekhari	16	21.1087	79.7977
Sonjhar	36	24.4605	83.2079
Sonabo	34	24.9912	83.4590
Sonphul	36	24.8011	83.3655
Sonbarsa	36	24.7659	83.3713
Sohdaul	36	24.7314	83.3360
Sonwat	36	24.6784	83.2618
Sohdag	36	24.5840	83.4435
Soman	36	24.5484	83.3744
Sonbarsa	38	24.2930	83.4816
Son Purwa	38	24.2517	83.4515
Sondiha	38	24.2285	83.4292
Sonait	36	24.1076	83.3302
Sonawal	37	24.0340	83.3739
Solipur	40	17.2826	79.8292
Somula Banjara	40	17.4763	79.8492
Sohawal	34	24.9959	83.5218
Sonapatti	34	24.9979	83.5301
Sohasa	34	24.9824	83.7137
Sonbarsa	34	24.9867	83.7209
Sohara	34	24.9592	83.7166
Sonbarsa	34	24.9593	83.6834
Sonawan	34	24.9293	83.7009
Sohan	35	25.9478	78.7910
Sojna	35	25.9130	78.8349
Sophta	35	25.8191	78.7710
Sondiha	38	24.2842	83.6231
Sonpurwa	38	24.2997	83.7488
Sohwariya	38	24.2217	83.6644
Sonehara	38	24.1619	83.5891
Sonegaon	16	20.9999	79.2560
Somnala	16	20.7525	79.4112
Sonpur	16	20.9483	79.3715
Sonegaon	16	20.5101	79.3381
Sonpuri	16	20.9833	79.5370
Somnala	16	20.8381	79.5136
Sonegaon	16	20.8903	79.6009
Sondar	16	20.9582	79.6615
Sonarwai	16	20.9429	79.6080
Somnada	16	20.9108	79.7409
Sonegaon	16	20.9094	79.7091
Somnala	16	20.8758	79.7129
Sonegaon	16	20.8815	79.7989
Sonmara	16	20.9797	79.9349
Sojna	36	25.6630	78.9816
Sonegaon	16	20.5887	79.9157
Sondri	16	20.6306	79.9096
Soni	16	20.6883	79.9223
Sonli Khurd	16	20.4807	79.7558
Sonegaon	16	20.3773	79.1335
Sonegaon	16	20.3311	79.2357
Songaon	16	20.4741	79.4090
Sonegaon	16	20.4195	79.4418
Sonoli	16	20.3984	79.6228
Sonoli Buzurg	16	20.4563	79.6382
Sonapur	16	20.4833	79.5861
Sonapur	16	20.0879	79.9682
Sonamau	36	25.8717	80.4342
Sohana	36	25.4012	80.3396
Somanathalli	19	16.8867	76.7238
Son	19	16.9967	76.6426
Sonapur	19	16.3570	76.5290
Sonpurwa	38	24.4459	83.8153
Sonbarsa	38	24.4583	83.8751
Soba	38	24.4567	83.9493
Sohgara	38	24.4276	83.8453
Sonbarsi	38	24.4081	83.7913
Son Khas	16	20.4220	77.9927
Sonvadhona	16	20.4368	77.9540
Sonpura	35	23.9318	78.1399
Sonpurwa	38	24.1727	83.8154
Soh	38	24.1135	83.8260
Sordiha	38	24.2464	83.9252
Soit	16	19.6748	78.0072
Sondabhi	16	19.5306	78.0475
Sonsera Chak	35	23.7403	78.1062
Sonsera	35	23.7281	78.0971
Soanwadi	16	19.3572	78.0281
Soanpeta	16	19.3603	78.0457
Somajiguda	40	17.4253	78.4581
Sorwa	24	27.9431	76.2667
Sodawas	24	27.8514	76.4109
Sorajpur	24	27.8863	76.4962
Somineni Tanda	40	17.0685	78.6164
Sonal	35	24.4761	78.1275
Sonakheri	35	24.4919	78.2137
Sonosi	16	19.9187	76.2665
Soyandeo	16	19.9278	76.2993
Sonon	16	19.9336	76.6213
Sonrahi	36	25.6186	80.5413
Solipur	40	17.9524	79.1500
Sothiya	35	23.8886	78.4135
Sonchar	35	24.4271	78.2518
Sonpa	19	17.1735	76.3237
Somajal	19	17.0224	76.3171
Somapur	19	16.9189	76.1556
Sonrai	36	24.3196	78.7650
Somavarapet	40	19.5556	78.5272
Sordapur	40	19.5177	78.5674
Sonegaon	16	19.9631	78.7876
Sonpalli	40	19.4006	78.5551
Sonkhas	40	19.6725	78.8076
Songapur	40	19.5498	78.8020
Sobhanpur	36	27.1043	79.2455
Sonbarsa	35	24.6700	81.1025
Sonra	35	24.5232	81.1617
Somla	35	23.7963	78.6626
Sonaura	35	24.5756	81.3475
Sonaura	35	24.5665	81.3443
Sonhara	35	24.7240	80.2424
Sonbarsa	35	24.8719	81.7127
Sonbarsa	35	24.8189	81.5242
Sorahiya	35	24.7972	81.5499
Sohai	35	24.8051	81.7036
Sorahawa	35	24.8587	81.6238
Sonbarsa	35	24.6824	81.6021
Sonbarsa	35	24.6896	81.5970
Sonbarsa	35	24.7480	81.6915
Sonarupa	35	24.6117	81.5177
Sontha	35	24.5375	81.5341
Sonbarsa	35	24.9392	81.8305
Sonauri	35	24.9031	81.8789
Sonbarsa	35	24.9033	81.8515
Sonthar	35	22.8112	78.2562
Sojni	35	22.8973	78.4181
Sonari	35	24.2497	81.1334
Sonbarsa	35	24.2398	81.2815
Sonkhai	35	24.3853	81.9065
Sonbarsa	35	24.4009	81.7985
Sonbarsa	35	24.1147	81.8095
Sodhiya	35	24.0988	81.8051
Sonar	35	22.0028	78.3365
Sohagi	35	22.0653	78.4285
Sopai	35	21.7291	78.0068
Sonoli	35	21.7428	78.2424
Sonbarsa	36	25.8295	80.7511
Sonahi	36	25.8643	80.8041
Sonpur	16	21.3047	78.9220
Sonpur	16	21.3300	78.9464
Sothepur	36	27.5560	79.2858
Sonegaon	16	20.4242	78.6780
Sonai	35	24.6273	80.2683
Somano	35	24.5359	80.2502
Somha	36	25.9993	82.0130
Sonawan	36	25.9616	82.0037
Sonipur	36	25.8521	82.0457
Sondimau	36	25.8534	82.1650
Sonwat	36	25.8707	82.1910
Sobhua	36	25.9314	82.2207
Sonbarsapatti	36	25.9639	82.2184
Sonbarsa	36	25.9252	82.2777
Sorangpur	36	25.9071	82.3225
Sonpura	36	25.8671	82.3104
Sonaihita	36	25.7817	82.3943
Sonpura	36	25.7880	82.4986
Sonikpur	36	25.8785	82.7061
Songar	36	25.9059	82.7375
Sondhi	36	25.9637	82.6725
Sonai	36	25.5849	82.5229
Sohagi	35	24.4749	80.1466
Sohowla	35	24.5662	80.7687
Sohass	35	24.6961	80.9380
Sohagpur	35	22.5892	79.5088
Sohar	35	22.9912	79.9870
Sonaicha	36	25.2854	82.3624
Sonbarsa	36	25.1010	82.4060
Sonaha	36	25.1431	82.3731
Sorha	36	25.4884	82.6068
Sonhar	36	25.4113	82.6211
Sonbarsa	36	25.3076	82.6007
Son Purwa	36	25.4513	82.7490
Sobarna	36	25.4750	82.7811
Sohta	36	25.1350	82.5579
Somogru	36	25.0988	82.5163
Sohani	36	25.4221	82.7607
Sonbarsa	36	25.3495	82.7887
Soyepur	36	25.3720	82.9935
Sonauti Umri	36	25.4112	82.0048
Sonbarsa	36	25.4717	82.1833
Sonbarsa	36	25.1488	82.8465
Sonbarea Khurd	36	25.0631	82.9618
Sonbarsa Kalan	36	25.0570	82.9673
Sonpur	36	25.0448	82.9932
Sonai	35	24.3104	80.4948
Sonwarsa	35	24.1560	80.6740
Sonbarsa	36	24.9833	82.2280
Sonbarsa	36	24.9121	82.3347
Soiya Kalan	36	24.8834	82.3021
Soiya Kalan	36	24.8745	82.2955
Sothia	36	24.8501	82.3009
Songarha	36	24.7515	82.2817
Sohagia	36	24.8220	82.4081
Sobhi	36	24.8917	82.6842
Sonbarsa	36	24.8471	82.8983
Sobna	36	24.5381	82.7805
Sotil	36	24.7064	82.8522
Sona	36	24.7303	82.9901
Sohadwal	36	24.7094	82.9282
Sonauti	36	24.6999	82.9802
Sohari	10	28.4164	75.9958
Sohansra	10	28.4093	75.8654
Songarh	35	24.2728	82.2991
Soraon Panti	36	25.2274	82.0884
Sonbarsa	36	25.2294	82.1280
Sonal	36	25.1927	82.1599
Soraon Dalapur	36	25.1220	82.2169
Sohas Mahawan	36	25.0546	82.0084
Songra	36	25.6882	82.3067
Sonahra	36	25.6271	82.3808
Sotipur	36	25.5994	82.4555
Soharamau	36	26.6439	80.7669
Sohawa	36	26.6740	80.9040
Soho	36	26.5728	80.9311
Sobha Khera	36	26.4420	80.8457
Sonari	36	25.7441	82.8310
Sogardipur	36	25.6353	82.7906
Sohni	36	25.5877	82.8860
Sondhi	10	28.5137	76.7952
Sombadi Khera	36	26.1414	80.7673
Sobhwapur	36	26.1322	80.9437
Sotipur	36	27.8374	81.1029
Sohria	36	27.8181	81.1736
Sondaura Kalan	36	27.8194	81.1875
Sondaura Khurd	36	27.8150	81.2045
Sonaran Purwa	36	27.6954	81.0672
Sothia	36	27.5992	81.0243
Soharia	36	27.6488	81.0706
Sohelia	36	27.5539	81.1439
Sohelia	36	27.6233	81.1383
Sohuria	36	27.7263	81.1389
Sohela	36	27.4946	81.0914
Sonsa	36	27.3612	81.0956
Soharia	36	27.3198	81.0468
Sosa Khurd	36	27.4111	81.1680
Sohela	36	27.4427	81.1871
Sokal Purwa	36	27.4664	81.2080
Soharua	36	27.4983	81.1489
Soharwa	36	27.3181	81.2119
Sosa	36	27.4444	81.1490
Sohna	36	27.5952	81.5263
Soharwa	36	27.6274	81.5722
Sorao	36	24.1561	82.9936
Somai Purwa	36	27.6566	81.6412
Sohupara	36	27.5655	81.6845
Soztani	36	27.3300	81.5316
Sonahra	36	27.3121	81.6674
Sonari	36	25.9457	83.9012
Sonapali	36	25.9493	83.8524
Sonpura	36	25.8974	83.9570
Sonpurwa	36	25.8888	83.9435
Sohni	36	27.4808	81.7175
Sohbatganj	36	27.4861	81.7009
Soharwa	36	27.7363	81.8464
Sonrai	36	27.5071	81.9139
Sonpur	36	27.5933	81.9873
Sobha Singh Subadar	36	27.0085	81.7962
Sonapar	36	27.2439	81.9457
Son Purwa	36	27.1846	81.9972
Sohrat Purwa	36	27.0241	81.8887
Sonbarsa	38	24.5038	83.5684
Sorha	34	24.5853	83.5946
Sohdag	34	24.5638	83.6783
Sonahar	34	24.9420	83.9023
Sonbarsa	34	24.9381	83.9172
Sondihra	34	24.9898	83.8924
Songawan	34	24.9009	83.9841
Sokali	36	26.9124	81.2102
Sohagpur	36	26.9931	81.0407
Sonbha	36	26.5090	81.1680
Sonbha	36	26.6220	81.2054
Sonoli	16	21.2330	79.6590
Sobhapur Bilsanda	36	26.7983	81.4362
Soharapur	36	26.8404	81.4735
Sohalpur	36	26.8637	81.3052
Sonegaon	16	21.0144	79.7194
Sotkheri	36	29.2392	78.3344
Sonikpur	36	26.6269	81.3071
Sonegaon	16	21.4830	79.8105
Sonegaon	16	21.4866	79.9948
Sonekhari	16	21.2861	79.8411
Sopurgoh	12	34.1081	74.0760
Sokar	12	34.0707	74.0466
Sonoli	16	20.8964	79.0065
Sonegaon	16	20.5123	79.2400
Sonaur	35	24.7602	80.7819
Sonbarsha	35	24.8759	80.9534
Sonaura	35	24.4141	80.9655
Sonaura	35	24.4193	80.9748
Sohelia	36	26.3047	81.0847
Sobhapur	36	26.3581	81.1899
Sobha Purwa	36	26.3620	81.1827
Sonbans Khera	36	26.4436	81.1963
Sothi	36	26.3452	81.2729
Sonraha	36	26.4285	81.3802
Sonai Ahir Purwa	36	26.2683	81.4180
Sonbarsa	36	26.4303	81.8793
Sotipur	36	26.3071	81.8715
Sonbarsa	36	26.4940	81.9393
Sonbari	35	24.2286	80.7902
Songir Pada	16	21.3197	74.1794
Soti Purwa	36	25.3735	81.1482
Solvadgi	19	16.5106	76.0952
Somnal	19	16.6162	76.1816
Sonwan	36	27.0244	80.9424
Sona Bhari	36	27.2267	80.8703
Songohan	16	19.9516	77.2108
Sohras	36	27.2219	81.5095
Sonaran Purwa	36	27.1909	81.5644
Sonaran Purwa	36	27.2041	81.5568
Sonaran Purwa	36	27.2070	81.5641
Sonhat	36	28.6248	78.3234
Sonhat ki Mandaiyan	36	28.6288	78.3143
Sonhat Khurd	36	28.6301	78.3352
Sondhan Muhammadpur	36	28.5244	78.4389
Sotia	36	27.0189	81.6923
Sohrianwan	36	27.3821	81.8233
Sohelwa	36	27.3799	81.8015
Soregaon	16	19.6076	77.2511
Soit	16	19.5309	77.8209
Soampalli	40	18.6387	78.2185
Sonakpur	36	28.6348	78.7002
Sonamau	36	25.8194	81.3523
Somaram	40	18.4699	78.1311
Sorahi	36	28.2797	78.7457
Sohwal	36	26.1608	81.0031
Sochet Pande	36	26.9350	81.7553
Sopaltan Dube	36	26.8980	81.8566
Sojani Patti	36	26.8365	81.8946
Sonburhi	36	28.0699	78.6290
Son Kalan	36	28.0714	78.5955
Sorha	36	28.2383	78.7383
Sopalpur	36	26.1267	81.7608
Sochatpur	36	26.1370	81.8621
Sonari	36	26.0838	81.8292
Soraura	36	26.0731	81.9897
Sonari	36	26.1177	81.9129
Songi	36	26.1472	81.9344
Soriya	36	26.1111	81.9398
Sotipura	36	28.5319	78.8441
Sonda	36	28.6921	78.8584
Sonbarsa	36	27.8032	82.0311
Sonbarsa	36	27.7946	82.1175
Sohelwa	36	27.8325	82.0828
Sonaurha	36	27.5043	82.0919
Sonpur	36	27.7021	82.1932
Son Dih	36	27.7096	82.1574
Sonpur	36	27.5255	82.1409
Sotsalipathar	12	33.9437	74.5553
Sozinpur	12	33.9280	74.6323
Soia Nar	12	33.4673	74.7429
Sotahwa	36	27.4044	82.0374
Sonpur	36	27.3585	82.0232
Sonpur	36	27.4169	82.0901
Sonpur Dih	36	27.4132	82.0864
Sonar	36	27.4149	82.2263
Sonpur Kamrihwa	36	27.3771	82.1812
Sombar Bankat	36	27.3644	82.2251
Sorahwa	36	27.3307	82.2335
Sonbarsa	36	27.3887	82.0437
Sonbarsa	36	27.1820	82.0757
Sohnsa	36	27.1851	82.0679
Soni Harlal	36	27.1390	82.0028
Soni Kapur	36	27.1422	82.0040
Soni Ghuri	36	27.1355	82.0142
Sonauli	36	25.4025	81.3683
Sonwara	36	25.2972	81.4032
Sothia	36	27.1061	82.1382
Sohans	36	27.0685	82.1145
Sohni	36	27.0294	82.1029
Sohnan	36	27.0315	82.1110
Sondhia	36	25.3940	81.4473
Sohans Dih	36	27.1055	82.1640
Sohans	36	27.1034	82.1687
Sobra	39	29.9871	79.0471
Somh	36	27.4990	82.2793
Sobha Jot	36	27.2801	82.2654
Son Para	36	27.2807	82.2767
Sobha Purwa	36	27.2591	82.3070
Sonpur	36	27.4394	82.4006
Sonbarsa	36	27.3236	82.3421
Sonhat	36	27.2635	82.4951
Somawaram	40	18.2686	78.2900
Sonbarsa	36	27.2264	82.2647
Sonapar	36	27.2094	82.2752
Sonbarsa	36	27.1769	82.4839
Sonbarsa	36	27.1887	82.4933
Somei Teli	36	27.0117	82.3923
Soghiya	36	27.0931	82.4590
Sohni	36	27.0307	82.4781
Sonpur	36	27.4911	82.5706
Sonbarsa	36	27.4737	82.5723
Sohnan	36	27.3044	82.5816
Sohelwa	36	27.2990	82.6465
Sonbarsa	36	27.3706	82.6367
Sohnan	36	27.4204	82.6469
Sonnagar	36	27.3939	82.7147
Sotia	36	27.1098	82.5162
Sohelwa	36	27.1581	82.5152
Sonbarsa	36	27.1535	82.5278
Sonbarsa	36	27.1360	82.5593
Sonhatia Pura	36	27.0533	82.5778
Sonkhar	36	27.1906	82.6048
Sohelwa	36	27.1727	82.6908
Sonahti	36	27.1804	82.6787
Sonbarsa	36	27.1771	82.7374
Sonaridiha	36	27.1472	82.7419
Sotwa	36	27.1307	82.7262
Sonbarsa	36	27.0481	82.7329
Somha	36	27.1370	82.8041
Sonpherwa Khurd	36	27.2167	82.8246
Sonpherwa Buzurg	36	27.2404	82.8213
Sonupar	36	27.0230	82.8551
Sonaura	36	27.0798	82.8552
Sonjitwa	36	27.1579	82.8758
Sonari	36	27.1746	82.9382
Sonkhar	36	27.1221	82.9289
Sonkhari	36	27.1146	82.9277
Sonaulia	36	27.1167	82.9444
Sonkhari	36	27.1926	82.9449
Sonbarsa	36	27.1905	82.9497
Sorwa Mafi	36	27.1036	82.9648
Sonkhari	36	27.2015	82.9627
Sopauli	36	27.0531	82.9979
Sonbarsa	36	26.9972	82.0673
Somarpet	40	18.4137	78.5316
Sobhapur	36	26.8839	82.1349
Sohrat Singh	36	26.8391	82.2394
Sogoni	12	33.9319	74.7732
Sonatsuk	12	33.8368	74.8421
Sontabug	12	33.8465	74.8663
Sozan	12	33.7897	74.8967
Sombur	12	33.9612	74.9275
Sonrigund	12	33.8877	74.9888
Sonbarsa Musalman	36	26.5613	82.0273
Sonbarsa	36	26.5447	82.0907
Sonbarsa	36	26.6255	82.0938
Sonaisa	36	26.6588	82.2430
Soti	36	26.3964	82.0223
Sonbarsa	36	26.2620	82.0115
Soipathri	12	33.7238	74.7908
Soipur	12	33.6891	74.9746
Sonbarsa	36	26.2386	82.0078
Sonari	36	26.1026	82.0007
Songarha	36	26.1043	82.0256
Sonsaripur	36	26.1016	82.0412
Sonbarsa	36	26.0324	82.0354
Sonbarsa	36	26.2282	82.1003
Somanpalli	40	18.8688	78.9950
Sonsaripur	36	26.0977	82.1088
Sona Bhar	36	26.0242	82.1137
Sonbarsa	36	26.0741	82.2408
Sonbarsa	36	26.2407	82.2214
Sonabhag	12	33.3545	74.9042
Sonrallapalli	40	18.6507	78.8782
Somawarampet	40	18.2639	78.9543
Sohawal	35	25.0648	81.3544
Sonbarsa	36	26.8682	82.2859
Sobha Purwa	36	26.7715	82.3118
Songuha Badli	36	26.7536	82.3380
Sonbarsa	36	26.7732	82.4150
Sonawan	36	26.9601	82.4211
Sonbarsa	36	26.9753	82.4721
Sonbarsa	36	26.8973	82.3577
Sonwara	36	25.9638	83.1085
Sonapur	36	25.9444	83.2164
Sonbarsa	36	25.7584	83.1756
Sobhepur	36	26.0743	82.2777
Sonrai	36	26.0377	82.2702
Sondhanpur	36	26.0815	82.3790
Sonawan	36	26.0279	82.3499
Son Pura Khas	36	26.0127	82.3647
Somerpur	36	26.2493	82.3115
Sonbarsa	36	26.9655	82.5096
Sorha	36	26.9372	82.5622
Sonbarsa	36	26.7920	82.5062
Soman	36	26.7543	82.5479
Sonhan	36	26.9896	82.6731
Sombharpur	36	26.8240	82.7236
Sonhara	36	26.5850	82.5376
Sofipur	36	26.5773	82.5379
Sonbarsa	36	26.6568	82.6844
Sondhia Kanjaura	36	26.6765	82.7467
Sorari	36	26.4323	82.5708
Songaon	36	26.3694	82.5165
Sonahra	36	26.4705	82.5164
Sonra	36	26.1370	82.5109
Soetha Kalan	36	26.0888	82.5376
Soentha Khurd	36	26.0204	82.5978
Sonbarsa	36	26.1201	82.6659
Sonwa	36	26.1378	82.6904
Sonsar Patti	36	26.1950	82.6020
Sonbarsa	36	26.9582	82.7667
Sonaura	36	26.8685	82.8015
Sonar Jot	36	26.8412	82.7643
Sonbarsa	36	26.7955	82.7738
Sonupar	36	26.7641	82.7698
Sonwalia	36	26.7847	82.8136
Sonahti Buzurg	36	26.8344	82.8140
Sonahti Khurd	36	26.8381	82.8125
Sonbarsa	36	26.9062	82.8086
Sotahra	36	26.8645	82.8716
Sohawi	36	26.8470	82.9233
Sohra Mafi	36	26.8694	82.9723
Sorahri	36	26.7461	82.7943
Sonhan	36	26.6647	82.7545
Sobhanpar	36	26.6972	82.8329
Sonhan	36	26.6016	82.8725
Sonkhar	36	26.7228	82.9603
Sorha Kalan	36	26.5388	82.9311
Sotipar	36	26.5115	82.9694
Sohwal	36	25.9281	83.3650
Sonsarwan	36	25.9832	83.3366
Sonsa	36	25.9785	83.4393
Songar	36	25.8589	83.4290
Somarbari	36	25.8164	83.4562
Sonahra	36	25.7664	83.4461
Sonepur	36	26.4996	82.7583
Sohgupur	36	26.3635	82.7729
Soghupur	36	26.2667	82.7677
Somanpur	36	26.3147	82.9622
Sofigarh	36	26.2072	82.9326
Sosirwan	41	34.1769	75.2748
Sonaura	36	27.1180	83.0263
Sonaura Khurd	36	27.0322	83.1617
Sonadih	36	27.1560	83.1851
Sohtahwa	36	27.0614	83.1827
Sonaura Buzurg	36	27.0211	83.1637
Soman Jot	36	27.1066	83.2284
Sotukpor	12	33.8131	75.1535
Soyimuh	12	33.8998	75.1087
Soipur	12	33.8996	75.2466
Sonabandi	36	27.2359	83.2510
Somrahia	36	27.0592	83.3286
Sohraulia Khurd	36	27.1846	83.3587
Sohraulia	36	27.1907	83.3621
Sonbarsa	36	27.1105	83.3527
Sonwardhira	36	27.1878	83.3934
Sonra Dih	36	27.2164	83.4503
Sonbarsa	36	27.0469	83.4254
Sohas	36	27.0402	83.4568
Sohrauna	36	27.0662	83.5598
Sonra	36	27.1770	83.5570
Sonwal	36	27.2214	83.6240
Sohrauna	36	27.1402	83.5957
Sohrauna	36	27.0304	83.6200
Sonbarsa	36	27.0930	83.6389
Sonbarsa	36	27.1715	83.6670
Sophara	36	27.1163	83.7194
Sopat	12	33.6335	75.1063
Sodur	12	33.6697	75.1437
Sond	12	33.7005	75.1926
Sonaura	36	26.9141	83.0212
Sonbarsa	36	26.9675	83.1050
Sohraulia	36	26.9867	83.1629
Sonari	36	26.5458	83.0531
Sondiha	36	26.5426	83.0533
Sonbarsa	36	26.6364	83.1515
Sonra	36	26.5921	83.1802
Sonari Ramchandar	36	26.6116	83.2180
Sohulakhor	36	26.6328	83.2322
Sonari Shankar	36	26.6156	83.2271
Solhwa	36	26.4077	83.0129
Songhra	36	26.4831	83.1179
Sopai	36	26.4446	83.1820
Sohnag	36	26.4191	83.2015
Sothia	36	26.4386	83.2439
Sohila	36	26.0715	83.1318
Sondhan Patti	36	26.1378	83.1439
Sohari	36	26.1587	83.1524
Sonbarsa	36	26.8377	83.3587
Sonbarsa	36	26.8787	83.4070
Sonag	36	26.9961	83.4721
Soya	36	26.9718	83.3899
Sojwar Jot	36	26.6734	83.3570
Sohra	36	26.6613	83.2679
Sohupar	36	26.6254	83.2896
Soti	36	26.5267	83.2627
Soraha	36	26.5162	83.3139
Sohradih	36	26.5110	83.3833
Sonai Khurd	36	26.5382	83.4520
Sohgaura	36	26.5406	83.4409
Somahi	36	26.5230	83.4419
Sokahna	36	26.6082	83.3982
Sonwapar	36	26.6089	83.4128
Sonai Buzurg	36	26.5438	83.4816
Son Buzurg	36	26.2733	83.3061
Sonaura	36	26.2901	83.2973
Sohrabir	36	26.3543	83.3170
Sonaicha	36	26.4108	83.4253
Sohanpur	36	26.9530	83.5276
Sohwal	36	26.8967	83.5409
Sohsa	36	26.8551	83.5129
Sonwe Gunraha	36	26.8022	83.5170
Sohrauna	36	26.8698	83.5522
Sonia Dakhin	36	26.9844	83.5749
Sonia Uttar	36	26.9876	83.5752
Sohsa Banspar	36	26.9920	83.6082
Somli	36	26.9090	83.6111
Somli	36	26.9125	83.6225
Sohanpur	36	26.8170	83.6395
Sonapakar	36	26.8699	83.6481
Sondi	36	26.9298	83.6902
Sonia	36	26.8229	83.7074
Sonbarsa	36	26.8014	83.6949
Sonbarsa	36	26.7404	83.5824
Sonbarsa	36	26.6873	83.6135
Soraha	36	26.5355	83.6162
Sonbarsa	36	26.5291	83.6238
Sonbarsa	36	26.6441	83.6543
Sona Lachhman	36	26.6867	83.6803
Sobhanan	36	25.5750	81.6062
Sohsa	36	26.6409	83.7269
Soti ka Purwa	36	25.6802	81.6973
Sonbarsa	36	26.4139	83.5851
Sonbah	36	26.3766	83.6157
Sobairae	36	26.4619	83.6551
Sonari	36	26.4788	83.6566
Sona Dih	36	26.1674	83.5254
Sonbharia	36	26.1041	83.6895
Sosni	12	33.2238	75.0617
Sohli	12	33.1845	75.1932
Soimandu	12	33.4413	75.3186
Somanpalli	37	19.0551	80.6923
Sohanpur	36	26.8306	83.7884
Sohasapatti Mathia	36	26.8068	83.8364
Sobha Chhapra	36	26.9565	83.8351
Sohasapatti Gausi	36	26.8127	83.8364
Sohrauna	36	26.8931	83.9102
Sohanpatti	36	26.9384	83.9390
Sohrauna	36	26.8766	83.9652
Sohnaria	36	26.8404	83.9383
Sona Dih	36	26.1627	83.8045
Sonbarsa	36	26.0896	83.8226
Sondhanpur	36	26.0566	83.7568
Sonbarsa	36	26.2383	83.8522
Sonbarsa	36	26.1190	83.8937
Sobatiapura	36	25.6643	83.5438
Sohilpur	36	25.5854	83.5542
Sodaya	36	25.7099	83.6136
Sonbarsa	36	25.6844	83.6699
Somnur	37	18.7271	80.2621
Somanpalli	16	18.7763	80.2613
Somanpalli	37	18.8074	80.5462
Sohas	35	23.6474	80.0543
Soma Khurd	35	23.5641	79.9996
Songawan	35	23.4631	80.0330
Sontara	35	23.4075	80.3493
Sohand	12	33.1368	75.5727
Soi Rar	12	33.5025	75.8119
Sodda	12	32.6485	75.0416
Sorri	12	32.5002	75.0698
Soanda	12	32.5445	75.1712
Sola	12	32.5637	75.2454
Sonpar	12	32.6923	75.2521
Sondu	12	32.6616	75.2728
Soram	12	32.6076	75.3130
Sorara	12	32.5622	75.2552
Sohal	12	32.5441	75.2832
Sonta	12	32.5618	75.3913
Sond	12	32.7042	75.4745
Sorth	12	32.6550	75.3051
Sonaur	36	25.2958	81.6232
Sonbai	36	25.2714	81.6540
Sonbai	36	25.2771	81.6478
Sojaunan	36	25.3162	81.7398
Sonauri	36	25.3081	81.6660
Soharwa	35	25.1229	81.5815
Sonpura	36	25.1050	81.6669
Sonbarsa	36	25.1554	81.7152
Sohaora Khurd	23	32.2447	75.4805
Sohaora Kalan	23	32.2412	75.4795
Songani	12	32.9552	74.7345
Sonja	12	32.7148	75.5777
Sowal	12	32.7078	75.6172
Sorug	12	32.7110	75.6813
Sonpur	36	25.8443	81.7853
Sobhipur	36	25.7601	81.8470
Sonwa ka Pura	36	25.6838	81.9146
Sona Rupa Chak	12	32.3935	75.5267
Sohbatibagh	36	25.4510	81.8695
Sonai Purwa	36	25.3878	81.8289
Sonai	36	25.2570	81.9191
Someshwar Mahadev	36	25.4072	81.8907
Sonauti	36	25.4636	81.9163
Sonra	36	25.1276	81.7646
Sohagi	36	25.0430	81.8647
Sonbarsa	36	25.1102	81.9857
Sondhia	36	25.1728	81.9088
Sondhia	36	25.1625	81.9164
Sonbarsa	35	24.7774	81.0858
Sonbarsa	35	24.7898	81.0862
Sondul	35	22.0644	74.8088
Sogat	11	32.3782	75.9421
Son Khurd	16	21.8478	74.1432
Son Budrukh	16	21.8445	74.1358
Sonshelu	16	21.2624	74.6601
Sougaon	16	20.5187	74.5780
Sondane	16	20.8577	74.8191
Sona Sangwi	16	20.2319	74.2746
Sonevadi Khurd	16	20.1080	74.1418
Sonevadi Budrukh	16	20.1021	74.1650
Somthandes	16	20.1488	74.3137
Somakheri	35	22.2797	75.7112
Solsinda	35	22.8783	75.8389
Songarh	35	22.8042	75.7796
Sonvay	35	22.6191	75.7699
Songuradya	35	22.6683	75.9848
Sodhanpiparia	35	22.9656	80.1903
Sonbardi	16	20.8738	75.2991
Sonkheda	16	20.0109	75.2421
Sonehra	35	22.5916	80.1624
Sodapur	09	24.4000	72.2964
Sorgaon	16	20.4352	75.9939
Soigaon	16	20.1898	75.7887
Songad	09	24.2142	72.4474
Sonjhiri	35	22.4222	80.0310
Sonkhar	35	22.2898	80.0336
Sonkhar	35	22.3045	80.1196
Sojol	09	24.2658	72.6665
Sondhar	35	22.7937	80.2887
Sohtara	37	20.7165	81.2776
Sorar	37	20.7084	81.3321
Sohpur	37	20.7443	81.3549
Sonaidongri	37	20.6649	81.3757
Sohtara	37	20.6304	81.4325
Sore	37	20.0598	81.3163
Sonpur	37	20.9170	81.6823
Sonf	35	22.3693	80.4150
Sonftola	35	22.3613	80.4212
Sotia	35	22.3309	80.4958
Somwaritola	35	22.9641	80.6832
Sontekri	35	22.6883	80.5296
Sondhar	35	22.3660	80.5387
Sob	35	22.3418	80.5961
Sondhar	35	22.1841	80.6234
Sohava	23	31.2859	74.9762
Sohriwala	23	31.0250	74.9547
Sohwanwali	23	30.9533	74.5928
Sodhiwala	23	30.9089	74.5392
Sonwahitola	37	22.0462	80.9767
Sonwahi	35	22.0606	80.9727
Sonia	23	31.8232	75.1701
Sohadpur	23	31.8423	75.2202
Sonpuri	35	21.9280	80.1908
Sohjani	36	29.3722	77.6320
Sonta	36	29.3380	77.7410
Sonval	16	21.6041	74.3687
Sojukalia	23	31.3396	75.2020
Sochetgarh	23	31.1682	75.1452
Sonjhari	35	21.6488	80.0168
Sonvihari	16	21.5581	80.1067
Sonpuri	16	21.5208	80.0943
Soda	24	25.2581	73.4901
Sonegaon	16	21.3816	80.1272
Sondalgondi	16	21.2648	80.1465
Sonka	16	21.0035	80.0519
Sogarsane	16	20.3058	74.1450
Sonewani	35	21.8721	80.3490
Sonpuri	35	21.9508	80.4640
Sonpuri	35	21.6282	80.3427
Soni	16	21.3437	80.2710
Sonekhari	16	21.2890	80.3630
Sonpuritola	16	21.3506	80.4968
Sonartola	16	21.2946	80.4603
Sohal	23	31.9797	75.3505
Sochetgarh	23	31.9112	75.2971
Sochanian	23	31.9083	75.2802
Songudda	35	21.7999	80.5770
Sodhindongri	35	21.6627	80.5455
Sonesarar	35	21.5391	80.5445
Sonesarartola	35	21.5407	80.5498
Sohal	23	31.0988	75.4808
Sohal Jagir	23	31.0658	75.4112
Sonspur	23	31.8873	75.7396
Sogalpur	35	21.4968	80.5099
Sonpuri	16	21.3630	80.5031
Sohnda Chak	23	31.5183	75.6776
Sohalpur	23	31.5663	75.6815
Sohian	23	31.7239	75.6667
Sonpri	24	25.5592	73.9472
Sonpara	37	22.7237	82.0492
Sonjharitola	37	21.1800	80.6836
Sonbachharwar	37	22.7129	82.0546
Sonkund	37	22.7088	82.0374
Sonpuri	37	22.5127	82.0250
Sonjhari	37	21.7783	80.9913
Sondha	37	22.4733	82.0216
Sondha	37	22.4959	82.0661
Sonadula	37	22.1131	82.3524
Sondih	37	22.1257	82.3808
Sonthi	37	22.1846	82.3826
Sonkhedi	16	21.0901	75.2111
Sonkhedi	35	21.3981	75.4738
Sonkhedi	35	21.9628	75.6634
Sonipura	35	21.8572	75.6622
Sonesarar	37	21.4101	80.9805
Sontalav	35	21.7816	75.5230
Soka	16	20.8418	75.0468
Sonesarar	37	21.0145	80.9546
Sonbarsa	37	22.1719	82.5344
Sohanpur	37	22.1475	82.5951
Sontarai	37	22.9285	82.9139
Sonvadi	16	20.4828	75.2099
Solwa	37	22.4420	82.9947
Sobalgaon	16	20.1520	75.3064
Sonal	16	20.0815	75.4161
Sonari	16	20.2097	75.3912
Sonal	16	20.0375	75.4179
Sonsari	37	21.7510	82.3685
Sonsari	37	21.9411	82.3658
Solhadih	37	21.6798	82.3566
Sonaidih	37	21.6712	82.4413
Sonthi	37	21.9579	82.6957
Somalpur	16	20.9282	80.0117
Sonakhan	37	21.5174	82.5716
Sonadula	37	21.6910	82.6881
Soniadih Kalan	37	21.7129	82.7461
Sonsari	37	21.9344	82.8023
Sonadih	37	21.7731	82.8003
Sonadula	37	21.9395	82.9587
Soniadih	37	21.6342	82.8387
Sonasilli	37	21.0204	82.0426
Sorid	37	21.1452	82.1334
Soram	37	21.1465	82.2544
Sonapati	37	21.0021	82.4109
Sondadar	37	21.0671	82.3988
Sonasilli	37	21.1978	82.4283
Sojatha	36	27.2120	80.5812
Sonikpur	36	27.2121	80.5970
Sondadar	37	21.0781	82.5075
Sohagpur	37	21.0712	82.5496
Sonra	36	27.0897	80.7383
Sobha Khera	36	27.1479	80.5719
Sonda	36	27.8837	80.8861
Sonari	36	27.3376	80.8818
Sohara	36	27.3368	80.9640
Sojaulia	36	27.3395	80.8037
Sonerangi	16	20.4801	80.1628
Sonpurchak	16	20.4016	80.0909
Sokar	23	31.1116	75.9436
Sotran	23	31.1791	75.9849
Sobranjia	11	32.8946	76.2308
Soh	11	32.7374	76.1355
Sonthala	11	32.6312	76.0820
Soral	11	32.6296	76.1593
Sojot	11	32.5011	76.2296
Sokhru	11	32.5732	76.1640
Sonpur	16	20.7171	80.4389
Sonpur	16	20.5779	80.2960
Sore	16	20.2878	80.2830
Soana	11	32.4828	76.1805
Solta	11	32.4235	76.0346
Solda	11	32.2525	76.0557
Somanpura	16	20.0934	80.4993
Sonsaitola	37	20.7924	80.7015
Sonwanitola	37	20.8742	80.6081
Soniyana	24	25.0818	73.9570
Sowarka	11	32.2194	76.0029
Sonpur	16	20.5391	80.5772
Sonoli	37	20.7253	80.6276
Sohngaon	37	20.0311	80.6449
Soma Jhitia	37	20.9589	80.8109
Somatola	37	20.6582	80.8360
Somatola	37	20.6775	80.8361
Sondha	35	22.5813	81.0732
Solargandi	35	22.9908	81.3910
Sobhapur	35	22.8472	81.3728
Sonbarsa	37	22.0513	81.3247
Sorha	37	22.1025	81.3556
Sonpuri	37	22.2128	81.4276
Soniamar	35	22.9477	81.5575
Soharantola	35	22.7220	81.6261
Sonpuri	37	22.0709	81.6191
Sonpuri	37	22.1217	81.6426
Sop	11	32.4685	76.5316
Sohbapura	24	26.1403	74.3133
Sonia	24	26.0727	74.2650
Sokru	11	32.1139	76.6589
Sornu	11	32.1047	76.5807
Sohru	11	32.0757	76.6450
Sonpur	11	32.0334	76.6550
Sothal	11	31.9857	76.0051
Sonbandha	37	22.2532	81.8924
Sonpuri	37	21.9768	81.2840
Sonkhal Lahr	11	31.8984	76.2328
Soantha	11	31.9001	76.0798
Sonpuri	37	22.0246	81.7593
Sodhar	37	22.0839	81.7788
Sonpuri	37	21.9251	81.4265
Sorli	37	21.5328	81.5202
Sonbhata	37	21.6997	81.5889
Sonpuri	37	21.7382	81.6954
Sondhi	37	21.9299	81.8214
Sonpuri	37	21.8801	81.7837
Sonkapara	37	21.8713	81.8431
Sondhi	37	21.9523	81.8740
Sonbarsa	37	21.6911	81.9413
Sonpairi	37	21.2616	81.8144
Sontara	37	21.4424	81.8282
Sonbhatta	37	21.3362	81.8883
Sodhian	23	31.0943	76.0274
Soeta	23	31.0624	76.1724
Sowar Bhati	11	31.9846	76.4346
Sohran	11	31.9491	76.2708
Soar	11	31.9395	76.2700
Soar	11	31.8826	76.2501
Sohari	11	31.7887	76.2593
Somnalli	19	14.9130	74.8199
Sobhan Majra	11	31.1307	76.6630
Sori	11	31.0606	76.7093
Sodgan	11	31.9747	76.8775
Sokini Devi	11	31.7906	76.8681
Soaru	11	31.4666	76.9420
Soar	11	31.4685	76.9353
Solag	11	31.3549	76.8334
Sohra	11	31.2955	76.9715
Soi	11	31.3026	76.8591
Soan Nernu	11	31.2983	76.8436
Sohri	11	31.2746	76.8615
Sohra	11	31.2789	76.9643
Sog	11	31.4170	76.8789
Sonda	23	30.5901	76.3359
Sohagheri	23	30.5563	76.3316
Sotal	23	30.7203	76.5636
Soara	23	30.6840	76.6431
Somanballi	19	14.5661	74.9109
Sobalpura	24	26.1296	74.5146
Solon	11	30.9053	76.9817
Sohta	11	30.9096	76.9365
Sodaula	24	26.8982	75.7740
Sonpri ki Dhani	24	26.8055	75.8186
Sonpri	24	26.8084	75.8191
Sondadar	21	21.0313	82.7888
Sora	21	21.0124	82.9142
Sonamundi	37	21.2437	82.8900
Sojana	11	31.0931	77.0417
Sorid	37	20.9410	82.1262
Sohagpur	37	20.6637	82.0826
Sobha	37	20.1638	82.1606
Sonamundi	37	20.9300	82.4912
Sondla	24	23.2415	74.2097
Soseng	21	20.5885	82.4743
Sonaria	24	23.2218	74.4560
Sonaritar	21	20.7718	82.5913
Soradera	21	20.9282	82.6741
Sonamundi	21	20.2470	82.5286
Solbandh	21	20.5047	82.6558
Soraon	11	31.1291	77.7514
Sonapur	21	20.2743	82.5977
Sonamuri	21	20.3715	82.6916
Sonbarsa	21	20.0429	82.6157
Sonanu	11	30.9798	77.7071
Soil	11	30.9299	77.6081
Sobal	39	30.8189	77.7322
Sonhara	37	23.6322	83.5378
Sonpurwa	38	23.9622	83.8029
Sondag	38	23.9553	83.7889
Solang	39	30.9557	77.8350
Soilar Khera	39	30.8649	77.9421
Somalapadu	02	17.4505	81.5740
Sokulagudem	02	17.4424	81.7216
Sondalva	02	17.9507	81.8697
Sonbarsa	37	23.5842	83.8199
Sona	36	29.0019	77.8768
Sonbarsa	37	21.9381	83.1342
Sondka	37	21.9273	83.1930
Sonsar	35	23.2128	76.0912
Sodhardih	37	21.5788	83.0084
Sondika	37	21.5478	83.0295
Soet	39	30.2330	78.8298
Sorari	39	30.2017	78.9658
Sondekela	37	21.7851	83.4265
Songarh	36	28.9792	78.2077
Soharkha	36	28.7370	78.2469
Sonana	36	28.3554	78.2044
Soharkha	36	28.2953	78.1663
Soi	36	28.1477	78.0425
Songra	36	28.0752	78.0344
Sonana	36	28.0458	78.0687
Sonbala	37	21.4279	83.3632
Sonari	36	28.7626	78.7626
Sonakhan	21	21.7987	83.5692
Soradihi	21	21.2676	83.5098
Sointikra	21	21.2502	83.5656
Sonratikra	21	21.3129	83.6545
Son Khera Kalan	35	23.8658	76.5575
Son Khera Khurd	35	23.8608	76.5619
Soldia	21	21.7365	83.7956
Solpali	21	21.7237	83.9098
Solbandh	21	21.5491	83.9377
Sodhapali	21	21.4642	83.7784
Sonapali	21	21.4679	83.9949
Sonratikra	21	21.1397	83.7537
Solpur	21	21.0397	83.7937
Sompurwa	36	27.8451	81.2517
Solankhipura	36	27.7838	81.3382
Sohbatia	36	27.8484	81.4136
Sobha	36	27.9300	81.3948
Somalapayara	40	18.0850	80.7944
Soharia	36	27.3764	81.3270
Sonarka Purwa	36	27.3757	81.4050
Sohai	36	27.2183	81.2894
Sohi	36	27.1346	81.4376
Sothi Purwa	36	26.1813	81.3125
Sosiwak Purwa	36	26.0059	81.3991
Sonbarsa	36	26.0178	81.3955
Sonkpur	36	26.9454	81.5432
Sobhapur	36	26.8464	81.5461
Sohari	36	26.7701	81.5171
Sohagpur	36	26.0011	81.6373
Sompur Mankanth	36	26.1577	81.7410
Sondanguda	02	18.4192	82.8001
Sogaon	02	18.4240	82.8031
Sorinaikguda	02	18.2867	82.7682
Sorabaguda	02	18.3223	82.8884
Sonabeta	21	18.4227	82.8740
Soraniguda	02	18.2999	82.9486
Soda	02	18.1821	82.7746
Sompara	02	18.0184	82.9958
Sokandi	25	12.6347	80.0095
Solaikuppam	25	12.5273	80.1431
Somavarapupadu	02	16.7502	81.1150
Somalapadu	02	17.5431	82.1020
Sobhanadripuram	02	16.5266	81.1731
Somarajupeta	02	17.2051	82.1834
Somagiri	02	17.7723	82.4822
Solabu	02	17.6676	82.2582
Someswaram	02	16.5819	81.3318
Soraipalem	02	16.6995	81.4378
Sobbala	02	17.0297	80.5051
Somulagudem	40	17.6232	80.7494
Sompalle	40	17.6006	80.8305
Sobbanapalle	40	17.5443	80.7522
Solabham	02	17.9735	82.5838
Somidevipalle	02	17.4742	82.7511
Sonbarsa	34	26.0780	84.3032
Sonbarsa	34	26.1618	84.4435
Somalingapalem	02	17.5577	82.8882
Somavaram	02	17.6049	82.8965
Soravarapalle	02	16.0306	80.1396
Solasa	02	16.2294	80.2177
Sonavaram	02	16.8464	80.2752
Somavaram	02	16.8158	80.3521
Sorikela	21	19.9351	83.2289
Sonepur	21	19.9351	83.3055
Solim	21	19.8494	83.3623
Sonangpadar	21	19.8883	83.3519
Sorparu	21	19.9818	83.4518
Sorpara	21	19.9080	83.4442
Sodrangi	21	19.6988	83.4563
Sorigipara	21	19.6405	83.4201
Sokta	21	19.6299	83.4570
Sodangi	21	19.9679	83.5778
Sorigibadi	21	19.8042	83.5391
Somadurai	21	19.7521	83.5051
Sorigiguda	21	19.7528	83.5212
Soraguda	37	19.4898	82.0680
Sonpur	37	19.3434	82.1026
Somrurguda	21	18.5065	82.0994
Sorigiguda	21	18.6251	82.1311
Sorigiguda	21	18.6300	82.1839
Sodaguda	21	18.8343	82.3527
Soraluguda	21	18.9746	82.3752
Sorigiguda	21	18.9924	82.4070
Solopa	21	18.9440	82.4624
Souraguda	21	18.9649	82.4600
Somodasoputtu	21	18.8647	82.4956
Sompajaran	21	18.5553	82.2828
Solpaguda	21	18.5738	82.3292
Sonkriput	21	18.6065	82.4014
Sorisapadar	21	19.1552	83.0678
Sodingaguda	21	19.1042	83.0312
Solagamputtu	02	18.3203	82.3913
Sogalu	02	18.4365	82.4672
Solagamputtu	02	18.4342	82.4772
Soguru Kolang	21	19.3417	83.3217
Sorupalli	21	19.2840	83.3552
Sodabadi	21	19.1122	83.2909
Songaleyi	02	18.0606	82.4501
Sorigiguda	21	18.8619	82.5143
Sombaritota	21	18.8534	82.5786
Souraguda	21	18.8712	82.5582
Souraguda	21	18.8267	82.5099
Soyilipoda	21	18.5653	82.5468
Solapa	21	18.5462	82.5632
Soguruguda	21	18.5078	82.6070
Soputtu	21	18.5321	82.6216
Soruputtu	21	18.5636	82.6640
Soruputtu	21	18.5429	82.7415
Sorabhaputtu	21	18.5235	82.7092
Sobnadripuram	02	16.7078	80.7494
Sompuram	02	18.0371	82.5797
Solamul	02	18.0496	82.5995
Sobkota	02	18.1663	82.6654
Solopaguda	21	18.9530	82.7739
Sorigiguda	21	18.9734	82.7791
Sonabedha	21	18.7536	82.8327
Somasundarapalem	02	16.2647	80.6400
Soguruguda	21	18.6824	82.8070
Solapa	21	18.5263	82.7971
Soniyaguda	21	18.5437	82.7932
Solapaguda	21	18.5564	82.9054
Soyyeru Maliput	21	18.6388	82.8314
Soyyeru	21	18.6370	82.8427
Son Manya	21	18.7063	82.9068
Solar	21	18.7314	82.9600
Sorisopodoro	21	18.6340	82.9424
Sorigiguda	21	18.5477	82.9247
Somavaram	02	16.9256	80.9060
Somavarappadu	02	16.4652	80.9312
Sodsiwani	37	19.7906	81.8298
Sobha	21	19.9664	81.9848
Sombaraguda	21	19.0118	83.8558
Sogedaregalabhadra	21	19.0805	83.9955
Sorisipodro	21	18.9432	83.0806
Sokarli	21	18.9100	83.0310
Somuja	21	18.8836	83.1085
Sorah	02	18.7111	83.1079
Sompigam	02	18.6090	83.0839
Sompangipadu	02	18.5735	83.0386
Somaduvalasa	02	18.6602	83.1727
Sorapadu	02	18.7336	83.1789
Sorpodoro	02	18.3908	83.0701
Sobha	02	18.2581	83.0150
Sottadivalasa	02	18.2679	83.2101
Sobha	02	18.2528	83.0186
Sontivanipalem	02	18.0778	83.0768
Sompuram Agraharam	02	18.0379	83.1346
Soradaguda	02	18.9557	83.4318
Sompuram	02	18.5008	83.3001
Sodipara	37	18.6494	81.6515
Soliraspara	37	18.6635	81.6568
Somalingapuram	02	18.4112	83.4791
Solibi Somarajupeta	02	18.1934	83.4647
Sollagapeta	02	18.1090	83.4885
Solpiguda	37	18.9572	81.9841
Sorasumala	21	18.4018	81.9486
Somulagudem	37	17.8751	81.0051
Soperu	02	18.3880	83.6351
Somarajupeta	02	18.4884	83.7296
Sorabvalasa	02	18.8103	83.7557
Somarajapuram	02	18.7633	83.9616
Somagandi	02	18.7049	83.8310
Solipi	02	18.6803	83.8979
Sobanapuram	02	18.7442	83.9535
Sorlangi	02	18.6984	83.9724
Sorlangi	02	18.6090	83.9025
Somidavalasa	02	18.5361	83.8474
Somannapeta	02	18.4886	83.7548
Sobarayaguda	02	18.6664	83.8559
Sopanpeta	02	18.4378	83.8237
Sopadarupeta	02	18.2841	83.8370
Sottodipeta	02	18.3958	83.9217
Sollapeta	02	17.8860	83.0840
Somavaram	02	17.0268	81.0040
Somarajupalle	02	15.2475	80.0351
Somarazupalle	02	14.4832	80.1458
Sottuperumbedu	25	13.2551	80.1721
Sombattu	25	13.3733	80.1651
Sonjhar	35	24.3480	82.5211
Somananjeri	25	13.3570	80.2653
Somasundirapedu	25	13.2657	80.2626
Somulagudem	40	17.6634	81.3062
Somanamallu	40	17.5766	81.4426
Soiraniyan	34	25.1732	84.2538
Sohda	34	25.1610	84.4034
Sonbarsa	34	25.1730	84.3629
Sohsa	34	25.1755	84.4929
Sobnadripuram	02	17.1163	81.3696
Sonbarsa	34	25.8598	84.5841
Sonia	34	25.8930	84.6020
Sonvad Khurd	16	21.0763	75.3436
Soripura	35	23.6960	76.6924
Sonda	35	23.1445	76.9335
Sonariu Muwara	09	23.0654	73.2153
Sonway	35	22.6422	76.0188
Sobhlyapura	35	22.5240	76.2181
Sortibarul	35	22.3763	76.0600
Sogam Muvada	09	23.2742	73.8561
Sothmal	24	23.4156	74.1213
Solsanda Mota	09	24.0870	72.9050
Solsanda Nana	09	24.0886	72.8990
Sonala	39	30.0863	79.5197
Sorag	39	30.1077	79.9205
Soli	39	29.6514	79.1877
Sonei Lakha	24	25.8978	73.0442
Sonei ki Dhani	24	25.8773	73.0100
Sonei ki Dhani	24	25.8562	73.0515
Sobanpur	39	29.3115	79.0731
Sonadiya	34	25.5901	84.6321
Sobhi Dumra	34	25.5915	84.6581
Soranpuri	39	29.1488	79.2062
Sowania	24	25.8730	73.4315
Sonpura	34	25.4980	84.5844
Sohari	34	25.3647	84.5423
Sodawas	24	25.6215	73.3830
Sonei	24	25.6702	73.3739
Sobhawa	24	25.2961	73.5097
Sonana	24	25.2823	73.5186
Somesar	24	25.3328	73.6194
Sonegri	24	25.4262	73.6767
Sogar	39	29.8758	79.2525
Solaki ka Gudha	24	25.4458	73.9076
Sonwali	39	29.7445	79.3767
Somniawat	35	22.2011	74.2890
Somkua	35	22.2356	74.3503
Sora	24	24.1493	73.2263
Sonarmera	39	29.3569	79.4259
Sonari	24	24.8528	73.8566
Sohar Bigha	34	25.0410	84.5091
Sonpitola	34	25.0286	84.5700
Sonbhadar	34	25.1250	84.7230
Sonari	34	25.0816	84.7350
Solia	35	22.4811	74.6440
Soila	35	22.9310	74.8067
Sobapat	35	22.9846	74.8236
Sonisim	39	29.5033	79.6903
Sonarkhota	39	29.5197	79.6785
Sonbarsa	34	25.9778	84.9934
Sonaha	34	25.9318	84.9737
Sobhepur	34	25.8759	84.9257
Sobara Morpipli	35	22.5931	74.8042
Songarh	35	22.7198	74.9294
Songhatta	34	25.6110	84.7635
Sobarna	34	25.6943	84.9699
Soli	39	29.8605	79.5894
Sonkhar	34	27.1783	84.3391
Sohsa	34	27.2117	84.3759
Sophwa	34	27.0848	84.4772
Somalpur	24	26.4163	74.6082
Sonasati	34	27.0762	84.5033
Somgarh	34	27.0107	84.5319
Sojarbara	16	21.6568	74.1182
Sorapada	16	21.5932	74.0957
Somaval Khurd	16	21.5864	74.1213
Somaval Budrukh	16	21.5650	74.1252
Sojran	16	21.6263	74.1143
Soniana	24	25.0205	74.2096
Sondakhera	24	25.2374	74.2645
Soji ka Khera	24	25.4329	74.3201
Soramkhera	24	25.2664	74.2796
Sonwal	36	26.9639	84.0122
Sobaran	36	26.8254	84.1334
Sonadia	36	26.7859	84.0066
Sona Rai	36	26.7377	84.1015
Sohang	36	26.7084	84.0305
Sohnaria	34	26.5204	84.0771
Sohagpur	34	26.5043	84.1991
Sonikpur	34	26.5172	84.2374
Sondihal	34	26.4941	84.0475
Somi	24	25.0829	74.3651
Soniana	24	25.1614	74.3463
Sopura	24	25.2253	74.4678
Sohanpar	36	26.3042	84.0375
Sohanpur	36	26.2512	84.0666
Sohagra	34	26.2302	84.0245
Sotha Chal	34	26.2348	84.0954
Soghi Rampur	34	26.2415	84.1130
Sonahula	34	26.2030	84.0353
Sohrai	34	26.2133	84.1033
Sonbarsa	34	26.1096	84.1240
Sobdar Tola	36	26.0492	84.0011
Sonpurwa	36	26.0003	84.0932
Sorupah	36	26.0048	84.1371
Sonkara Sani	34	26.0362	84.2231
Sonkara Auwal	34	26.0459	84.2287
Sonbarsa	34	26.9336	84.3394
Son Silang	39	29.5802	79.8986
Sobhan Chak	34	26.5848	84.3506
Sonahula Chandra Bhan	34	26.5618	84.2666
Sonahula Damodar	34	26.5533	84.2690
Sonahula Gokhul	34	26.5468	84.2643
Sokiya	24	25.0804	74.7930
Songar	24	25.0450	74.7723
Songar	24	25.0135	74.9736
Sophwa	34	26.7685	84.5165
Sonbarsa	34	26.8788	84.6572
Sonwal	34	26.5948	84.5670
Sonwal Ahirauliya Ke Andar	34	26.6058	84.5841
Sonbarsa	34	26.6641	84.7314
Sonpa	24	24.0068	74.4924
Sonkachi	35	22.9779	76.3729
Sobhanpur	36	28.0469	79.1693
Soi	36	28.1454	79.0908
Sobalyapura	35	22.5660	76.3494
Sorha	36	28.5084	79.3444
Sonbarsa	34	26.4116	84.5921
Sokri	34	26.4603	84.7281
Sobhan Chhapra	34	26.0141	84.5361
Sobhipur	34	26.0501	84.6373
Sonia	34	26.0703	84.6335
Sonbarsa	34	26.1210	84.6659
Sohil Patti	34	26.1943	84.7145
Sonhani	34	26.1016	84.7073
Sonauli	34	26.0618	84.7470
Sonbarsa	34	26.6777	84.7532
Sonval	16	21.5969	74.5327
Sonvad	16	21.5110	74.5226
Somgarh	34	26.2971	84.9755
Sohanpur	34	26.4562	84.9492
Sonbarsa	34	26.2374	84.8090
Sonwalia	34	26.2249	84.7847
Sonbarsa	34	26.1596	84.8881
Sonevadi	16	21.3296	74.7845
Sondla	16	21.0930	74.7502
Soraha	36	28.5465	79.5185
Sokatia	36	28.7335	79.6462
Sokatia	36	28.7238	79.6989
Sohna Ram	36	28.4889	79.5029
Sorha	36	28.3778	79.7205
Sonbarsa	36	25.8543	84.0621
Sohrai	36	25.9007	84.0996
Sonpura	36	25.8043	84.1804
Sona Dabar	36	25.7753	84.1756
Sonbarsa	34	25.6197	84.0742
Sondhila	34	25.5429	84.0084
Sondha	36	28.3835	79.8538
Sondhia	36	28.3713	79.8538
Sowan	34	25.5540	84.2334
Sozni	36	28.3268	79.8665
Sohela	36	28.2640	79.8666
Sohas	36	28.4971	79.9070
Sobhan Bigha	34	25.3269	84.8877
Sorampur	34	25.3770	84.8776
Soniawan	34	25.3645	84.9076
Sona	34	25.4262	84.9463
Sonbarsa	34	25.0303	84.9082
Sohraiya	34	25.1922	84.8481
Sohsa	34	25.2316	84.8424
Sobran Bigha	34	25.1051	84.9544
Solhanda	34	25.0707	84.9494
Sohraigoptola	34	25.0377	84.9271
Sonpura	34	24.8142	84.0347
Sonaura	34	24.8209	84.0897
Sobhe Khap	34	24.8295	84.1788
Sonaura	34	24.7481	84.2018
Sonbarsa	38	24.5490	84.0288
Sonar Khap	34	24.5452	84.1186
Sonpura	34	24.6003	84.1278
Sonbarsa	34	24.6093	84.0903
Sonbarsa	34	24.6398	84.1139
Sonbarsa Khaira	34	24.6711	84.1763
Sonepurwa	38	24.0717	84.0290
Sola	38	24.1200	84.1760
Sonhi Sarai	38	24.0664	84.1796
Sotam Dabra	38	24.0565	84.2122
Sonbarsa	38	24.0339	84.2390
Sonadihtola	34	25.0243	84.1014
Sotawan	34	25.1288	84.1001
Sonbarsa	34	25.2425	84.1182
Soni	34	25.1669	84.2125
Soni	34	25.1601	84.2120
Sonbarsa Inglis	34	25.1331	84.1599
Sonauli	36	25.8221	84.2760
Sonbarsa	36	25.7910	84.2984
Sonwani	36	25.7756	84.3038
Sobnathpur	36	25.8679	84.3471
Sonbarsa	36	25.8499	84.3868
Sonbarsa	36	25.7662	84.4883
Sohia Bigha	34	24.9791	84.3264
Sonki	34	25.6457	84.3986
Sonbarisa	34	25.6686	84.3713
Sonbarisadera	34	25.7033	84.3899
Sobhitola	34	25.5993	84.3847
Sonbarsa	34	25.4786	84.3991
Sohawantola	34	25.4939	84.4515
Sondhi	34	25.4799	84.4640
Sonbarsa	34	25.2937	84.4808
Sonbarsa	34	24.8706	84.2630
Sohai Bigha	34	24.7828	84.3171
Sonhauli	34	24.8672	84.3807
Sonbarsa	34	24.9491	84.3469
Sohraiya	34	24.8506	84.4319
Sokhea	34	24.7899	84.4451
Soni	34	24.9953	84.3842
Sonpura	34	24.4555	84.4531
Sohai	34	24.3490	84.4831
Sonpurwa	38	24.1470	84.2843
Sohgara	38	24.0011	84.2564
Sonpura	38	24.0945	84.4379
Sorath	38	24.0080	84.4817
Sonhathu	34	24.9845	84.5044
Sonbarsa	34	24.9752	84.5396
Sobaran Bigha	34	24.7688	84.5999
Sonbarsa	34	24.8386	84.6536
Sohalpura	34	24.9654	84.6329
Sondih	34	24.7073	84.5362
Sokharidih	34	24.5244	84.6025
Sondaha	34	24.5760	84.6233
Sohrai Bigha	34	24.6339	84.6010
Sonar Chak	34	24.7141	84.6788
Sonbarsa	34	24.6673	84.7405
Sonpur	38	24.3077	84.5200
Sonbarsa	38	24.2915	84.6300
Sonpura Bigha	38	24.3804	84.6856
Sohe	38	24.1768	84.5067
Soharlat	38	24.2163	84.5943
Sondiha	34	25.3023	85.8018
Sohdi	34	25.0254	85.8563
Sos	38	24.0111	85.1567
Sonbarsa	35	25.0305	80.6470
Sograhi	34	26.5544	86.1496
Sonmati	34	26.5125	86.3506
Souda	19	13.5941	74.8431
Sopadla	19	15.9982	75.0586
Sogal Tanda	19	15.7953	75.1475
Somapur	19	15.4688	75.0954
Solargop	19	15.1667	75.0804
Sotakanhal	19	15.6305	75.4040
Somapur	19	15.7227	75.3925
Somankop	19	15.9164	75.5229
Somankatti	19	15.7604	75.6439
Sogival	19	15.1004	75.5780
Sortur	19	15.2461	75.6111
Sompur	19	15.4423	75.8928
Sovinahalli	19	15.1294	75.9402
Somapur	19	14.7159	75.2222
Somasagar	19	14.6901	75.2999
Somaravandlapalle	02	14.4063	77.4222
Sorakayalapeta	02	14.9422	77.5237
Somanadoddi	02	14.7258	77.6020
Somanapalle	02	14.9132	77.8918
Sodanapalle	02	14.8000	77.7600
Somanahalli	19	14.4754	75.4066
Somankatti	19	14.8277	75.5185
Somannana Mallapur	19	14.2576	75.5947
Soraturu	19	14.2148	75.5954
Sogilu	19	14.0976	75.5450
Somenkoppa	19	14.0339	75.6189
Sodenahalli	19	13.7299	77.0761
Sogi	19	14.9668	75.9968
Sogenahalli	19	13.7671	77.2385
Sompura	19	13.6922	77.2441
Somalapura	19	13.6551	77.1698
Somasagara	19	13.5186	77.0075
Sogenhalli	19	13.4370	77.1543
Sonnappanpalya	19	13.2733	77.2484
Sopanahalli	19	13.2309	77.0551
Somasagar	19	13.2151	77.1884
Somedevarnahalli	19	13.0533	77.2301
Somanhalli	19	13.0187	77.1351
Somedevarpalya	19	13.0099	77.0729
Sobganhalli	19	13.0509	77.0487
Sogenahalli	19	13.6690	77.2572
Sogenahalli	19	13.6670	77.2513
Sonaganahalli	19	13.5560	77.4268
Sompura	19	13.5527	77.3066
Sonnenahalli	19	13.5253	77.2759
Somashettihalli	19	13.4997	77.4015
Sonenhalli	19	13.4351	77.4909
Somshettihalli	19	13.3386	77.4705
Sonnenhalli	19	13.2993	77.4074
Somasagar	19	13.2706	77.3171
Soldevanhalli	19	13.0912	77.4875
Soldevanhalli	19	13.0071	77.3506
Somareddipalle	02	13.8241	77.6231
Somalapura	19	13.6455	77.6739
Sotenhalli	19	13.3807	77.5764
Sonnamuddamahalli	19	13.3323	77.6471
Sonnenhalli	19	13.3099	77.6827
Sonnappanhalli	19	13.3047	77.5796
Soluru	19	13.2637	77.6551
Sonhalli	19	13.2149	77.6285
Sonnenahalli	19	13.1980	77.5007
Sonnappanhalli	19	13.1556	77.6179
Somasettihalli	19	13.0853	77.5201
Sonenhalli	19	13.0135	77.7320
Sontammanhalli	19	13.0203	77.6987
Somaghatta	02	13.8833	77.8111
Sondganhalli	19	13.1513	77.9134
Sonnenhalli	19	13.0042	77.9889
Solur	19	13.0732	77.8445
Sondenhalli	19	13.0907	77.8059
Sonebachenhalli	19	13.1454	77.8480
Sonnenhalli	19	13.1534	77.9719
Sonnanaikanhalli	19	13.1101	77.9215
Somatanhalli	19	13.1694	77.7686
Sonalipur	19	13.1353	77.7908
Somlapur	19	14.6735	75.7718
Somasettihalli	19	14.1039	75.8726
Somalapur	19	14.1514	75.9182
Somanahalu	19	14.1793	75.9853
Sonale	19	13.8488	75.1296
Somanath	19	13.0450	75.2158
Somalapura	19	13.5153	75.3623
Sonpura	35	22.0450	76.7144
Sonpura	35	22.0252	76.5982
Somgaon	35	22.0201	76.5796
Somenakoppa	19	13.9669	75.5442
Somanakadu	19	13.0950	75.4792
Sogane	19	13.8704	75.6151
Somapura	19	13.7254	75.6778
Somvarpet	19	13.2532	75.7044
Solegeri	19	13.0020	75.6285
Sonorli	16	19.6673	79.3515
Somtana	16	19.7403	79.3388
Sobbayi	16	19.5958	79.4508
Sonapur	40	19.0782	79.3215
Sonapur	40	19.1904	79.3068
Sonapur	40	19.1937	79.3363
Somgudem	40	19.0203	79.4603
Sokki	19	13.7152	75.9631
Somanahalli	19	13.6506	75.9797
Somanahalli	19	13.2062	75.7730
Somanahalli	19	13.1881	75.8500
Somapura	19	13.1785	75.9008
Somasettihalli	19	13.2282	75.8905
Somanahalli	19	13.1720	75.7968
Sonapur	16	19.8364	79.6582
Sonanduru	19	12.9693	75.2054
Somasamudram	19	15.2393	76.8997
Sonapur	16	19.5303	79.5641
Somanpalli	16	19.6410	79.6485
Sohdih	34	25.2289	85.5112
Somanpalli	40	19.0780	79.7231
Soragondanahalli	19	14.5352	76.1943
Somalapuram	19	14.9313	76.2964
Sonbarsa	34	25.8565	85.7635
Sogapakar	34	25.7776	85.8705
Sovenahalli	19	14.9185	76.4935
Soman	34	25.8353	85.9003
Soraul	34	25.9004	85.9355
Sobhan	34	25.8491	85.9148
Soera	34	25.6382	85.8030
Solna	34	25.6322	85.8410
Sohbandi	34	25.7279	85.8958
Sohilwara	34	25.6463	85.9392
Sokke	19	14.6827	76.2540
Sodabi	34	24.7274	85.0789
Sobhanitola	34	24.7154	85.1619
Sonar Khap	34	24.6844	85.1437
Son Bigha	34	24.7019	85.1958
Sophahi	34	24.6712	85.1760
Sohjana	34	24.6226	85.2339
Sondiha	34	24.5683	85.1134
Somea	34	24.4560	85.0889
Sona Semar	38	24.3111	85.1733
Sonia	38	24.3136	85.1597
Sonpura	38	24.3193	85.1556
Sohari	34	24.9330	85.2651
Sonpura	34	24.7851	85.3046
Sonsa	34	24.8742	85.4122
Sowa	34	24.7885	85.2544
Sonari	34	24.6827	85.3822
Sonwe	34	24.6812	85.4215
Sohda	34	24.6133	85.4933
Soki	38	24.2675	85.3141
Sonpura Kalan	38	24.2625	85.2750
Sonpura Khurd	38	24.2642	85.2771
Sonpura	38	24.4019	85.3515
Somanahalli	19	14.4591	76.2643
Sonpura	38	24.1736	85.4209
Sollapura	19	14.2073	76.3517
Sondekola	19	14.1296	76.3606
Somenahalli	19	14.7096	76.7216
Somagudda	19	14.2755	76.6230
Sondekere	19	14.1821	76.5859
Solabommenahalli	19	14.0872	76.6026
Somalapuram	02	14.9130	76.8715
Somarathopura	19	12.5780	76.4471
Somenahalli	19	12.5592	76.4302
Somanahalli	19	12.3209	76.3411
Sonsihari	34	24.9733	85.5427
Sohjana	34	24.8829	85.5040
Sorha	34	24.7742	85.6713
Sonpura	38	24.3730	85.5475
Sondedih	38	24.3948	85.5988
Sonaur	34	26.2591	86.0243
Sonwari	34	26.3851	86.1467
Sorake	19	12.7106	75.2850
Sonangeri	19	12.5880	75.3923
Sonki	34	26.1308	86.0015
Sosari	34	26.0296	86.0835
Sonpur	34	26.2178	86.2359
Sohat	34	26.1135	86.1977
Sonbihat	34	26.0071	86.2066
Sonhad	34	26.0172	86.2276
Sonpatahi	34	26.4649	86.2853
Sohanpur	34	26.4597	86.2814
Sohpur	34	26.3136	86.3688
Sonre	34	26.2630	86.3763
Sonpatahi	34	26.4222	86.3812
Sonpur	34	26.4760	86.4081
Sollapura	19	13.7218	76.0577
Somanahalli	19	13.4797	76.1661
Sompura	19	13.0195	76.0163
Somenahalli	19	13.0913	76.1328
Sodaranalu	19	13.8060	76.3325
Somasandra	19	13.6870	76.3736
Somenahalli	19	13.5940	76.3956
Somasettihalli	19	13.4979	76.2845
Somenahallipalya	19	13.3288	76.3212
Sorlamavu	19	13.4922	76.4803
Sohrai	34	26.1944	86.2544
Sonarpatti	34	26.2031	86.2797
Sonpur	34	26.1702	86.3753
Sonbarsa	34	26.2269	86.3887
Sonbarsa	34	26.0998	86.4569
Sonapur	16	19.8972	79.8784
Sonbarsa	34	26.0256	86.8626
Somerahalli	19	13.9009	76.6085
Sogania	34	25.9814	86.0551
Sonupur	34	25.8000	86.0253
Sogaha	34	25.9003	86.1531
Sonwan Dehukali	34	25.9341	86.1063
Sopra	34	25.8852	86.1807
Sonwan	34	25.8785	86.1678
Sonmani	34	25.8281	86.2012
Sonsa	34	25.8147	86.1886
Sonwan	34	25.9648	86.0343
Sonahalli	19	12.0925	76.2929
Sonahalli	19	12.1896	76.4158
Sonbarsa	34	25.6695	86.0699
Sobhapura	34	25.6978	86.2220
Sohi	34	25.6857	86.2244
Sonwan	34	25.6258	86.2161
Sograha	34	25.4798	85.9992
Sonapur	34	25.3561	86.2082
Sonbarsa	34	25.3088	86.2354
Sommi	40	19.3132	79.9481
Sondhi	34	25.0997	86.1011
Sobhni	34	25.1672	86.1635
Somnathpur	19	12.7765	76.0479
Somanahalli	19	12.7156	76.0731
Sompura	19	12.5571	76.1142
Somerahalli	19	12.6527	76.2019
Somenahalli	19	12.6606	76.2082
Sorekaipura	19	12.9281	76.5652
Sorehalli	19	12.8884	76.5128
Somanahalli	19	12.7909	76.5921
Somanahalli Koppal	19	12.4821	76.2328
Somanahalli	19	12.4737	76.2276
Somvarapete	19	12.6178	76.6308
Somanahalli	19	12.7144	76.6889
Somvarapet	19	12.4462	76.6722
Somnathpur	19	12.2295	76.1808
Sollepur	19	12.1364	76.2260
Somanathanahalli	19	12.9309	76.3094
Somanahalli	19	12.8052	76.3230
Sonaval	16	15.7925	74.0759
Somlapura	19	12.9455	76.4501
Sollepura	19	12.7664	76.4427
Sonihar	34	25.5935	86.2872
Sonbarsa Chakki	34	25.5293	86.2755
Sohagi	34	25.5214	86.2808
Sohilpur	34	25.5029	86.2943
Sobhni	34	25.5050	86.3732
Soraidih	34	25.5250	86.4092
Sohma	34	25.7195	86.3382
Sonbarsa	34	25.6713	86.4699
Soriam	34	25.6717	86.4393
Soharwa	34	25.6290	86.4705
Sonmanki	34	25.5727	86.4829
Sonhauli	34	25.5108	86.4707
Sondekoppa	19	12.9228	76.9491
Sondipi	34	25.3514	86.2749
Sonbarsa	34	25.4829	86.4904
Somanahalli	19	12.7457	76.8756
Somanahalli	19	12.7501	76.9425
Sollepura	19	12.6012	76.9872
Sottayyanahundi	19	12.1254	76.8393
Soganuru	02	15.8175	77.5191
Sombaipalli	40	18.4703	79.2345
Sonarwa	34	25.0551	86.4091
Solindabad	34	25.8463	86.5907
Sonpura	34	25.7537	86.5431
Sohobi Mahyam	34	25.8603	86.7149
Sonbarsa	34	25.8450	86.6973
Sonbarsa	34	25.5530	86.6363
Soha	34	25.7163	86.7034
Sonbarsa Raj	34	25.6943	86.7074
Sonbarsa	34	25.5258	86.7217
Sonbarsa	34	25.7069	86.7378
Somadahalli	19	12.8089	75.7726
Soppinhalli	19	12.9592	75.9742
Somar	19	12.6451	75.9445
Sote Abbur	19	12.6159	75.9865
Sompur	19	12.7053	75.9728
Sonhauli	34	25.0077	86.6458
Sondiha	34	25.0985	86.6551
Somapuram	02	15.4320	77.9044
Sollapuram	02	14.8172	77.1588
Sonbara	34	25.6387	86.8108
Sonbarsa	34	25.5927	86.9043
Sonighat	34	25.7329	86.8473
Sonbarsa	34	25.7001	86.9189
Sosoya	34	25.2711	86.8401
Sonbarsa	34	25.3250	86.8987
Sonbarsa	34	25.3739	86.9001
Sokho	34	24.8003	86.1041
Sonai	34	24.9952	86.1880
Sonkurha	34	24.9865	86.1728
Somannapalli	40	18.1733	79.1092
Somanpalli	40	18.7976	79.3649
Sona Mota	09	23.1306	73.5030
Sobha	09	23.0766	73.6157
Sonela Nana	09	23.1504	73.5900
Sonela Mota	09	23.1561	73.6000
Sonia Mota	09	23.2279	73.7049
Sonesaria Math	09	23.1724	73.6801
Sodla Mota	09	23.1872	73.5474
Sotawari	35	22.4187	79.4050
Soniyatola	35	22.4934	79.3809
Sohian Khurd	23	31.6923	74.9671
Sonus	33	15.5311	74.0393
Soliem	33	15.5366	74.0453
Sonal	33	15.5394	74.1894
Sonarvadi	16	15.9798	74.2934
Sonoli	19	15.8328	74.3912
Sopta	36	26.2324	79.2184
Sothna	36	26.9309	79.2778
Sohni	36	26.7329	79.4658
Sonarli	16	19.8465	79.1160
Sonegaon	16	19.9688	79.1730
Sonapur	16	19.6870	79.2019
Sonorli	16	19.7445	79.0708
Sogalammapalli	40	18.5446	79.3412
Sodala	40	18.5156	79.3495
Somawaram	40	18.2425	79.3038
Somalapuram	19	15.0331	76.4907
Somalapuram	19	15.2761	76.6759
Somlapur	19	15.6799	76.7990
Sodle	19	12.7166	75.5812
Somalapuram	19	15.3745	76.7682
Sonhatti	19	15.9469	74.5487
Sonarvadi	19	15.7361	74.3793
Somhatti	19	15.9437	74.6756
Somanhatti	19	15.9036	74.7995
Somling	19	15.8602	74.9737
Sonarkeri	19	14.3787	74.4785
Sonmane	19	14.8816	74.5467
Sonarhalli	19	14.8438	74.5562
Songimane	19	14.7975	74.7259
Soppinhosalli	19	14.4288	74.6224
Sonargadde	19	13.9643	74.6530
Sonbarsa	34	24.5962	84.3200
Sonar Khaptola	34	24.5636	84.2581
Somnathchak	38	24.5247	84.2602
Sonbarsa	34	24.7195	84.4292
Sonabigha	34	24.6687	84.4288
Sori	34	24.6860	84.2577
Somar Bigha	34	24.8497	84.8271
Sondiha	34	24.8291	84.7730
Sonbarsa	34	24.8434	84.8612
Sowal	34	24.9580	84.8812
Sonpur	34	24.9668	84.9569
Sorhna	34	24.8850	84.9753
Sona Bigha	34	24.8411	84.9271
Son Khap	34	24.5595	84.8098
Sondiha	34	24.5282	84.8085
Sonbarsa	34	24.5085	84.8952
Sonahthu	34	24.6467	84.8308
Sobha Khap	34	24.6840	84.9190
Sobha Khap	34	24.6356	84.9721
Sonbarsa	34	24.5250	84.9585
Sondiha	34	24.5119	84.9521
Sobh	34	24.5123	84.9691
Sothgaon	34	26.6046	85.9473
Sonai	34	26.5340	85.8945
Sonapur	34	26.3716	87.2162
Sohta	34	26.2149	87.0826
Sonapur	34	26.0977	87.1233
Sonjhia	34	26.2741	87.4038
Soksanand Bhag Khutpur	34	26.4009	87.4090
Sonapur	34	26.3270	87.4326
Sota	34	26.2651	87.4173
Sohagmara	34	26.3001	87.4979
Sohdi	34	26.3007	87.5217
Sohagpur	34	26.2528	87.5815
Sohadi	34	26.3150	87.5986
Sonapur	34	26.0897	87.8044
Sonamani	34	26.0598	87.7806
Sona Dighi	34	26.2425	87.8392
Sonapur	34	25.8427	87.1165
Sonapur	34	25.9832	87.1365
Sonapur	34	25.7559	87.1879
Sonua	34	25.6231	87.0652
Sontarri	34	25.6344	87.0318
Sontarri	34	25.5667	87.0529
Sondiha	34	25.5955	87.0845
Sondip	34	25.6307	87.1928
Sondip Milik	34	25.6171	87.1926
Sokchia	34	25.4227	87.0965
Sonhauli	34	25.1662	87.0089
Sonudih	34	25.1155	87.0214
Sohaili	34	25.0139	87.0302
Sonudih	34	25.1735	87.1571
Sohael	34	25.1415	87.2290
Sonapur	34	25.9336	87.3615
Sosa	34	25.7611	87.3906
Sohtha	34	25.6449	87.3068
Sobhaganj	34	25.6916	87.4794
Sobhnathpur	34	25.2243	87.2784
Sonaguji	38	25.0997	87.3143
Sonapur	38	25.1491	87.4020
Sonapur	34	25.9837	87.5989
Soti	34	25.7998	87.6221
Sonbhanga	34	25.7762	87.6829
Sotibhag	34	25.8806	87.7109
Sonutola	34	25.3392	87.3640
Sohilapatti	34	25.9974	85.0553
Sobe Parsa	34	25.8884	85.0120
Sobhepur	34	25.7667	85.0687
Sohai	34	25.9644	85.1557
Sorampur	34	25.5162	85.0341
Soghi	34	25.5290	85.1677
Sonawan	34	25.5445	85.2387
Sonmai	34	25.4234	85.1389
Sonkukra	34	25.3574	85.0221
Sohi	34	25.2573	85.0136
Sona Chak	34	25.4492	85.1572
Sohi Chak	34	25.2619	85.0098
Sonapur	34	25.6003	87.5189
Sohasa	34	25.6182	87.7398
Sormari	38	25.1072	87.5576
Sonda	38	25.0915	87.6761
Solapur	38	25.1192	87.6903
Sontola	34	25.9308	87.7856
Sonaur	34	25.8041	87.8149
Sonapur	34	25.8039	87.8182
Sonapur	28	25.9889	87.8419
Sohar	28	25.8370	87.9138
Sohar Chhota	28	25.8437	87.9212
Soshilapur	28	25.8926	87.9049
Sonthaltola	28	25.8337	87.9526
Sonapur	34	25.6106	87.7856
Solkandha	34	25.5243	87.7828
Sonapur	34	25.7141	87.8270
Sonapur	34	25.5982	87.8983
Sonitola	34	25.7196	87.9510
Sohar	28	25.7215	87.9796
Sorakhar	34	25.5761	87.9749
Sonakol	28	25.3660	87.8707
Solmari	28	25.2848	87.8969
Sonapur	28	25.3187	87.9341
Sonarai	28	25.3372	87.9794
Sonkhapra	34	24.9273	87.0547
Sondiha	34	24.8950	87.0175
Sondiha	38	24.8166	87.1221
Sonbarsa	38	24.9613	87.2150
Sonjhar	38	24.7510	87.2398
Sonajori	38	24.7341	87.6530
Sonapur	38	24.4229	87.7429
Solapetia	38	24.4837	87.7251
Sohjana	34	25.0634	85.0010
Sonwan	34	25.0777	85.0780
Soniawan	34	25.1864	85.1787
Solagaria	28	24.1160	87.5887
Sonj	28	24.0249	87.7357
Sonakar Bara	38	24.7369	87.8080
Sonakar Chhota	38	24.7309	87.8255
Sonajori	38	24.6490	87.7992
Solagaria	38	24.6480	87.7780
Sonapur	38	24.6566	87.8649
Sonarpara	28	24.4637	87.8250
Sonarkunda	28	24.2655	87.7867
Somarpur	28	24.4852	87.8622
Sondho Dullah	34	25.9016	85.3569
Sondhodih	34	25.9112	85.3499
Sondho Ratti	34	25.9186	85.3516
Sonbarsadih	34	25.9849	85.4268
Sonbarsa Amad	34	25.9782	85.4158
Sonbarsa Shah	34	25.9823	85.4416
Solavan	35	21.5421	75.1170
Soti Chak	34	25.4861	85.2514
Sonaru	34	25.4961	85.2975
Sonchri	34	25.1875	85.3308
Sonawan	34	25.1344	85.2616
Sohjana	34	25.0969	85.2805
Sobaran Bigha	34	25.0267	85.2499
Sonsa	34	25.0187	85.2604
Sonar Bigha	34	25.0411	85.4714
Sobha Bigha	34	25.1304	85.4537
Songar	34	25.8205	85.6448
Somnaha	34	25.9518	85.7042
Sonsikra	34	25.3067	85.6541
Sonsa	34	25.2890	85.6007
Soima	34	25.4228	85.7260
Sonvada	35	21.8496	75.8649
Somar Paya	40	16.4249	79.0965
Sonala	16	20.7442	75.6879
Solipet	40	17.6047	78.7398
Songudem	40	17.3546	78.8964
Songarha	34	26.1647	87.6225
Sonakandar	34	26.2166	87.6687
Sohandar	34	26.1917	87.6742
Sonari	16	20.8338	75.8695
Sohak	36	27.9101	80.0617
Sohona	36	27.7682	80.2422
Sohauna	36	27.3505	80.2493
Sonasi	36	27.0056	80.1255
Sonhar	36	27.1537	80.2395
Sonharia Buzurg	36	27.1621	80.2476
Sooranad North	13	9.1119	76.6237
Sooranad	13	9.1065	76.6301
Soneswar	03	26.3438	91.6423
Somdal	17	25.1679	94.2891
Sodam	02	13.5462	78.9075
Sonda	16	19.9782	77.2981
Songarh	02	19.0132	78.3729
Sonnaganahalli	19	13.6595	77.8723
Someswara	19	13.6231	77.8321
Somenahalli	19	13.6483	77.8324
Soppahalli	19	13.4944	77.7733
Somanhalli	19	13.4861	77.9094
Sonenhalli	19	13.4013	77.8999
Sorakailhalli	19	13.3503	77.9025
Somanayakanpalya	19	12.9671	77.1111
Sondalagere	19	12.9772	77.0919
Sonanayakanhalli	19	12.8282	77.0039
Somanhalli	19	12.6150	77.0678
Sowkardoddi	19	12.6870	77.2160
Somanathpur	19	12.5740	77.2109
Sogala	19	12.5430	77.1743
Somapura	19	12.5482	77.0551
Sogaldoddi	19	12.5413	77.1660
Somanhalli	19	12.2510	77.0370
Sonenhalli	19	12.9434	77.4804
Sompur	19	12.8777	77.4970
Sontenahalli	19	12.7024	77.4102
Somathappanhalli	19	12.5690	77.3328
Sowkardoddi	19	12.4198	77.4295
Sollahalli	19	12.3642	77.4592
Solgere	19	12.3568	77.2905
Sorekaidoddi	19	12.4472	77.3320
Sonnaikanpuram	19	12.7288	77.6583
Soppanhalli	19	12.7475	77.6796
Sonnavara	19	12.7003	77.6801
Soluru	19	12.6666	77.6879
Solipuram	02	15.9496	78.2099
Somayajulapalle	02	15.5827	78.1794
Somapuram	02	14.8855	78.5595
Southkottala	02	15.3273	78.6145
Somireddipalle	02	14.8366	78.9064
Somayajulapalle	02	14.7058	78.7883
Somugaripalle	02	14.4418	78.8276
Somavaram	02	14.1616	78.8345
Solikuntlapalle	02	13.9166	78.0171
Sodasanipalli	19	13.8479	78.0951
Somakkapalli	19	13.8570	78.0460
Somanathapura	19	13.7584	78.0081
Somakalahalli	19	13.5933	78.1302
Sonnurpalle	02	13.7026	78.2362
Sovanhalli	19	13.2933	78.1331
Somayajulapalli	19	13.4494	78.0865
Somasandra	19	13.2310	78.1931
Soppanahalli	19	13.1538	78.0356
Somanahalli	19	13.0648	78.0442
Sompallevandlapalle	02	13.9221	78.2865
Somayajulapalle	02	13.8866	78.3080
Somapalle	02	13.8431	78.2723
Somapalle	02	13.8373	78.2949
Sonnapalli	19	13.4702	78.2508
Somayajalapalli	19	13.3697	78.3456
Souryapalem	19	13.3007	78.4100
Sonnavadi	19	13.1494	78.4078
Somarasanahalli	19	13.0293	78.3911
Sonnappagunte	19	13.2471	78.5570
Sonbarsa	34	27.2871	84.3686
Soharthi	34	25.7389	85.6079
Sothiawan	34	25.6563	85.7342
Sorhunshi	19	12.9473	77.7542
Sompura	19	12.8681	77.7745
Sollepura	19	12.8304	77.7557
Sonuru	19	12.8962	77.9006
Sonnepuram	25	12.8097	77.9582
Sonnappanhalli	19	12.9522	77.9445
Sokkanathapuram	25	12.8182	77.8323
Sokkarasanapalli	25	12.8585	77.8320
Somalapur	19	12.9683	77.8614
Soraguriki	25	12.5004	77.9529
Sonnepuram	25	12.6226	77.7522
Soppatti	25	12.6880	77.8189
Somanadapuram	25	12.6978	77.8386
Somagundalahalli	25	12.3079	77.8147
Somenahalli	25	12.0974	77.9209
Sonnappanhatti	19	12.9255	78.0056
Sorkailhalli	19	12.8877	78.0947
Somasandra	19	12.9915	78.0918
Sorakayalapalli	25	12.6712	78.0660
Sonninayakkanahalli	25	12.5568	78.0323
Somanathapuram	25	12.5973	78.1405
Sokkanahalli	25	12.4268	78.0546
Somenahalli	25	12.2571	78.0705
Sottandapatti	25	12.3095	78.1169
Sokadi	25	12.4773	78.1296
Sorakayanur	25	12.2727	78.1936
Sobanur	25	12.3539	78.2443
Solappadi	25	12.1535	78.0396
Somenahalli	25	12.1436	78.0291
Sorakkayhalli	25	12.0653	78.1330
Somenahalli	25	12.2400	78.0993
Sorakkayhalli	25	12.0130	78.2396
Sonnakoppa	19	12.9588	78.2785
Sonnarasanapalli	02	12.7667	78.2796
Sodiganipalli	02	12.7626	78.2820
Solisettipalli	02	12.8552	78.3262
Sogadaballa	19	12.9014	78.3814
Sonnakoppa	02	12.9951	78.4560
Somnayinpalli	02	12.9096	78.4510
Sonnegaunipalli	19	12.9008	78.4446
Sorakayalanattam	25	12.5993	78.4769
Sonnarhalli	25	12.3622	78.4258
Sokkanampatti	25	12.4072	78.4839
Solachur	25	12.4360	78.4586
Sonnampatti	25	12.2070	78.3432
Soriyampatti	25	12.0954	78.4772
Sontiyur	25	12.5958	78.5243
Sominayakkampatti	25	12.5764	78.5436
Solaiyur	25	12.5815	78.5748
Sokkalampatti	25	12.5612	78.5240
Somalapuram	25	12.5090	78.6090
Sorakavundanur	25	12.5171	78.6018
Sorakkayanattam	25	12.6363	78.6718
Solakkappatti	25	12.2753	78.5030
Sorappanandal	25	12.2396	78.8729
Somugalbetta	25	12.2732	77.6536
Sogalapalle	02	14.3899	78.4803
Somayajulapalle	02	14.0833	78.2769
Somarajakunta	02	14.1036	78.3676
Somabhatlapalle	02	14.1431	78.6510
Somavarapeta	02	15.5584	79.1064
Sompalle	02	15.0005	79.1845
Somipalle	02	15.9617	79.4614
Somepalle	02	15.8909	79.2959
Somavarappadu	02	15.7134	79.8409
Somasila	02	14.4998	79.3144
Sorakayalapeta	25	13.3146	79.4793
Somanathapuram	25	13.0653	79.2564
Somasamudram	25	13.1292	79.4191
Sodavaram	02	13.8216	79.6779
Soganur	25	13.1071	79.5693
Somadevanpattu	25	13.2343	79.9267
Somantangal	25	12.6922	79.1563
Somantangal	25	12.7229	79.2148
Solavaram	25	12.4334	79.0444
Sorandai	25	12.3292	79.0856
Somantaputtur	25	12.4804	79.0668
Solankuppam	25	12.4661	79.0968
Sottukinni	25	12.4795	79.1678
Sorakulattur	25	12.3680	79.1134
Somasavadi	25	12.2379	79.1469
Sorappanandal	25	12.1986	79.1433
Sorattur	25	12.0909	79.2438
Solampattu	25	12.6362	79.3589
Solavaram	25	12.5816	79.4139
Sorayur	25	12.6656	79.4083
Sorayur	25	12.6621	79.4145
Sokkanandal	25	12.2621	79.3062
Sokkapalam	25	12.4018	79.3916
Solankupam	25	12.3565	79.4270
Solaiarugavur	25	12.4505	79.4443
Sorattuperiyankuppam	25	12.2137	79.3026
Sorattur	25	12.2058	79.4675
Sodiyambakkam	25	12.7272	79.6915
Solavaram	25	12.7312	79.6309
Soraputtur	25	12.4498	79.5395
Sogattur	25	12.4447	79.6025
Solaimadam	25	12.0934	79.5413
Solisokkunam	25	12.1677	79.5876
Sokandi	25	12.9420	79.8684
Sokkantangal	25	12.2126	79.7613
Sorapattu	25	12.1639	79.8313
Soghalli	19	11.9617	76.3105
Somantharai	25	11.5272	76.4650
Somhalli	19	11.9287	76.7131
Sokkanhalli	25	11.5262	76.7107
Sogathorai	25	11.3460	76.7447
Somvarpet	19	11.9077	76.9446
Sottanpur	19	11.7771	76.9346
Somanpur	19	11.7492	76.7652
Sottaiyur	25	11.2834	76.8632
Solaiyur	25	11.1493	76.8115
Somayyanur	25	11.0694	76.8825
Sonaila	34	25.4748	87.6902
Somandurai	25	10.5691	76.9894
Solapalaiyam	25	11.2396	77.1269
Solalattur	25	11.6415	77.2664
Solapalaiyam	25	11.3327	77.4965
Sottakavundanpalaiyam	25	11.2214	77.4692
Solipalaiyam	25	11.1344	77.2966
Somanurpudur	25	11.1012	77.3872
Sottayanur	25	11.5856	77.7186
Solaiyampalaiyam	25	11.5409	77.6466
Sottaiyampalaiyam	25	11.3879	77.6778
Solippalaiyam	25	11.3064	77.6001
Solippalaiyam	25	11.2663	77.6405
Soliyampalaiyam	25	11.2406	77.7158
Sokkanathapalaiyam	25	11.1232	77.5695
Soviriyampatti	25	11.5567	77.9943
Solikavundanur	25	11.9995	77.9662
Sonangalpudur	25	11.8171	77.7957
Solangapalaiyam	25	11.2221	77.8407
Sokkanadhapuram	25	11.0809	77.9250
Solakalipalaiyam	25	11.0613	77.9032
Solakallpalaiyam	25	11.0682	77.9081
Solavampalaiyam	25	10.8370	77.0256
Solanur	25	10.7301	77.0401
Somavarappatti	25	10.6779	77.2131
Solipalaiyam	25	10.6396	77.0552
Sorakulam	13	10.2509	77.1859
Solaiyappakavundanpudur	25	10.9522	77.3951
Somanuttu	25	10.6642	77.4382
Sottavanam	25	11.4860	79.3637
Sottamangalam	25	10.8934	79.2874
Sottutturai	25	10.7607	79.3880
Sonapettai	25	10.7325	79.3762
Solaseshanallur	25	10.5365	79.5689
Somalapuram	25	10.7958	79.1224
Someswarapuram	25	10.9193	79.1543
Soriyampattai	25	10.5284	79.1838
Sottalvannam	25	10.7502	79.7355
Sompara	21	20.4056	84.9746
Sorara	21	20.3174	84.9301
Sonbarsa	38	23.8825	85.2021
Sonpura	38	23.8193	85.2403
Sohadih	38	23.7538	85.2451
Soparam	38	23.5197	85.0748
Sosai	38	23.6017	85.1655
Soba	38	23.5359	85.1912
Sonchipi	38	23.4795	85.0570
Sosai	38	23.4580	85.0600
Sohdag	38	23.2373	85.2395
Sodagtoli	38	23.2093	85.1334
Sonmer	38	23.1176	85.1690
Sotea	38	23.0466	85.0807
Solea	38	23.6075	85.2714
Sonakhaptoli	38	23.4870	85.3005
Sosotoli	38	23.4028	85.2925
Soso	38	23.4779	85.3739
Sohdag	38	23.2462	85.2514
Sorha	38	23.2249	85.3247
Sodag	38	23.1465	85.3872
Sodagtoli	38	23.1455	85.3945
Somatoli	38	23.1119	85.3114
Sosotoli	38	23.0348	85.3739
Sosotoli	38	23.0352	85.3163
Sosotoli	38	23.0685	85.2562
Sondiha	38	23.7261	85.5784
Sonr	38	23.5759	85.6735
Soso	38	23.5610	85.5914
Sothai	38	23.5094	85.6793
Soso	38	23.4508	85.5862
Soso	38	23.3188	85.6631
Soroitoli	38	23.1967	85.5692
Sosodih	38	23.1033	85.7136
Sosokuti	38	23.0404	85.6008
Sosokutitoli	38	23.0309	85.5744
Sobodadih	38	23.0021	85.7272
Sohandih	38	23.7002	85.8066
Sonhar	38	23.6696	85.8969
Sonpura	38	23.6627	85.9082
Sonhar	38	23.6604	85.9050
Soso Kalan	38	23.5466	85.7629
Soso Khurd	38	23.5521	85.7564
Sokla	38	23.4692	85.7909
Sondimra	38	23.4748	85.7883
Somadih	38	23.2276	85.7990
Somadih	38	23.2166	85.8084
Sosokhas	28	23.2012	85.9518
Sopa	28	23.2016	85.9196
Sosodih	38	23.1687	85.7501
Soro	38	23.1135	85.8862
Sosotoli	38	22.9792	85.1518
Sonpurgarh	38	22.9418	85.1904
Soga	38	22.7787	85.2044
Soroldatoli	38	22.5692	85.0494
Soda	38	22.5256	85.1693
Sonpukhri	38	22.4456	85.2304
Sorgidih	38	22.3703	85.2169
Sobradih	38	22.8944	85.3640
Sokoe	38	22.8677	85.2539
Solegundui	38	22.8079	85.2631
Songra	38	22.7904	85.3495
Soradih	38	22.8749	85.3939
Sojrad	38	22.9037	85.4265
Sokha	38	24.3966	84.8197
Sopalo	34	24.4941	84.9128
Sonhi	34	24.4144	84.9603
Sokhea	34	24.4912	84.9714
Sohawan	38	24.0889	84.7561
Sons	38	24.0354	84.8051
Sonpur	38	24.1362	84.8860
Sonbigha	38	24.2088	84.9228
Sohar	38	24.0391	84.9299
Sohar Kalan	38	24.0248	84.9528
Sonapos	38	22.5854	85.4610
Sonaposi	21	22.0250	85.5815
Sosopi	38	22.1459	85.6625
Sonaposi	38	22.2082	85.6898
Sosang	21	22.0125	85.6598
Sondiha	34	25.3955	86.7309
Sonabad	38	24.1856	86.7822
Sonatanr	38	24.1695	86.9156
Sonapara	38	24.1206	86.9049
Sonatanr	38	24.1031	86.7923
Sontadih	38	24.0944	86.7881
Sogitanr	38	23.8830	84.0636
Sonbarsa	38	23.8692	84.1375
Sokra	38	23.9616	84.0845
Sonpurwa	38	23.9641	84.1790
Sonatoli	38	23.1998	84.1646
Sonpur	37	23.1944	84.0350
Sons	38	23.9923	84.3989
Sonsdohai	38	23.9397	84.4726
Sotam	38	23.7987	84.4434
Sonwar	38	23.6520	84.3823
Sopotoli	38	23.0251	84.3921
Sokrahatu	38	23.0426	84.4586
Sohdag	38	23.8492	84.5537
Sos	38	23.6756	84.6177
Sogitoli	38	23.2993	84.5360
Soso	38	23.0711	84.5267
Soso	38	23.0628	84.5304
Songra	38	23.1773	84.6788
Sogra	38	23.1175	84.7374
Sosobiratoli	38	23.0795	84.7186
Soparam	38	23.8110	84.7778
Soparam	38	23.8871	84.9573
Soharwatanrtoli	38	23.8790	84.9436
Soyatanr	38	23.8116	84.9518
Sonbilhatoli	38	23.7350	84.7617
Sons	38	23.5169	84.9553
Soranda	38	23.3249	84.8016
Sohagi	38	23.0909	84.9308
Sogra	38	23.1121	84.7584
Sogra	37	22.9405	84.0816
Sogsoga	38	22.5447	84.0254
Soretoli	38	22.5994	84.4072
Soreatoli	38	22.6402	84.3680
Sogra	38	22.6627	84.4392
Sohraitoli	38	22.5907	84.4571
Sokhatoli	38	22.7792	84.7237
Solga	38	22.7526	84.6880
Sonmer	38	22.9194	84.8006
Solangbira	38	22.8635	84.7880
Sonmer	38	22.9369	84.9432
Sokorla	38	22.6389	84.7812
Soang	38	22.5928	84.8701
Soe	38	22.6741	84.8968
Sorah	38	22.6644	84.9250
Sonamal	21	21.7654	84.0418
Sonapara	21	21.9072	84.1913
Sonajharia	21	21.8743	84.1407
Sonamohan	21	21.7715	84.2240
Sonajharia	21	21.7335	84.1535
Solaiseri	25	9.4188	77.5035
Solapuram	25	9.3757	77.5598
Sokkalingapuram	25	9.4248	77.5842
Sokkanur	25	9.1318	77.5939
Sorimuttaiyan Kovil	25	8.6545	77.3368
Solacheri	25	8.9741	77.5127
Sokkalingapuram	25	8.3297	77.5665
Sottakuppanur	25	10.8028	78.0450
Sokkalakkavundanur	25	10.8272	78.1103
Somur	25	10.9679	78.1605
Solamuttanayakkanur	25	10.6440	78.0363
Somadipatti	25	10.4975	78.2478
Sonduveli	25	10.3592	78.2428
Sonakulattupaatti	25	10.2425	78.0818
Soriyapatti	25	10.0112	78.2165
Somanpatti	25	10.5311	78.4863
Soriparaippatti	25	10.3480	78.2814
Solaiyammapatti	25	10.4078	78.4982
Soriyankinattuppalaiyam	25	10.9421	77.7237
Solavalasu	25	10.9411	77.6051
Somankuttai	25	10.7795	77.6740
Soliyavalasu	25	10.8087	77.5584
Sokkanpatti	25	10.0394	78.3204
Sokkakilavanpatti	25	10.1268	78.4006
Sokkattevanpatti	25	10.0251	77.5508
Sokkattevanpatti	25	10.0420	77.5329
Somanayakkanpatti	25	10.7593	78.6778
Somarasampettai	25	10.8122	78.6338
Somarippatti	25	10.7572	78.5680
Solampatti	25	10.2628	78.7204
Solarampatti	25	10.0613	78.5416
Soriyanpatti	25	10.5653	78.9453
Sondampatti	25	10.5639	78.9021
Sottuppalai	25	10.5612	78.9653
Sonaiyankadu	25	10.2661	78.9717
Sowriyarpuram	25	10.1979	78.7648
Solangadu	25	10.0852	78.9460
Sonarkottai	25	10.0039	78.8741
Sottattatti	25	9.8613	78.1670
Solankuruni	25	9.8067	78.1198
Sonaikkanpatti	25	9.8238	78.1318
Solakavundanpatti	25	9.5990	78.0045
Solaimalaiyanpatti	25	9.1467	78.2188
Solapuram	25	9.0517	78.0233
Sonaippatti	25	9.9576	78.4308
Sorukilipatti	25	9.9429	78.2797
Sottamuri	25	9.6108	78.2762
Somattur	25	9.6185	78.4358
Sorikkulam	25	9.5759	78.4406
Sodendal	25	9.4070	78.4416
Sonaippiriyankottaipatti	25	9.3140	78.4570
Sonaippiriyankottai	25	9.3201	78.4708
Somandapur	25	9.9848	78.6756
Sottavannan	25	9.8211	78.5439
Solaiyur	25	9.7479	78.6524
Sokkappadappu	25	9.6906	78.7090
Solaimudi	25	9.7088	78.6780
Somasi	25	9.6841	78.6077
Sotukudi	25	9.6564	78.6479
Solavurani	25	9.6604	78.6916
Sorayandi	25	9.6738	78.5591
Sokkanai	25	9.2731	78.6341
Solandur	25	9.5725	78.8543
Solandur	25	9.5641	78.8598
Sokkalingapuram	25	8.2971	77.8380
Sodinagaram	25	8.3313	77.8853
Somankudiyiruppu	25	8.3737	77.9593
Sokkanvilai	25	8.3895	77.9763
Sokkalingapuram	25	8.4198	77.9840
Sokkalingapuram	25	8.4363	77.8874
Solaikudiyiruppu	25	8.4837	78.0085
Somanadapuram	25	8.4231	78.0225
Sorayappattu	25	11.9921	79.1344
Soundharapuram	25	10.7254	77.8897
Soliyappakavundanur	25	10.5710	77.8242
Somanathapuram	25	11.6588	79.1183
Solaikkadu	25	10.3361	77.7513
Sorakkaipatti	25	10.3285	77.8459
Somasipalaiyam	25	11.7631	79.4593
Solaikondampalaiyam	25	11.8078	79.5881
Sornavur	25	11.8235	79.6245
Sorappattu	25	11.9567	79.6608
Sorappur	25	11.8461	79.6465
Sornavur	25	11.8167	79.6444
Soriyankuppam	25	11.7864	79.7318
Sombattu	25	11.9756	79.6282
Sottivilagam	25	11.4373	79.5578
Solattiram	25	11.3668	79.5085
Solakkur	25	11.3205	79.5910
Sodiyakkudi	25	11.3015	79.7015
Soliyavilagam	25	11.1543	79.5423
Sottamangalam	25	11.1389	79.5923
Soliyankottagam	25	11.2154	79.6381
Soliyankottagam	25	11.2180	79.6568
Solanampattam	25	11.0619	79.6741
Solaittandavankuppam	25	11.9532	79.8380
Solaittevanpatti	25	9.8936	77.4913
Sokkanathanputtur	25	9.3514	77.4637
Sonappadi	25	11.8099	78.1545
Solur	25	11.8724	78.2324
Sowriyarpattanam	25	10.4170	79.1030
Somanampatti	25	11.4177	78.0424
Sottaiyanpudur	25	11.1508	78.1268
Somampatti	25	11.6088	78.4172
Soludaiyappatti	25	11.2755	78.4032
Solaikkadu	25	11.3061	78.3581
Sottangudu	25	11.2922	78.3837
Sodankuli	25	11.2279	78.3285
Solampatti	25	11.0170	78.4316
Sokkanadapuram	25	11.5937	78.5373
Somandarkudi	25	11.7592	78.9332
Sonpukhor	21	22.2309	85.0025
Soda	38	22.3660	85.3088
Sonua	38	22.3939	85.4307
Sonpur	38	22.9860	85.5540
Sonamara	38	22.7760	85.5665
Soin Suin	38	22.7591	85.5123
Soniadih	38	22.7750	85.6344
Sonopeth	38	22.8798	85.6970
Sobhadih	38	22.9093	85.7404
Soraburdo	38	22.8403	85.5351
Somora	38	22.6073	85.5794
Sonaposi	38	22.7237	85.7346
Sonorokuti	38	22.6675	85.7477
Sosopi	38	22.3708	85.7200
Sokradih	38	22.9727	85.8566
Sogidih	38	22.8803	85.8203
Sohandih	38	22.7846	85.9507
Sowanpur	38	22.7916	85.9522
Sonoro	38	22.6650	85.7795
Somahatu	38	22.5202	85.7875
Sosohatu	38	22.5069	85.8549
Soso	38	22.5652	85.9107
Sonadih	38	22.6891	85.9009
Soada	38	22.6386	85.9521
Sonapshi	38	22.5297	85.9503
Songrai	38	22.5296	85.9604
Sonaposi	38	22.4890	85.8166
Sosopi	38	22.2914	85.8908
Sonaposi	38	22.0778	85.9098
Soipi	38	22.1073	85.8997
Sodung	21	21.7643	85.2272
Sorga	21	21.6514	85.1051
Soida	21	21.5268	85.0573
Solai	21	21.6652	85.2323
Sondar	21	21.6349	85.2391
Soso	21	21.6944	85.1863
Sonkardih	21	21.7513	85.2696
Sonua	21	21.8811	85.3012
Sonkraposi	21	21.6986	85.4345
Sonajori	21	21.5160	85.4013
Sontaibhanj	21	21.3219	85.3271
Solagaon	21	21.0909	85.3114
Sonaposi	21	21.8958	85.7126
Sorai	21	21.9883	85.6864
Solaikhamar	21	21.6105	85.5932
Sobanapuram	25	11.2833	78.5225
Solaimatti	25	11.3002	78.6242
Soltitti	25	11.2859	78.6752
Sonariposi	21	21.9454	85.7594
Sohagpur	21	21.6843	85.9018
Sonkabari	21	21.5187	85.9378
Solabandha	21	20.4211	85.1675
Solpokhari	21	20.3443	85.0387
Sohapokhari	21	20.3267	85.1566
Solpata	21	20.0760	85.0970
Sonr Khap	38	24.1428	85.5742
Sokhodewara	34	24.8358	85.8725
Solahpur	34	24.9715	85.8600
Sonbad	38	24.3386	85.9285
Sonbad	38	24.3934	85.9048
Sonedih	38	24.3797	85.7759
Sonturpi	38	24.0848	85.8121
Sohagpur	34	26.2010	86.6697
Sonak Simar	34	26.0863	86.6002
Solhani	34	26.0482	86.5354
Sonpur	34	25.9235	86.2813
Son Kanhai	34	25.9698	86.2958
Sonkurthua	34	25.8593	86.3503
Sorwa	34	25.8446	86.4034
Sonopahari	38	24.5068	86.0764
Sonre	38	24.5568	86.2202
Sonailtanr	34	24.6995	86.2473
Sonbahiar	38	24.2192	86.2109
Sondipi	34	24.9355	86.4126
Sonardih	34	24.7545	86.3013
Sonil	34	24.7782	86.2700
Sojhana	34	24.8877	86.2889
Sonpai	34	24.9119	86.2508
Sotali	34	24.9114	86.3625
Sogra	38	24.5283	86.2676
Sonardih	38	24.3988	86.3040
Sondighi	38	24.4398	86.2537
Sone	34	24.4657	86.3154
Sonpur	38	24.2010	86.3242
Sonbad	38	24.2231	86.3053
Sonabad	38	24.0270	86.4869
Sonad	38	24.0198	86.4442
Sonbad	38	24.0392	86.4221
Sohnabad	38	24.0199	86.2627
Sodapali	21	21.4105	84.1449
Sonamudi	21	21.2427	84.0263
Solbaga	21	21.9216	84.3814
Sonapara	21	21.9450	84.3332
Sogriaposh	21	21.9177	84.9407
Soldega	21	21.9536	84.8053
Sonda	21	20.8640	84.0703
Sonariberni	21	20.9317	84.1432
Sobhapaoli	21	20.7442	84.0504
Sonamai	21	20.5525	84.1536
Sorupara	21	20.4793	84.1666
Sorupara	21	20.4605	84.2254
Solagora	21	20.4063	84.1330
Sorukui	21	20.4002	84.1593
Sorulai	21	20.2699	84.0710
Solaguda	21	20.2125	84.1258
Soroketta	21	20.1893	84.0108
Solaguda	21	20.1815	84.1704
Solangia	21	20.1049	84.2042
Somagota	21	20.0029	84.1610
Sorisapanka	21	20.8022	84.4404
Solaguda	21	20.3346	84.2984
Solaguda	21	20.3489	84.3308
Sonkorokholo	21	20.3208	84.2942
Solopogam	21	20.2676	84.3149
Sonnabada	21	20.3116	84.3629
Sonnabada	21	20.3197	84.3620
Sorachur	21	20.4816	84.3998
Sodapodoro	21	20.3329	84.4777
Soruchinangia	21	20.1185	84.3100
Sorunaju	21	20.0362	84.2859
Solopoguda	21	20.0119	84.4202
Solanda	21	20.9114	84.7030
Somanathpur	21	20.7743	84.7281
Solagadia	21	20.0958	84.5298
Sorishomuli	21	20.0717	84.6061
Sorispal	21	20.8068	84.9795
Sonari	03	27.0734	95.0275
Sonakhali	28	22.5521	87.7677
Sonbhadra	34	25.1264	84.7287
Sonaijuri	28	23.4569	86.6046
Sonaijuri	28	23.3421	86.3293
Sohiong	18	25.4968	91.7141
Sonai	03	24.7322	92.8897
Songsong	17	25.4982	94.1367
Sotokur	20	26.1512	94.7507
Soha	30	27.2125	95.6402
Sonegaon	16	21.0961	79.0548
Sonora	35	21.7215	78.0367
Sonbarsa	36	27.2164	83.0418
Sonbarsa	36	27.1928	83.3540
Sotipar	36	26.4891	83.0260
Sonpuri	37	22.0844	81.5355
Sohelia	36	27.4910	81.2512
Sonbarsa	34	24.6326	84.2633
Sonaili	34	25.5867	87.7294
Sonbarsa	38	24.4869	84.8115
Sohri	38	23.9698	84.3174