Teni	25	10.0112	77.4777
Tellicherry	13	11.7481	75.4929
Tezpur	03	26.6333	92.8000
Tennala	13	10.9934	75.9350
Teghra	34	25.4904	85.9400
Tekkali	02	18.6057	84.2355
Tehri	39	30.3909	78.4803
Terdal	19	16.4938	75.0467
Tekkalakote	19	15.5344	76.8770
Tekari	34	24.9425	84.8427
Telhara	16	21.0269	76.8389
Teliamura	26	23.8417	91.6303
Tezu	30	27.9126	96.1288
Teonthar	35	24.9821	81.6419
Tevaram	25	9.8967	77.2809
Tengampudur	25	8.1158	77.4579
Tendukheda	35	23.3962	79.5395
Telo	38	23.8179	86.1209
Tenambakkam	25	12.8102	79.7341
Tekanpur	35	25.9940	78.2832
Temanur	25	8.3326	77.2524
Teegalpahad	40	18.8590	79.4892
Tekkumbagam	13	10.1234	76.4166
Teok	03	26.8320	94.4165
Terur	25	8.1733	77.4651
Tenkanidiyur	19	13.3691	74.7097
Terku Kallikulam	25	8.3528	77.6637
Tegheria	03	26.1286	92.2194
Termi	38	23.7700	86.0623
Tentirupperai	25	8.6041	77.9884
Tenu	38	23.7257	85.8461
Telkap	34	24.7048	84.0093
Tensa	21	21.8728	85.1713
Tetra	38	22.8714	84.7589
Tettu	02	15.0515	80.0037
Tetrawan	34	25.1308	85.5862
Tetla	37	21.7905	83.3300
Tethaliang	30	28.1828	96.1186
Tetha	41	33.1850	77.1620
Tetaria	34	26.3833	85.1833
Tervada	09	24.0260	71.6951
Terkhed	16	18.4453	75.8359
Terhi Ghat	36	27.3167	83.5000
Terevadi	16	18.0650	73.2802
Terekhol	33	15.7309	73.6828
Teravali	21	19.3376	83.4234
Terakanambi	19	11.8142	76.7909
Tera	09	23.2864	68.9389
Teori	24	26.5520	72.8855
Teonda	35	23.8063	78.1958
Tentulikhunti	21	19.2946	82.7228
Tentra	35	26.1789	77.3042
Tentodih	21	21.8771	85.2232
Tent	10	28.1785	76.4892
Tenlaa	01	7.0167	93.9000
Tengapania	03	27.1829	94.6510
Tengakhat	03	27.3804	95.1628
Tendukona	37	21.1102	82.4672
Tendukheda	35	23.1709	78.8724
Tendua	37	22.2558	81.8770
Tena	24	26.3837	72.3389
Temrupalle	21	18.6327	82.0391
Temri	21	21.0099	82.8959
Temla	35	21.8764	75.5645
Temi	29	27.2403	88.4295
Temburu	02	18.6307	84.1290
Tembhurni	16	20.1277	75.9931
Tembhurni	16	18.0272	75.1936
Temurda	16	20.3461	79.0195
Tembhi	16	19.7535	77.8406
Tembang	30	27.3440	92.3920
Temain	01	7.2500	93.6333
Telwabazar	34	24.6872	86.5547
Telsang	19	16.7943	75.3393
Teloli	35	23.5526	81.6789
Tellar	25	12.4011	79.5529
Telkapalli	40	16.4429	78.4572
Telipali	21	22.0238	83.9704
Teligi	19	14.6522	75.8900
Telibandh	21	20.8473	84.1877
Tekra	24	27.1933	71.9604
Tekmal	40	17.9728	78.0366
Tekkumuri	13	9.9000	76.2833
Tekhug	29	27.3744	88.8037
Tekan	24	24.3793	74.1677
Tekadhana	35	22.1128	78.2787
Tejrawa	24	26.2562	70.6447
Tejgarh	35	23.5715	79.5390
Tejam	39	29.9516	80.1275
Teidukhan	31	24.3546	92.8513
Tehta	34	25.1110	84.9873
Tehla	24	27.2405	76.4105
Tehata	28	23.7312	88.5292
Teharka	35	25.2896	78.9137
Tegharia	28	24.4896	87.8527
Tegada	40	18.0376	80.8401
Tebong Thach	11	31.7833	78.1500
Telaulim	33	15.2393	73.9624
Telbani	28	22.5689	88.1158
Tekpanja	28	22.2086	88.3122
Tengra	28	22.0222	88.2311
Tentulbaria	28	22.9321	88.8840
Tengra	28	22.8014	88.5025
Telbal	12	34.1621	74.8647
Tengpur	12	34.0618	74.7804
Tengan	12	34.0156	74.8832
Tengpur	12	34.2331	74.5569
Tengapur	12	34.2317	74.6507
Tengapur	12	34.1322	74.7194
Tejmalan Ki Dhani	24	26.6659	71.8151
Teliwara	24	26.7105	71.8621
Tekipur	12	34.4680	74.4242
Tekri	12	32.9801	74.8861
Telpura	39	30.3723	77.8852
Telpura	39	30.3115	77.9795
Telpura	39	30.0988	77.8423
Teloria	24	25.8948	75.6063
Tehla	10	28.0006	76.0744
Telugudam	40	17.4045	78.6679
Teratpalli	40	17.0533	78.9395
Teynampet	25	13.0433	80.2528
Telecom Layout	19	12.9660	77.5467
Teori	10	30.1240	76.8844
Teora	10	30.1208	76.8816
Tenku	35	24.1978	78.0045
Terai	36	24.9754	78.4747
Telarpura	36	24.9618	78.4657
Tenta	36	24.9032	78.4807
Teora	35	24.1153	78.3389
Teori	35	24.1180	78.3561
Tera	36	24.7503	78.5306
Tenga	36	24.6435	78.6025
Tehroli	35	24.0935	78.8842
Tera	36	27.9767	79.0261
Tera Nawada	36	27.6867	79.5819
Tera	36	27.5240	79.7392
Tera Parsauli	36	27.1926	79.8556
Tera Ragi	36	27.1032	79.8139
Tehangur	35	26.4257	79.0814
Telian ki Khor	36	26.4652	79.1465
Tejala	24	26.7573	75.7254
Tewarlalpur	36	26.4737	79.3224
Tehrka	36	25.7043	79.0406
Teri	36	25.5577	79.1912
Tendwa	36	25.5086	79.0113
Teia	36	25.3164	79.3570
Telipahari	36	25.3088	79.3815
Tehula	36	26.9539	79.6042
Tepatia	36	26.7138	79.8427
Tengnarpat	03	26.2887	89.8012
Tesha	30	27.3186	92.6851
Telipara	03	26.0297	91.0797
Teikhang	17	24.5947	93.3737
Terha	36	25.8304	80.2462
Tetari	35	27.2784	83.0903
Terku Vijaya Narayanam Melavur	25	8.3990	77.7657
Tegacherla	02	14.3919	79.4194
Tettupeta	02	13.6065	80.2429
Telgaon	16	19.0062	77.6300
Tedwa	35	21.5409	80.4320
Tehsil Fatehpur	36	25.9336	80.7937
Tedi	37	21.7555	81.2932
Telibandha	37	21.2301	82.4130
Teliwala	39	29.9537	77.9717
Tendumudi	37	22.3001	83.1622
Tenipura	35	25.2130	78.6994
Tepul	28	22.8819	88.7867
Tekar	37	21.3267	81.6994
Teporchali	03	27.1891	94.8300
Teligaon	35	24.1210	77.1078
Tentiapada	21	19.2482	84.5471
Tedhi	35	23.7000	80.4455
Tengabari	03	26.0678	90.6951
Tetelpara	21	20.3281	82.8950
Teghoria	28	22.6976	88.5733
Telibandha	21	20.8441	84.2094
Telenipara	28	22.5084	88.6626
Teleni Para	28	22.7728	88.4065
Tentulia	21	19.9135	85.7995
Teesta	28	26.7720	88.5807
Telipara Choupathi	28	26.4762	89.7630
Teesta Valley Tea Garden	28	27.0086	88.3992
Teontha	10	29.7738	76.6179
Teowas	24	28.0505	76.8069
Telanwali	10	29.1517	75.4389
Telwana	24	28.0422	76.2833
Tehali	12	33.4144	74.2655
Tehta	11	31.4351	77.0733
Teban	11	31.3666	77.3549
Teshan	11	31.3546	77.3988
Tepri	11	31.3073	77.4275
Teshan	11	31.4330	77.4117
Telpura	23	30.4729	74.3164
Tenchh	11	31.4534	77.5306
Tendali	11	31.1585	77.7227
Tergli	11	31.2236	77.7156
Tendka	10	30.7460	77.0596
Tekri	10	30.7050	77.0661
Telon	10	30.6790	77.1152
Tedi Baroti	11	30.5447	77.2247
Telpura	11	30.5650	77.1980
Tehi Chamaran	10	30.1490	77.1986
Tehi Malian	10	30.1448	77.1975
Tepra Khurd	10	30.1349	77.1954
Terhal	11	30.9557	77.2877
Tehia	24	27.2514	76.4074
Teharka	24	27.8207	76.5027
Teliyabas	24	27.6945	76.5719
Teharpur	24	27.6360	76.5700
Tewar	10	30.4296	77.2840
Tei Jatan	10	30.2804	77.2789
Tea	10	30.2720	77.2769
Telipura	10	30.1892	77.3118
Teli Majra	10	30.1688	77.2853
Tejli	10	30.1415	77.3151
Telipura	36	30.0070	77.3732
Telipura	10	30.1898	77.4228
Telipura	36	30.0314	77.4480
Tepri	11	30.6192	77.5479
Teka	11	30.6761	77.6348
Tekri	24	27.6116	76.9147
Teliwalabas	24	27.3745	76.8107
Tepau	39	30.6321	77.8336
Tetra ki Dhani	24	28.0449	75.1714
Tetra	24	28.0527	75.1776
Tehri	35	23.4705	78.3135
Tekapar Khurd	35	23.4545	78.4947
Tekapar	35	23.3940	78.3855
Tekapar Kalan	35	23.5508	78.5548
Tekapar Mujapta	35	23.5115	78.6027
Tekapar	35	23.5350	78.6994
Tendudabar	35	23.7081	78.6380
Tekapar	35	23.6220	78.7545
Tendukhera	35	23.2539	78.6195
Tekapar	35	23.4265	78.6756
Tendudabar	35	23.2975	78.8227
Tekhuti	24	26.2422	76.7323
Tehra	24	26.9247	76.9930
Telipuro	36	29.8176	77.4649
Tera	36	29.0267	77.3590
Tekapar	35	22.5882	78.1599
Telsir	35	22.7468	78.1324
Tendukhera	35	22.1158	78.2488
Tendukhera	35	22.5754	78.4304
Tekapar	35	22.6065	78.4824
Tekapar	35	22.9950	78.6462
Tekapar	35	22.5980	78.6424
Teliwat	35	22.1553	78.5358
Temnidhana	35	22.0780	78.6346
Tekapar	35	22.8867	78.9081
Tendukhera	35	22.7692	78.8218
Tendudhana	35	22.5735	78.9186
Tendukhera	35	22.2019	78.9269
Temjhire	35	21.7790	78.0633
Temmurkheda	16	21.4983	78.2365
Temli	16	21.3652	78.2409
Tekoda	16	21.1464	78.1388
Temjhira	35	21.8369	78.2738
Temnidongar	35	21.9633	78.7228
Temni Khurd	35	21.9633	78.7402
Temni Kalan	35	21.9637	78.7505
Teliyabathar	35	21.8107	78.8152
Temurdoh	16	21.5072	78.9435
Tekari	16	21.5780	78.9477
Tembhurni	16	20.8499	78.0032
Teharki	36	29.1188	77.6439
Tehna	23	30.6907	74.7988
Tekna	35	25.8173	76.6263
Teona	23	30.1729	74.8288
Tebro	09	24.2534	73.0499
Tepur	24	24.2593	73.2672
Tendori	24	24.0661	73.2745
Tekwas	24	24.1077	73.4099
Tekwas	24	24.1291	73.3725
Teliti	24	25.6833	74.1620
Tejalhera	36	29.5834	77.8418
Tewra	36	29.4042	77.8925
Tehar	07	28.6341	77.1111
Teen Murti	07	28.6052	77.2002
Teori	36	28.7996	77.6923
Teora	36	28.7907	77.6979
Tejgarhi	36	28.9625	77.7411
Tehna	23	31.7474	75.9372
Telikhera	24	25.3948	74.6501
Teona Pujarian	23	29.9285	75.0784
Teliwara	10	29.6944	75.6457
Telpura	24	24.5227	72.6813
Teha	10	29.1389	77.0414
Teori	10	29.0698	77.0218
Tepha	11	31.5568	78.2343
Temgarang Dogri	11	31.4168	78.3025
Tel Bhawan	39	30.3374	78.0373
Telipura	36	28.9570	79.1161
Teliakheri	24	24.4941	76.2692
Tekla	24	24.3575	76.3719
Tekli	24	24.3586	76.3600
Telni	24	24.3973	76.5853
Telni	24	24.4862	76.9962
Telkunta	40	18.5987	79.2301
Tekmatla	40	18.8103	79.5512
Tekra	16	18.9771	79.9525
Tekameta	37	19.1093	80.4292
Tejgarhi	36	28.5980	77.9086
Tekgairi	29	27.1591	88.4913
Tendubhata	37	21.5894	81.1450
Tekadih	37	21.4727	81.0189
Temri	37	21.2730	81.1581
Temri	37	21.2872	81.1698
Tejsingh ka Pura	35	26.3760	77.9671
Teja Jatav ka Pura	35	26.4533	77.9410
Tenta Mewada	35	26.4971	77.9297
Tenta	35	26.4947	77.9256
Teton	35	26.4801	78.2746
Tehra	35	26.4760	78.4160
Tekpur	35	25.9579	78.0843
Teliwala	24	28.0104	75.7677
Telgaon	16	19.1325	76.0371
Telsmukh	16	19.0769	76.4322
Tehra	36	27.9037	77.9097
Tejan	23	30.2256	76.4345
Tejan	10	30.2698	76.7423
Tepla	23	30.4441	76.7390
Tembhi	16	18.2241	76.4293
Tepla	10	30.3053	76.9483
Teljapur	16	18.9657	76.9377
Telaranagar	16	17.8151	76.1329
Teski	24	27.6025	77.0011
Teli ka Bas	24	27.5760	77.1058
Tehra	36	27.7871	77.7231
Tehara	36	27.5537	77.6595
Tellur	19	17.4744	76.6959
Teggalli	19	17.1517	76.5689
Tehra Rawat	36	27.0777	77.6415
Tehra Lodha	24	27.1554	77.6037
Tehi	24	27.1783	77.6244
Tendubhata	37	22.3564	82.3519
Tempabhata	37	22.2329	82.8185
Tenganmar	37	22.2273	82.9684
Tenganmar	37	22.2225	82.9753
Tendutoha	37	22.0632	82.9580
Temar	37	22.0005	82.9724
Tekari	37	21.6549	82.0071
Telikhapri	37	21.6105	82.1375
Temri	37	21.4958	82.2395
Tenduchua	37	21.3868	82.5368
Teka	37	21.2558	82.5703
Tekapar	37	20.9735	81.1357
Tekapar	37	20.7667	81.2451
Telitola	37	20.9255	81.1638
Telitola	37	20.6870	81.0421
Tekadhoda	37	20.6042	81.1339
Tekadhora	37	20.3779	81.0822
Terhikondal	37	20.3509	81.0362
Terhikondal	37	20.3424	81.0433
Telamma	37	20.2550	81.2064
Temrupani	37	20.0940	81.0856
Telinsatti	37	20.7496	81.5660
Tendukona	37	20.6822	81.5932
Tendubhata	37	20.7391	81.8628
Tegna	37	20.3272	81.9963
Telgul	19	17.1696	76.8186
Teggehal	19	16.3587	76.9765
Telipara	37	21.8754	81.0117
Teresara	37	21.1319	81.1869
Tendubhata	37	21.6282	81.3082
Tendubhata	37	21.6760	81.3729
Tendua	37	21.6847	81.4024
Tekapar	37	21.3619	81.2621
Tendua	37	21.2917	81.5693
Tekari	37	21.3213	81.6901
Tekari	37	21.1049	81.6285
Temri	37	21.2027	81.7045
Telibandha	37	21.2410	81.6648
Tendua	37	21.1314	81.8060
Telki	16	19.0054	77.2725
Telangwadi	16	18.9961	77.3100
Telur	16	18.8226	77.3572
Tembhurni	16	18.7892	77.4118
Telgapur	40	18.3256	77.9416
Tenkati	40	18.0655	77.8738
Tehu	36	27.3850	78.2295
Tehia	36	27.3187	78.2176
Tegaltippi	19	17.3312	77.2576
Tekalkot	40	17.1015	77.5171
Tembhri	16	20.8308	78.4375
Telang Takli	16	20.0900	78.5329
Telang Takli	16	20.0832	78.5219
Tembhar	16	20.8198	78.9818
Tembhari	16	20.9325	78.9550
Tembha	16	20.4291	78.7976
Tehra	36	27.5649	77.8740
Tehra	36	27.7295	77.9598
Tetwara	35	23.9882	79.0698
Tenvjha	35	23.6249	79.1081
Tejgarh Khurd	35	23.7125	79.3800
Terchauki	35	23.1298	79.6304
Tekalpalli	40	17.5222	77.9450
Tewar	35	23.1495	79.8404
Tekulpalli	40	16.5178	77.5582
Teliya	35	22.6065	79.1612
Tendukhera	35	22.6566	79.2037
Tendni	35	22.6645	79.2201
Tehra	35	26.7324	78.4653
Tejpura	35	26.5972	78.4614
Tekaranji	35	22.3054	79.7208
Tetma	35	22.1480	79.8101
Tengni Khurd	35	22.0536	79.9930
Telugudam	40	16.6823	77.9387
Telugupalli	40	16.2307	77.8704
Tembhi	16	19.7750	78.2084
Tembhi Tanda	16	19.8743	78.2029
Tembhi	16	19.8787	78.1905
Temburni	40	19.0745	78.1686
Tejapur	40	19.3244	78.3884
Tembhi	40	19.4992	78.4114
Tejpura	36	27.3736	79.1136
Tegama	36	27.2723	79.2391
Tembhi Khurd	16	19.9368	78.5147
Tembhi	16	19.9204	78.6414
Terehti	24	26.7092	77.2561
Tekapar	35	21.7472	79.0063
Tekari	16	21.4530	79.0908
Temasna	16	21.0857	79.2243
Telhara	16	21.0612	79.0203
Teka	16	21.1791	79.1110
Tera	36	27.3279	79.4621
Teoria	36	27.3612	79.4536
Tevnitola	35	21.8833	79.3967
Tevni	35	21.8779	79.3892
Teliya	35	21.6837	79.3750
Telangkheri	16	21.3152	79.2669
Tembhri	16	21.0127	79.3385
Tejnagar	24	26.9779	77.5815
Tejnagar	24	26.9684	77.5764
Telri	35	26.2055	77.6253
Tehra	36	26.9987	77.9640
Tehri	24	26.8036	77.8245
Tetuka	24	26.7939	77.9796
Telni	24	25.2979	77.1011
Tera Khas	36	27.4258	79.6712
Tera Akbarpur	36	27.2737	79.6953
Tewar	36	27.5674	79.9539
Ter	10	27.9202	77.1262
Telrallapalli	40	16.1908	78.1776
Telrallapalli Tanda	40	16.1925	78.1936
Tembhi Khurd	35	21.7206	76.3710
Teju	36	27.0397	79.5575
Tej	36	27.0263	79.5710
Tenduwa	35	25.3145	77.4787
Tera	36	27.9635	79.9218
Teolak	36	27.9182	79.9562
Teri Imli	35	21.7528	76.5452
Telian Purwa	36	27.3318	79.9689
Teria	36	27.4169	79.9932
Tendurni	35	24.2391	77.2138
Tepra	35	24.3283	77.6145
Tewarlya	35	24.2980	77.8503
Telugupalli	40	16.6179	78.8544
Teldevarpalli	40	16.5117	78.9502
Tekulagudem	40	18.0009	79.4681
Tenra	36	27.5529	78.0713
Tehra	36	27.9992	78.2569
Teothu	36	27.9885	78.3375
Tehra	36	27.8417	78.3980
Telongudem	40	17.2224	79.3584
Tegarajpalli	40	17.8347	79.7083
Tellaballi	40	17.0431	79.9072
Telakantigudem	40	16.9622	79.2420
Tenepalli	40	16.8713	79.0679
Teratigudem	40	16.8176	79.1390
Teppalamadaka	40	16.7644	79.2386
Tejpur	36	26.6144	79.6787
Tera	36	26.4443	79.5821
Teonga	36	26.1973	79.7352
Teramallu	36	26.9518	79.9706
Tejpur	36	27.3748	78.6246
Tekchand ka Pura	36	26.0494	79.9950
Teja Tanda	40	16.7953	79.7950
Teori	35	25.1745	80.3302
Teona Kalan	36	25.2030	80.4506
Teona Khurd	36	25.2077	80.4552
Teriamar	35	24.2784	79.2769
Tejnipur	36	25.6413	81.1355
Tendua	36	25.6556	81.2056
Teharkapur	36	25.6406	81.0986
Temlabari	35	22.0541	76.8985
Temlabari	35	22.0597	76.8810
Ter	35	21.7820	76.0602
Teokhar	36	25.9696	82.8754
Tejpur Sultanpur	36	25.9770	82.8826
Tekri	35	21.3069	76.2419
Tembhi Kalan	35	21.8765	76.2530
Tewari	35	23.6449	77.9865
Tendukho	35	23.2207	77.9508
Telayabur	35	24.6864	82.0023
Tendua	35	24.5029	82.2427
Tenduha	35	24.5448	82.0239
Tewaripur	36	25.5909	83.0576
Tekuri	36	25.5195	83.1092
Teliani	36	25.5383	83.1015
Tedi ka Pura	36	26.8651	78.4798
Tekari	36	25.4557	83.0242
Tengara	36	25.2538	83.0408
Telupura	36	26.8516	78.7074
Tekri ka Pura	35	26.5222	78.5641
Tendua	36	25.1824	83.0345
Tendui	36	25.0068	83.0557
Tetaria Khurd	36	25.1751	83.0989
Tetaria Kalan	36	25.1728	83.0951
Tekra	16	21.2639	76.9331
Tembhi	16	20.7830	76.1297
Teliawan	36	25.5521	83.3945
Tendui	36	25.3483	83.2510
Tenduhan	36	25.2716	83.3504
Temokarmpur	36	25.4793	83.3840
Telhara	36	25.3024	83.4673
Tensuwat	36	25.3351	83.2808
Tembhi	16	20.5181	77.2031
Tekri	36	25.0615	78.4427
Temagaon	35	22.2971	77.3168
Tejopur	36	25.2312	83.3896
Tetaria	36	25.1810	83.2582
Tenaura	34	25.0174	83.4514
Tenrot	35	25.8239	78.7052
Tenrot	35	25.8274	78.6954
Tekripura	35	22.4132	77.5169
Tekripura	35	22.3022	77.6279
Tekridhana	35	22.0756	77.5682
Tekradhana	35	22.0586	77.6650
Tetar	35	22.2356	77.7430
Tendukhera	35	22.1335	77.6743
Tekripura	35	22.2544	77.8768
Tekripura	35	22.3481	77.8551
Temra	35	22.0950	77.7734
Temra	35	22.1021	77.7746
Temru	35	22.2218	77.9692
Tejpura	36	25.7947	83.6068
Tenua	34	25.2985	83.6903
Teram	35	21.9611	77.3516
Tembharu	16	21.7494	77.4474
Tekabandhana	35	21.9708	77.5971
Tekradhana	35	21.8841	77.6121
Tekra	35	21.9074	77.7205
Temni	35	21.8931	77.8485
Tembhurni	35	21.7421	77.7709
Temni	35	21.5180	77.7864
Telanga	34	25.2384	83.7422
Tetaria	34	25.2107	83.9027
Tenua	34	25.0700	83.9916
Telara	34	25.0019	83.9561
Tembi	16	20.4906	77.7299
Telgavhan	16	20.3319	77.6440
Tenwa	36	24.7935	83.1843
Tendui	36	24.7681	83.0965
Tendu	36	24.7724	83.0601
Tetu	16	21.4246	77.3644
Tembrusonda	16	21.3121	77.2962
Telkhar	16	21.3173	77.3419
Telkhera	16	21.0164	77.2545
Tembha	16	21.0664	77.7739
Tendoli	16	20.0786	77.9865
Temni	35	21.5670	79.9587
Temnitola	16	21.5096	79.8389
Temni	16	21.5046	79.8380
Telang	36	24.7209	83.2123
Teliaganj	36	24.7154	83.1957
Tekmatola	36	24.5523	83.0683
Telaitola	36	24.5860	83.0751
Tekepar	16	21.0502	79.7559
Telgurwa	36	24.4244	83.0466
Terhiwa	36	24.2935	83.0553
Tenui	36	24.9960	83.3318
Tenuwa	36	24.7459	83.4133
Tendudahi	36	24.7126	83.4282
Telari	36	24.6737	83.2568
Tenwadamar	36	24.4409	83.2853
Terhwaten	36	24.3663	83.4033
Terha	36	24.1984	83.2794
Tetariyatola	38	24.1009	83.4618
Temna	37	24.0131	83.3833
Temna	37	24.0025	83.3946
Tekra	34	24.9850	83.6439
Tendua	34	24.9518	83.6294
Tejpura	35	25.1585	78.6360
Tenar	38	24.2139	83.6934
Tetriya Damartola	38	24.1364	83.7137
Tetka Khurd	38	24.0832	83.7119
Tetka Kalan	38	24.0792	83.7109
Tel Kawadsi	16	20.8046	79.2669
Tekri	16	20.6751	79.7535
Tembhari	16	20.6951	79.8727
Tekadi	16	20.2425	79.2834
Tekri	16	20.2793	79.6271
Tekri Tukum	16	20.3087	79.8081
Teli Dera	36	25.8677	80.3556
Tenduli Lakhipur	36	25.9660	80.4806
Tejipur	36	25.9631	80.4685
Terhi Kawari	35	25.2502	80.2993
Tera Khirwa	36	25.3585	80.4181
Telghana	16	18.7602	76.5408
Telagbal	19	16.8926	76.5046
Teggihalli	19	16.5797	76.5336
Tendua Kalan	38	24.4932	83.8846
Tendua Khurd	38	24.4693	83.9091
Teliabandh	38	24.4388	83.8006
Telitola	38	24.2993	83.7583
Tetaradih	38	24.2032	83.7704
Tenar	38	24.1517	83.8103
Terhiharaia	38	24.1324	83.8730
Tewarimarhatiya	38	24.1247	83.8530
Tenmatali	38	24.1049	83.8623
Tenbartoli	38	24.0650	83.8599
Tetardih	38	24.0188	83.8211
Tenudih	38	24.0189	83.8323
Terhuatoli	38	24.0801	83.8913
Tetardih	38	24.0751	83.9430
Tegampur	19	18.0136	77.3220
Tegampur	19	18.2436	77.4656
Tejpura	24	27.8392	76.4082
Tehadka	24	27.8102	76.4756
Tekapargarhi	35	23.4086	78.2086
Tejpura Ghurat	36	25.3279	78.9692
Telugupalli	40	16.3910	78.8218
Teryala	40	17.5414	79.1656
Tekmatla	40	17.1683	79.5464
Tehratehri	35	23.7655	78.4700
Tendura	36	25.3500	80.6767
Telikhera	35	23.9088	76.4368
Teggihalli	19	17.0743	76.1564
Tejapur	40	19.4725	78.5830
Tejapur	16	19.8053	78.9569
Temburgura	40	19.6935	78.7870
Terhgawan	35	24.6593	81.0120
Tejnaha	35	24.9239	81.4706
Tenduni	35	24.9849	81.4078
Tepro	35	24.5535	81.4448
Tendua	35	24.7200	81.3953
Teliya	35	24.9579	81.5679
Tehra	35	24.8315	81.5568
Terhtal	35	24.7826	81.6500
Tendua	35	24.7922	81.6414
Tendua	35	24.7893	81.6295
Tendua	35	24.7757	81.9867
Tendua	35	24.7703	81.9839
Terh	35	24.9883	81.8050
Tendua	35	24.2710	81.3078
Tekar	35	24.1037	81.6383
Tendua	35	24.3563	81.8504
Tendua	35	24.3926	81.7903
Temru	35	22.3165	78.2884
Tekapar	35	22.0393	78.3771
Tekapar	35	22.0286	78.3791
Tekapar	35	22.0660	78.4451
Tendudhana	35	22.4891	78.9766
Teluga Mangela	40	19.0446	78.9465
Tembhurni	35	21.6292	78.0092
Telia	35	21.5416	78.1224
Temni	35	21.7063	78.5262
Temni	35	21.5165	78.6333
Teksari Khurd	36	25.8169	80.9788
Tera Darsenda	36	25.4777	80.8652
Telgaon	16	21.3748	78.8076
Telangkheri	16	21.3929	78.8251
Teor Khas	36	27.5428	79.2549
Tejipur	35	24.9304	80.3774
Tejni	16	20.3152	78.5727
Terha	35	24.5494	80.3126
Teliani	36	25.9482	82.3369
Teliani	36	25.9425	82.3485
Telahuan	36	25.7984	82.2807
Tendua	36	25.9422	82.6084
Tejipura	36	25.7663	82.5486
Tejgarh	36	25.5654	82.5700
Teliani	36	25.5594	82.5656
Tendni	35	22.2390	79.1316
Tendni	35	22.0140	79.2528
Tegain	36	25.5868	81.3852
Temur	35	22.9297	79.8441
Tema	36	25.4678	82.3470
Teji ka Pura	36	25.3261	82.4819
Tejsinghpur	36	25.4836	82.4064
Telwar	36	25.4284	82.7086
Tetuapur	36	25.4829	82.7712
Terhwa	36	25.0926	82.5400
Tengrahi	36	25.1046	82.6277
Terha	36	25.0966	82.7460
Tendui	36	25.3700	82.8265
Telua	36	25.3465	82.8549
Teliabagh	36	25.3304	82.9948
Tejpur	36	25.4533	82.9976
Tewar	36	25.4722	82.9888
Tela Khas	36	25.2842	82.2261
Tendua Kalan	36	25.0083	82.7900
Tenduani	36	24.9406	82.4032
Tendui	36	24.9804	82.3164
Tenuiyan	36	24.8441	82.6581
Tendua Khurd	36	24.8342	82.7633
Tedhwa	36	24.8138	82.9049
Teliyaganj	36	24.8641	82.8784
Teliya	36	24.5319	82.7791
Tendui	36	24.6905	82.9020
Teti	36	24.7163	82.9123
Tenduha	35	24.4072	82.0183
Tenduha	35	24.1059	82.2109
Terhiya	35	24.1335	82.3760
Tendudol	35	24.1220	82.3509
Tenduha	35	24.1092	82.4056
Teldah	35	24.1608	82.5026
Telgawan	35	24.0950	82.6976
Telai	35	24.0724	82.5764
Terhiten	36	24.3297	82.8596
Tendua Kalan	36	25.1799	82.0848
Tendua Harakudi	36	26.6471	80.8010
Tewari Khera	36	26.5167	80.8006
Tewaria	36	26.3632	80.7656
Tewari Khera	36	26.3120	80.9267
Telpuri	10	28.2644	76.7262
Tejpur	36	25.6471	82.9641
Teru	36	26.1373	80.7693
Tewaripur	36	26.1277	80.7514
Tewaripur Khurd	36	26.1224	80.7579
Teliani	36	26.0039	80.8001
Tejgaon	36	26.1077	80.8538
Telia Bhit	36	26.1715	80.9086
Telipura	36	29.4683	78.3633
Telleah	35	24.6471	82.5827
Teji Purwa	36	27.5471	81.1812
Tejnipur	36	27.3154	81.0382
Tenduhi	36	27.2531	81.0516
Teli Purwa	36	27.5285	81.7463
Tenduagarhi	36	25.8718	83.8128
Tekuria	36	25.8461	83.8865
Tekari	36	25.8526	83.9590
Terhi	36	27.3157	81.7078
Tenrwa	36	27.5788	81.9201
Telan Purwa	36	27.1615	81.8002
Teurasi	36	27.0639	81.8245
Tekanian	34	24.7113	83.6401
Telari	34	24.9851	83.8185
Tenua	34	24.9743	83.8048
Tetari	34	24.8874	83.7837
Tengra	34	24.8542	83.8453
Telipokhar	34	24.9536	83.9092
Tenduni	34	24.9606	83.8372
Tekari	34	24.9888	83.8664
Tendua	34	24.8696	83.9554
Tendula	36	26.9669	81.0975
Tera	36	26.8642	81.0621
Tehri	36	26.8025	81.1967
Tera	36	26.8586	81.2839
Tejwapur	36	26.7999	81.2901
Tera	36	26.9704	81.3639
Tema	36	26.7847	81.4932
Tekepar	16	21.1439	79.7340
Tekepar	16	21.1081	79.6125
Tekepar	16	21.0343	79.5289
Telipura	36	29.1312	78.4945
Tejwapur	36	26.6680	81.3112
Tendahi	36	26.5336	81.4099
Tera Baraula	36	26.3906	81.0378
Teri Munia Tikar	36	26.3419	81.1890
Telwasa	16	20.0464	79.0818
Teji Purwa	36	26.4338	81.2782
Telipura	36	29.1263	78.9931
Tehwar Purwa	36	26.2835	81.4945
Tewaripur Kalan	36	26.4485	81.3962
Tewaripur Khurd	36	26.4473	81.3922
Tekari	16	20.7261	79.5270
Teli Mendha	16	20.6380	79.7060
Tejgarh	36	26.3245	81.7762
Teorain	36	26.3216	81.7601
Terhwa	36	26.4137	81.9282
Tekari	16	20.0892	79.7364
Tegna	35	24.1660	80.9931
Teksaria Buzurg	36	25.8186	81.0028
Teonja	36	25.8305	81.0756
Teni	36	25.7861	81.0319
Tembha Pada	16	21.2979	74.1794
Tembha	16	21.0177	74.0350
Tembha	16	21.0237	74.3917
Tera Buzurg	36	25.3905	81.0810
Tera Khurd	36	25.3751	81.0847
Tekari	36	25.4724	81.2272
Telipura Khalsa	36	28.7739	78.3844
Teri	36	27.0753	81.6160
Telian Purwa	36	27.1403	81.7208
Telian Purwa	36	27.1532	81.7314
Tega Singh	36	27.1160	81.7184
Teli Purwa	36	27.0652	81.6860
Tegnahan	36	27.0356	81.6647
Tehia Halbal	36	27.2684	81.7683
Tehwa	16	19.5143	77.3375
Tembhurdara	16	19.7396	77.6483
Tembhurdara	16	19.6213	77.8895
Telipura	36	28.8882	78.5399
Telipura Khalsa	36	28.9847	78.6028
Tendha Sri Ram	36	28.2455	79.8548
Tendwa	36	26.6195	81.5947
Teonsi	36	26.6100	81.6480
Ter	36	26.6553	81.6988
Teli Purwa	36	26.9652	81.9855
Tewar Patti	36	28.6927	78.7823
Tewar Khas	36	28.6587	78.8026
Telipura	36	28.6264	78.9683
Terhwa	36	27.5414	82.1212
Terhi Paras	36	27.6199	82.2297
Telanpur	12	33.9849	74.7020
Tendwa	36	27.4960	82.0825
Teja Jot	36	27.2631	82.2088
Telia Dih	36	27.2713	82.2058
Terhia	36	27.1892	82.0764
Terhia	36	27.2459	82.0710
Tewa	36	25.4749	81.3310
Tendwa Mohni	36	27.1660	82.1133
Tendwa Bhagat	36	27.1328	82.1000
Teji Purwa	36	27.1354	82.1957
Tendwa	36	27.1289	82.2259
Tendwa Kalan	36	27.1226	82.2253
Tendwa	36	27.0772	82.2042
Tendwa	36	27.4862	82.3051
Tendwa	36	27.4090	82.2922
Tendui	36	27.3472	82.2845
Telia Jot	36	27.2667	82.2943
Tendwa Chichula	36	27.3844	82.3414
Terhwa Aima	36	27.2541	82.3637
Tendua	36	27.3319	82.3917
Tengnawan	36	27.4256	82.4685
Tengnahwan	36	27.2749	82.4384
Tekral	40	18.3431	78.3033
Tendwa	36	27.2273	82.2939
Teji Dih	36	27.2343	82.3776
Terhwa Nauabad	36	27.2475	82.4578
Tendui	36	27.1836	82.4798
Tendwa	36	27.1478	82.4139
Tejpur	36	27.0172	82.3770
Tejpur	36	27.0182	82.3894
Teliyagarh	36	27.0097	82.4800
Tekalapalli	40	18.7595	78.7209
Terhwa	36	27.2010	82.5209
Tendul	36	27.2217	82.5604
Tenduhar	36	27.1483	82.5847
Tenduwa Asnahri	36	27.0269	82.5826
Tenduhnan	36	27.0999	82.5836
Tetari	36	27.2221	82.5822
Tedwa	36	27.1280	82.6555
Tenduwa	36	27.1061	82.6337
Tedhi Kuian	36	27.0598	82.6746
Teliadiha	36	27.1607	82.7646
Tendui	36	27.0699	82.8165
Terhia	36	27.1884	82.8690
Tehri	36	27.2030	82.9510
Tejgarh	36	27.1850	82.9707
Tepra Purwa	36	26.9805	82.0814
Tengraha	36	26.9616	82.0728
Tengwain	12	33.7814	74.8566
Tengapun	12	33.8720	74.9268
Tengahar	12	33.8630	74.9280
Terhwa	36	26.6215	82.0406
Tehra	36	26.3501	82.1134
Terhwa	36	26.4855	82.2238
Tengagom	12	33.6552	74.9102
Tekpur	12	33.6840	74.9135
Tengabal	12	33.6567	74.9548
Tena	36	26.1922	82.1782
Tenguwanipalli	40	18.2547	78.8815
Terha Ghat	36	26.8549	82.3369
Tendua Ranipur	36	26.9632	82.3820
Tendua	36	26.7837	82.4885
Tejapur Kot	36	26.5597	82.3839
Tejapur	36	26.5606	82.3864
Teonga Jalalpur	36	26.5209	82.4133
Terhwa	36	26.6815	82.4559
Teria	36	26.4280	82.2687
Tejapur	36	26.4397	82.3278
Teman Khurd	36	26.4562	82.3368
Teman	36	26.4509	82.3335
Tejapur	36	26.4444	82.3354
Tewaripur	36	26.4714	82.3907
Tewaripur	36	26.4757	82.4664
Tewaripur	36	26.4529	82.4331
Tekanpur	36	26.4169	82.4688
Tengrahia	36	26.4023	82.4515
Tekmalpur	36	25.9415	83.0674
Tengarpur	36	25.9609	83.1440
Teokhar	36	25.9982	83.1933
Tehdil	36	26.0145	82.4555
Tedipur	36	26.9294	82.5044
Tenduwa	36	26.8891	82.5637
Tedhauna	36	26.9469	82.6036
Telia Diha	36	26.9542	82.6608
Tendui	36	26.8881	82.6102
Tendui	36	26.8568	82.6387
Tenduwa	36	26.8651	82.6403
Tendua	36	26.9998	82.7108
Tendua	36	26.8703	82.7248
Tendua	36	26.5064	82.6639
Tesah	36	26.6460	82.6559
Teman	36	26.7408	82.6947
Teliana	36	26.5488	82.7486
Teliana	36	26.5215	82.7367
Tendwa	36	26.2812	82.5787
Tekipur	36	26.4291	82.6523
Tendua Ganjan	36	26.4737	82.7288
Tendwa	36	26.4287	82.7351
Teli Tara	36	26.0648	82.5598
Telaura	36	26.9858	82.7985
Tendua	36	26.8791	82.7849
Tendui	36	26.8200	82.7912
Teliadiha	36	26.8850	82.8110
Teman Rahmat	36	26.8119	82.8970
Tenduhari	36	26.7662	82.9823
Tenduhari	36	26.7597	82.9849
Tenduhari	36	26.7667	82.9947
Terhwa	36	26.7179	82.7978
Terhia	36	26.5986	82.7892
Tengaria Raja	36	26.5969	82.7908
Tendwa	36	26.6791	82.8235
Teliganj	36	26.5786	82.9225
Temha	36	26.5510	82.9993
Tekai	36	25.9716	83.3199
Telhua	36	25.8621	83.3184
Tendwa	36	25.8600	83.3363
Telipura	36	25.9406	83.4223
Tenduli Gokulpur	36	25.9346	83.4918
Tejapur	36	26.3582	82.9052
Teohai	36	26.3040	82.9752
Tendwa Faridpur	36	26.4672	82.9895
Teliana	36	26.1271	82.8169
Teonga	36	26.1015	82.8721
Tengjan	12	33.7393	75.0391
Tetri Buzurg	36	27.1998	83.1164
Tetri Khurd	36	27.2007	83.1184
Terhia	36	27.1446	83.1870
Tendua	36	27.0062	83.2477
Tendua Bishandarpur	36	27.0060	83.2511
Terhwa	36	27.0674	83.3304
Tenduhia	36	27.0583	83.3996
Temar	36	27.0600	83.5037
Teorain	36	27.0658	83.5065
Terhwa	36	27.0644	83.5777
Telwan	12	33.7111	75.2395
Tenda	36	25.8507	81.6419
Tendua Rai	36	26.7609	83.0389
Tendua	36	26.8887	83.1021
Tendua Dand	36	26.8529	83.1260
Teoran	36	26.8608	83.1500
Tenduhari	36	26.7790	83.1921
Terhabir	36	26.9253	83.2228
Tendua Raja	36	26.6972	83.0484
Teltha	36	26.6282	83.0499
Tendua Mafi	36	26.6919	83.0657
Tendua	36	26.6031	83.1139
Tekuapatti	36	26.7389	83.1840
Teliadih	36	26.7037	83.2028
Tengha	36	26.6773	83.1914
Teliabhar	36	26.5619	83.2166
Teliabhar	36	26.5137	83.2080
Tenduwan	36	26.7186	83.2245
Tenduhari	36	26.7434	83.2211
Tendwa Jalal	36	26.3617	83.0346
Tendwaj Khurd	36	26.3379	83.0134
Tendwai Kalan	36	26.3434	83.0177
Tendwa Shukul	36	26.3391	83.0731
Tendwa Deoram	36	26.3237	83.0751
Tedmuhi	36	26.3917	83.2019
Terhi Zamin Terhi	36	26.2144	83.0906
Tekmalpur	36	26.0677	83.0846
Telipur	36	26.0463	83.0623
Tejpur	36	26.1279	83.2181
Tendwa	36	26.2242	83.2369
Tendwa	36	26.1325	83.2255
Tendwa	36	26.8446	83.4821
Telia Kuan	36	26.7925	83.3620
Tendui	36	26.8107	83.3745
Tendua	36	26.7282	83.2741
Tengri	36	26.6005	83.2582
Tengri	36	26.5130	83.3328
Tendua	36	26.5169	83.4341
Teonan	36	26.5150	83.4554
Teliadih	36	26.6734	83.3703
Telna	36	26.6842	83.3686
Tengri	36	26.4947	83.3813
Tendua	36	26.4911	83.3752
Tejwapar	36	26.4006	83.4350
Tejpur	36	26.4481	83.4569
Tez Partabchand	36	26.3786	83.4636
Telgawan	36	26.8305	83.6777
Tendua Khurd	36	26.5990	83.6035
Tekipatti	36	25.6896	81.6286
Tengargarhi	36	26.6591	83.6608
Teliyana	36	25.6641	81.5959
Tendwa	36	26.5800	83.7030
Tenduhi	36	26.5285	83.6981
Tendubari	36	26.6313	83.7244
Tendwa	36	26.3949	83.6244
Tesupar	36	26.1849	83.5644
Tendwa Kothia	36	26.1276	83.6615
Teli	12	33.2559	75.1162
Tegun	12	33.2828	75.4371
Tekla	16	19.4675	80.5582
Tekra Motla	16	18.7335	80.2075
Tejaulia	36	26.9934	83.9658
Terhi Tola	36	26.9410	83.9518
Telia Afghan	36	26.2427	83.8101
Telia Kurmi	36	26.2437	83.8265
Tendua	36	26.1113	83.8228
Tekanpur	36	26.0293	83.8817
Tendua	36	26.0736	83.9535
Teonga	36	25.5187	83.6800
Tekulagudem	40	18.5638	80.4104
Teklabor	40	18.5056	80.3906
Tehkari	35	23.8938	80.1163
Teri	35	23.7040	80.4346
Tenduha	35	23.7159	80.7131
Tenduwar	35	23.0543	80.5343
Tekan	35	23.7016	80.7665
Telaijhar	35	23.2510	80.8610
Tendumer	35	23.0710	80.9920
Telowali	12	32.5346	75.1653
Tera	12	32.5853	75.2452
Tera	12	32.5320	75.3131
Tera Bhothiyan	12	32.5106	75.3708
Tena Leri	12	32.5542	75.3892
Tera	12	32.5763	75.4163
Tenduwa	36	25.1191	81.6068
Tera	12	32.7055	75.5601
Tera	12	32.7005	75.5163
Tera	12	32.6204	75.5379
Ter	12	32.5921	75.5521
Tehtar	12	32.5661	75.6346
Tejgarh	36	25.9774	81.8549
Tekipur	36	25.7914	81.9766
Teunga	36	25.8986	81.9607
Tejepur	36	25.6407	81.8896
Teje ka Purwa	36	25.6442	81.8902
Tejpur	36	25.6645	81.9788
Tejpur	36	25.6728	81.9797
Teja ka Pura	36	25.7490	81.9935
Teka	16	19.9695	80.3520
Terlagarh	37	19.9091	80.4443
Teliyarganj	36	25.4965	81.8625
Tendoawan	36	25.3569	81.8623
Tersu ka Pura	36	25.2232	81.7675
Tendui	36	25.2060	81.8513
Tendua Khurd	36	25.0783	81.9903
Temrupara	35	23.0459	74.5885
Temachi	35	22.4688	74.4071
Temrya	35	22.1297	74.5757
Temla	16	21.7948	74.1210
Tembha	16	21.4173	74.5596
Tehare	16	20.5334	74.4968
Temarya	35	22.3025	75.5497
Tekwan	35	22.3150	75.6219
Temla	35	22.3091	75.8952
Tekvada Budrukh	16	20.5909	75.0652
Tekvada Khurd	16	20.5875	75.0513
Tegalkheda	16	20.0992	75.8744
Tembachuri	09	24.0532	72.4369
Tendatola	35	22.3449	80.0059
Telpur	24	24.8326	72.9358
Tekapar	37	20.9370	81.3123
Temri	37	20.9138	81.4571
Tengna	37	20.6630	81.3593
Telgura	37	20.5090	81.3824
Telipara	37	20.3676	81.3051
Telawand	37	20.2773	81.3445
Telgara	37	20.3713	81.4377
Teligunrra	37	20.9972	81.5503
Tendudih	35	22.9978	80.7217
Tengni Kalan	35	21.9689	80.0676
Tera Kalan	23	31.8185	74.8380
Teri	23	31.8108	74.7905
Tera Khurd	23	31.8085	74.8487
Telendihtola	35	22.8145	80.7900
Telendih	35	22.8052	80.7916
Telitola	35	22.9911	80.8514
Tehar	10	29.0389	76.8298
Teori	10	29.1610	76.8902
Teja Kalan	23	31.8953	75.0107
Teja Khurd	23	31.8915	75.0140
Tekari	35	21.8199	80.0132
Tekari	35	21.9575	80.1437
Teli Khera	10	29.4173	76.4804
Telkhadi	16	21.8211	74.3127
Tembhli	16	21.5709	74.4930
Tedwa	16	21.5973	80.1660
Teli Jhagra	24	26.1196	73.8476
Telitola	16	21.3183	80.1492
Temni	16	21.4758	80.2317
Telitola	16	21.1107	80.2056
Tewri Kalan	35	21.7538	80.3236
Tewri Khurd	35	21.7619	80.3236
Temnighat	16	21.5283	80.3611
Temni	35	21.5605	80.4609
Telangkheri	16	21.2568	80.2539
Tekari	16	21.4755	80.3648
Tekapar	35	21.4026	80.4681
Terha	16	21.2465	80.3112
Tekabedar	16	21.1358	80.3386
Tekritola	16	21.1574	80.4080
Temnitola	35	21.6311	80.7143
Temni	35	21.6529	80.7061
Terkiana Jhil	23	31.8569	75.6063
Terkiana Khurd	23	31.8682	75.6068
Terkiana Kalan	23	31.8709	75.6020
Tekri	35	21.4862	80.5514
Temutola	16	21.3379	80.5658
Tekatola	35	21.3221	80.6161
Teliamar	37	22.8314	82.1829
Telra	24	25.5971	73.8877
Tekhi	24	25.5105	73.9501
Telinbandha	37	21.0753	80.5588
Tendunala	37	21.0723	80.7415
Tenganmuda	37	22.5111	82.0010
Tendubhatha	37	22.6770	82.3931
Tengapara	37	22.4676	82.0532
Tendubhata	37	22.4367	82.1513
Tekar	37	22.2381	82.2542
Tendua	37	22.0769	82.3361
Terlikheri	35	22.5598	75.7474
Tendubhata	37	21.5882	80.8253
Temri	37	21.3896	80.7898
Telitola	37	21.4307	80.8500
Tekapar	37	21.3687	80.8558
Tembhurni	35	21.9597	75.5468
Tekapar Kalan	37	21.4763	80.9870
Tekapar Khurd	37	21.3767	80.9528
Tehu	16	20.8475	75.1170
Telitola	37	21.0821	80.8190
Tendubhata	37	21.2445	80.8994
Teka	37	21.1434	80.9162
Tendubhata	37	22.0687	82.5913
Tendudih	37	22.8515	82.9452
Telvadi	16	20.2913	75.0828
Tewanara	37	22.4206	82.8577
Tenmanbhauna	37	22.2778	82.9822
Tekari	37	21.7384	82.3017
Temri	37	21.5768	82.4033
Tendua	37	21.8631	82.6353
Tendua	37	21.7653	82.6248
Tendubhata	37	21.6556	82.5628
Tendubhata	37	21.6379	82.6626
Tendumuri	37	21.6866	82.7454
Tengnakachhar	37	21.5726	82.7369
Tedua	37	21.9573	82.7842
Terhibhadra	37	21.6434	82.8261
Tendudarha	37	21.5860	82.8288
Tendua	37	21.6484	82.8715
Tehlipali	37	21.6695	82.9419
Tendubhata	37	21.6198	82.9663
Tenduwahi	37	21.2358	82.1244
Telibandha	37	21.0833	82.2434
Tendwahi	37	21.2458	82.2967
Tendulota	37	21.0380	82.3826
Telaidadar	37	21.0934	82.4435
Tewari Khera	36	27.2481	80.7138
Tedinara	37	21.0334	82.5124
Telan	36	27.0119	80.6259
Teola	36	27.5621	80.9112
Tewari Purwa	36	27.4239	80.7710
Tewaripur	36	27.3527	80.7505
Tewaripur	36	27.3070	80.8457
Tewaripur	36	27.3350	80.9383
Tembha	16	20.3080	80.0963
Tekri	16	20.8437	80.2672
Terbhate	41	33.3796	76.0039
Telka	11	32.7891	76.1715
Teru	11	32.8194	76.0229
Tehri	11	32.5886	76.0761
Temli	16	20.6711	80.4607
Teri	11	32.4518	76.0567
Tekaharra	37	20.8421	80.5647
Telitola	37	20.8072	80.6944
Tendutola	37	20.9992	80.6686
Telgan	37	20.9628	80.7150
Telitola	37	20.8496	80.7209
Teikra Chuhi	11	32.2403	76.0718
Tekabedal	16	20.7411	80.5492
Telitola	37	20.5862	80.7373
Teregaon	37	20.3795	80.6149
Telitola	37	20.8287	80.7615
Tendutola	37	20.6058	80.8238
Telitola	37	20.5968	80.8505
Tekapar	37	20.7008	80.8795
Tekamtola	37	20.5915	80.9228
Telitola	37	20.4035	80.7988
Tendupani	37	22.1389	81.0559
Terhi	35	22.8849	81.3056
Tellapani	37	22.4624	81.4619
Tenduadih	37	22.2211	81.4267
Tera	36	27.2290	81.0024
Tera Kalan	36	27.0915	81.1198
Tera Khurd	36	27.0938	81.1211
Telikhami	37	22.2574	81.6421
Tekanpara	37	22.2782	81.7317
Terhadhaura	37	22.0350	81.5706
Temri	37	22.0096	81.6543
Tendumuda Khurd	37	22.7816	81.8568
Tendupara	37	22.7820	81.9490
Termari	24	26.1206	74.2812
Tehanga	35	24.2648	79.9168
Terang	11	32.0097	76.9233
Telaidabra	37	22.4971	81.7944
Teliapuran	37	22.1769	81.7858
Tengnagarh	37	22.0333	81.8182
Terhi	37	21.7576	81.2959
Tendu	37	21.8566	81.4018
Tendubhata	37	21.7005	81.5755
Telikunda	37	21.6632	81.5255
Tendudhata	37	21.6710	81.6953
Tembhri	37	21.6155	81.6820
Tendua	37	21.9441	81.7538
Temri	37	21.8016	81.8722
Tendubhata	37	21.8183	81.9087
Tehka	37	21.7710	81.9735
Tekari	37	21.3042	81.8757
Telkar	11	31.9989	76.3624
Teliwala	11	31.0136	76.6313
Tegar	11	31.9853	76.9219
Tehri	11	31.9422	76.9584
Tekri	11	31.7971	76.9822
Tele	11	31.6621	76.8180
Tehra	11	31.4106	76.7666
Tepra	11	31.2639	76.9030
Tehgarh	23	30.6349	76.2551
Terbidi	19	14.7340	74.7837
Terguni	19	14.7510	74.8266
Terkanhalli	19	14.5920	74.8542
Terkanhalli	19	14.5840	74.8664
Telagundla	19	14.5131	74.9166
Tekwana	10	30.7833	76.9039
Tewari	37	20.9355	82.1112
Tengnabasa	37	20.7963	82.2201
Tendudabri	37	20.7767	82.2409
Tewari	37	20.5925	82.2011
Tenduwa	37	20.5553	82.2147
Teka	37	20.9183	82.3249
Tendubahra	21	20.8590	82.3873
Tengrahi	37	20.9349	82.3640
Temarphalia	09	23.0971	74.0283
Temri	37	20.9359	82.5141
Tengnabasa	21	20.7650	82.6125
Tetengpara	21	20.9126	82.6057
Temarimal	21	20.7603	82.7294
Telga Dogri	11	31.2229	77.9068
Temri	21	20.2666	82.5695
Tetalkhuti	37	20.0060	82.5423
Tetelpara	21	20.2426	82.5870
Tetalpara	37	20.0025	82.5302
Tendwal	37	23.9904	83.2258
Tedwa	38	23.9223	83.5842
Tengarmane	19	14.4616	74.8120
Tenginmane	19	14.4269	74.8059
Tewariya	35	24.2078	79.7921
Tetardih	37	23.6989	83.6465
Telipura	36	30.0473	77.6043
Tewali	38	23.7610	83.8243
Tenudih	38	23.8718	83.9120
Tejalkheri	35	23.5522	76.0186
Telri	11	30.8721	77.7813
Tesar Khera	39	30.8789	77.8641
Telberu	02	17.4322	81.5781
Tellavaram	02	17.3313	81.5940
Tekuru	02	17.4042	81.5837
Tengari	38	23.6350	83.7765
Tehri	38	23.6133	83.8490
Tendumuri	37	21.7939	83.0212
Temtema	37	21.9615	83.1969
Telikot	37	22.0009	83.0991
Telangi	11	31.5574	78.2720
Teruvinakoppa	19	14.2182	74.9920
Teruvinakogi	19	14.1470	74.9628
Tendua	37	21.5078	83.1603
Tengnapali	37	21.6052	83.0855
Teradawan	37	21.5132	83.2376
Tengnapali	37	21.2609	83.0550
Temri	37	21.1625	83.1134
Tendudipa	37	21.9366	83.3048
Teka	37	21.8513	83.2710
Telipali	37	21.8286	83.3162
Telipali	37	21.7052	83.4020
Telipali	21	21.5646	83.4224
Teori	36	28.1237	78.0648
Tewar Buzurg	36	28.0915	78.1658
Tejpur	36	28.0502	78.1282
Telmahul	21	21.0684	83.2595
Telenpali	21	21.0058	83.3228
Temri	21	21.0667	83.3432
Tengra	21	21.0995	83.4695
Telan	21	21.7845	83.6456
Tengnamal	21	21.8429	83.6174
Telia	21	21.8559	83.7463
Temren	21	21.4367	83.5418
Telanpali	21	21.3141	83.6018
Tentla	21	21.3929	83.5853
Telanpali	21	21.4089	83.6632
Tejagula	21	21.4420	83.5979
Tentulsira	21	21.4691	83.6148
Telitikra	21	21.2747	83.6909
Tejang	21	21.1208	83.5283
Tentepali	21	21.1145	83.5434
Teteliabahal	21	21.8410	83.7702
Teienkachhar	21	21.7838	83.9176
Telenpali	21	21.8295	83.9376
Telipara	21	21.7960	83.9780
Telenpali	21	21.7100	83.8768
Telkani	21	21.4770	83.7574
Tentalkurla	21	21.3100	83.9576
Telibana	21	21.2643	83.9613
Tentlipali	21	21.2738	83.9329
Teli Tamparsara	21	21.3275	83.8695
Telitikra	21	21.2338	83.8312
Tentulikhol	21	21.0229	83.9094
Tendapadar	21	20.9656	83.0539
Tentelkhunti	21	20.9461	83.1080
Telipukhapani	21	20.9654	83.2435
Tengnapali	21	20.9206	83.3341
Terhi Gauri	36	27.9085	81.2758
Telipurwa	36	27.8097	81.3523
Terhi	36	27.8372	81.3846
Tenkabailukere	19	13.7368	74.6784
Tekkatte	19	13.5514	74.7011
Terhidas Purwa	36	27.6893	81.4045
Tehpar	36	27.5206	81.4324
Terhi Purwa	36	27.5380	81.4528
Tejwapur	36	27.5233	81.4915
Tekmetla	37	18.4757	80.8115
Tekalgudem	37	18.4218	80.9342
Tekuler	37	18.1472	80.8642
Tewari Purwa	36	27.3441	81.3053
Tejinarainpur	36	27.3392	81.3877
Tewaripur	36	27.3284	81.3534
Tehwal Purwa	36	27.4760	81.4106
Tewari Pruwa	36	27.4782	81.4716
Tera	36	27.0462	81.2573
Tewaripur	36	27.0484	81.3074
Tehorki	36	27.1490	81.4120
Teonait	36	26.0343	81.6395
Tengadavalasa	02	18.2881	82.8379
Temguda	02	18.2518	82.8751
Tenkavalasa	02	18.1291	82.9065
Tenmelpakkam	25	12.7392	80.0190
Tenur	25	12.6932	80.0088
Teppanambattu	25	12.5221	80.0364
Terapalle	02	17.9518	82.2262
Tenkalapanuku	02	17.7326	82.2838
Telikicherla	02	16.9331	81.4712
Tenkalametta	02	17.7526	82.3619
Terapalle	02	17.8367	82.4520
Tetagunta	02	17.3146	82.4423
Tetali	02	16.7700	81.6564
Tekalpalle	02	17.0469	80.5912
Telugavaram	40	17.1310	80.6364
Tekalpalle	40	17.2032	80.6241
Tekulagudem	40	17.7902	80.8482
Tekkellapadu	02	16.3534	80.2315
Tenugubudi	02	17.9639	82.9563
Tetaria	34	26.2120	84.3131
Telkathu	34	26.1124	84.3733
Tesuar	34	26.0197	84.4355
Telia Dih	34	26.0104	84.4533
Terha	34	26.0756	84.4494
Teruvupalle	02	17.5195	82.8739
Tegada	02	17.6432	82.9386
Tellapadu	40	16.8214	80.4869
Tentulipadar	21	19.8630	83.1132
Tentulichuva	21	19.9791	83.1092
Tentulikhunti	21	19.9815	83.1932
Tebkalong	21	19.6385	83.0009
Tebamulia	21	19.6184	83.0523
Tentulipadar	21	19.7257	83.0873
Tentulipadar	21	19.9446	83.3436
Telengsur	21	19.7076	83.2696
Tennutikiri	21	19.5854	83.2874
Teppapadar	21	19.5222	83.3722
Tentulipadar	21	19.5475	83.3457
Tentulipadar	21	19.6759	83.3580
Terakona	21	19.6711	83.4506
Tenda	21	19.5650	83.4415
Telagayapalem	02	16.0524	80.4696
Tetarguda	37	19.4636	82.0188
Tetarguda	37	19.3976	82.0351
Tetarguda	37	19.3381	82.0443
Teliguda	21	19.2963	82.2209
Temara	21	19.3084	82.2254
Tekiguda	21	18.7075	82.1343
Tentuligumma	21	18.7293	82.1405
Tentulipodoro	21	18.7899	82.2826
Tentuliguda	21	18.7994	82.3453
Telyaguda	21	18.8407	82.3318
Tentuliguda	21	18.8924	82.3665
Tentulipoda	21	18.8856	82.3717
Telyaguda	21	18.8468	82.3903
Teladevarapalle	02	16.9766	80.7272
Telengir	21	19.2814	83.0965
Tentulipoda	21	18.6700	82.4925
Tekripada	21	18.6155	82.4317
Tentuliguda	21	19.4977	83.2943
Tediliguda	21	19.3977	83.5436
Teddikona	21	19.2685	83.6223
Tenupulisi	21	19.3177	83.6009
Tentuliguda	21	18.9728	82.5966
Tenkoro	21	18.9996	82.6371
Tellaputtu	21	18.7315	82.7459
Tentilipoda	21	18.6632	82.7473
Tethiliguda	21	18.9950	82.8063
Tethiliguda	21	18.8127	82.7551
Tellaguda	21	18.9627	82.8921
Telaprolu	02	16.2628	80.6583
Tethiliguda	21	18.7367	82.9649
Tenneru	02	16.4838	80.8155
Teluguraopalem	02	16.2649	80.8882
Teda	21	19.1115	83.5938
Tennu Kharja	02	19.0425	83.6331
Tenkasingi	02	19.0868	83.6569
Telangraiguda	21	19.3280	83.8212
Tembapur	21	19.2789	83.8972
Tembaguda	21	19.2997	83.9043
Teknar	37	18.9182	81.3827
Tentulibhadra	21	18.8376	83.0806
Tellarayi	21	18.5397	83.0101
Tentu Boddavalasa	02	18.5622	83.2296
Teda	21	18.4533	83.0051
Tellkarevalasa	02	18.4206	83.1354
Telan	02	18.3788	83.2274
Tetrai	37	18.0877	81.3767
Tentidiguda	02	18.2464	83.0363
Tegalamada	02	18.2145	83.0677
Telunayuduvalasa	02	18.7584	83.2957
Tetam	37	18.7528	81.5649
Tetam	37	18.7769	81.5603
Temeribata	37	18.5081	81.7264
Telagudem	21	18.2392	81.5698
Tellarai	21	18.0335	81.7466
Tentuvalasa	02	18.4719	83.3449
Tettangi	02	18.2607	83.4856
Telegupalem	02	18.0572	83.2891
Tekkali	02	18.2026	83.3938
Tekripada	37	18.7364	81.8652
Telumetta	21	18.4350	81.8900
Tetao	21	18.4888	81.8601
Tellarai	21	18.0359	81.7654
Tellarai	21	18.0248	81.7589
Tekiguda	21	18.0645	81.8604
Telasu	02	18.9466	83.5218
Tekkalapaduvalasa	02	18.7783	83.5311
Tellavagu	40	17.7639	81.1710
Terlam	02	18.4846	83.5041
Tettangi	02	18.6245	83.6764
Tekkalivalasa	02	18.4517	83.5756
Teppavalasa	02	18.0283	83.5911
Teppalavalasa	02	18.1549	83.7305
Tekkali	02	18.1098	83.7044
Tenkapadu	02	18.8380	83.8249
Tempogiri	21	18.9672	83.9189
Tempadiguda	02	18.7792	83.9904
Telikipenta	02	18.5542	83.9732
Tekubaka	40	17.5910	81.1742
Telagavalasa	02	18.4582	83.9802
Telugulapalem	02	17.8247	83.0717
Tekkalipalem	02	17.8133	83.0885
Tedlam	02	17.0119	81.0887
Temididepadu	02	15.8883	80.2564
Tellagunta	02	14.7803	80.0203
Tervali	25	13.4274	80.1388
Tekulaloddi	40	17.7182	81.2868
Tekulabodu	40	17.5849	81.2497
Tekuluru	40	17.6470	81.4295
Tenduni	34	25.2278	84.2626
Tenua	34	25.1049	84.3219
Tejpura	34	25.0074	84.3271
Tellapalle	40	17.4591	81.2541
Tekuru	40	17.4942	81.3561
Tekupalle	40	17.4628	81.4073
Tekivarigudem	02	17.0417	81.2953
Tewaritola	34	25.8072	84.6345
Telchand Rauth	34	25.9311	84.5865
Tejpurwa	34	25.8349	84.7476
Teknewas	34	25.8248	84.6683
Tenpur	09	23.2084	73.0041
Telnal	09	23.1142	73.0310
Telya Kheri	35	22.6121	76.0805
Tekria Muwara	09	23.2042	73.4781
Tetuwapalasiya	35	22.3418	76.0891
Tembla	09	23.2528	73.8958
Teparwa Muwara	09	23.1937	73.7745
Tembarwa	09	23.1615	73.8841
Tembu	24	23.3781	74.0047
Tejpur	24	23.2964	74.1163
Tedgaon	39	29.6636	79.0154
Telipura	39	29.3756	79.1149
Tehra	39	29.4199	79.1442
Tetariya	34	25.6474	84.5416
Tenua	34	25.6120	84.5439
Tetariya	34	25.5221	84.6337
Tetariya	34	25.6373	84.6258
Terpuri	39	29.2371	79.0755
Tenunitola	34	25.4124	84.5103
Tenduni	34	25.4081	84.5206
Tetariya	34	25.3143	84.5261
Tewari Chak	34	25.4058	84.7332
Teja ka Gurha	24	25.3553	73.7319
Tegi	24	25.4565	73.8979
Telgaon	39	29.5884	79.4278
Tetaria	09	22.9942	74.2898
Temla	35	22.0844	74.4246
Tewar Khet	39	29.4040	79.3522
Teo Thok	39	29.4170	79.3939
Tezpura	24	24.9898	73.8575
Teri	34	25.1204	84.5502
Tetrahi	34	25.0489	84.5310
Teap	34	25.0450	84.6697
Teharko	35	22.4920	74.5489
Tejpurwa	34	25.9479	84.8186
Tejpurwa	34	25.9398	84.8338
Tetarpur	34	25.8546	84.8109
Tenua	34	25.8290	84.7548
Telpa	34	25.7707	84.7653
Tehti	34	25.9350	84.8536
Terha	34	25.9973	84.8394
Ter	35	22.6155	74.8312
Teki	35	22.2545	74.8841
Tekuliatola	34	25.7425	84.8804
Tewari Chak	34	25.5217	84.9581
Telpur	34	27.0548	84.3336
Terhi Kuia	34	27.1249	84.4400
Tejpura	24	25.0025	74.0103
Tejaulia	36	26.7799	84.0276
Tendwa	36	26.7643	84.0286
Tesrahia	34	26.9949	84.2447
Ter Khemraj	34	26.5087	84.1730
Tetaria Bodhraut	34	26.5759	84.1823
Tetaria Dhup Sah	34	26.5807	84.1815
Tetaria Bhichha Ram	34	26.5888	84.1905
Tendua	36	26.6382	84.2391
Tekaulia	36	26.7185	84.2495
Tengri	36	26.3311	84.0281
Tekania	34	26.2097	84.1169
Tendua	34	26.1784	84.0421
Tesrahia	34	26.9902	84.2596
Telua	34	26.6495	84.4886
Tejpur	24	25.0807	74.9699
Tengarhia	34	26.9416	84.5998
Tembha Khurd	16	21.4915	74.4248
Telua	34	26.6687	84.5302
Telua	34	26.6396	84.5108
Tejpurwa	34	26.5968	84.5543
Tewari	34	26.5934	84.7118
Tewar	34	26.5472	84.6929
Teguniya	39	29.2224	79.7637
Teoli	36	28.7637	79.4735
Teola	36	28.7666	79.4734
Teri Khwaja	36	28.7751	79.3134
Tera	36	28.7812	79.4049
Tellapur	36	28.4299	79.3803
Teknewas	34	26.3273	84.6990
Teghra	34	26.1414	84.5166
Teotha	34	26.1327	84.5045
Telia	34	26.2229	84.7408
Teliyamal	35	22.1664	76.4147
Temacha	35	22.1334	76.2627
Temli	35	21.7128	74.6157
Temla	35	21.7110	74.6519
Telia Chapra	34	26.3234	84.9490
Tendua	34	26.4933	84.9071
Teinrua	34	26.2385	84.8230
Temla	35	21.8516	74.9117
Tekvada	16	21.3704	74.7699
Tembha Budrukh	16	21.3596	74.7780
Temblay	16	21.2563	74.7698
Telvada	16	21.0599	74.9545
Tejnagar	36	28.7103	79.5328
Teznagar	36	28.6147	79.7060
Tewaria	36	28.4172	79.5752
Tehra	36	28.1338	79.6560
Tehra Ghat	39	28.8846	79.9288
Tendwa	36	25.8920	84.0591
Tekulia	36	25.9442	84.2386
Telipura	36	28.2560	79.8097
Tedha Lekhraj	36	28.3866	79.8301
Tehri	36	28.2852	79.8395
Telpa	34	25.4391	84.8851
Telpa	34	25.4470	84.8784
Tegraila Chhotka	34	25.4692	84.9526
Tegraila Barka	34	25.4605	84.9490
Tekari	34	25.2367	84.7627
Telsa	34	25.0453	84.7945
Teani Bigha	34	25.2301	84.9909
Tetari	34	24.9788	84.0237
Tendua	34	24.9763	84.0729
Tetrahanr	34	24.7532	84.1192
Tendua Dusadhi	34	24.9427	84.1299
Tenua	34	24.9915	84.2135
Tenua	34	24.9961	84.2174
Tenua	34	24.8380	84.2450
Tendua	34	24.8282	84.2056
Tetariya	34	24.8113	84.2395
Tetaria	34	24.6717	84.0497
Tendua	34	24.6698	84.0785
Tendua	38	24.5472	84.0517
Teta	38	24.5192	84.0445
Tewaribigha	34	24.5988	84.0997
Tetaria	34	24.7210	84.1200
Tendua	34	24.6938	84.2192
Tendua	34	24.6657	84.1864
Tendua	34	24.5662	84.2065
Tenuwath	34	25.2737	84.1248
Tetrarh	34	25.3021	84.1249
Tetrarh	34	25.4077	84.1427
Tetrarh	34	25.3729	84.2424
Tenla	38	24.1185	84.0141
Tetaria	38	24.0087	84.1116
Tetrarh	34	25.1639	84.0407
Tenduni	34	25.1379	84.0063
Tendua	34	25.1319	84.0245
Tendua	34	25.1197	84.1098
Tekanpura	34	25.2429	84.1753
Tendua	34	25.1765	84.1653
Tendubahar	34	25.0566	84.2238
Tetrarh	34	25.0190	84.2065
Teghra	34	25.9480	84.4838
Tendua Harkes	34	24.9710	84.3266
Tetariya	34	25.5916	84.3731
Teghra	34	25.5908	84.4644
Teliyadih	34	25.3731	84.2844
Tetardih	34	25.2873	84.3435
Telar	34	25.3249	84.3363
Tenduni	34	25.4347	84.4142
Teldiha	34	24.9143	84.3276
Teri	34	24.8688	84.2556
Tengra	34	24.8129	84.2951
Tendua	34	24.7853	84.2558
Tengri	34	24.8053	84.3001
Tetrahara	34	24.7560	84.2771
Tetariya	34	24.7885	84.3815
Tendua	34	24.7542	84.4077
Tendua	34	24.8129	84.3779
Tendua	34	24.8828	84.3376
Teliadih	38	24.3462	84.2993
Tetariadih	38	24.3478	84.2611
Tendudih	38	24.3161	84.3267
Tekra Kalan	34	24.4345	84.3729
Tekra Khurd	34	24.4533	84.3865
Terhi Nadi	34	24.3404	84.4455
Teharwatanr	38	24.1699	84.3315
Teldiha	38	24.1075	84.2999
Tenar	38	24.0188	84.2916
Tetriadih	38	24.1696	84.3413
Telia Dohar	38	24.1832	84.3431
Tetar	38	24.2119	84.4056
Tegam	38	24.2427	84.4613
Tetrain	38	24.0697	84.4201
Temura	34	24.9081	84.5547
Telthua	34	24.8370	84.6072
Tendua	34	24.8457	84.5965
Tetariya	34	24.7787	84.7018
Teldiha	34	24.6991	84.5015
Tetariya	34	24.6932	84.5940
Terhatola	34	24.7344	84.6579
Tetar Chak	34	24.7367	84.6550
Tetariya	34	24.7108	84.6888
Teka Bigha	34	24.6878	84.6948
Tetariya	34	24.4365	84.5336
Telwari	34	24.3714	84.5229
Tetarbartoli	38	24.3661	84.5897
Tetariyatoli	38	24.3177	84.7264
Terhatorha	38	24.1480	84.5188
Tetriatanr	38	24.2132	84.6415
Teakaram	38	24.2340	84.6967
Teona	38	24.0837	84.7109
Tejpura	36	25.8507	80.0496
Teza Bigha	34	25.0550	85.8242
Teai	34	25.0845	85.9560
Tetaria	38	24.1220	85.0799
Tetuwataritoli	38	24.0423	85.0880
Telian ka Purwa	36	25.2361	80.5948
Tera ka Purwa	36	25.2156	80.5837
Tera	36	25.2071	80.5911
Tehra	34	26.5482	86.1714
Teliya Purwa	36	25.5912	80.8514
Tele	19	13.9964	74.7560
Tenkabuttoo	19	13.3884	74.7549
Tenkagrama	19	13.1573	74.7681
Tenka Yekkar	19	13.0119	74.8813
Tenka Mijar	19	13.0240	74.9509
Tenka Yedapadavu	19	12.9935	74.9647
Tenka Ulipadi	19	12.9439	74.9449
Tenka Bellur	19	12.9244	74.9889
Techila	19	12.8248	74.9216
Teggihal	19	15.8750	75.1337
Teredkop	19	15.8851	75.1690
Tegin Bavnur	19	15.1441	75.6835
Telagunda	19	14.5873	75.0692
Tevarteppa	19	14.5276	75.2206
Tekkuru	19	14.4697	75.0458
Terregodu	19	14.2367	75.1923
Teggihalli	19	14.9639	75.3004
Tevar Melihalli	19	14.8743	75.3031
Teliki	02	15.0001	77.7295
Terannapalle	02	14.8729	77.9682
Teggihalli	19	14.0969	75.7028
Teriyur	19	13.7621	77.4200
Tekalhalli	19	13.4549	77.4501
Temminayanipalle	02	13.9225	77.6905
Tekuledu	02	13.8632	77.6640
Tellohalli-Agrahara	19	13.2406	77.7528
Tellohalli	19	13.2261	77.7527
Teniyur	19	13.2269	77.8368
Tenkabail	19	13.9030	75.0389
Tenkabail	19	13.7583	75.1066
Tenkabail	19	13.7842	75.1236
Tenkadepade	19	13.5311	75.0031
Tenginakoppa	19	13.7434	75.1301
Tenkbailu	19	13.7191	75.2385
Tengamar	19	13.3956	75.0904
Tellaru	19	13.2569	75.0310
Tenhattigrama	19	13.9436	75.2927
Tenklagadde	19	13.7819	75.3408
Tenkabail	19	13.7284	75.3478
Tekodla	19	13.5983	75.4667
Tenginamane	19	13.4430	75.3552
Teppadagundi	19	13.0207	75.3825
Tellikatte	19	13.9129	75.7177
Temburvayi	16	19.6921	79.3565
Tejagura	40	19.4459	79.2944
Tejapur	40	19.4329	79.2857
Teklagudem	40	19.1118	79.4500
Temta	16	19.9957	79.5124
Temberwai	16	19.7525	79.6886
Tekoda	16	19.8055	79.6893
Tenkakajekar	19	12.9024	75.1827
Tekkar	19	12.8525	75.1869
Tekkila	13	12.4885	75.0508
Telaipar	34	25.2249	85.5042
Teus	34	25.2493	85.7141
Tetarpur	34	25.2304	85.7401
Teklapalli	40	19.1335	79.5844
Telagara Basapuram	19	14.8172	76.3573
Temuhan	34	25.6114	85.8818
Teai	34	25.5287	85.9366
Tetaria	34	24.5564	85.2432
Tetaria	34	24.5861	85.0014
Teswar	34	24.6480	85.0523
Tetariya	34	24.5025	85.0076
Tel Bigha	34	24.7283	85.1240
Telheta	34	24.7106	85.1451
Tetariya	34	24.7291	85.1991
Tetariya	34	24.6597	85.1481
Tetar Khurd	34	24.6361	85.1549
Teka Bigha	34	24.6414	85.1380
Tetariya	34	24.6349	85.1035
Tetaria	34	24.5874	85.1734
Tetaria	34	24.4316	85.1678
Temka	38	24.3486	85.0215
Tetariya	38	24.3440	85.1684
Tetar	34	24.9286	85.2937
Tetaru	34	24.9048	85.3073
Tekpur	34	24.8107	85.3741
Tengra	34	24.6902	85.2715
Tetaria	34	24.7334	85.3396
Tetaiyatanr	34	24.6763	85.3528
Tetaria	34	24.6444	85.4448
Telni	34	24.5801	85.3194
Tengaini	34	24.5045	85.2712
Tetariya	38	24.3829	85.2667
Teliadih	38	24.0928	85.3842
Tetaria	38	24.0920	85.4540
Tetariadih	38	24.0903	85.4588
Tetariatoli	38	24.0878	85.4498
Tekalvatti	19	14.0367	76.3937
Tembula Virapuram	02	14.7541	76.9439
Tengingatta	19	12.7467	76.3923
Tenkala Koppal	19	12.3812	76.4453
Tetariya	34	24.9205	85.5118
Tear	34	24.8050	85.5029
Tetariya	34	24.7750	85.6562
Telari	34	24.8545	85.7337
Tetariadih	38	24.3841	85.6009
Tetaria Bhandaro	38	24.3136	85.6057
Tetariadih	38	24.4686	85.6849
Tetraha	34	26.3229	86.0927
Telahan	34	26.1767	86.0127
Teghra	34	26.4929	86.3679
Tejur	19	13.0465	76.0862
Tendahalli	19	13.0104	76.1804
Tekapalli	16	19.5188	79.9189
Tetrahi	34	26.1429	86.7907
Telahi	34	26.0986	86.7581
Tengraha	34	26.0374	86.9065
Tengra	34	26.0132	86.9887
Tengraha	34	26.0102	86.9355
Teratayi	13	12.0228	75.4402
Tenua	34	25.8141	86.2062
Tetrahi	34	25.9052	86.1181
Tetrahi	34	25.7001	86.0496
Tekanpura	34	25.5206	86.1496
Telan	34	25.5431	86.0706
Telitola	34	25.6656	86.1368
Tengraha	34	25.7000	86.1693
Telar	34	25.4431	86.0703
Telgin	19	12.8595	75.7461
Tetarhat	34	25.0797	86.1227
Teranya	19	12.8980	76.2259
Tejur	19	12.7316	76.0496
Tejur	19	12.6904	76.2476
Telgankuppe	19	12.3905	76.0697
Telgin Kuppe	19	12.4827	76.2004
Tendakere	19	12.5941	76.5566
Tenkanahalli	19	12.9565	76.2823
Tejigere	19	12.8740	76.3250
Tervan Medhe	16	15.7909	74.0858
Teranvadi	16	15.8307	74.0728
Tenkanahallli	19	12.9772	76.4606
Tengraha	34	25.6919	86.2701
Telni	34	25.6998	86.3020
Tetri	34	25.5031	86.3080
Tekatcha	34	25.6908	86.4440
Teppasandra	19	12.9877	76.9966
Tetrabad	34	25.4885	86.3623
Tenginabhaga	19	12.7190	76.7513
Teranikallu	02	15.6386	77.5302
Tellaburrikunta	02	15.5968	77.5764
Teki Chak	34	25.1998	86.2520
Tetaria	34	25.0301	86.4159
Teghra	34	25.8195	86.5261
Teliarhi	34	25.7825	86.7451
Tengraha	34	25.6738	86.5529
Teliahat	34	25.6797	86.6508
Tegrahi	34	25.7151	86.6871
Telihar	34	25.5665	86.7179
Tegachhi	34	25.5368	86.6926
Teghra	34	25.1293	86.5758
Tetaria	34	25.0281	86.5302
Teghra	34	25.1182	86.6800
Teldiha	34	25.0914	86.6803
Teliadih	34	25.2504	86.5676
Tetiha	34	25.0633	86.5722
Tenagallu	02	14.3518	77.1122
Tepra	34	25.8722	86.8758
Telia Bathan	34	25.8849	86.8923
Tehramur	34	25.8522	86.8870
Tema	34	25.7966	86.9197
Tehra	34	25.6825	86.8054
Teldiha	34	25.6640	86.9744
Tehai	34	25.3756	86.7722
Telia Bathan	34	25.3710	86.7603
Telghi	34	25.3592	86.9862
Tekkumbad	13	11.9761	75.2909
Tetariatanr	34	24.7964	86.0881
Telia Ahirpeti	34	24.8425	86.2431
Tetria	34	24.8250	86.2211
Teliadih	34	24.7817	86.2165
Telia	34	24.7564	86.2136
Tejakui	09	23.3031	73.5541
Teli Purwa	36	27.4286	80.6186
Tendnitola	35	22.4726	79.4135
Tendni	35	22.4716	79.4256
Telepani	35	22.4730	79.3500
Teralu	19	11.9872	75.8965
Teralu	19	11.9975	75.8940
Teythal	13	11.8063	75.9350
Tekkummuri	13	10.8956	75.9236
Tevalappuram	13	10.8894	75.9339
Teyyangad	13	10.7749	75.9400
Tekkumuri	13	10.8949	75.9801
Tekkummuri	13	10.7146	75.9946
Tejpura	36	26.5754	79.1483
Tejpura	36	26.1033	79.1257
Tehrajpur	36	26.6770	79.3693
Tek Mandwa	16	19.5528	79.0992
Tekmetla	40	18.3848	79.6317
Tenakanakallu	19	15.3902	76.1844
Teligola	19	15.1945	76.1672
Teregali	19	15.5806	74.4387
Tegur	19	15.5483	74.8398
Tenginmudi	19	14.7704	74.6958
Tengingadde	19	14.8844	74.6899
Telangiri	19	14.8927	74.6173
Telginkeri	19	14.6729	74.5957
Teppar	19	14.5603	74.6475
Telginmane	19	14.3214	74.7457
Telhara	34	24.6329	84.2998
Tendua Kalan	38	24.5291	84.2630
Tetaria	38	24.5161	84.2917
Tenui	34	24.5513	84.3599
Tetrain	34	24.5811	84.3915
Tetrain	34	24.6613	84.3518
Telpura	34	24.6866	84.3514
Tenduatola	34	24.6550	84.4736
Teriabigha	34	24.6066	84.4498
Tetariya	34	24.9296	84.7943
Tepa	34	24.8687	84.8714
Tetarpur	34	24.8861	84.8460
Tetariya	34	24.6578	84.7767
Tetariya	34	24.5994	84.8037
Tetariya	34	24.6119	84.8401
Tetariya Kalan	34	24.5985	84.9545
Tewari	34	24.5219	84.9824
Teura	34	24.6050	84.9786
Tengri	34	26.3702	87.0153
Tengraha Ghat	34	26.3339	87.0732
Tengraha	34	26.3309	87.0772
Terha	34	26.3721	87.0079
Terhi	34	26.0362	87.1692
Terakhurdah	34	26.3682	87.4752
Tegharia	34	26.3673	87.6189
Tegharia	34	26.3916	87.7198
Terhagachh	34	26.4109	87.6661
Tegharia	34	26.2623	87.6935
Tegharia	34	26.2552	87.7510
Telibhita	34	26.4214	87.8938
Tedhari	34	26.3606	87.9670
Tetalia	34	26.0605	87.8169
Tegharia	34	26.2168	87.8842
Tengarmari	34	26.1707	87.9670
Tegharia	34	26.1106	87.9627
Teliabari	28	26.0257	87.9842
Tetrahi	34	25.8521	87.1293
Terasi	34	25.5564	87.0466
Terasi	34	25.5444	87.0529
Telenga	34	25.6840	87.1306
Telitola	34	25.7112	87.1791
Teldiha	34	25.5356	87.1920
Tetari	34	25.3757	87.0691
Telwara	34	25.0987	87.1923
Telangi	34	25.6918	87.2689
Tetaria	38	25.0336	87.3373
Telgama	38	25.0607	87.3470
Tetaria	38	25.1079	87.3094
Tetaria Mal	38	25.1676	87.4894
Tengri	34	25.8170	87.5596
Teghra	34	25.8609	87.6739
Terabasia Diara	34	25.6262	85.2410
Tetari	34	25.4672	85.1458
Tetari	34	25.4131	85.0914
Telhara	34	25.3731	85.0984
Tetaria	34	25.2872	85.0839
Teliarakha	34	25.6057	87.6654
Teghra	34	25.7195	87.6710
Tegachhia	34	25.6415	87.7284
Telo	38	25.0066	87.5869
Tetria Chatra	38	25.1822	87.5721
Tetria	38	25.0441	87.7025
Tebo	38	25.1045	87.6930
Tetulia	38	25.1519	87.6534
Tetaria	38	25.1808	87.6787
Tetria	38	25.1893	87.6804
Telta	34	25.7967	87.8469
Teghra	28	25.9259	87.9302
Terbhitta	28	25.8942	87.9596
Telangadang	28	25.8482	87.9877
Tetalia Kasht	34	25.6919	87.8019
Tehargaon	34	25.5060	87.7586
Teghra	34	25.6244	87.8658
Tetalia	34	25.5072	87.8677
Tetalia	34	25.6891	87.7858
Tegjaghat	28	25.3707	87.7920
Tengtaghat	28	25.3196	87.8295
Tengurpura	28	25.3987	87.8010
Tetia	28	25.3922	87.8375
Teurpara	28	25.3908	87.8450
Tenriapara	28	25.4546	87.9850
Tewa Chak	34	24.9928	87.0777
Teturia	34	24.8143	87.0089
Tetriatola	38	24.7613	87.1337
Tesokuni	38	24.7006	87.5560
Tetulkuria	38	24.7039	87.5466
Telopara	38	24.6741	87.5359
Telopara	38	24.6602	87.5092
Tesro	38	24.7344	87.5948
Tegra	38	24.7493	87.6908
Tetuliapahari	38	24.7101	87.7337
Telapara	38	24.6140	87.7121
Tetulkoria	38	24.7432	87.6684
Telaipara	38	24.6055	87.5043
Telpara	38	24.7334	87.5476
Tengjor	38	24.3938	87.5262
Tetulmath Chhota	38	24.3634	87.5034
Tesparta	38	24.3055	87.5434
Tereldih	38	24.2884	87.6161
Tetulia	38	24.3558	87.6710
Teliapokhur	38	24.4755	87.7193
Tej Bigha	34	25.1566	85.0466
Tesaur	34	25.1378	85.1319
Tejpur	34	25.1726	85.1611
Telhara	34	25.2251	85.1836
Tetaria	34	25.1466	85.2386
Teja Bigha	34	25.0417	85.1711
Tekaura	34	25.0378	85.0962
Telengapara	38	24.1290	87.5286
Tentulberia	28	24.0105	87.6141
Tentulia	28	24.0200	87.5961
Tentulbandhi	28	24.1085	87.6005
Tentulbandhi	28	24.1426	87.6642
Tekardah	28	24.0242	87.7126
Tetulbandh	28	24.1816	87.7287
Tetulia	38	24.4535	87.7989
Tejhati	28	24.2533	87.8346
Tentulia	28	24.1986	87.8268
Tentulia	28	24.1461	87.8894
Telsundih	28	24.1171	87.9542
Tejepara	28	24.0898	87.9802
Tekhura	28	24.1061	87.7842
Teknari	34	25.8740	85.4986
Temla Buzurg	35	21.9509	75.1074
Temla	35	21.8036	75.1598
Telia	34	25.6861	85.3830
Teka Bigha	34	25.2662	85.3048
Teka Bigha	34	25.3097	85.3676
Teja Bigha	34	25.4668	85.4848
Teka Bigha	34	25.4606	85.4886
Telmar	34	25.4237	85.4358
Telia Mai	34	25.2126	85.2856
Tetaria	34	25.0885	85.3202
Teja Bigha	34	25.2170	85.4370
Tejpurwa	34	25.3356	85.6104
Tembhi Khurd	16	21.1240	75.7242
Tembhurna	35	21.8373	75.8329
Temla	35	21.8604	75.9832
Telugurayanicheruvu	02	16.0246	79.0415
Terala	02	16.4157	79.4398
Telukutla	02	16.6345	79.6017
Tellabadu	02	16.0085	79.7254
Tenkampet	40	17.9101	78.6085
Tekul Somaram	40	17.4063	78.9539
Temanna Chauri	39	29.2121	80.0528
Tehugan Khurramnagar	36	27.9182	80.1973
Tendwa Chaturpur	36	27.6826	80.0239
Teni	36	27.5048	80.2327
Tejipur	36	27.0091	80.1404
Terhia	36	27.1467	80.1765
Teekoy	13	9.7034	76.8128
Tenkaimakalapalli	19	13.7460	77.8666
Tettahalli	19	13.7196	77.7781
Tekahalli	19	13.5044	77.8740
Teligruahalli	19	13.5450	77.8156
Tenkanhallidoddi	19	12.6827	77.1072
Tembrahalli	19	12.4003	77.0675
Tenkhalli	19	12.3118	77.0657
Teramballi	19	12.1434	77.0598
Tegadegaudandoddi	19	12.3814	77.4685
Tellanur	19	12.2200	77.3043
Telgarhalli	19	12.6919	77.6909
Terbidi	19	12.5493	77.5576
Tekkanai	19	12.0325	77.6482
Tellapuri	02	15.3612	78.3827
Tellapadu	02	15.0954	78.9070
Teliki	02	14.6750	78.2126
Telluru	02	14.5252	78.2406
Teranampalle	02	14.4726	78.1731
Tellaguttapalle	02	14.0434	78.1382
Tekuladoddipalle	02	14.0686	78.9401
Ternahalli	19	13.2966	78.1130
Terhalli	19	13.1337	78.1004
Terumalareddipalle	02	13.9179	78.2603
Tellachanupalle	02	13.7260	78.4474
Tettu	02	13.6275	78.4321
Tekurpalem	02	13.5068	78.4556
Telugundlupalli	19	13.4152	78.3344
Tekkupalle	02	13.4415	78.4049
Tellollapalle	02	13.4623	78.7005
Tettu	02	13.0164	78.5451
Tetarpur	34	25.5844	85.7083
Terpete	25	12.7270	77.8353
Tekkalapalli	25	12.6559	78.0495
Tellanahalli	25	12.2770	78.2347
Tesupalli	25	12.5933	78.2975
Tertagiripalli	25	12.4784	78.3929
Telugumattarappalli	25	12.4713	78.4946
Tenkaraikottai	25	12.0116	78.3989
Tenkayatopu	25	12.6726	78.5406
Tettur	25	12.5628	78.8731
Tekkamarathur	25	12.5942	78.9115
Tekkumarathur	25	12.7283	78.9830
Tettur	25	12.7303	78.9833
Teniyur	25	12.7443	78.9945
Telladinne	02	15.6021	79.1856
Tekulapenta	02	15.2395	79.1012
Tekuru	02	15.0015	79.0313
Tekurupeta	02	15.0012	79.0349
Tellabadu Agraharam	02	15.7183	79.5298
Tellapad	02	15.6621	79.9501
Telegapur	02	14.6674	79.0346
Tettamvaripalli	02	14.0126	79.2428
Tellapadu	02	14.9078	79.6466
Tettupalli	02	13.7258	79.1736
Tettupalli	02	13.6743	79.1533
Tenkatheruvandlapalli	02	13.6266	79.0922
Tettupalli	02	13.5951	79.0910
Tellagundlapalli	02	13.5271	79.0763
Teruboyalakottapalli	02	13.4030	79.1582
Tenepalli	02	13.3691	79.0844
Tellagundlapalle	02	13.3350	79.2468
Tetayandlapalle	02	13.3324	79.2466
Tellagundlapalli	02	13.2363	79.0606
Tenabanda	02	13.2185	79.0850
Tengal	02	13.1491	79.2255
Tellukadipallekhandriga	02	13.4521	79.3639
Terani	02	13.3113	79.5572
Tellagunta	02	13.3046	79.6934
Tekkulur	25	13.1964	79.5723
Tervay	25	13.3740	79.9960
Tenkaranai	25	13.0649	79.8187
Teppanandal	25	12.5977	79.1601
Terkumedu	25	12.5618	79.2296
Teppanandal	25	12.4906	79.0076
Ten Madimangalam	25	12.4368	79.0088
Tellanandal	25	12.2753	79.1266
Tevadiyakuppam	25	12.0321	79.0673
Tennampattu	25	12.8026	79.4997
Teppirampattu	25	12.4309	79.2884
Tellur	25	12.5671	79.3002
Tellarampattu	25	12.5398	79.3769
Tenkarai	25	12.5100	79.4838
Tenpalai	25	12.2756	79.3244
Tenkadapantangal	25	12.4985	79.3755
Tennattur	25	12.4348	79.4488
Tentinnalur	25	12.4233	79.4946
Tensingampundi	25	12.4086	79.4811
Tenper	25	12.0867	79.4966
Tennal	25	12.9357	79.6136
Tenkalani	25	12.7457	79.5368
Tenalapurandan	25	12.5507	79.5157
Tellur	25	12.5341	79.5747
Tensendamangalam	25	12.5253	79.5527
Tenpundipattu	25	12.7299	79.5496
Tennangur	25	12.5547	79.6135
Tetturai	25	12.6123	79.6354
Tevadiyatangal	25	12.4109	79.5479
Tenvannakkambadi	25	12.4217	79.5511
Tengapakkam	25	12.3146	79.6821
Tenpakkam	25	12.3154	79.7499
Terkunam	25	12.1102	79.7274
Tenneri	25	12.8473	79.8528
Teradikuppam	25	12.6977	79.8824
Tenpakkam	25	12.3850	79.8137
Tenneripattu	25	12.3059	79.9306
Tennampattu	25	12.4699	79.9286
Tennurpandal	25	12.3234	79.9813
Tennampundi	25	12.2359	79.7826
Tevanandal	25	12.1458	79.8266
Tenpakkam	25	12.2419	79.9693
Tena Vayal	13	11.8182	76.0414
Terumal	13	11.7027	76.0067
Teneri	13	11.6405	76.1550
Teyyambadikkuttu	13	11.1382	76.2458
Tekambetta	13	11.6588	76.3435
Telambath	13	11.6634	76.3005
Terunelly	13	11.6542	76.3174
Tevaramangalam	13	11.7176	76.3061
Telakkad	13	11.0189	76.2859
Tenkara	13	11.0071	76.4959
Tegili	25	11.4649	76.8110
Tegili	25	11.4686	76.8233
Tekkampatti	25	11.2559	76.8872
Terampalaiyam	25	11.2726	76.9976
Tekkupalaiyam	25	11.1290	76.9292
Tekkevavanur	13	10.7631	76.1382
Tekkekkad	13	10.6536	76.0143
Teruvalayanur	13	10.6530	76.0029
Telakkad	13	10.9592	76.3002
Tekkummuri	13	10.8987	76.3028
Tennilapuram	13	10.6339	76.4901
Tengri	34	25.4989	87.5096
Tekke Aduvasseri	13	10.1539	76.3160
Telaturuttu	13	10.1576	76.2736
Tekkevuragam	13	10.1352	76.2587
Tevarkod	13	10.0921	76.2624
Tengod	13	10.0205	76.3752
Tekke Vazhakulam	13	10.0869	76.4156
Tekke Ezhipram	13	10.0726	76.4211
Tengria	34	25.4026	87.5045
Tetria	38	25.2533	87.5080
Teliagarhi	38	25.2593	87.5457
Teldanga	34	25.3798	87.6753
Teghra	34	25.4115	87.7040
Teghra English	34	25.4072	87.7410
Tenur	13	10.8033	76.5357
Tenari	13	10.7487	76.7709
Tekkadi	13	10.5202	76.8002
Tensittur	25	10.5712	76.9895
Tekkumbhagam	13	9.4736	76.4587
Tekku	13	9.4312	76.4040
Tennadi	13	9.3783	76.4226
Tekkebhagam	13	9.3570	76.4663
Tekkekara Kizhakku	13	9.2757	76.4882
Tekku	13	9.2554	76.4799
Tekkekara	13	9.6713	76.8171
Tekkumalai	13	9.5308	76.9475
Tevalakara	13	9.1047	76.8895
Tekketheri	13	9.0743	76.7799
Tettikod	13	8.9781	76.8071
Tekke Kottukal	13	8.8891	76.9104
Tennettu	13	8.8837	76.8996
Tekkumpuram	13	8.7882	76.9017
Tencherikonam	13	8.7249	76.8099
Tettikulam	13	8.7355	76.7650
Tenikunnu	13	8.7319	76.8497
Tekkevila	13	8.5866	76.8572
Tekkumbhagam	13	8.5616	76.8735
Tekkekochutura	13	8.5355	76.8662
Telungupalaiyam	25	11.1815	77.0797
Tevampalaiyam	25	11.1320	77.0434
Tekkalur	25	11.1516	77.2136
Tennampalaiyam	25	11.0816	77.1241
Tengur	13	10.0579	76.6703
Tennamanallur	25	10.9752	76.8165
Telungupalaiyam	25	10.9944	76.9277
Tekke Mankuzhi	13	9.1607	76.5335
Tekku	13	9.1157	76.5595
Tekkumuri Padinjarttukara	13	9.0937	76.5529
Tekkumuri Kizhakkumkara	13	9.0959	76.5688
Tengamam	13	9.1185	76.6692
Tekkan Mainagappalli	13	9.0460	76.5831
Tekkekara	13	9.0009	76.6241
Tekkekara	13	9.0015	76.6621
Tevalapuram	13	9.0258	76.7208
Tevalakara	13	9.0128	76.5595
Tekkumbhagam	13	8.9545	76.5620
Tekkekara	13	8.9390	76.5833
Tekkemangalaseri	13	8.8488	76.6565
Tevallli Kottaram	13	8.8996	76.5878
Terkupati	25	11.3825	77.3067
Tevampalaiyam	25	11.2753	77.4478
Tevampalaiyam	25	11.1891	77.3038
Terkupanankadu	25	11.2319	77.4001
Tenmugakangayampalaiyam	25	11.1969	77.4439
Terkusirangampalaiyam	25	11.1774	77.3966
Teniswarampalaiyam	25	11.1613	77.4602
Tennampalaiyam	25	11.0839	77.3507
Tekkupalaiyam	25	11.0216	77.2914
Telunganur	25	11.8986	77.7299
Tengalampatti	25	11.6719	77.7199
Terkumettuppalaiyam	25	11.2555	77.6622
Tevanampalaiyam	25	11.2070	77.6605
Tekkalur	25	11.1797	77.7116
Tevanapalaiyam	25	11.1616	77.7071
Tennangaraipalaiyam	25	11.0267	77.6981
Terkupalaiyam	25	11.3841	77.7661
Terkupalaiyam	25	11.1181	77.7897
Tenguperumpalaiyam	25	11.0925	77.9728
Terkumurtippalaiyam	25	11.0620	77.8653
Tegani	25	10.8855	77.0588
Tevavanpudur	25	10.7512	77.1188
Tenkumarapalaiyam	25	10.5912	77.0962
Tenaikkulam	25	10.5128	77.1975
Terku Dadinayakkanpatti	25	10.4266	77.4265
Terkiruppu	25	11.6180	79.4320
Terkuneyveli	25	11.5091	79.4842
Terkuvellur	25	11.5292	79.4690
Terkukuppam	25	11.5376	79.4777
Terkukuppam	25	11.5656	79.4960
Terkuvadakkuputtur	25	11.4365	79.3200
Terku Kudikkadu	25	11.3051	79.2549
Tenvikkam	25	11.2559	79.3871
Tettambattu	25	11.3951	79.4282
Terku Palaiyam	25	11.3563	79.4668
Tennur	25	11.3448	79.4212
Terkuvelitattanur	25	11.1402	79.2814
Tenkachchipperumalnattam	25	11.0903	79.4105
Terkutadambettai	25	11.0899	79.3790
Tennamanallur	25	11.1526	79.4463
Tenaikkudi	25	11.1553	79.4160
Tenpadi	25	10.7702	79.2839
Tevamangalam	25	10.8159	79.3649
Tenkuvalaiveli	25	10.8140	79.3771
Terkupattam	25	10.8684	79.3597
Tenampadugai	25	10.9133	79.3465
Tenampadugai	25	10.9263	79.3303
Tennur	25	10.9287	79.3702
Tepperumalnallur	25	10.9694	79.4253
Terku Mulangudi	25	10.9724	79.4739
Terku Arusuttippattu	25	10.7071	79.2994
Telungankudikkadu	25	10.5943	79.2629
Terkunattam	25	10.6717	79.3464
Terkunattam	25	10.6499	79.4040
Tevankudi	25	10.7247	79.4664
Tenkovanur	25	10.6766	79.4989
Tenpadi	25	10.6089	79.4779
Tenparai	25	10.5562	79.4884
Terku Adambai	25	10.4575	79.2565
Tennankadu	25	10.2996	79.2571
Terku Vattagudi	25	10.4327	79.4095
Terkukkadu	25	10.3989	79.4922
Tenkovanur	25	10.6791	79.5084
Terkupadugai	25	10.6646	79.5030
Terkunalur	25	10.5259	79.5224
Tenmarudur	25	10.6710	79.6816
Tevur	25	10.7262	79.7322
Terkuppanaiyur	25	10.6493	79.7412
Tenperambur	25	10.8239	79.0556
Tennangudi	25	10.8127	79.0623
Tennancheri	25	10.9089	79.1152
Telur	25	10.9650	79.2160
Tevangudi	25	10.9289	79.1668
Tekkal	25	10.8844	79.1767
Tekkal	25	10.7748	79.1713
Terkuppundi	25	10.9377	79.2488
Tettuvasalpatti	25	10.6615	79.0578
Terkusuryappatti	25	10.7118	79.1421
Tenkondaniruppu	25	10.7479	79.2187
Terkur	25	10.6772	79.1765
Tennamanadu	25	10.6407	79.2364
Tekkur	25	10.6063	79.1911
Terkukkottai	25	10.5263	79.2493
Terkuppoyyur	25	10.7015	79.8405
Terkusiruganur	25	10.4495	79.5467
Tennadar	25	10.3800	79.6850
Tennambalam Agraharam	25	10.4471	79.7596
Tettagudi Terkusetti	25	10.4098	79.8245
Tettagudi Vadakkusetti	25	10.4357	79.8348
Tediyur	25	10.9357	79.5556
Tenkudi	25	10.9169	79.6373
Tennanjeri	25	10.8679	79.6013
Tenkarai	25	10.8541	79.6683
Tenpidagai	25	10.8820	79.7437
Temangalam	25	10.7703	79.7790
Tetti	25	10.8026	79.8291
Tentulipara	21	20.7471	84.7841
Teliyadih	38	23.9522	85.0027
Tendabari	21	20.2829	84.8654
Tentulipatna	21	20.3305	84.8671
Tentuliapalli	21	20.3604	84.9270
Telarah	21	20.3486	84.9400
Tetartoli	38	23.5274	85.1497
Tengratoli	38	23.5363	85.1539
Tendar	38	23.4175	85.2416
Tero	38	23.3349	85.0028
Tengariya	38	23.2999	85.0653
Tetardih	38	23.2983	85.1084
Tetar Toli	38	23.3052	85.0240
Tetra	38	23.1824	85.0388
Tetartoli	38	23.1682	85.0729
Tetritoli	38	23.0880	85.1708
Teriatoli	38	23.7106	85.3266
Terpa	38	23.6752	85.2538
Teliatu	38	23.6115	85.4758
Tekitoli	38	23.5120	85.3264
Tetartoli	38	23.4823	85.3184
Tetartoli	38	23.3620	85.3555
Tetartoli	38	23.3933	85.3440
Tetutoli	38	23.3530	85.3788
Tetri	38	23.2747	85.3872
Tetri	38	23.2835	85.4128
Tetri	38	23.2453	85.3915
Teram	38	23.1461	85.3279
Telaidih	38	23.1211	85.3725
Teprutoli	38	23.0568	85.4206
Tengria	38	23.0442	85.2851
Tekasemartoli	38	23.9249	85.6310
Tewardag	38	23.5783	85.6771
Tetartoli	38	23.4185	85.5743
Telaiajaratoli	38	23.3766	85.5068
Teringdiritoli	38	23.3355	85.6897
Telaidih	38	23.1551	85.5273
Telengadih	38	23.0838	85.5622
Tekenia	38	23.1012	85.5895
Tetebandu	38	23.0496	85.6169
Telaiberatoli	38	23.0522	85.5699
Tekwadih	38	23.9932	85.7711
Teliatoli	38	23.9385	85.9655
Telnidah	38	23.9597	85.8162
Tengra Kalan	38	23.9218	85.9972
Tetariatoli	38	23.7740	85.8191
Teliadih	38	23.5516	85.9512
Teliadih	38	23.5588	85.9240
Tetartoli	38	23.5674	85.9217
Tengikudar	38	23.5168	85.9609
Tengikudartoli	38	23.5204	85.9706
Tetebanda	38	23.4321	85.8125
Tetla	38	23.2704	85.7823
Telidih	28	23.2786	85.9109
Telwadih	38	23.2272	85.7758
Temratoli	38	22.8900	85.0246
Telbata	38	22.7268	85.0275
Temna	38	22.7233	85.1828
Tetari	38	22.7097	85.0614
Tenda	38	22.5730	85.2475
Temro	38	22.5162	85.0030
Tentari	38	22.5156	85.1919
Tetoldih	38	22.4837	85.1705
Tendrauli	38	22.4341	85.1251
Tenda	38	22.4060	85.2406
Tengria	38	22.9335	85.2902
Tebo	38	22.7681	85.4490
Tengadih	38	22.9838	85.4192
Tetariya	38	24.3808	84.8163
Telhet	38	24.4358	84.8562
Tetariya	38	24.4316	84.8622
Tetardih	38	24.0658	84.7515
Telia Loagara	38	24.1935	84.9495
Tenda	38	22.7116	85.4668
Telaipi	38	22.1287	85.5958
Tentariposi	38	22.1589	85.6642
Telaunch	34	25.4989	86.6293
Temtha	34	25.3060	86.7095
Temrain	38	23.9973	84.0100
Tetriatanr	38	24.2155	86.8543
Telenga	38	24.2196	86.9380
Telriadangal	38	24.1955	86.9895
Tetiadangal	38	24.1149	86.8355
Telia	38	24.1264	86.8801
Telhatanr	38	23.8634	84.1211
Teliaband	38	23.9777	84.1130
Tellakhar	38	23.9115	84.1956
Tetartoli	38	23.2088	84.2348
Tetartoli	38	23.2111	84.1836
Tetartoli	38	23.0974	84.1654
Tetardanr	38	23.1036	84.2042
Tetartoli	38	23.0397	84.1657
Tetariadih	38	23.9817	84.4867
Teorahitola	38	23.8963	84.3225
Tedhwatoli	38	23.8581	84.2959
Tendwatanr	38	23.6791	84.3088
Tewlahitola	38	23.7238	84.4853
Temarkarcha	38	23.5788	84.4482
Tenditoli	38	23.3529	84.3988
Tetartoli	38	23.3828	84.3374
Tewarpanitoli	38	23.3975	84.2650
Tetartoli	38	23.2832	84.3318
Tendar	38	23.2641	84.3393
Tendtoli	38	23.2519	84.4660
Tetartoli	38	23.2310	84.4536
Tetartoli	38	23.2217	84.4915
Teterdih	38	23.0174	84.4844
Telgaon	38	23.0182	84.4908
Telea	38	23.0005	84.4480
Temki	38	23.7982	84.6120
Tetariatoli	38	23.8166	84.5857
Tetebar	38	23.8783	84.6883
Teliatanr	38	23.7086	84.5620
Tewrahi	38	23.7274	84.6304
Tetartoli	38	23.4019	84.5653
Tertoli	38	23.3318	84.6180
Tengratoli	38	23.3599	84.6545
Tetardanr	38	23.4325	84.5819
Tetartoli	38	23.4256	84.6630
Tengria	38	23.3230	84.6603
Tematoli	38	23.2186	84.5039
Tetartoli	38	23.0705	84.5568
Telgaon	38	23.0274	84.5154
Temrabartoli	38	23.8133	84.8029
Tesarchepa	38	23.9661	84.9504
Tekhtha	38	23.9559	84.9860
Tetariatoli	38	23.7258	84.9346
Tetartoli	38	23.5387	84.9536
Tengo	37	22.9572	84.0282
Tetarpoka	38	23.3559	84.8324
Tetartoli	38	23.3639	84.8250
Tewaritoli	38	23.3364	84.8968
Tengratoli	38	23.3712	84.8895
Tengratoli	38	23.3774	84.8967
Tengratoli	38	23.3913	84.9260
Tetartoli	38	23.3842	84.9385
Tengariya	38	23.3247	84.9629
Tekratoli	38	23.2982	84.9508
Teontoli	38	23.2424	84.8051
Tetartoli	38	23.2472	84.8684
Tegratoli	38	23.2039	84.9059
Tetartoli	38	23.2110	84.8188
Terlatoli	38	23.0772	84.8040
Tetartoli	38	23.0360	84.7686
Tengra	38	23.0227	84.7584
Tetartoli	38	23.0995	84.8403
Tetarbira	38	23.0782	84.8638
Tegratoli	38	23.0752	84.8550
Tegratoli	38	23.1093	84.9938
Tetartoli	38	23.0959	84.9925
Teratoli	37	22.7442	84.2309
Tetartoli	38	22.5914	84.1999
Tetartoli	37	22.9071	84.3153
Tenetoli	37	22.8753	84.3174
Tetartoli	38	22.8137	84.3242
Terhachuan	38	22.8506	84.4059
Tetartoli	38	22.9846	84.3632
Tetardanr	38	22.8967	84.4407
Telaidanr	38	22.7835	84.4885
Tetartoli	38	22.7001	84.2872
Tetartoli	38	22.6346	84.2710
Tetartoli	38	22.6042	84.3205
Telitoli	38	22.5597	84.3278
Telitoli	38	22.5791	84.3898
Tetartoli	38	22.6198	84.3774
Tetartoli	38	22.6740	84.3877
Tetartoli	38	22.7020	84.3701
Tenatoli	38	22.6553	84.4446
Tetartoli	38	22.5681	84.4461
Techatoli	38	22.5729	84.4507
Tetartoli	38	22.5683	84.4964
Tetartoli	38	22.3863	84.3277
Tetartoli	38	22.7819	84.5239
Tetartoli	38	22.7849	84.6216
Tetartoli	38	22.8586	84.6054
Tepsatoli	38	22.9323	84.6537
Tetartoli	38	22.9521	84.6852
Tengria	38	22.9057	84.7273
Telitoli	38	22.8395	84.7239
Tetartoli	38	22.8254	84.7163
Tetartoli	38	22.8270	84.6686
Tengratoka	38	22.4751	84.6740
Telighana	38	22.4324	84.7101
Tetartoli	38	22.9574	84.7958
Tetartoli	38	22.8790	84.7669
Tetartoli	38	22.8747	84.7745
Tetartoli	38	22.7906	84.8082
Tetartoli	38	22.7885	84.8288
Tetartoli	38	22.9835	84.9287
Tetartoli	38	22.8042	84.9232
Tetiatoli	38	22.9074	84.9898
Teliatoli	38	22.9086	84.9908
Tetartoli	38	22.9769	84.9914
Tetartoli	38	22.6766	84.7542
Tetartoli	38	22.6195	84.7537
Tetartoli	38	22.5972	84.8078
Tempatoli	38	22.5482	84.8535
Tetartoli	38	22.6536	84.8271
Tetartoli	38	22.6473	84.9112
Tetartoli	38	22.7421	84.9526
Tewaritoli	38	22.7062	84.9355
Temra	38	22.5148	84.9957
Tetartoli	38	22.5004	84.7903
Tetartoli	38	22.4424	84.8329
Telitoli	38	22.4508	84.8436
Telidihi	21	21.9443	84.1714
Tentuldihi	21	21.9945	84.2366
Terku Pudur	25	9.1676	77.5119
Terku Pudur	25	9.4312	77.5005
Terkuvenganallur	25	9.4052	77.5408
Tenkarai	25	9.3371	77.6111
Terku Kangakulam	25	9.4679	77.6198
Terku Semmakulam	25	9.4362	77.6343
Terku Anmarainadu	25	9.3054	77.6516
Terku Panaivadli	25	9.0337	77.6066
Terku Pulankulam	25	9.0511	77.6884
Terku Konarkottai	25	9.0392	77.7376
Terku Pappankulam	25	8.6639	77.4630
Tellanti	25	8.2847	77.4491
Tenkara	25	8.2374	77.3362
Tekku Surankudi	25	8.1323	77.4079
Teraikkalpudur	25	8.2001	77.4517
Terivilakudiyiruppu	25	8.1029	77.4497
Terivila	25	8.1064	77.4932
Terkuppatti	25	8.8903	77.5786
Terku Vagaikkulam	25	8.9070	77.6270
Terku Seliyanallur	25	8.8903	77.7056
Tenkulam	25	8.8191	77.6993
Tentiruppuvanam	25	8.7247	77.5263
Tevanappirai	25	8.5864	77.5886
Tennirkkulam	25	8.5938	77.6257
Terku Ilayamputtur	25	8.6030	77.6621
Tenpattu	25	8.7144	77.6764
Terku Puliyankulam	25	8.4843	77.5861
Terattar Sanarkudi	25	8.4909	77.5679
Terku Valliyur	25	8.3570	77.6087
Teraikkulam	25	8.3560	77.6717
Terku Arupuli	25	8.3660	77.6564
Tennimalai	25	8.4830	77.6750
Tennavaneri	25	8.4923	77.7311
Tevarkulamcheri	25	8.1123	77.5113
Tennankarai	25	8.0957	77.5144
Tekkukundalkudiyiruppu	25	8.0892	77.5444
Terkullandaikkulam	25	8.9658	77.7669
Terku Mayilodai	25	8.9099	77.8176
Terku Mayilodai	25	8.9227	77.7981
Terkuppatti	25	8.8793	77.8650
Tennampatti	25	8.9181	77.8510
Terku Pacheri	25	8.7211	77.8066
Terku Kariseri	25	8.6046	77.8262
Tekkankulam	25	8.5545	77.8605
Temangulam	25	8.5936	77.9580
Tenpalanipalaiyam	25	10.9718	78.0246
Terku Pichchampatti	25	10.8055	78.2178
Tettuppatti	25	10.5603	78.0107
Terku Ayyampalaiyam	25	10.5741	78.1727
Tennampatti	25	10.4779	78.0874
Tennampatti	25	10.3352	78.0713
Tettampatti	25	10.3233	78.1106
Terkuppatti	25	10.2704	78.0583
Tettur	25	10.1132	78.0530
Terkupettanpatti	25	10.0258	78.1446
Tevaseri	25	10.0729	78.1139
Tettampatti	25	10.1265	78.1963
Terku Ayattampatti	25	10.9736	78.4620
Terku Tirunayampatti	25	10.9506	78.4895
Terkukkalpatti	25	10.7218	78.3094
Tekkamalaikovilpatti	25	10.5442	78.2828
Terkuppatti	25	10.5630	78.4081
Telungapatti	25	10.7031	78.4083
Terkuseripatti	25	10.6680	78.4740
Tengaitinnipatti	25	10.5681	78.4852
Terku Sevalpatti	25	10.5674	78.4699
Terku Mottappatti	25	10.5516	78.4950
Tettur	25	10.3216	78.3629
Tevanampalaiyam	25	10.9452	77.5675
Tennangaraippalaiyam	25	10.9100	77.5575
Terku Madukkampalaiyam	25	10.7862	77.5506
Tettampatti	25	10.2447	78.3007
Terppatti	25	10.6913	77.5681
Tenangudippatti	25	10.1698	78.3315
Terkutter	25	10.0061	78.2858
Terkuppatti	25	10.0197	78.3335
Tettampatti	25	10.0231	78.3941
Tettampatti	25	10.1287	78.3612
Terkuppatti	25	10.1621	78.4227
Tenamapatti	25	10.2262	78.4566
Tettippatti	25	10.1372	78.4475
Teppattuppatti	25	10.0508	77.7114
Tekkuppatti	25	10.9699	78.5607
Terku Sirupattur	25	10.9818	78.6997
Terkur	25	10.9250	78.6618
Terkur	25	10.9914	78.7254
Terkur	25	10.9786	78.7161
Terkur Nattam	25	10.9552	78.7133
Terkutteruvu	25	10.9508	78.6675
Tennambadi	25	10.5619	78.5476
Teravur	25	10.5405	78.5507
Terkuppatti	25	10.5229	78.5658
Tekkadappu	25	10.5150	78.5732
Tennangudi	25	10.5478	78.6423
Terku Puduppatti	25	10.6415	78.6744
Tennilaipatti	25	10.6683	78.6320
Terkuppatti	25	10.7259	78.6104
Tevali	25	10.7270	78.7033
Terkuppatti	25	10.6052	78.7482
Terku Tuvaraivayal	25	10.5801	78.7439
Tenur	25	10.4656	78.5125
Tevadiyakovilpatti	25	10.4945	78.5897
Tennadadampatti	25	10.3518	78.6672
Terkukkadu	25	10.3203	78.5467
Tenur	25	10.3328	78.5715
Teyampatti	25	10.2530	78.5065
Tekkikulam	25	10.4689	78.6674
Terkur	25	10.1839	78.5249
Tenkarai	25	10.1066	78.6463
Tettanpatti	25	10.1140	78.6635
Tenmavilipatti	25	10.0436	78.5626
Terendalpatti	25	10.1000	78.5475
Tevarambur	25	10.0921	78.5652
Temmapatti	25	10.1034	78.6012
Tenkarai	25	10.1015	78.6434
Tenachchiammankovil	25	10.0975	78.6623
Terku Nayinapatti	25	10.0308	78.6209
Tenerippatti	25	10.7145	78.8310
Tennatirayanpatti	25	10.6143	78.8184
Temmanippatti	25	10.6025	78.8312
Temmavur	25	10.5982	78.9236
Tennangudi	25	10.4715	78.8651
Terkutteru	25	10.4383	78.9857
Tenippatti	25	10.4448	78.8510
Tennatirayanpatti	25	10.4372	78.8392
Terkuppatti	25	10.4070	78.9848
Tettampatti	25	10.3671	78.8662
Terku Agraharam	25	10.3061	78.9359
Tekkattur	25	10.2997	78.7884
Tekkudiyiruppu	25	10.2295	78.8767
Tenippatti	25	10.1819	78.9245
Tellampatti	25	10.1807	78.8980
Tettampatti	25	10.2011	78.8989
Tettampatti	25	10.1735	78.7656
Tevarippatti	25	10.1485	78.7748
Tekkur	25	10.1417	78.8619
Tennattivayal	25	10.0303	78.9573
Tenpalanji	25	9.9049	78.0007
Tenur	25	9.9867	78.0088
Tedaiyampatti	25	9.7200	78.0789
Tenur	25	9.6371	78.2247
Tenpalaipacheri	25	9.5322	78.1656
Tenpalai	25	9.5359	78.1643
Tevadiyal Karisalkulam	25	9.5078	78.2118
Terku Muttulapuram	25	9.2349	78.0309
Terkunattam	25	9.3041	78.2266
Terkutteru	25	9.9581	78.3165
Teni	25	9.8405	78.2941
Terkugramam	25	9.7820	78.4150
Terku Kadugusandai	25	9.1836	78.5035
Terkuppatti	25	9.2304	78.3112
Terkkur	25	9.7080	78.4222
Tevarendal	25	9.7026	78.3237
Terakkurichchi	25	9.2836	78.4991
Terku Mukkaiyur	25	9.1320	78.4796
Terku Narippaiyur	25	9.1167	78.4188
Tevarippatti	25	9.9343	78.5914
Tennirpandal	25	9.9008	78.6450
Teliyavayal	25	9.8430	78.7240
Terkusamudram	25	9.6172	78.7358
Terku Pachcheri	25	9.6202	78.6281
Terkuchandanur	25	9.6464	78.5048
Terkukiranur	25	9.6151	78.6826
Telichchattanallur	25	9.5672	78.5609
Tennirvayal	25	9.9592	78.7773
Tenpoduvakkudi	25	9.4723	78.5473
Tennavanur	25	9.3957	78.7234
Teriruveli	25	9.3188	78.6246
Terku Visuvanur	25	9.6824	78.7730
Terankulam	25	9.2363	78.5167
Terpogi	25	9.9872	78.8930
Tevarendal	25	9.9394	78.9857
Tevayal	25	9.9084	78.7655
Terku Tuttakkudi	25	9.8763	78.9121
Tevandatavu	25	9.9271	78.9556
Terkukudi	25	9.8163	78.7844
Terkunagani	25	9.8271	78.8986
Teralappur	25	9.9542	78.8779
Terku Odakkarai	25	9.7429	78.7815
Terkuandal	25	9.6831	78.8406
Tennirvayal	25	9.6840	78.8679
Tenkadukkay	25	9.6348	78.7569
Terku Vijaya Narayanam Kilavur	25	8.3968	77.7692
Terkumudangan	25	8.3430	77.8929
Temmanpuram	25	8.3757	77.9252
Terkuramasamipuram	25	8.3742	77.9156
Terivilai	25	8.5528	78.0564
Tekkiyur	25	8.4489	78.0322
Tennilai	25	10.9487	77.8322
Tennilai	25	10.8608	77.8631
Tenkunam	25	11.7825	79.2332
Terappadi	25	10.8101	77.9649
Terku Manamettuppatti	25	10.7176	77.9712
Tettuppatti	25	10.7106	77.9453
Tennerikuppam	25	11.7444	79.1334
Tettakkavundanpatti	25	10.5064	77.8881
Tenur	25	11.2845	79.0976
Terku Oddan Chattram	25	10.4885	77.7536
Teppakulattuppatti	25	10.4682	77.9038
Tettuppatti	25	10.3979	77.8225
Terku Mettuppatti	25	10.3302	77.8920
Telur	25	11.1257	79.1827
Teli	25	11.9221	79.3986
Tennamadevi	25	11.9737	79.4772
Tenmangalam	25	11.8578	79.4150
Tenkuchchippalaiyam	25	11.8638	79.5165
Tennavarayambattu	25	11.9810	79.5986
Tettambakkam	22	11.9949	79.6781
Tennambakkam	22	11.8524	79.7154
Terkuvirutangan	25	11.3643	79.5460
Temmur	25	11.3373	79.6176
Terkumangudi	25	11.3314	79.6740
Tengattittu	22	11.9108	79.8183
Tenpettai	25	9.0053	77.2485
Tenmalai	25	9.3129	77.4959
Tekkampatti	25	9.9433	77.5408
Tenpalani	25	9.9504	77.5807
Teppampatti	25	9.9021	77.5987
Teppakkadu	25	11.7519	78.2079
Tekkal	25	11.4510	79.7603
Tennampattaram	25	11.2118	79.8226
Tevanur	25	11.0047	79.8230
Terkutteru	25	10.3894	79.1065
Terkudadu	25	10.4489	79.1341
Tennangudi	25	10.3118	79.2121
Tennaimarattuppalaiyam	25	11.4103	78.0535
Tengalpalaiyam	25	11.4997	78.1647
Tettukkadu	25	11.3520	78.2475
Terkupudur	25	11.2210	78.0468
Telanganur	25	11.6972	78.2501
Tennampillaiyur	25	11.6185	78.4928
Tenangudu	25	11.2674	78.3740
Telliyangudu	25	11.2864	78.3849
Tenur	25	11.3441	78.3846
Tekkalpatti	25	11.9405	78.5797
Tekkampattu	25	11.8395	78.6705
Tekkanampatti	25	11.9349	78.6869
Tekkapattu	25	11.7478	78.6133
Tennangudupalaiyam	25	11.6141	78.5889
Tenkumarai	25	11.5510	78.7145
Terku Turuppatti	25	11.7348	78.7036
Terpuli	25	11.7030	78.7409
Tekkambattu	25	11.9922	78.7602
Tenur	25	11.0885	78.7160
Terku Nalliyampatti	25	11.0207	78.5542
Tekappatti	25	11.7170	78.7965
Ten Ponparappi	25	11.6189	78.8352
Ten Chettiyandal	25	11.6954	78.8781
Tengiyanattam	25	11.7227	78.8703
Ten Kiranur	25	11.7178	78.9766
Ten Torasalur	25	11.6544	78.9775
Ten Siruvallur	25	11.6113	78.9446
Tevaiyur	25	11.3293	78.9343
Teranippalaiyam	25	11.0894	78.8788
Terani	25	11.1034	78.8687
Terkumadevi	25	11.1605	78.9368
Tentaipada	38	22.7325	85.5167
Tesapi	38	22.6653	85.5637
Telaidih	38	22.7374	85.7138
Telangjuri	38	22.7041	85.7132
Tensera	38	22.3956	85.5669
Teligora	38	22.8069	85.8139
Telisai	38	22.7651	85.8005
Tekasai	38	22.5523	85.8405
Tekorohatu	38	22.5082	85.8004
Telai	38	22.5801	85.9166
Tentera	38	22.4088	85.8427
Tengrai	38	22.3705	85.8198
Tengra	38	22.2840	85.8196
Telaipi	38	22.4112	85.9123
Tergo	38	22.4939	85.8650
Tepasai	38	22.0926	85.7689
Tetardih	21	21.5701	85.1273
Telkuda	21	21.7406	85.2056
Telisinga	21	21.0700	85.0602
Tentuiberini	21	21.0510	85.0803
Tehrai	21	21.8931	85.2838
Temra	21	21.5015	85.4372
Tentainali	21	21.3731	85.3125
Telkoi	21	21.3573	85.3982
Tentainali	21	21.3253	85.4664
Tentulikhunti	21	21.4489	85.4285
Teli Orsala	21	21.8464	85.5530
Tentuli	21	21.5966	85.5226
Tenturhi	21	21.5980	85.5413
Terant	21	21.7373	85.6338
Tentulunda	21	21.6323	85.6518
Tentalaposi	21	21.4561	85.6322
Tembadi	25	11.3155	78.6982
Tentra	21	21.8225	85.7971
Tentra	21	21.8316	85.7962
Tentraposi	21	21.8389	85.7982
Tentulikhuti	21	21.7840	85.7506
Tentuiposi	21	21.7762	85.9545
Tetaitangar	21	21.6372	85.8002
Telipara	21	21.7148	85.9289
Tendra	21	21.6545	85.9392
Telibhuin	21	20.7188	85.0931
Tentulipasi	21	20.7464	85.1835
Tentuliapada	21	20.4637	85.1774
Tentuliapalli	21	20.3172	85.1740
Tentuliapalli	21	20.1986	85.1406
Tentuliapalli	21	20.0903	85.1863
Teokhati	21	20.7914	85.3859
Tetariatola	38	24.1459	85.5748
Tetaria	34	24.9265	85.8880
Telar	34	24.9493	85.8639
Tehro	38	24.7320	85.7968
Tepra	38	24.5262	85.8295
Tetariatanr	38	24.5520	85.9490
Telodih	38	24.4033	85.9091
Tetraun	38	24.3295	85.7535
Telodih	38	24.3727	85.8123
Teliamaran	38	24.2991	85.8928
Telodih	38	24.4562	85.9364
Telia Singa	38	24.2063	85.7819
Tetariahi	34	26.2494	86.5491
Tekuna	34	26.1200	86.7228
Telwa	34	26.0877	86.5170
Terhi	34	26.0302	86.7335
Tendua	34	25.9324	86.3197
Tetrahi	34	25.7550	86.2848
Telwa	34	25.8796	86.3837
Telhar	34	25.9125	86.4728
Teliamaran	34	24.6330	86.1475
Telinchipa	38	24.0041	86.1556
Tesaphuli	38	24.0147	86.0871
Tenghra	34	24.9959	86.2735
Teja Chak	34	24.9734	86.3406
Teljhari	34	24.9529	86.3472
Teliadih	34	24.9559	86.4374
Tenghara	34	24.9989	86.4088
Tetaria	34	24.9428	86.4587
Tetaria	34	24.9237	86.4366
Tetaria	34	24.7677	86.4038
Teliadih	34	24.8458	86.3693
Terukha	34	24.7287	86.3107
Telanga	34	24.5913	86.2826
Tetriya	38	24.5551	86.2719
Teliadih	34	24.6497	86.3632
Tetaria	34	24.6861	86.3564
Tewaridih	38	24.4483	86.2619
Tewaripahari	38	24.3609	86.3269
Telaia	38	24.3641	86.3541
Telonari	38	24.2942	86.2958
Tewaridih	38	24.2157	86.2541
Telkhari	38	24.1859	86.3683
Telimunda	21	21.4671	84.1635
Telighana	21	21.0996	84.1194
Telinpal	21	21.2094	84.0822
Telsingh	21	21.0205	84.2437
Tentlakhol	21	21.0098	84.1914
Teli Tilaimal	21	21.7551	84.4031
Telipara	21	21.8363	84.3543
Tentlamal	21	21.9882	84.3385
Tentulidihi	21	21.6827	84.2994
Teleimal	21	21.2506	84.3341
Terabeda	21	21.1239	84.3915
Telikusum	21	21.6287	84.5637
Telisuan	21	21.6075	84.6597
Tentaloi	21	21.4671	84.6227
Tentalabahal	21	21.4606	84.6450
Terendakata	21	21.4424	84.5041
Telibhanguni	21	21.4001	84.5478
Telimunda	21	21.3435	84.6672
Tetungagila	21	21.9115	84.9778
Tekatpali	21	21.9139	84.8866
Tendra	21	21.6967	84.9347
Tentulia	21	21.5322	84.9879
Telimunda	21	21.4095	84.9664
Telipali	21	20.9572	84.0569
Tentulipadar	21	20.7707	84.1269
Tentlipali	21	20.8290	84.1077
Telimunda	21	20.9049	84.0911
Tentulimohoda	21	20.8813	84.0881
Tebhapadar	21	20.9097	84.1779
Terkapokal	21	20.4289	84.2079
Telapali	21	20.3856	84.1766
Tetkapadar	21	20.2973	84.0594
Tejama	21	20.2851	84.1621
Teterga	21	20.2278	84.0713
Tentulikhandhata	21	20.9727	84.4740
Tentalapani	21	20.8886	84.3899
Tetelinga	21	20.8351	84.2918
Tenthaipali	21	20.7595	84.4421
Telimunda	21	20.5833	84.4737
Tengri	21	20.3673	84.3010
Tengarapathar	21	20.3368	84.2804
Tengajula	21	20.3346	84.4731
Tendagam	21	20.2625	84.4394
Tentuligodo	21	20.2416	84.3688
Tengedapodoro	21	20.2415	84.3558
Tentlipathar	21	20.8658	84.6228
Tentulipadar	21	20.6867	84.5223
Tentulipadar	21	20.6379	84.6770
Tendepara	21	20.2899	84.5170
Tentloi	21	20.8781	84.7700
Tentuli	21	20.8802	84.7930
Tengnoupal	17	24.3855	94.1472
Tekulapalli	40	17.5605	80.4754
Tening	20	25.3433	93.5867
Tendwa	36	26.4018	82.8219
Tekmalpur	36	26.0110	83.1279
Tendua	34	24.7417	84.2761
Telipara	21	21.8190	84.0083
Tentirupperai	25	8.6148	78.0294
Tentirupperai	25	8.5931	78.0292
Tenda	38	22.6450	85.5159