Thane	16	19.1970	72.9635
Thiruvananthapuram	13	8.4855	76.9492
Thoothukudi	25	8.7674	78.1342
Thrissur	13	10.5167	76.2167
Thanjavur	25	10.7852	79.1391
Thenali	02	16.2425	80.6398
Thanesar	10	29.9732	76.8321
Thenkasi	25	8.9600	77.3153
Thiruvarur	25	10.7727	79.6368
Thodupuzha	13	9.8939	76.7222
Thoubal	17	24.6388	93.9964
Thiruthani	25	13.1759	79.6164
Than	09	22.5742	71.1994
Thottada	13	11.8385	75.4208
Thakurdwara	36	29.1920	78.8615
Thana Bhawan	36	29.5861	77.4181
Thuraiyur	25	11.1480	78.5991
Thenhippalam	13	11.1323	75.8822
Thanneermukkom	13	9.6634	76.3807
Tharad	09	24.3960	71.6258
Thodiyoor	13	9.0780	76.5777
Thazhecode	13	11.3226	75.9758
Thirunavaya	13	10.8746	75.9855
Thiruthuraipoondi	25	10.5282	79.6327
Tharangambadi	25	11.0276	79.8542
Thiruvankulam	13	9.9468	76.3666
Thaikkattussery	13	9.7715	76.3439
Thakurganj	34	26.4274	88.1311
Thasra	09	22.7983	73.2117
Thara	09	23.9734	71.8192
Thorapadi	25	12.8915	79.1238
Thimiri	25	12.8283	79.3079
Thiruvaiyaru	25	10.8841	79.1036
Thandla	35	23.0096	74.5775
Thekkumkara	13	10.2819	76.2132
Thottiyam	25	10.9900	78.3341
Thiruvidaimaruthur	25	10.9986	79.4523
Thazhakara	13	9.2502	76.5674
Thurayur	13	11.5280	75.6709
Thirukattupalli	25	10.8443	78.9565
Thirumittacode-II	13	10.7317	76.1607
Thummalamenta	02	15.0276	78.0235
Tharike	23	30.8667	75.7816
Thondamuthur	25	10.9908	76.8418
Thongju	17	24.7576	93.9374
Thanniyam	13	10.4167	76.1333
Thevur	25	11.5240	77.7539
Than-Khamharia	37	21.8005	81.3381
Thaikattussery	13	10.4601	76.2436
Tholur	13	10.5718	76.1291
Thenzawl	31	23.3167	92.7500
Thekashu Pt.-II	03	25.9817	90.7876
Thanna Mandi	12	33.5420	74.3810
Tharial	23	32.3544	75.6067
Thanganellur	13	10.6243	76.1860
Thekashu Pt-I	03	25.9836	90.7790
Theog	11	31.1215	77.3584
Thegur	19	13.2937	75.7705
Thang	41	34.9274	76.7934
Thruti	12	33.5268	74.1594
Thyagaraya Nagar	25	13.0394	80.2400
Thuthibari	00	27.4333	83.7000
Thuruk	18	25.3217	92.7150
Thur	24	24.9893	72.4384
Thur	24	24.6678	73.6423
Thuna	35	24.5000	81.0167
Thun	24	27.3772	77.1182
Thumba	24	25.4056	72.9500
Thulipalem	02	14.7526	80.1072
Thuamai Ramapur	21	19.5444	82.9310
Thotya	24	28.8527	73.5811
Thonokhyu	20	25.9690	94.9060
Thonglang	17	25.2398	93.9242
Thongbolgiri	18	25.5995	90.3984
Thonde	41	33.5189	76.9748
Tholkabad	38	22.1325	85.1871
Thol	09	23.1307	72.3770
Thoise	41	34.6568	77.3612
Thoi	24	27.5418	75.7498
Thogaduru	19	12.0957	76.8078
Thode	28	27.1038	88.8382
Thoba	23	31.9391	74.8514
Thob	24	26.0533	72.3865
Thlanship	17	24.1440	93.2084
Thirot	11	32.6588	76.7833
Thirit	41	34.5333	77.6500
Thirana	24	29.0301	74.5045
Thingsat	31	24.1986	92.9390
Thingsai	31	22.9284	93.0987
Thingje	03	25.2632	93.3704
Thingfal	31	22.6164	92.8729
Thilgaon	37	23.3483	82.9806
Thikri	35	22.0634	75.4007
Thikarda	24	25.4875	75.6344
Thiak	31	23.4693	92.7110
Thethaitangar	38	22.4975	84.5077
Theronliang	30	28.2751	96.5596
Thergaon	16	18.7716	74.9439
Thenhlum	31	23.2236	92.5633
Thengode	16	20.5200	74.1977
Then	12	32.4378	75.7243
Themiri	21	21.0167	82.8167
Thekman	36	25.8817	82.9394
Thekkadi	13	9.6035	77.1600
Thatthi Bhai	23	30.5594	75.0422
Thattakad	13	10.1263	76.6855
Thati Kathur	39	30.5789	78.6481
Thathari	37	21.9310	82.8241
That	24	26.8548	71.8270
Thaska Miranji Sahib	10	30.1084	76.6950
Tharusar	24	28.5242	72.9885
Tharoch	11	30.9772	77.6906
Thari Sonarai	38	24.3631	86.8974
Thadi Pavni	16	21.3539	78.3039
Tharet	35	26.0066	78.6560
Tharbitia	34	26.2194	86.6565
Tharaoli	24	25.9689	75.4691
Tharali	39	30.0794	79.5380
Tharad	09	24.0359	71.4213
Thapli	35	22.4499	74.6770
Thapan	24	25.6816	72.3005
Thanwla	24	26.5567	74.4668
Thannamang	12	33.4814	74.4134
Thanikudi	13	9.4822	77.2762
Thangra	41	33.2223	78.8777
Thanggu	29	27.8979	88.5368
Thangaon	16	19.6964	73.9310
Thanga	17	24.5326	93.8369
Thanepada	16	21.2575	74.2655
Thanela	11	32.8131	76.0745
Than Amgaon	35	23.0444	80.3723
Thanala	12	32.9258	75.7704
Thana Kasba	24	25.2157	77.3551
Thana Ghazi	24	27.4001	76.3173
Thanagaon	36	27.4730	81.2427
Thana Galol	09	21.6960	70.6880
Thana	12	33.3066	75.5156
Thamo	41	34.2020	75.9254
Thalora	12	32.7557	75.1561
Thalner	16	21.2569	74.9562
Thala	09	23.1041	71.5655
Thal	39	29.8250	80.1335
Thal	16	18.6889	72.8675
Thal	16	18.5833	72.9167
Thakurvadi	16	18.8350	73.3652
Thakurtola	37	21.6457	80.9746
Thakurmunda	21	21.5188	86.1540
Thakurgarh	21	20.8135	84.6315
Thakarda	24	23.7066	73.9519
Thair	16	18.3200	76.1410
Thaijuari	03	25.5643	92.9705
Thagwa	35	23.6492	80.6181
Thagaon	37	23.1221	82.4103
Thadbai	16	19.7500	80.5833
Thanipadi	25	12.1082	78.8342
Thandikudi	25	10.3110	77.6429
Thob	24	26.7834	73.0193
Thori	24	28.4756	73.7647
Thariyasar	24	28.5289	74.5246
Thathawta	24	28.0147	74.7702
Thakurdwari	28	22.5707	88.4599
Thakur Chak	28	22.1597	88.4825
Thaola	28	22.4911	88.7175
Thuru	12	34.2321	74.7518
Thiun	12	34.2389	74.9666
Thera	12	33.6547	74.1190
Thandopara	12	33.4507	74.2413
Thuli	12	33.4073	74.2278
Thandi Kasi	12	33.2876	74.1540
Thokarpura	12	34.0004	74.7323
Thaggund	12	34.3175	74.3984
Thukarpur	12	34.3455	74.3586
Thundus	12	34.4770	74.4372
Thuggi	12	32.9802	74.5034
Thil	12	32.9383	74.5720
Thandichoi	12	32.9109	74.5486
Thil	12	32.9556	74.5944
Thati	12	33.2486	74.0913
Thikrian	12	33.2137	74.0978
Thala	12	33.1751	74.0993
Thanda Dab	12	33.2379	74.2299
Thil	12	33.1510	74.2628
Thus	12	33.1163	74.2699
Thajka	12	33.0806	74.3806
Thatti	12	33.1722	74.4036
Thandanani	12	33.0629	74.4815
Thanna	12	33.9005	74.2952
Thi	12	32.9473	74.4653
Thandapani	12	32.8340	74.9729
Thaodapani	12	32.8972	74.8764
That Jandial	12	32.9097	74.7667
That Ranjan	12	32.8889	74.7556
Thatthar	12	32.7938	74.8284
Thathar	12	32.7510	74.9125
Thal	12	32.7972	74.9744
Thalal	12	32.7813	74.9561
Thakurpur	10	29.9108	76.9969
Thikrian	12	32.6205	74.7524
Thangar	12	32.6959	74.8996
Thulwal	12	32.7044	74.7789
Tharumsa	41	34.5188	76.1703
Thanjok	41	34.5736	76.1986
Thamni	12	34.3778	73.7909
Thanda Pani	12	34.3068	73.9624
Thangaon	39	30.4362	77.9741
Thakurpur	39	30.3313	77.9406
Thakurpur Tarla	39	30.3346	77.9344
Thapal	39	30.0951	77.8329
Thaska Khadar	10	29.9747	77.1632
Thabani	36	29.8623	77.2377
Thola Fatehpur	36	29.7183	77.3426
Thaska	36	29.7001	77.4690
Thirwa	36	29.5638	77.3457
Thari	24	25.1130	75.5505
Thari	24	25.1078	75.5442
Thikrid	24	25.3589	75.7228
Thaliyan	24	25.6563	75.7133
Thakron ki Jhonpariyan	24	25.6095	75.7123
Thata	24	25.9948	75.5519
Thali	24	25.9581	75.6912
Thokrawas	24	25.8297	75.6353
Thikaria Kalan	24	25.8004	75.6995
Thana	10	28.0589	76.0404
Thathwari	10	28.0478	76.0110
Thogi	11	31.2521	77.0809
Thalog	11	31.1757	77.0030
Thachi	11	31.2050	77.0900
Thantoli	39	29.9981	78.5283
Thapla	39	29.9719	78.5865
Thapla	39	29.7847	78.6771
Thukkuguda	40	17.2098	78.4789
Thimmayapalli	40	17.0681	78.5183
Thirumangalam	25	13.0886	80.2075
Thiru-Vi-Ka Nagar	25	13.0983	80.2464
Thiru-Vi-Ka Nagar	25	13.1217	80.2419
Thattankulam	25	13.0958	80.2685
Thathankuppam	25	13.1128	80.2019
Thousand Lights	25	13.0536	80.2533
Thodhunter Nagar	25	13.0183	80.2303
Thirumullaivoyal	25	13.1313	80.1321
Thippasandra	19	12.9740	77.6521
Thayamanagondlu	19	13.2153	77.2986
Thygaraj Nagar	19	12.9323	77.5699
Thanisandra Main Rd	19	13.1036	77.6211
Thaniyamangalam Senthilvel Theatre	25	10.0314	78.3979
Thaniyamangalam	25	10.0317	78.3970
Thirpali Chhoti	24	28.4180	75.5259
Thimau Bari	24	28.3435	75.5050
Thirpali Bari	24	28.4014	75.5421
Thicholi	24	28.0908	75.6756
Thicholi ki Dhani	24	28.0828	75.6624
Thumli	24	27.6478	72.8104
Tharauli	10	30.1896	76.7263
Thaska Ali	10	30.1874	76.7473
Thol	10	30.1664	76.7112
Thol Jugian	10	30.1920	76.7052
Thikri	10	30.0249	76.6140
Thandran	10	30.1044	76.6511
Thattar	10	30.7246	76.9764
Thalipur	10	30.0370	76.9696
Thanwara	36	24.7915	78.3139
Thanpur Nigoh	36	27.1352	79.4541
Tharia	36	27.6860	79.5124
Thatharmai	36	27.7353	79.5781
Thingri	36	27.6584	79.6579
Thulrai	36	26.9964	79.1434
Tharati Etawah	36	26.7582	79.0149
Thakurpura	36	26.7713	79.2109
Thanpura	35	26.3253	79.1182
Thalaura	36	25.3578	79.4093
Thularia	36	26.9566	79.5197
Thana Hamirpur	36	26.6926	79.9643
Thenamau	36	26.5058	79.7679
Tharamani	25	12.9786	80.2409
Thakur Shalwali	24	27.8049	71.8462
Thenmala	13	8.9500	77.0667
Thathampally	13	9.5046	76.3477
Thiruvadanai	25	9.7834	78.9187
Thukriyasar	24	28.1815	74.1081
Thibapara	18	25.2448	90.2227
Thayang	18	25.9492	92.1176
Thakurbari	26	24.3976	92.2280
Thowbanga	03	26.8134	92.8958
Thangmo	03	25.6512	92.6513
Thindawl	03	24.1783	92.7005
Thirdu	12	32.8676	75.5222
Thilon	17	24.9912	93.4070
Thudmpui	31	22.9759	92.7098
Thamayapeta	02	17.2226	82.3033
Thakri	16	19.6423	79.7968
Thadia	24	26.7662	72.3875
Thana	24	25.6819	74.1045
Thyavanagi	19	14.2482	75.8855
Tharr	35	23.5129	77.9552
Thumha	34	26.1539	86.7420
Thalisain	39	30.0215	79.0489
Thelamara	03	26.6964	92.5583
Thana	35	22.9393	79.8381
Thunakhurd	35	23.2236	77.1198
Thakhatpur	37	22.1373	81.8769
Thapla	39	30.1309	78.8736
Thalisen Vaya Panas	39	29.8314	79.0083
Thadoli	35	24.5167	74.9989
Tharka	35	25.9673	90.2503
Thala	21	21.2859	86.7391
Thapapali	21	21.6439	84.1514
Thegamukh	31	22.8786	92.4457
Thiyam	17	24.6900	93.8643
Thaska	10	29.1029	76.6760
Thothwalka	10	28.1723	76.5508
Thana Kalan	10	28.8859	76.9506
Thana Khurd	10	28.8983	76.9594
Thara	24	28.1628	76.8097
Thana Alampur	10	28.1658	76.9482
Thalakan	11	31.7393	77.0257
Thata	11	31.7149	77.0745
Thach	11	31.6725	77.1101
Thach	11	31.6469	77.1073
Thach	11	31.6392	77.1144
Thaprar	11	31.6362	77.1181
Thach	11	31.5668	77.0578
Thach	11	31.5360	77.1629
Thanyar	11	31.5482	77.2183
Thunag	11	31.5593	77.1651
Thanuta	11	31.5920	77.1840
Thach	11	31.6029	77.1848
Tharan	11	31.6012	77.2154
Thana	11	31.6150	77.2404
Thaprar	11	31.6478	77.1778
Thawanu	11	31.6587	77.1475
Thachi	11	31.6817	77.2085
Thawanu	11	31.6853	77.2124
Thahri	11	31.6923	77.2258
Thalat	11	31.7119	77.2015
Thani	11	31.7113	77.2238
Thawari	11	31.7185	77.2418
Thawari	11	31.7281	77.1486
Thanogi	11	31.7322	77.1467
Theri	10	29.6126	75.3278
Thomaspura	10	29.6317	75.4891
Thakran ki Dhani	24	29.0375	75.1688
Thuiyan	10	29.3399	75.2854
Tharwi	10	29.5988	75.8353
Tharwa	10	29.6155	75.8348
Thalori	24	28.4625	75.0171
Thal	10	29.5264	76.5198
Tharota	10	29.7204	76.6904
Thari	10	29.5648	76.6943
Thirwa Majra	10	29.5790	76.7325
Thil	12	33.4439	74.2644
Thandi Kasi	12	33.3954	74.2716
Thikrian	12	33.3404	74.2848
Thuddi	12	33.3614	74.3323
Thamari	11	31.4755	77.0161
Thach	11	31.4529	77.0217
Thachchi	11	31.3684	77.0968
Thach	11	31.3699	77.1123
Thatar	11	31.4102	77.0856
Thach	11	31.4343	77.0923
Thonagla	11	31.4847	77.1054
Thana	11	31.4319	77.1622
Tham Thach	11	31.3292	77.1512
Thaitu	11	31.3076	77.1569
Thangar	11	31.3321	77.2067
Thindpur	12	34.5022	74.0751
Theka	12	34.6498	74.3361
Thail	12	34.6835	74.4277
Thiamthor	12	34.6630	74.4463
Thandewala	24	29.7188	73.9196
Thakuranwali	24	29.7007	73.9466
Thirajwala	24	29.5221	73.9740
Thainshar	11	31.4644	77.2589
Tharu	11	31.4473	77.2790
Thakar Thana	11	31.3975	77.2883
Thangadhar	11	31.3831	77.2775
Tharmi	11	31.3299	77.2737
Thach	11	31.3254	77.2745
Thench	11	31.2533	77.2603
Tharu	11	31.2514	77.2645
Thanali	11	31.3419	77.2670
Thanog	11	31.3436	77.3080
Tharal	11	31.3549	77.3097
Tharli	11	31.3589	77.3028
Thanag	11	31.4391	77.3026
Thuha	11	31.4869	77.3056
Thahro	11	31.4847	77.3562
Thalot	11	31.4800	77.3609
Tharmi	11	31.4015	77.3444
Thachi	11	31.3251	77.3501
Thanena	11	31.2653	77.3557
Tha	11	31.2710	77.3632
Thanu	11	31.2661	77.3704
Thach	11	31.2705	77.3722
Thanog	11	31.4121	77.4057
Thach	11	31.4649	77.3741
Thog	11	31.4339	77.4281
Tharog	11	31.4091	77.4249
Thanali	11	31.4133	77.4423
Thach	11	31.2929	77.4373
Thinu	11	31.2950	77.4910
Thanadhar	11	31.3223	77.4910
Thalen	11	31.3734	77.4867
Tho	11	31.3558	77.4737
Thanedhar	11	31.3862	77.4679
Thua	11	31.4875	77.4455
Thua	11	31.4967	77.4611
Theh Kalandar	23	30.4568	74.1078
Thara	23	30.5251	74.7497
Thandewala	23	30.4720	74.5898
Theri	23	30.2103	74.5797
Tharajwala	23	30.1656	74.6121
Thethar Kalan	23	30.8800	74.8362
Thethar Khurd	23	30.8809	74.8311
Thammanwala	23	30.8052	74.9814
Thela	11	31.1456	77.2629
Thana	11	31.1403	77.3192
Tho	11	31.1133	77.3377
Thakurdwara	11	31.1806	77.3262
Tharaut	11	31.1940	77.3243
Thani	11	31.1969	77.3228
Thanda	11	31.1401	77.3683
Thauth	11	31.0055	77.4279
Thanadhar	11	31.0626	77.4527
Thaut	11	31.1019	77.4133
Tharmla	11	31.1623	77.4718
Thathal	11	31.2418	77.3967
Thachru	11	31.5679	77.5804
Thana	11	31.5371	77.5933
Tharuwa	11	31.5200	77.5803
Thoru	11	31.5078	77.5726
Thaladhar	11	31.5479	77.6771
Thantal	11	31.4616	77.5576
Thachwa	11	31.4544	77.6340
Thuwa	11	31.3571	77.5713
Theli	11	31.3608	77.6352
Tharu	11	31.3338	77.5587
Theli	11	31.3376	77.5932
Theda	11	31.3711	77.7152
Thanti	11	31.4428	77.6485
Thana	11	31.4260	77.6588
Thala	11	31.4275	77.7394
Thana	11	31.1491	77.5030
Thanari	11	31.1837	77.5738
Thanog	11	31.0897	77.5272
Thakrot	11	31.1251	77.5451
Tharola	11	31.1401	77.5875
Thutna	11	31.0525	77.5169
Thotla	11	31.0105	77.5034
Thothiya	11	31.0087	77.5968
Thayara	11	31.0027	77.6674
Thani	11	31.1375	77.7393
Thali	11	31.1395	77.7246
Thana	11	31.1887	77.6376
Thamgari	11	31.2171	77.7424
Thain	11	30.9138	77.0281
Tharkad	11	30.9339	77.1206
Thapo	11	30.8734	77.0744
Thod	11	30.7503	77.0782
Thanal	11	30.7992	77.1928
Thuran	11	30.8443	77.1650
Thalera ki Ber	11	30.8175	77.2028
Thari	11	30.8298	77.1867
Thana Kavadi	11	30.8429	77.2085
Thara ka Jubar	11	30.9675	77.2206
Thund	11	30.9908	77.2446
Thatola	11	30.9989	77.1744
Thapli Balku	10	30.7424	77.0121
Thapli Sikh	10	30.7401	77.0053
Thana	10	30.7175	77.0262
Thaploti	11	30.7481	77.0781
Thar	10	30.6971	77.1362
Thalpur	10	30.6639	77.0835
Thakurdwara	10	30.6605	77.0766
Thana	10	30.6680	77.1340
Thadion	10	30.6285	77.0473
Thathar	10	30.6218	77.1024
Thappal	10	30.6048	77.1333
Thandapani	11	30.5426	77.2472
Thandok	10	30.6733	77.1423
Thandot	10	30.6864	77.1486
Theli	11	30.6619	77.1579
Thakur	11	30.6804	77.2226
Tharwa	10	30.3536	77.1344
Thaska	10	30.4480	77.2491
Thambar	10	30.1773	77.0604
Thund	11	30.9927	77.2600
Thana	11	30.9536	77.2601
Tharu	11	30.9854	77.3799
Thanoh	11	30.8975	77.3437
Thail	11	30.9261	77.3510
Thaina	11	30.8753	77.2982
Thana Dhar	11	30.8422	77.3436
Thor	11	30.8080	77.2813
Thod	11	30.7968	77.2984
Thonta	11	30.7755	77.4126
Thach	11	30.7983	77.4241
Thotharna	11	30.8101	77.4433
Thanga	11	30.8072	77.4442
Thera	11	30.8475	77.4197
Thandidhar	11	30.9114	77.4110
Thana	11	30.9176	77.4722
Thundal	11	30.9561	77.4661
Thagrog	11	30.6817	77.3200
Tharap	11	30.5940	77.2805
Thapal	11	30.5658	77.3437
Thapla Tikri	11	30.5685	77.4062
Thandoli	11	30.5630	77.4100
Than ki Ser	11	30.5903	77.4074
Thana	11	30.5846	77.4085
Thanu	11	30.6583	77.3876
Thauri	11	30.6484	77.4036
Thoto	11	30.7145	77.4274
Tharia	11	30.6831	77.4953
Thakraich	11	30.6849	77.4958
Thakrara	11	30.6371	77.4357
Thaul	11	30.6362	77.4930
Thoth	11	30.5872	77.4279
Thana	11	30.6337	77.4401
Thor	11	30.5665	77.3714
Thikaraya	24	27.5331	76.1005
Thether Basna	24	27.9532	76.6135
Thatra	24	27.7916	76.6822
Thikrah	24	27.7844	76.6409
Thatka	24	27.9788	76.6668
Thekra	24	27.6441	76.6139
Thana	24	27.2549	76.5944
Thonsra	24	27.3101	76.5526
Thachi	11	30.7469	77.5798
Thor	11	30.7462	77.5581
Thola	11	30.7411	77.5489
Thandnian	11	30.6599	77.5230
Thakar	11	30.6359	77.5016
Thakar	11	30.5756	77.5193
Thountha	11	30.6264	77.6349
Thala	11	30.6299	77.6590
Thontha	11	30.7188	77.6127
Thalpi	11	30.6822	77.6194
Thana	11	30.7359	77.6174
Thalnu	11	30.7477	77.6894
Thilnu	11	30.7445	77.7048
Thakrao	39	30.7184	77.7365
Thath	11	30.7177	77.7254
Thara	11	30.5710	77.7428
Thapoli	11	30.7271	77.5647
Thos	24	27.7993	76.8356
Thanaghora	24	27.7650	76.8447
Thekri	10	27.8109	76.9549
Thokdarbas	24	27.6994	76.8594
Thekri	24	27.5228	76.9642
Thaparpur	39	30.4231	77.5727
Thumrela	24	27.4193	76.7512
Thekari	24	27.3457	76.9210
Thana	39	30.6916	77.8194
Thana	39	30.6667	77.7849
Thana	11	30.6266	77.7670
Thaina	39	30.5570	77.8909
Thuru	39	30.5749	77.8403
Thathau	39	30.6118	77.9085
Thanata	39	30.7186	77.9452
Themi Khera	39	30.6578	77.9003
Thana	39	30.6626	77.8867
Thalin	39	30.5591	77.9403
Thumri	24	26.7275	76.4439
Thaloj	24	26.5724	76.2940
Thanpura	24	26.5333	76.4309
Thaska	10	29.2717	75.6954
Thedi	24	28.0845	75.0184
Thimoli	24	28.1283	75.0957
Thanmathoi	24	28.6319	75.4481
Thimau Chhoti	24	28.3594	75.4829
Thekawala Khatta	39	29.7810	78.2372
Thuni	24	26.6937	76.0237
Thikriya Gujran	24	26.5805	76.0849
Thikriya Mina	24	26.5655	76.1126
Thuni	24	26.5468	76.2335
Thuniya	24	26.5917	76.1344
Thuni	24	26.4993	76.0644
Thuni	24	26.4203	76.0045
Tharakpur	24	26.4222	76.1065
Thanera	24	26.4185	76.1783
Thari	24	26.3610	76.2455
Thala	35	23.1038	78.3596
Thikri	24	26.4025	76.4860
Thikri ka Jhonpara	24	26.3941	76.4742
Thari ki Jhonpariyan	24	26.3587	76.2618
Thikaria	24	26.6260	76.5842
Thali	24	26.5048	76.6475
Thikria	24	26.4382	76.5486
Thavri	35	23.3886	78.6735
Thanvari	35	23.3899	78.9066
Thala	35	23.0685	78.6774
Thareri	35	23.0498	78.8069
Tharaull	36	29.9310	77.4871
Thath Kheri	36	29.9138	77.4248
Thar Ka Pura	24	26.5177	76.9768
Thonpur	24	25.0689	76.1760
Thiraut	36	29.0174	77.4839
Thakarpur	36	29.6638	77.6619
Thithki	36	29.6453	77.7487
Thikri	35	22.8136	78.1874
Thana	35	22.6294	78.1543
Theni	35	22.7751	78.5472
Thanwri	35	22.0495	78.6334
Thanwari	35	22.1556	78.7078
Thanwari Birsa	35	22.1628	78.7080
Thanwari Damodar	35	22.1668	78.7190
Thalwara	35	22.8420	78.8094
Thesgora	35	22.2256	78.9496
Thaonri	35	22.1676	78.9250
Thuniyaudna	35	22.0393	78.8712
Thuniyabhand	35	22.0062	78.9114
Thani	35	21.9293	78.0777
Thani	35	21.9800	78.1386
Thani	35	21.9302	78.0853
Thana	16	21.3529	78.0713
Thuni	16	21.3557	78.0721
Thar	16	21.2052	78.2399
Thakarwari	35	21.9739	78.3971
Thugaon	16	21.4227	78.4877
Thugaon Dev	16	21.4112	78.4537
Thaturwara	16	21.3498	78.5172
Thanvri	35	21.8267	78.9979
Thalegaon	16	20.6016	78.1217
Thirunarayanapuram	25	10.9713	78.3163
Thala	24	24.3809	73.2013
Thala	24	24.3286	73.2371
Thadi Ber	24	24.3006	73.4098
Thobawara	24	24.4063	73.3706
Thala	24	24.2545	73.4265
Thurja	24	24.0294	73.4947
Thurja	24	24.0171	73.4964
Thala	24	24.8763	73.5961
Thoria	24	24.9161	73.6251
Thiraj	23	30.5439	75.1037
Thikaria	35	25.5439	76.5585
Thobawara	24	24.0063	73.6133
Thori	24	24.2972	73.9681
Thammangarh	23	30.1326	75.2482
Thikariakhera	24	25.5369	74.1210
Thikriwala	23	30.4333	75.5272
Thullewal	23	30.4213	75.6590
Thulliwal	23	30.4865	75.6470
Thaska	39	29.7703	77.8365
Thithki Kabadpur	39	29.8109	77.8511
Thataula	39	29.7910	77.9466
Thoi	39	29.7083	77.8982
Thakarwal	23	30.8430	75.8085
Thapkhera	36	28.5067	77.5550
Thasiana	36	28.3380	77.6308
Thodan	23	31.6754	75.9522
Thappal	23	31.5669	75.9637
Thana	24	24.2209	73.8251
Tharoro	24	24.1446	73.9101
Thara	24	24.1370	73.9340
Thanaota	24	25.8031	74.1352
Thunithak	24	25.9722	74.2267
Thumia	24	25.7701	74.2288
Thagon ka Khera	24	25.2994	74.6128
Thales	23	30.2830	75.8506
Thal	24	24.5887	72.6112
Theh Taranwali	10	29.9539	76.2379
Tharwa	23	29.8507	76.1750
Thaska	23	29.7798	76.0267
Thingri	11	31.6405	78.0166
Thokru	11	31.5100	78.1269
Thuti	11	31.5770	78.2282
Thalwalgaon	39	30.4841	78.0565
Thal	39	30.2628	78.2099
Thikkar	39	30.3286	78.1339
Than	39	30.4725	78.2330
Thapla	39	30.4875	78.1611
Thatyur	39	30.4973	78.1665
Thaing	39	30.5666	79.5115
Thunapur	36	28.8720	79.1755
Thunapur	36	28.8417	79.1270
Thotar	36	28.8341	79.0077
Thiria Buzurg	36	28.4501	79.2481
Thikriya	24	24.7485	76.3604
Thobriya	24	24.2884	76.2538
Thanawad	24	24.4717	76.4752
Thutiyakheri	35	24.0896	76.4227
Tharol	24	24.4226	76.5281
Thamari	24	24.3454	76.6510
Thalando	24	26.1879	75.4918
Thora	36	28.1408	77.6410
Thungling	29	27.1643	88.1704
Tharpu	29	27.1422	88.1926
Thekabong	29	27.2478	88.6641
Thandar	37	21.6328	81.0962
Thanadang	24	26.8596	77.3247
Thikriya	24	26.9673	77.3631
Thakron ki Dhani	24	28.0556	75.6004
Tharra	35	26.3567	77.8480
Theha	35	26.2962	77.9068
Thethiapura	35	25.9167	78.1953
Thali	24	28.1503	75.8667
Thotwal	24	28.1868	75.8497
Thaili	35	25.8245	78.4798
Thape Limbgaon	16	19.2855	76.0322
Thengewadgaon	16	19.6684	76.3735
Thuhi	23	30.3366	76.1581
Thuhar	23	30.0208	76.0568
Thar	16	19.1114	76.5365
Thadi Okhadgaon	16	19.0961	76.5308
Thadi Pipalgaon	16	19.1049	76.5498
Thumri Pipalgaon	16	19.1822	76.6565
Thola	16	19.0983	76.8030
Thikriwal	23	30.7873	76.3248
Theh Banhera	10	30.0278	76.4160
Thakurgarh	23	30.2054	76.4357
Thona	23	30.9284	76.5701
Thoska	23	30.7777	76.6866
Thana Govindgarh	23	30.8692	76.6321
Theda	11	30.9990	76.7475
Thote Kinhi	16	18.2345	76.6342
Tharwa	10	30.2746	76.7879
Thergaon	16	18.3681	76.7891
Thekri	24	27.6164	77.0007
Thainuan	36	27.8239	77.7172
Thirawali	36	27.2977	77.6882
Thurana	10	29.1479	76.1184
Theh Butana	10	29.9785	76.2604
Theh Kharak	10	29.9053	76.2555
Theh Mukerian	10	29.9778	76.3394
Theh Nawal	10	29.9950	76.3655
Thana	10	29.9181	76.4980
Thuwa	10	29.5335	76.3441
Thehbahari	10	29.5272	76.4983
Thanpur	36	28.0258	77.8807
Thaingaura	36	28.1488	77.8598
Thathwarpara	37	22.3962	82.2805
Tharpakhna	37	22.4919	82.4465
Tharakpur	37	22.1740	82.7506
Thakurdewa	37	21.8682	82.2072
Thelki	37	21.6091	82.1047
Thelkadabri	37	21.4029	82.6160
Thargaon	37	21.3980	82.6542
Thelkadadar	37	21.4559	82.7266
Thakurtola	37	20.5165	81.0394
Thema Kalan	37	20.5171	81.1356
Thema Khurd	37	20.5340	81.1390
Thanabori	37	20.4579	81.5186
Thema	37	20.2089	81.6598
Thengapara	37	20.0501	81.8740
Thelkadih	37	21.2440	81.0308
Thekwa	37	21.1276	81.1336
Thanaud	37	21.1325	81.2160
Thelka	37	21.7250	81.3162
Thengabhat	37	21.5018	81.4115
Thelka	37	21.4810	81.2520
Thengabhat	37	21.9277	81.5177
Thakuraintola	37	21.0745	81.5743
Thelka	37	21.0221	81.7866
Thanaud	37	21.0680	81.8227
Thugaon	16	19.1244	77.2663
Thawara Tanda	16	18.8573	77.0278
Thana	16	18.5362	77.4683
Thadisaoli	16	18.6522	77.6317
Thadi Hiparga	40	18.5281	77.6586
Tharaura	36	27.4213	78.1203
Thok Pachaya	36	27.3620	78.2369
Therai	36	27.0565	78.0597
Thipuri	36	27.0275	78.2112
Thanpur	36	27.3310	78.4029
Thorana	16	20.1577	78.9824
Thana Amarsingh	36	27.5653	77.7841
Thathoi	36	27.7308	77.8697
Thana	35	23.3250	79.7099
Thuntha	35	23.1308	79.6067
Thuba	35	23.3839	79.7758
Thakurtalai	35	23.2439	79.8751
Thana	35	23.0394	79.7649
Thanagunda	19	16.7957	77.0541
Thanumai	36	27.1766	78.5966
Thar Dal	36	27.1087	78.6890
Tharwa	35	22.5289	79.1174
Thanvri	35	22.2947	79.2069
Thamka	36	27.4991	77.9033
Thuhari Kalan	35	22.7654	79.3896
Thuharitola	35	22.7641	79.3890
Thuhari Khurd	35	22.7721	79.3750
Thara Chitra	36	27.7469	78.7699
Thara	36	27.7398	78.7665
Thanpur	36	27.6661	78.8027
Thati	36	27.6639	78.8735
Thapi	36	27.1779	77.8322
Thara	35	26.7027	78.2788
Thanvari	35	22.8100	79.5774
Thavri	35	22.8324	79.7071
Thanwari	35	22.3154	79.6549
Thanwari	35	22.3919	79.7037
Thanvari	35	22.2143	79.5581
Thigaripar	35	22.0280	79.5611
Thona	35	26.6667	78.9762
Thobon	35	24.6618	77.9987
Thana Dariaoganj	36	27.6243	79.0650
Thana Khas	36	27.6217	79.0667
Thaman Gulla	36	27.5322	79.1452
Thanna	36	27.7255	79.1534
Thatiguda	40	19.2452	78.6019
Tharwa	24	26.5830	77.4604
Thanwri Kalan	35	21.9632	79.0700
Thota	35	21.8519	79.1993
Thuyepani	35	21.6694	79.1500
Thotoliya Patti	36	27.4488	79.4942
Thanwarjhori	35	21.9321	79.4835
Tharsa	16	21.2254	79.3815
Thareli	35	21.9241	79.6292
Thansera	36	26.8802	77.5497
Thengepura	35	26.4208	77.5961
Thadsora ka Pura	35	26.2725	77.6924
Theyo	35	26.4154	77.6910
Thathipura	35	26.2235	77.6983
Thekuli	24	26.8109	77.8535
Thevla	35	25.8279	77.4757
Thakurpura	35	25.7688	77.4105
Thakuri	36	27.3442	79.6860
Tharia	36	27.5564	79.7770
Thalchana	24	27.7556	77.1368
Thek	10	27.8390	77.2017
Therole	16	21.1916	76.0971
Thagosa	35	25.6834	77.3859
Ther ka Pura	35	25.9732	77.6228
Thehapur	36	27.4871	79.9061
Tharra	35	25.4512	77.5791
Tharri	35	25.4433	77.5677
Thakurpura	35	25.4499	77.6696
Theh	35	25.3505	77.5482
Thati	35	25.0834	77.7396
Ther	35	25.8745	77.7588
Theuwan	35	24.7868	77.2124
Thikriakhera	35	24.3851	77.2512
Thapna	35	24.3255	77.2612
Tharauli	36	27.4374	78.8552
Thorwa	36	27.3133	78.8936
Thuma Kundal	35	24.0026	77.2895
Thigli	35	24.4969	77.9293
Thanarpur	35	24.1375	77.8613
Thanwah	35	24.0066	77.9031
Thanedarpalli	40	17.7961	79.3988
Thulai	36	27.6460	78.1940
Thegpur	36	27.7696	78.4450
Thudimidi	40	17.3406	79.3997
Thonda	40	17.4893	79.4731
Thanedarpalli	40	17.0565	79.3339
Thar Jhirria	36	27.1645	78.3005
Thar Shyamlal	36	27.1326	78.3136
Thar Jamdar	36	27.0968	78.2617
Thar Chhote	36	27.1018	78.2594
Thar Bhura	36	27.1247	78.2978
Thar Kamraj	36	27.1142	78.3013
Thar Torhi	36	27.1126	78.3076
Thar Jalim	36	27.1094	78.3107
Thar Beni	36	27.1080	78.3023
Thar Manphul	36	27.1109	78.3018
Thar Shyamlal	36	27.1052	78.3013
Thar Tunde	36	27.1029	78.3022
Thar Amwari	36	27.1019	78.2992
Thar Nargapur	36	27.0136	78.4971
Thikura	36	27.0150	78.4134
Thotta	40	17.8883	79.5917
Thidugu	40	17.8102	79.5029
Thaterpur	36	27.9155	78.7412
Thulpia	36	26.6933	79.6939
Thakurgaon	36	26.6696	79.6928
Thatia	36	26.9255	79.8992
Thakurpur	36	26.8742	79.9205
Tharihar Purwa	36	26.8786	79.8188
Thanwanpur	36	26.3550	79.8295
Tharua	36	27.4140	78.5267
Thathi	36	27.4091	78.5607
Thakuran Purwa	36	26.2113	79.7725
Thakur Purwa	36	26.2465	79.9691
Thakur Purwa	36	26.2018	79.8036
Thurat Sajna	36	25.8173	79.1774
Tharro	36	25.7596	79.3315
Thana	36	25.1720	80.4925
Thakuri Khera	35	25.0031	80.3147
Thon	36	25.6425	81.2291
Thek Tara	36	25.5604	81.0406
Tharia	36	25.7431	82.0799
Thattha	36	25.5736	82.2097
Thanapur	36	25.5614	82.1991
Thar	35	25.0313	79.1484
Thatheora	35	25.0666	79.4088
Thokanbehra	35	21.8087	76.0037
Thokanbehra	35	21.8002	76.0091
Thurat	36	25.2651	79.5194
Thatheora	36	25.2471	79.6827
Thana	36	25.3115	79.9472
Thanapura	36	26.9908	78.0553
Thap Kharga	36	26.9718	78.0690
Thap Mahdwari	36	26.9653	78.0821
Thogapura	35	26.6284	78.0928
Thatar	35	21.3798	76.2024
Thamki	35	21.8530	76.3541
Thikri Khera	35	22.7440	77.1341
Thara	35	24.8913	79.6996
Thara	35	24.8793	79.7065
Thuni	36	25.6074	83.0044
Thuthwan	36	25.5373	83.0833
Thata	36	25.5716	83.1497
Thok	36	26.9774	78.3341
Thakurbaba Ka Majara	35	24.7324	79.6388
Thaher Bhagat	36	26.9704	78.6240
Thaher Tunde	36	26.9567	78.6846
Thaher Mangal	36	26.9442	78.6421
Thaher Mull	36	26.9524	78.6431
Thaher Baljit	36	26.9539	78.6359
Thaher Girdhari	36	26.9558	78.6329
Thaher Durg	36	26.9393	78.5949
Thaher Pohauchia	36	26.9080	78.6400
Thaher Girdhari	36	26.9236	78.6590
Thaher Nathu	36	26.9090	78.6579
Thilagpura	36	26.8050	78.5320
Thinatpura	36	26.7953	78.5340
Thapkan ka Pura	35	26.2134	78.5112
Thekaha	36	25.0867	83.2438
Thikri	35	22.8553	77.9917
Therula	16	20.9825	76.2651
Thati	35	25.6817	78.0015
Thanra	35	25.4951	78.2822
Thuni	35	25.2609	78.0460
Thanipura	36	25.5271	83.4323
Thakurpur	35	25.1713	78.4008
Thana	36	25.1011	78.3922
Thuha	35	22.4921	77.4071
Thowanpurwa	35	24.9580	79.9405
Thakurmanpur	36	25.9470	83.5149
Thaincha	36	25.8725	83.7311
Thaincha	36	25.8596	83.7246
Thanadhana	35	21.9561	77.5009
Themgaon	35	21.5659	77.7343
Thani	35	21.9942	77.8862
Theska	35	21.8107	77.7798
Thaori	35	21.7708	77.9755
Thani	35	21.6600	77.9472
Thora	34	25.5547	83.9460
Thakura	34	25.3214	83.7570
Thorsan	34	25.0819	83.8884
Thorsan	34	25.1221	83.9641
Thapnahian	36	24.7835	83.0789
Thatwan	36	24.7998	83.1973
Thugaon	16	20.8776	77.9648
Thapora	35	21.3780	77.5663
Thugaon	16	21.2731	77.6799
Thugaon	16	21.1000	77.5757
Theska	35	21.4999	77.8801
Thugaon	16	21.0523	77.7718
Thokbardi	16	20.8911	77.0946
Thelori	16	20.9109	77.3798
Thana	35	21.7742	79.8015
Thiru	36	24.7299	83.0503
Thubhia Kalan	36	24.6766	83.2161
Tharhpathar	36	24.2465	83.0150
Thingrawa	36	24.0737	83.1508
Thupata	34	24.8808	83.4166
Thubhia Khurd	36	24.6889	83.2882
Tharkiya	38	24.2546	83.4624
Tharka	38	24.2413	83.4640
Thakurpura	36	25.2475	78.5517
Thakratola	38	24.2481	83.5578
Thakurtola	38	24.1810	83.6840
Thekatola	38	24.1936	83.6677
Thagmanwatola	38	24.1258	83.5921
Thomra	16	20.8968	79.3134
Thana	16	20.8138	79.3816
Thana	16	20.9034	79.4933
Thutanbori	16	20.8574	79.5733
Thana	16	20.8532	79.6162
Thane Pukhra	35	25.2724	80.2341
Thanagaon	16	20.4294	79.9925
Thurati Purwa	35	25.1876	80.0150
Thurati	35	25.1892	80.0054
Thergaon	16	20.1513	79.8897
Thakurra	35	25.2881	80.2737
Thawai	36	25.8577	80.5933
Thithaura	36	25.9082	80.6487
Tharrka	35	23.9714	78.0161
Thambua	38	24.0092	83.8977
Thariya	38	24.1472	83.9393
Therdi	16	19.5343	78.1192
Thara	16	19.4694	78.1876
Thakarwadi	16	19.3482	78.0182
Thona	36	25.3621	78.9063
Thimmasanipalli	40	16.7612	78.0093
Thanwari Ghatkheri	35	23.1666	78.1229
Thanedarpalli	40	16.9684	78.8876
Tharthuwa	36	25.5851	80.7224
Thagari	36	24.4791	78.4562
Thekedar Purwa	36	25.3423	80.5575
Thaner	36	25.3304	80.6140
Thikriya	35	23.7642	76.2577
Thatkhera	36	24.8472	78.5473
Thangana	36	24.2602	78.7775
Thatiguda	40	19.2505	78.5910
Thathaura	35	24.7127	81.1174
Thau	35	23.7712	78.6832
Thurriha	35	24.7422	81.8822
Thangawani	35	22.7938	78.3376
Thaunkhar	35	24.4796	81.3875
Thivargama	35	24.4248	81.6381
Thakurdewa	35	24.3852	81.7012
Tharhipathar	35	24.0318	81.9510
Thakurgarhi	35	22.0592	78.2904
Thutama	35	22.1009	78.3268
Thanakhera	35	22.3925	78.8074
Thaonri	35	22.2620	78.8978
Thumri Dhana	35	22.2606	78.9606
Thumri	35	22.2598	78.9662
Tharan Ghasa	36	27.9031	79.4985
Thakri Nagla	36	27.7436	79.4718
Thar	35	24.9529	80.5504
Thaju	35	24.8664	80.7076
Thaktaiya	36	25.9889	82.0335
Thahipur	36	25.8035	82.1011
Thiria	35	24.6968	80.5579
Thakurganj	36	25.9540	82.3568
Thigua	36	25.8800	82.2749
Thengaha	36	25.8847	82.3645
Thanipur	36	25.8694	82.2630
Thahuniyan	36	25.7569	82.4088
Thegua	36	25.9259	82.4648
Thakurpura	36	25.9970	82.4488
Than	36	25.6084	82.7382
Thora	36	25.5019	82.7454
Themi	35	23.0195	79.3358
Thepa	35	24.0247	80.1634
Tharka	35	24.0292	80.1513
Thaonri	35	22.1663	79.1224
Thaonri	35	22.1037	79.2652
Thareli	35	22.0022	79.4876
Tharka	35	22.1131	79.4070
Thulgula	36	25.6820	81.3318
Thanbha	36	25.5252	81.2903
Thanipur	36	25.3041	82.4373
Thathara	36	25.4720	82.4477
Thakurain Dihwa	36	25.1618	82.4194
Thanekpatti	36	25.2370	82.4218
Thanapur	36	25.4919	82.0138
Thathar	36	25.4985	82.6310
Thegipur	36	25.2730	82.6513
Thatra	36	25.2786	82.7059
Thatra	36	25.4920	82.7545
Than Singhpura	36	25.0620	82.6703
Thanapur	36	25.0451	82.7185
Thakur Purwa	36	25.1513	82.7099
Thakurpur	36	25.4554	82.8249
Thulma	36	25.4014	82.0977
Tharia	36	25.4379	82.1471
Thanwari	35	22.7288	79.7692
Thaonri	35	22.5866	79.8132
Tharparsia	36	24.9548	82.3637
Thakkarnagar	36	24.8937	82.6229
Thatra	35	24.5801	82.7914
Thauli	36	24.7337	82.9423
Thakunu ki Dhani	10	28.5464	75.8948
Thanaram ki Dhani	24	28.4016	75.8278
Thothi	24	28.2868	75.8959
Thapna	35	24.4518	82.3473
Tharakthaila	35	24.0784	82.2603
Thuruwa	35	24.1948	82.5534
Thaloi	36	25.7297	82.3513
Thakrain Khera	36	26.6157	80.8705
Thakurain Khera	36	26.7220	80.9198
Thakur Khera	36	26.7139	80.9611
Thar	36	26.2776	80.7785
Thakrain Khera	36	26.2538	80.8583
Thakurpur	36	26.2797	80.8816
Thakurpur	36	26.2934	80.8417
Thakrain Khera	36	26.4749	80.9207
Thakrain Khera	36	26.4339	80.9723
Thakrain Khera	36	26.4037	80.9627
Thakrain Khera	36	26.3842	80.9167
Thakrain Khera	36	26.3129	80.9345
Thakrain Khera	36	26.2927	80.9433
Thakrain Khera	36	26.3464	80.8448
Thakthua	36	25.7379	82.9701
Thana Gaddi	36	25.6006	82.9030
Thaur	36	25.5846	82.8277
Thari	36	25.5288	82.8007
Thana	36	25.5094	82.7986
Thakrainganj	36	26.0528	80.8553
Thangecha	36	26.1605	80.8517
Thakurain Khera	36	26.2239	80.8465
Thakurain Khera	36	26.2245	80.8667
Thakrain Khera	36	26.1983	80.9957
Thuraila	36	29.0968	78.2205
Theth	36	29.0761	78.1393
Thotha	36	24.7093	82.3527
Thepur	36	29.4619	78.3117
Thakur Dwara	36	27.8470	81.2201
Thakuran Purwa	36	27.9233	81.1814
Thakuran Purwa	36	27.9907	81.1739
Thanghana	36	27.9905	81.1472
Thikriha Purwa	36	27.5664	81.1406
Thakuran	36	27.6680	81.1304
Thakur	36	27.4593	81.0772
Thathraiya	36	27.3819	81.0139
Thakurpur	36	27.2893	81.1344
Thakur Purwa	36	27.6385	81.5648
Thakur Purwa	36	27.5279	81.5608
Thanai Purwa	36	27.7041	81.6040
Thakur Purwa	36	27.5275	81.6109
Thakwa	36	27.3590	81.5420
Thaliha	36	27.3983	81.5404
Tharwat	36	25.8882	83.9123
Thubha Mohan	36	25.8715	83.9716
Thakur Purwa	36	27.4266	81.5006
Thatia	36	27.6788	81.8625
Thingrahna	36	27.6318	81.8358
Thakur Purwa	36	27.5471	81.8176
Thawai	36	27.5175	81.7976
Thakurjot	36	27.5409	81.8926
Thekadar Purwa	36	27.5789	81.9685
Thakur Purwa	36	27.6150	81.9454
Thakurjot	36	27.5939	81.9640
Thawai Purwa	36	27.6383	81.8812
Thakurjot	36	27.5008	81.9947
Thakuranpur	36	27.0973	81.8648
Thatia Mitahia	36	27.0801	81.8656
Thakrain Purwa	36	27.0091	81.8399
Thurhas	36	27.1829	81.9316
Thakur Shukul	36	27.1817	81.9365
Tharwaria	36	27.2297	81.9393
Thekadar Purwa	36	27.2338	81.9403
Thekadar	36	27.1370	81.9747
Thakur Ram Purwa	36	27.2390	81.8047
Thar	36	27.1107	81.7695
Thanadar Purwa	36	27.0753	81.7744
Thaonri	35	22.4056	79.8478
Thaonri	35	22.2923	79.7520
Thaonri	35	22.4401	79.9933
Thiloin	34	24.9747	83.7707
Thakurhat	34	24.9548	83.7605
Thanuan	34	24.9533	83.9225
Thakurdwara	36	26.8732	81.0602
Thakrain Khera	36	26.5074	81.0335
Thakurpur	36	26.7263	81.1594
Thakurpur	36	26.7487	81.2388
Thakur Purwa	36	26.8004	81.3014
Thana Dih	36	26.9699	81.4740
Thakurpur	36	26.9487	81.4715
Theri	36	29.1445	78.3888
Thar	36	26.7455	81.2903
Thakurpur	36	26.6229	81.2924
Thanpur	36	26.6668	81.4003
Thakurpur	36	26.7416	81.3641
Thamrapur	36	26.7049	81.4977
Thalwara	36	26.6440	81.4614
Thanegaon	16	21.3655	79.9654
Thajal	12	34.0613	74.0699
Thara	16	20.9218	79.1303
Thana	16	20.9154	79.1039
Thatbana	36	29.5939	78.5452
Thatbana	36	29.5750	78.5372
That Jat	36	29.1971	78.5042
Thath	36	29.0382	78.6101
Thawara	39	29.7063	78.9811
Thepgaon	39	29.7146	78.9782
Thiguhara	35	24.2608	80.7737
Thakur Khera	36	26.4909	81.0444
Thakrain Khera	36	26.4201	81.0433
Thakrain Khera	36	26.3525	81.0449
Thagpura	36	26.3455	81.0700
Thakrain Khera	36	26.3038	81.0660
Thakur Ahir Purwa	36	26.2828	81.0799
Thakrain Khera	36	26.2538	81.0373
Thakurain Khera	36	26.3177	81.1086
Thakrain Khera	36	26.4371	81.1728
Thakrain Khera	36	26.4463	81.1786
Thulehdi	36	26.4507	81.1507
Thakrain Khera	36	26.4809	81.1803
Thakurain Purwa	36	26.3612	81.2061
Thakur Khera	36	26.4280	81.2007
Thakurpur	36	26.4689	81.2667
Thari	36	26.4515	81.3262
Thulwansa	36	26.3403	81.2549
Thakrain Purwa	36	26.3925	81.3172
Thakur Purwa	36	26.3076	81.2544
Thakurpur	36	26.4384	81.3470
Thokarpur	36	26.4454	81.3879
Thakur Purwa	36	26.3360	81.4156
Tharaja	36	26.2824	81.3389
Thanegaon	16	20.7216	79.5790
Thakurain Purwa	36	26.3898	81.7666
Thakurpur	36	26.3520	81.7638
Thanipur	36	26.2864	81.8051
Thari	36	25.9920	81.0295
Thakarpur	36	25.8961	81.0673
Thakurpur	36	25.8278	81.1092
Thakurain ka Purwa	36	25.8925	81.2290
Thika	36	25.3813	81.0612
Thakur ka Purwa	36	25.1626	81.0678
Thakurpur	36	27.1449	80.9521
Thakur Khera	36	26.4625	80.4135
Thakrain Purwa	36	27.1643	81.5708
Thakur	36	27.1025	81.6177
Thakur Parshad Purwa	36	27.1287	81.6119
Thakur Duba	36	27.0597	81.6549
Thakrain	36	27.1136	81.7154
Thakur Pande	36	27.3541	81.9236
Thuria	36	27.3951	81.9283
Thara Buzruk	16	19.8327	77.8661
Thara Khurd	16	19.8181	77.8620
Thaiya Mazra	36	28.8625	78.6618
Thakurayan ka Purwa	36	25.9601	81.3993
Thati	36	28.4589	78.5109
Thana	36	28.2518	78.5825
Tharaisa Jaisingh	36	28.4804	78.6357
Theriyan	36	28.3504	78.7276
Thakurganj	36	26.0267	81.1565
Thulrai	36	26.0894	81.1592
Thakur Din	36	26.9869	81.7564
Thakurdin	36	26.9844	81.8047
Thareru	36	26.8002	81.9011
Thakur Purwa	36	26.9103	81.9556
Tharki Purwa	36	26.8912	81.9794
Thanpur	36	28.2126	78.6840
Thaura	36	26.1864	81.8398
Tharya	36	26.0715	81.8006
Thakur	36	26.0145	81.8499
Thakurdin	36	26.0234	81.9117
Thaonla	36	28.5893	78.8122
Thakurdwara	36	28.7321	78.9716
Thal	12	33.5310	74.4324
Thambal	12	33.5123	74.4801
Thub	12	33.6466	74.3402
Thanpur	36	28.4137	78.8732
Thiria	36	28.3604	78.9096
Thiria Jadid	36	28.4817	78.9724
Thakur Jot	36	27.6570	82.2032
Thatrahia	36	27.6348	82.2355
Thakur Purwa	36	27.6205	82.2405
Thakur Purwa	36	27.5726	82.2142
Thand	12	33.4569	74.5307
Thala	12	33.2955	74.5805
Thala Pera	12	33.2587	74.6344
Thal Kot	12	33.3871	74.7103
Thor Gala	12	33.2950	74.6927
Than Kali	36	27.4310	82.2074
Than Bhawani	36	27.4342	82.2223
Thatia	36	27.4617	82.2464
Thakur ka Purwa	36	25.3759	81.3043
Thakurganj	36	27.0471	82.2157
Thanga Talla	39	29.9107	79.0070
Thanga Bichila	39	29.9083	79.0159
Thanga Malla	39	29.9027	79.0019
Thakulsari	39	29.8221	79.0850
Thabariya	39	29.8366	79.0721
Thapla	39	29.9554	79.0767
Thewaliya	39	29.9772	79.1425
Than	39	29.9692	79.1601
Thadidhar	39	29.7866	79.1513
Thiroli	39	29.7719	79.2483
Thakur Purwa	36	27.2614	82.3033
Thatia	36	27.4059	82.3657
Tharunian	36	27.3926	82.4484
Tharua	36	27.3955	82.4547
Thakur Purwa	36	27.3263	82.4924
Thanwar	36	27.1024	82.2539
Thothiwa	36	27.2117	82.4602
Thimmaiyapalli	40	18.1207	78.2827
Thamua	36	27.4876	82.6832
Tharuwapur	36	27.0307	82.6082
Thumhwa Pande	36	27.0565	82.7422
Thumhwa	36	27.1423	82.7635
Tharauli	36	27.0391	82.7936
Thumhuwa	36	27.1045	82.8627
Thikha	36	27.2482	82.8894
Thumhuwa	36	27.1746	82.8744
Thathia	36	26.8612	82.1458
Thakrain Purwa	36	26.9829	82.1103
Thakurganj Bazar	36	26.9894	82.1073
Thanwa	36	26.9887	82.2286
Thanwan	36	26.9913	82.2253
Thiarin	12	33.7571	74.7827
Thiaryin	12	33.7558	74.9003
Thaman	12	33.8582	74.8892
Thumlahal	12	33.8239	74.9396
Thagwapur	36	26.4594	82.1369
Tharia Kalan	36	26.4796	82.2012
Thus	12	33.5972	74.9528
Thanwarbari	36	26.1804	82.0290
Thatheri	36	26.1338	82.1661
Than Bhawani	36	26.1815	82.2135
Thakurdin	36	26.1336	82.2324
Tharal	12	33.3241	74.8304
Thilu	12	33.2767	74.8190
Thal	12	33.2523	74.7828
Thikreala	12	32.5699	74.9059
Thadarwa	36	26.9843	82.3392
Thakurpur	36	26.9033	82.3120
Tharwapur	36	26.8432	82.3612
Thakurpur	36	26.9029	82.3777
Thana Khas	36	26.8043	82.4740
Thadauna	36	26.6436	82.3593
Thanwarpur	36	26.7004	82.4634
Tharia Khurd	36	26.4479	82.2664
Tharia Kalan	36	26.4648	82.3477
Thauri	36	26.1369	82.2610
Thanauli	36	25.9163	83.0211
Thothia	36	25.8482	83.0580
Thatripur	36	26.0448	82.3105
Thakrain Purwa	36	26.0355	82.3133
Thakur Dwara	36	26.0411	82.3505
Tharupur	36	26.8149	82.5280
Thuthuwa	36	26.7595	82.5098
Thagawa	36	26.9058	82.7418
Thuha	36	26.7478	82.5594
Thakthakwa	36	26.6802	82.5482
Thanuahpur	36	26.6167	82.5071
Thah Mahadeo	36	26.7292	82.6665
Thanwarpur	36	26.7449	82.6378
Thatta	36	26.2961	82.5870
Thingharwa	36	26.2664	82.7195
Thakurana	36	26.1975	82.5251
Thakurana	36	26.0773	82.5694
Thakthaulia	36	26.0552	82.6768
Thakurana	36	26.2035	82.6564
Thuthia Khurd	36	26.9920	82.7752
Thuthia Kalan	36	26.9731	82.8647
Thurinda	36	26.8180	82.9735
Thignapar	36	26.7306	82.7941
Thanwa Mundiali	36	26.6312	82.7771
Thakurapar	36	26.6912	82.8458
Thokwa	36	26.6372	82.8411
Thalhapar	36	26.6997	82.9113
Thathar	36	26.6788	82.9830
Thatha	36	25.7800	83.2556
Thumboly	13	9.5192	76.3217
Thegu	29	27.3734	88.7906
Thattapur	36	26.4222	82.9042
Thirai Patti	36	26.3240	82.9211
Thakur Dwara	36	26.0098	82.8084
Thutiatar	36	26.1082	82.8885
Thajiwor	12	33.7923	75.1441
Thakurnagar	36	27.0690	83.2552
Tharauli	36	27.2291	83.3465
Tharauli	36	27.2382	83.3539
Thakurwa	36	27.0013	83.4622
Tharua	36	27.1681	83.5309
Thoth	12	33.5645	75.1449
Thukurpur	12	33.7167	75.0860
Thajwor	12	33.7053	75.2055
Thakuraini ka Purwa	36	25.7540	81.6739
Thawaipar	36	26.7751	83.0028
Thangicha	36	26.8115	83.0892
Thawaipar	36	26.8518	83.1533
Tharrapar	36	26.8284	83.1633
Thanthar	36	26.9625	83.1923
Tharauli	36	26.9300	83.2079
Thathibari	36	26.8515	83.1825
Tharwapar	36	26.8212	83.1668
Thakurapar	36	26.9398	83.2385
Thakura Danri	36	26.5391	83.0074
Thathra	36	26.5008	83.0262
Thulia	36	26.4379	83.0145
Thegipur	36	26.3375	83.0539
Thakur Dwara	36	26.4756	83.1008
Thati Khas	36	26.4719	83.2121
Thar Kishundeopur	36	26.2093	83.0041
Thotia	36	26.0165	83.0306
Thawaicha	36	26.9578	83.2527
Thawaipar	36	26.8943	83.2844
Thakurpur	36	26.9268	83.3708
Thakur Nagar	36	26.8972	83.4200
Thakurpur	36	26.9879	83.2669
Thakaichpar	36	26.6213	83.2862
Thathaur	36	26.6028	83.3023
Thatauli	36	26.4323	83.4407
Thakurahi Tola	36	26.8863	83.6022
Than Tarkulha Devi	36	26.6535	83.5392
Thumbhi Mahup Chak	36	26.5089	83.5023
Thakuraini ka Purwa	36	25.6951	81.5674
Thunthi	36	26.7417	83.6628
Thakurpur	36	26.5765	83.7461
Tharua Dih	36	26.7468	83.7271
Thakur Dewa	36	26.4258	83.6811
Thalwah	12	33.2624	75.0892
Thachl	12	33.3799	75.1901
Thalewaa	12	33.2534	75.2187
Thalasta	12	33.3158	75.0596
Thatiarka	12	33.2244	75.0723
Thata Kot	12	33.1380	75.0092
Thanoga	12	33.1155	75.0069
Thani Kot	12	33.1072	75.0281
Thugi	12	33.0468	75.1571
Thatli	12	33.0469	75.1000
Thadal	12	33.0819	75.0900
Thor	12	33.1437	75.1634
Tharan	12	33.1541	75.2307
Thimaran	12	33.7839	75.4043
Tharmola	12	33.2728	75.2769
Thale	12	33.2703	75.3198
Thatgam	12	33.3379	75.3058
Thawargaji	12	33.4536	75.3026
Thub	12	33.4768	75.4273
Thakurhi	36	26.0420	83.8252
Tharri	36	26.2421	83.9736
Tharra	36	26.2402	83.9741
Thakur Gauri	36	26.2091	83.9871
Thanaipur	36	25.6805	83.6523
Thanal	12	33.5987	75.7407
Tham	12	33.4657	75.5160
Thathar	12	33.4778	75.5757
Thatri	12	33.2663	75.6534
Thal	12	33.3967	75.6503
Thatire	12	33.4049	75.6587
Thaingam	12	33.4832	75.5948
Thalwal	12	33.4830	75.5840
Thaiyingot	12	33.4796	75.6868
Thakrai	12	33.3508	75.7144
Thana	12	33.4560	75.7096
Thanora	35	23.8410	80.2631
Thebi-de-That	12	33.0331	75.5653
Thata	12	33.0363	75.6604
Thalol	12	33.0548	75.6012
Thalsara	12	33.0658	75.5960
Thalela	12	33.1225	75.6479
Thathul	12	33.2248	75.7314
Thanalu	12	33.1514	75.7274
Thubba	12	33.0074	75.7188
Thuthia	35	23.7082	80.6089
Tharhi	35	23.4596	80.6676
Thurri	35	23.2985	80.8030
Thari Pathar	35	23.3189	80.8470
Thatri	12	33.1460	75.7973
Thalti	12	33.1725	75.9616
Thalori Brahmanan	12	32.5758	75.0246
Thulora Mandi	12	32.5685	75.1386
Thadn	12	32.7084	75.2242
Thatin	12	32.6981	75.2975
Thandwal	12	32.5884	75.2868
Thil	12	32.5556	75.2570
Thar	12	32.5460	75.3419
Thalada	12	32.5566	75.4299
The	12	32.5906	75.3530
Theor	12	32.6234	75.3972
Thara	12	32.6922	75.3483
Thalra Makwal	12	32.6413	75.4492
Thethu	12	32.6189	75.4799
Thar	12	32.5655	75.3216
Thagli	12	32.3484	75.3021
Thati	12	32.4678	75.3525
Thal	12	32.4802	75.3531
Thakurpur	12	32.4870	75.3395
Thati Khurd	12	32.4867	75.3578
Thandoon	12	32.4409	75.4588
Tharrn	12	32.4447	75.3674
Thakurpur	23	32.1522	75.3291
Thathi	23	32.1489	75.3441
Thundi	23	32.1147	75.3029
Thamman	23	32.1062	75.2985
Thanewal	23	32.0047	75.4065
Thatti Chure	23	32.0628	75.4801
Tharan	12	32.7375	75.5096
Thenthu	12	32.7216	75.5594
Thallu	12	32.7033	75.5736
Thudwal	12	32.6947	75.5478
Thakurdwara	12	32.6383	75.5231
Thangar	12	32.5085	75.6910
Thialta	12	32.5136	75.6208
Thaminal	12	32.6450	75.6666
Tharu	12	32.6930	75.6033
Thal	12	32.7097	75.6484
Thalota	12	32.7449	75.7042
Thop	12	32.6739	75.7255
Thingah	12	32.6705	75.7364
Thathal	12	32.5432	75.7389
Thana	12	32.5056	75.7204
Thaman ka Purwa	36	25.7425	81.8060
Thakurain ka Pura	36	25.6314	81.7959
Tharwai	36	25.5364	81.9189
Tharwai	36	25.5379	81.9303
Thagaha	36	25.5945	81.9121
Thegahi ka Pura	36	25.7246	81.9965
Thabkaur	11	32.2533	75.6957
Thakurdwara	12	32.4862	75.7353
Thandapani	12	32.4784	75.6585
Thambala	12	32.4826	75.6311
Thakur ka Pura	36	25.3861	81.8034
Thanthanwa	36	25.2558	81.8158
Thari	36	25.2724	81.9524
Thadbilar	36	25.2016	81.8936
Thanbariya	35	24.7997	81.2262
Thakurpur	23	32.1829	75.5048
Thath	11	32.1410	75.7118
That	11	32.0662	75.7374
Thakurdwara	11	32.0503	75.7140
Thanasemti	35	22.2995	74.3251
Theru	12	32.4979	75.7665
Thandla	35	22.1337	74.6574
Thukni	35	22.1867	74.8338
Thara	23	32.4462	75.7546
Thawa	11	32.3050	75.8389
Tharwan	23	32.4412	75.8009
Thala	23	32.4345	75.8997
Ther	11	32.3796	75.9076
Ther	11	32.3263	75.8732
That	11	32.3149	75.9076
Thana	11	32.2737	75.8495
Thehr Larnun	11	32.2535	75.9936
Thana	11	32.3482	75.9326
Theru	11	32.3489	75.9856
Thehr	11	32.3647	75.9358
Thirmath	11	32.4332	75.9966
Thanoli	11	32.4433	75.9709
Thunla di Re	11	32.4725	75.9566
Thanoli	11	32.4883	75.9814
Thuvani	16	21.9234	74.1054
Thetale	16	20.1362	74.1778
Thokalvadi	16	20.1028	74.1961
Thangaon	16	20.1174	74.3984
Thori	35	22.8639	75.9058
Than	35	21.9215	75.2702
Thitholl	11	32.1993	75.7617
Thitholi	11	32.1707	75.7922
Thath	11	32.0373	75.7778
Thular	11	32.0953	75.8363
Thakurdwara	11	32.1819	75.8977
Thathar	11	32.2212	75.8858
Ther	11	32.0613	75.9766
Thabkaor	11	32.0669	75.9965
Than	11	32.1920	75.9935
Thandoli	16	20.1311	75.8454
Thatha	23	31.7022	74.6420
Thathi	23	31.7071	74.6125
Thakurtola	35	22.2653	80.1309
Thema	35	22.2771	80.1311
Thatti	23	31.4746	74.7368
Thatti Jaimal Singh	23	31.2368	74.5443
Thatta	23	31.2446	74.7404
Theh Mirke	23	31.2132	74.6209
Thana	09	24.1511	72.7486
Thor	09	24.1324	72.6032
Thekwa Charbhata	37	20.9004	81.4814
Thekwadih	37	20.7019	81.4207
Thonda	35	22.6983	80.2799
Tharka	35	22.5110	80.3723
Thirkadand	37	20.4671	81.2645
Thelkabur	37	20.2861	81.4757
Thuha	37	20.9010	81.6629
Thema	35	22.1925	80.3813
Thakur Tola	35	22.2470	80.3681
Theba	35	22.7750	80.6762
Theba	35	22.7621	80.6728
Thonda	35	22.4631	80.6396
Thatha	23	31.8542	74.9851
Thaththi	23	31.4879	74.8940
Tharu	23	31.4771	74.8789
Thaththian	23	31.3036	74.9568
Thakar Kaura	23	31.2650	74.8291
Thaththa	23	31.2680	74.9140
Thatthian	23	31.2167	74.9395
Thatha	23	31.0381	74.9069
Theru	10	29.0287	76.9909
Thiria	10	29.0524	76.9992
Thana	35	22.4944	80.9464
Thengachori	35	22.2812	80.9249
Thurrimeta	35	22.0148	80.8445
Thurrimetatola	35	22.0094	80.8359
Thariewal	23	31.7722	75.0613
Thakur	35	21.9452	80.1397
Thothian	23	31.5459	75.1512
Thengcha	16	21.6183	74.3794
Thatha	23	31.3293	75.2385
Thakar Kaura	23	31.2277	75.0981
Thanegaon	35	21.7206	80.0709
Thadejhari	16	21.2177	80.0524
Thana	16	21.3594	80.3128
Thakurtola	16	21.2235	80.3868
Theh Thikka	23	31.9632	75.2645
Theh Ghulam Nabi	23	31.8906	75.2957
Thikriwala	23	31.8575	75.3877
Thind Dhariwal	23	31.8115	75.3157
Thariyawal	23	31.7646	75.3040
Thakar Sandhu	23	31.8595	75.3616
Thund	23	31.7415	75.2649
Thathian	23	31.5687	75.2790
Thikriwala	23	31.4515	75.3711
Theh Kanjla	23	31.4341	75.3615
Thigli	23	31.2536	75.3581
Thakurtola	37	21.6029	80.7214
Thotajhiria	35	21.7134	80.5186
Thamunwala	23	31.0271	75.3190
Thal	24	25.7647	73.8409
Thikhowal	23	31.9522	75.6172
Thakur	23	31.7984	75.7259
Thanegaon	35	21.4781	80.5483
Thema	35	21.3879	80.5389
Thakri	23	31.6396	75.5879
Thinda	23	31.7208	75.7090
Thinda	23	31.7403	75.7161
Thihaipara	37	22.7728	82.1247
Thodichua	37	22.9327	82.1770
Thakurwas	24	25.7016	73.7524
Thoria	24	25.6108	73.8860
Thikarwas Kalan	24	25.6022	73.9753
Thikarwas Khurd	24	25.6107	73.9856
Thakurtola	37	21.1388	80.6852
Thaiyaar	11	31.9840	75.8726
Thusera	11	31.8377	75.9843
Thitanwala	23	31.7641	75.9049
Thoda	23	31.7881	75.8699
Thar	11	31.9978	75.8942
Thapar	23	31.8037	75.8601
Thana	23	31.7786	75.8788
Thunthipipar	37	22.9741	82.3813
Thurpapara	37	22.8331	82.2738
Thoribaira	37	22.7672	82.2815
Thakurpara	37	22.6963	82.3740
Tharakpur	37	22.1769	82.3217
Thargabahra	37	22.1543	82.4772
Thavlai	35	22.5306	75.6499
Thiahi	37	22.7457	82.6134
Thibgaon Khurd	35	21.9010	75.6785
Thibgaon Buzurg	35	21.8808	75.6844
Tharpur	35	21.6119	75.6006
Thakurtola	37	21.2194	80.8602
Thekwa	37	21.1702	80.9076
Thitholi	37	22.1285	82.6411
Thirriama	37	22.7544	82.8032
Thotipakri	37	22.9576	82.9258
Thurikhatra	37	22.2687	82.9086
Thakurkheta	37	22.4366	82.8503
Theridabra	37	22.2667	82.8940
Themapar	37	21.9154	82.2752
Thelki	37	21.5835	82.2625
Thakurdaiya	37	21.5283	82.3346
Thakurdaiya	37	21.8490	82.6836
Tharhidih	37	21.7264	82.5557
Thakurdaiya	37	21.7072	82.6859
Thakurdaiya	37	21.6424	82.7452
Thuthi	37	21.9164	82.8109
Tharakpur	37	21.6800	82.7683
Thengnakot	37	21.5064	82.9387
Thumsa	37	21.1841	82.2489
Thakurdaiya Kalan	37	21.1773	82.4868
Thakuripali	37	21.0902	82.4846
Thakurdaiya Khurd	37	21.2109	82.5450
Thakurdaiya	21	21.1024	82.7102
Thari	36	27.0267	80.6920
Thatia Khera	36	27.0143	80.6320
Thana	36	27.3835	80.8001
Thathaura	36	27.3125	80.8017
Thakur Purwa	36	27.4177	80.8973
Thotebori	16	20.4180	80.1629
Thotatola	16	20.9910	80.3877
Thabalki	23	31.1769	75.6066
Thammanwal	23	31.0239	75.6739
Thakkarke	23	31.1999	75.7459
Thapal	23	31.3570	75.9211
Thakarwal	23	31.3616	75.9175
Thandal	23	31.3204	75.8842
Thinde	23	31.2629	75.9764
Theh Pachrali	23	31.2977	75.8826
Thoana	23	31.2996	75.9853
Thalla	23	31.0531	75.8628
Thasil	12	33.3659	76.1933
Tham	12	33.1656	76.2869
Thane Adwar	11	33.0269	76.4215
Thanund	11	32.9062	76.1088
Thata	11	32.8830	76.1479
Thanai Kothi	11	32.8355	76.1183
Thalli	11	32.8449	76.0557
Thalli	11	32.8103	76.1586
Thakuan	11	32.7969	76.1606
That	11	32.8673	76.0001
Thundu	11	32.6756	76.1933
Thanela	11	32.6746	76.1351
Thala	11	32.6751	76.0015
Thun	11	32.6760	76.0296
Thar	11	32.6861	76.0304
Tharota	11	32.6995	76.0626
Thara	11	32.6324	76.0041
Thar	11	32.6119	76.0176
Thari	11	32.6152	76.0587
Tharuin	11	32.6261	76.0975
Thanas	11	32.6357	76.1237
Thinera	11	32.6497	76.1269
Thalauri	11	32.6380	76.1792
Thalla	11	32.6425	76.1751
Thanaoti	11	32.6371	76.1958
That	11	32.5864	76.1288
That	11	32.5887	76.0470
Thera	11	32.5814	76.0415
Theru	11	32.5944	76.0181
Thanana	11	32.5367	76.1373
Thera	11	32.5067	76.0973
Thera	11	32.5015	76.0362
Thera	11	32.5002	76.0853
Thalla	11	32.5258	76.1745
Thandu	11	32.5003	76.1951
That	11	32.5398	76.0808
Thared	11	32.5054	76.1862
Thanaitta	11	32.5545	76.2328
Thera	11	32.5769	76.2248
Thera Jhikla	11	32.4988	76.0310
Tharpu	11	32.4967	76.0372
Thera Uparla	11	32.4986	76.0405
Theru	11	32.4796	76.0318
Thanod	11	32.4898	76.1399
Thera	11	32.4505	76.0515
Thera	11	32.4486	76.1002
That	11	32.4177	76.0666
Thera	11	32.4080	76.0749
Theru	11	32.3691	76.0894
Thera	11	32.3866	76.0794
That	11	32.3894	76.0751
Theru	11	32.3869	76.0678
Thera	11	32.3627	76.0776
That	11	32.3911	76.1323
Thera	11	32.3432	76.0952
Thukrala	11	32.3276	76.0929
Thundera	11	32.3246	76.0569
Thanda Khola	11	32.3159	76.1334
Thathar	11	32.3079	76.1181
Thukoli	11	32.2979	76.1083
Theru	11	32.2631	76.1726
Thailitola	37	20.9092	80.7057
Thakur Bandha	37	20.8899	80.7282
Theru	11	32.2056	76.0247
Tharun	11	32.2141	76.0645
Thalel	11	32.2281	76.1447
Tharu	11	32.2102	76.2391
Thenri	11	32.1953	76.0532
Thappal	11	32.1408	76.0299
Thangar	11	32.1316	76.0118
Thehr	11	32.1460	76.1089
Thehr	11	32.0704	76.0345
Thamba	11	32.0494	76.1508
Thakurdwara	11	32.0451	76.1967
Thathar	11	32.0068	76.2017
Thala	11	32.0089	76.1548
Thakurbandha	37	20.7246	80.5995
Thelkadand	37	20.5912	80.6169
Thaliul Got	11	32.9570	76.4687
Thanda	11	32.9220	76.4671
Thala Got	11	32.7585	76.2532
Thanota Got	11	32.7754	76.3060
Thaai Got	11	32.7682	76.2831
Thageda Phar	11	32.7305	76.2815
Thalla	11	32.5177	76.3640
Theru	11	32.5135	76.2553
Thuadabri	37	20.8241	80.7917
Thetwar Lanjhia	37	20.7927	80.7913
Thelkadand	37	20.6177	80.7529
Thoripara	37	20.6846	80.9739
Thawarjhol	37	22.1032	81.1102
Tharkitola	35	22.8694	81.4125
Tharpathra	35	22.8459	81.4217
Tharpathra	35	22.8639	81.4275
Thengatola	37	22.4473	81.2615
Thake	11	32.4847	76.2784
Thalla	11	32.4835	76.4332
Thakula	11	32.4355	76.4069
Thamarda	35	22.8930	81.5447
Thoripani	35	22.8697	81.5484
Thehi	35	22.9939	81.7106
Thodipani	35	22.9543	81.7397
Thurki	35	22.8519	81.6858
Thatri	11	32.2339	76.3627
Tharot	11	32.2090	76.2549
Thana	11	32.1868	76.4086
Thera	11	32.0638	76.4402
Thakran	11	32.0676	76.4009
Thanpuri	11	32.0963	76.3333
Thamba	11	32.0724	76.3471
Thatheru	11	32.0176	76.2682
Thana Khas	11	32.0151	76.2751
Thamba	11	32.0080	76.3537
Thirk	11	32.0175	76.3928
Tharkehr	11	32.0025	76.4521
Thalehr	11	32.0309	76.4313
Thamba	11	32.0547	76.4868
Tharu	11	32.1104	76.3674
Thamanpur	36	27.2047	81.0279
Thakurpur	36	27.1806	81.0576
Thakuramau	36	27.0034	81.0006
Thamipur	36	27.0054	81.1028
Thanaitpur	36	27.2448	81.1341
Thanwani	11	32.7565	76.5288
Thakurkapa	37	22.0730	81.5665
Thelka Nawagaon	37	22.1900	81.5910
Thakurkapa	37	22.0938	81.6814
Thenga	37	22.0148	81.5266
Tharakpur	37	22.2160	81.7846
Thikrana	24	26.1443	74.3700
Thikrana	24	26.0958	74.2848
Thanetar	11	32.2446	76.6474
Thala	11	32.1480	76.5366
Thatwal Thati	11	32.0898	76.7172
Thakurdwara	11	32.0509	76.5587
Thana	11	32.0643	76.5580
Thalehr	11	32.0580	76.5376
Thalehr	11	32.0470	76.5033
Thaniloh	11	32.0460	76.5516
Tharu	11	32.0270	76.7044
Thara	11	32.0256	76.6545
Tharu	11	32.0239	76.6072
Thamba	11	32.0112	76.5356
Thandol	11	32.0033	76.5256
Thengadand	37	22.6548	81.9062
Thadpathra	37	22.6788	81.7884
Tharu Dudhar	11	32.3206	76.8123
Thuji Kaduahan	11	32.0398	76.8471
Thuhadih	37	21.9582	81.2872
Thakardwara	11	31.9796	76.2344
Thakardwara	11	31.9644	76.1967
Thakardwara	11	31.9180	76.2426
Thakurdwara	11	31.8910	76.1222
Thor	11	31.8765	76.1425
Thora	11	31.7673	76.1516
Thakurkapa	37	22.0424	81.9736
Thakurdera	37	22.0736	81.8790
Thakurkapa	37	22.2117	81.8488
Thakurikapa	37	22.1451	81.8257
Thakuraintola	37	21.9182	81.2644
Thathapur	37	21.8403	81.3164
Tharakpur	37	21.7671	81.3886
Thelki	37	21.8308	81.9424
Thana	23	31.1942	76.1944
Thandian	23	31.1815	76.0227
Thathiala	23	31.0839	76.2460
Thathiala	23	31.0163	76.1516
Than	11	31.9916	76.3866
Than	11	31.9848	76.4022
Thalial	11	31.9767	76.4417
Thati	11	31.9586	76.3724
Thathal	11	31.9714	76.3363
Thathal	11	31.9616	76.2768
Thana	11	31.9326	76.2666
Tharu	11	31.9194	76.2767
That	11	31.9184	76.3040
Thalakan	11	31.9014	76.3521
Thamba	11	31.9010	76.3909
Thurl Khas	11	31.9149	76.4680
Thana	11	31.9148	76.4601
Thakurdwara	11	31.8799	76.2638
Thakrun	11	31.8575	76.3205
Thara	11	31.8687	76.3841
Tharu	11	31.7911	76.4284
Thakrun	11	31.8259	76.3007
Thana	11	31.1962	76.6945
Thoena	11	31.2182	76.7336
Thuda	11	31.1483	76.6654
Thala	11	31.1483	76.7183
Thanthewal	11	31.0374	76.6908
Thanthewal	11	31.0329	76.6861
Thakurdwara	11	31.0334	76.7231
Thalli	23	31.0199	76.5843
Thuthapali	37	21.3716	82.9263
Thathri	11	31.9721	76.7575
Thara	11	31.8683	76.7565
Thathi	11	31.8311	76.7553
Thana	11	31.7865	76.7807
Thapra	11	31.7990	76.7786
Thorat	11	31.9367	76.8517
Thamrahan	11	31.8518	76.9853
Thana	11	31.8287	76.8354
Thaha	11	31.8296	76.9882
Thauna	11	31.7161	76.8085
Thurd	11	31.6758	76.7946
Thankar	11	31.6806	76.8271
Thinna	11	31.6780	76.8365
Thalehr	11	31.6781	76.8963
Thathar	11	31.5247	76.8804
Thalag	11	31.5153	76.8644
Thana	11	31.4827	76.8201
Thana	11	31.4789	76.8479
Thala	11	31.4848	76.8508
Thara	11	31.4883	76.8760
Thaora	11	31.4937	76.9674
Thothar	11	31.4950	76.9889
Thirish	11	31.4419	76.9982
Tharo	11	31.3903	76.7696
Thangar	11	31.3460	76.8366
Thana	11	31.3611	76.8133
Thahru	11	31.3375	76.8145
Thare	11	31.3190	76.8904
Thach	11	31.3067	76.9003
Thach	11	31.2551	76.8816
Thera	11	31.2654	76.9448
Thablan	23	30.7409	76.4248
Thuha	23	30.5004	76.6627
Thana	11	30.9755	76.8067
Thar	11	30.9821	76.9447
Thari	11	30.9602	76.9912
Thura	11	30.9517	76.9800
Thaidpura	11	30.9452	76.8747
Thana	11	30.9666	76.7941
Thaneb	11	30.8917	76.9774
Thandu	11	30.9078	76.9304
Thapal	10	30.9089	76.7882
Thana Ki Ser	11	30.8719	76.9264
Thana	11	30.8731	76.9935
Thakurpali	37	21.1855	82.8771
Thol	11	31.0828	77.0669
Thonga	37	20.9628	82.2338
Thaprala	11	31.0398	77.1385
Thalak	11	31.0372	77.1020
Than	11	31.0466	77.0376
Thana	11	31.0020	77.1428
Thalli	24	26.0001	75.3619
Tharaola	24	25.9581	75.4482
Thaola	24	25.9199	75.3442
Thaola	24	25.9122	75.3349
Thaola	24	25.9042	75.3347
Thenai	37	20.2633	82.1045
Themli	37	20.2526	82.1844
Thana	24	25.5395	75.4091
Thela	24	25.5149	75.4603
Thunthi Kankasia	09	23.1766	74.2404
Therki	09	23.0753	74.1761
Therka	09	23.0737	74.1994
Thumath	24	23.2071	74.3994
Thuti	24	23.1315	74.3132
Thetham Chhoti	35	23.0939	74.4037
Thetham Bari	35	23.0897	74.3924
Thipapahar	21	20.2059	82.4433
Thelkobera	21	20.8869	82.5388
Thongo	21	20.5695	82.5808
Thugnumal	21	20.6499	82.5931
Thakurpali	21	20.7171	82.6195
Thagpali	21	20.6471	82.7222
Thutibar	21	20.6172	82.7287
Thali Parli	11	31.2263	77.8364
Thali Urli	11	31.2320	77.8337
Thaltar Dogri	11	31.2430	77.9635
Thana	11	31.1167	77.7759
Thapal Dogri	11	31.1322	77.7837
Thorinda Shara	39	31.0769	77.8458
Thapli	39	31.0840	77.9026
Thanwara	39	31.0222	77.8575
Thalkodebri	21	20.3203	82.7087
Thagpali	21	20.3051	82.7162
Thalog	11	30.9947	77.5031
Thekaha	36	23.9068	83.0644
Thach	11	30.9828	77.6970
Thuth	11	30.9481	77.5584
Thalan Dogri	11	30.9526	77.5126
Thundna	11	30.9385	77.5314
Thekra	11	30.9226	77.6212
Thunal	11	30.8779	77.5668
Thunrara	11	30.8427	77.6042
Thanai Dogri	11	30.8390	77.5377
Thana	11	30.8272	77.5586
Thacharu	11	30.8230	77.6496
Thana	11	30.8225	77.6475
Tharandli	11	30.8015	77.7098
Thumari	11	30.7624	77.6812
Thekhitola	38	23.8937	83.9800
Thamtoli	38	23.8866	83.9692
Thekhitola	38	23.8586	83.9669
Thangar	39	30.8971	77.8010
Thithraoli	11	30.9059	77.7825
Thamara	11	30.9184	77.7960
Thauna Khera	39	30.8449	77.8572
Thadiar	39	30.9736	77.9374
Thhauli	39	30.9959	77.9764
Thelladiddal	02	17.4584	81.5144
Thantari	10	28.1774	77.4705
Thangan	37	21.7947	83.0606
Thakurpali	37	21.7898	83.1084
Thakurdaiya	37	21.9798	83.1082
Thopan Dogri	11	31.6083	78.3242
Thowaring	11	31.6052	78.4574
Thangi	11	31.5552	78.4832
Thakurdaiya	37	21.6262	83.1491
Thakurpali	37	21.6584	83.1589
Thelkadadar	37	21.6848	83.1510
Thano Hatnala	39	30.2434	78.2148
Thaplialgaon	39	30.1369	78.7657
Thair	39	30.0326	78.7625
Thapil	39	30.0297	78.7986
Thalli	39	30.1426	78.7922
Thapala	39	30.0299	78.8653
Thapli	39	30.0479	78.8682
Than	39	30.1560	78.8698
Thunda	39	29.9631	78.4062
Thatelgaon	39	29.9846	78.4915
Thangar	39	29.9486	78.4474
Thanur	39	29.9261	78.4647
Thapli	39	29.9720	78.7996
Thaplu	39	29.9609	78.7994
Thapla	39	29.9180	78.8630
Thalda	39	29.8834	78.7602
Thapla Talla	39	29.8490	78.9636
Thapla Malla	39	29.8532	78.9599
Thapal	39	29.8195	78.9917
Thakurpali	37	21.8545	83.2841
Thengapali	37	21.7787	83.4583
Thengaguri	37	21.7384	83.3103
Thakurpali	37	21.7260	83.3619
Thengaguri	37	21.6539	83.4283
Thal Inayatpur	36	28.6207	78.0139
Thona	36	28.5544	78.0998
Thana Gajraula	36	28.5150	78.1907
Thana	36	28.5043	78.1969
Thana	36	28.9706	78.9408
Thriya Dan	36	28.9502	78.9206
Thikri	36	28.8607	78.8457
Thebra	21	21.7267	83.7235
Thopatikra	21	21.3242	83.5885
Thali	39	30.5734	79.1462
Thaglasi	39	30.5208	79.1730
Thilsari	39	30.5135	79.1771
Thenganal	21	21.0590	83.5896
Thungiadera	21	21.8322	83.8636
Thiaberna	21	21.8709	83.9068
Tharkaspur	21	21.9082	83.9711
Thelapali	21	21.8073	83.9616
Thurubandh	21	21.6276	83.9440
Thikipali	21	21.3722	83.9434
Thatgudem	40	18.0413	80.5620
Thunthia	36	27.9170	81.2743
Thahelia	36	27.6972	81.3727
Thakrain Purwa	36	27.6281	81.4928
Thaura	36	27.4845	81.2629
Thakur Purwa	36	27.2565	81.3978
Thakrain Purwa	36	27.4814	81.4473
Thakurpur	36	27.0399	81.2556
Thal Khurd	36	27.0867	81.3565
Thal Kalan	36	27.0790	81.3504
Thakrain Purwa	36	26.2051	81.2991
Thakurdin Purwa	36	26.0870	81.3055
Thakrain Purwa	36	26.0471	81.3051
Thauri Purwa	36	26.2391	81.3335
Thakur Bhagat Purwa	36	26.1400	81.3354
Thakrain Purwa	36	26.1056	81.3468
Thauri	36	26.2095	81.4723
Thakrain Purwa	36	26.0700	81.4570
Thakur Purwa	36	26.7729	81.5645
Thakur Purwa	36	26.8104	81.6446
Thakur Rampur	36	26.2504	81.6012
Thauri	36	26.4797	81.7407
Thagiapur	36	26.0838	81.5362
Thania	36	26.1340	81.5631
Tharia	36	26.0108	81.7358
Thamalguda	02	18.3234	82.8915
Thotta Ramachandrapuram	02	16.7702	81.4440
Thogapalle	40	17.1279	80.6355
Thepaha Raja Ram	34	26.2229	84.2523
Thorlapadu	40	16.8430	80.4320
Thuapadar	21	19.9975	83.1623
Thuapadar	21	19.8817	83.1776
Thuamal	21	19.5736	83.0400
Thuguda	21	19.5572	83.0017
Thuaguda	21	19.5946	83.2382
Thakutula	21	19.9926	83.3437
Thuangpadar	21	19.6865	83.2510
Thal Duralu	21	18.5193	82.3754
Thuntibar	21	19.2190	83.1212
Thongapai	21	19.3267	83.2630
Thasiki	21	19.2774	83.6574
Thoradi	21	19.3965	83.6448
Tharvada	21	18.2490	82.2930
Thovachelka	02	16.9308	80.9713
Themgaon	37	19.8224	81.8109
Thummanguda	21	19.0454	83.7353
Thambalaguda	21	19.1509	83.6438
Thambaguda	21	19.2243	83.6446
Thabhangi	21	19.2286	83.6386
Thamba	21	19.2347	83.5984
Thammangi	21	19.1914	83.7438
Thumbakona	21	19.1659	83.6720
Thabangiguda	21	19.1097	83.7125
Thumbalaguda	21	19.0527	83.7630
Thorada	21	19.0087	83.9442
Thada	21	19.0132	83.9499
Thodrangu	21	19.0390	83.9600
Thaluluguda	21	19.0649	83.9230
Thayikuru	21	19.0946	83.9628
Thunthallu	21	19.1072	83.9705
Thorakasingi	21	19.1284	83.9028
Thada	21	19.1275	83.9167
Thiniambo	21	19.1931	83.9701
Thonorangi	21	18.9044	83.9686
Thonorangiguda	21	18.9118	83.9683
Thannuboddipalem	02	15.9643	80.2021
Thadalapalem	02	15.3180	80.0841
Thappatamitta	02	14.2901	80.0341
Thasaripalem	02	14.2796	80.0729
Thadiguntacheruvu	02	14.0665	80.0883
Thigipalem	02	14.1972	80.1158
Thambureddipalaiyam	25	13.3382	80.0002
Thulukarkandigai	25	13.2778	80.0112
Thulukkupalaiyam	25	13.3000	80.1655
Thaliyarpalaiyam	25	13.3705	80.1563
Thambureddipalaiyam	25	13.4392	80.1410
Thaliyaripalaiyam	25	13.4723	80.1239
Thoppukollai	25	13.3776	80.1737
Thandrayankuppam	25	13.2741	80.2235
Thoppalampalaiyam	02	13.4890	80.2914
Therunattam	02	13.4337	80.3122
Thoddimedu	25	13.4250	80.2558
Thonirevu	02	13.4267	80.3086
Thegarahwa	35	24.3449	82.6535
Thenpudupattu	25	13.2814	80.2641
Thakur Bigha	34	25.0204	84.4072
Thakur Bigha	34	25.0234	84.3737
Thumhiya	34	25.1944	84.3499
Thakur Bigha	34	25.0938	84.4741
Thiruvizha	13	9.6411	76.3350
Thakazhi	13	9.3724	76.4088
Thakkargram	35	23.8952	76.8122
Thalpora	09	23.1398	73.0307
Thunchal	09	23.0633	73.0392
Thawad	09	23.1202	73.1605
Tharwar	35	22.4065	76.0550
Thana	24	23.8253	73.6569
Thaiata	24	23.7622	73.8146
Thupni Pal	24	23.8908	73.9841
Thala Muwara	09	23.0705	73.9780
Thapra	24	23.4162	74.2018
Thuria	24	23.3777	74.4842
Thory	24	23.2689	74.2862
Thamdi	09	24.0414	72.9278
Thalvada	09	24.1535	72.9446
Thapni ki Dhani	24	26.2365	73.4949
Thala	39	30.0519	79.5524
Tharanjoli	39	30.0366	79.5888
Thala Mandral	39	29.6462	79.1263
Thala	39	29.6508	79.1224
Thalmar	39	29.6400	79.1626
Thakuli	39	29.6333	79.2219
Thapla	39	29.6683	79.2389
Tharasni	24	26.1041	73.6283
Thaunpur	39	29.2546	79.0471
Thari	39	29.2824	79.0525
Tharanganj	39	29.2001	79.1415
Thothupura	39	29.1287	79.1834
Thegua	34	25.3237	84.5346
Thakurla	24	25.5958	73.3545
Thakurji ka Gurha	24	25.4806	73.5986
Thoriawas ki Bagal	24	25.3074	73.7452
Thoria ki Bagal	24	25.3073	73.6884
Thala	39	29.9903	79.3242
Thuni	39	29.9211	79.3178
Thauli	39	29.6630	79.3055
Thapal	39	29.5983	79.3279
Thakular	39	29.6032	79.3901
Thapla	39	29.6340	79.4104
Tharar	39	29.5451	79.4400
Tharwata	35	22.0539	74.1563
Thorsindi	35	22.1677	74.4001
Thia	24	24.1123	73.2037
Thuadara	35	22.6993	74.5234
Thenga Dhara	39	29.2787	79.3470
Thapla Gaja	39	29.3664	79.3373
Thapla	39	29.3638	79.3776
Thanpura	24	24.8562	73.8910
Thamla	24	24.8632	73.9179
Thuria	24	24.7808	73.8250
Thakurwas	24	26.0402	74.2215
Thandla	35	22.4980	74.5478
Tharkheri	35	22.8506	74.8573
That	39	29.5428	79.7440
Thana Matena	39	29.5955	79.7319
Thapaniya	39	29.7134	79.6575
Thana	35	22.4331	74.7610
Thuati	35	22.3177	74.8342
Thekhan	34	25.6151	84.8438
Thum	39	29.3580	79.6092
Thata	39	29.2512	79.6213
Thing	39	29.3724	79.6493
Thari Ijar	39	29.3496	79.6586
Thali	39	29.4261	79.7454
Thontha	39	29.2994	79.7196
Thapli	39	29.9549	79.5586
Thalkuna	39	29.9355	79.5689
Thakla	39	29.9158	79.5416
Than Dangoli	39	29.9322	79.6163
Thaklat	39	29.8744	79.7000
Thalasam	39	29.8904	79.6741
Thakla	39	29.9137	79.6519
Thadasemar	39	29.9746	79.6492
Thana	34	27.1138	84.4663
Thal	24	26.7426	74.8380
Thukta	34	27.2295	84.6448
Thanavihir	16	21.5923	74.0386
Thorayakhera	24	25.4488	74.1137
Thala	24	25.4520	74.1971
Thekla	24	25.2700	74.2236
Thorayakhera	24	25.3452	74.1012
Thikarya	24	25.3069	74.0359
Thagan ka Khera	24	25.2983	74.4331
Thabola	24	25.4797	74.4812
Thari Bhar	36	26.7794	84.1225
Thawai	36	26.6250	84.1631
Thakuri Chak	34	26.4282	84.2138
Thegwalia	34	26.1969	84.0836
Thakurduara Chak	36	26.0404	84.0310
Thali	39	29.9790	79.7909
Thunai	39	29.8388	79.7558
Tharap	39	29.8289	79.8881
Thara Izar	39	29.9009	79.9666
Thakraha	34	26.7754	84.2709
Thana	34	26.8006	84.4961
Thakurtola	34	26.9773	84.4101
Thanga	39	29.7034	79.8316
Thakalna	39	29.6760	79.8456
Thakraha	34	26.7419	84.2562
Thali	39	29.5828	79.9175
Thakalna	39	29.6708	79.8853
Thala	39	29.6654	79.8685
Thandapani	39	29.7146	79.9536
Tharesari	34	26.7596	84.6468
Thawaia	34	26.7850	84.6752
Thana	34	26.8021	84.4933
Tharwahi	34	26.6771	84.6517
Thamtholi	39	29.4852	79.8561
Thakna	39	29.4425	79.8696
Thuwa	39	29.4197	79.9768
Thaldi	35	22.9999	76.4405
Thalghewariya	35	22.7365	76.4653
Thiria Kalianpur	36	28.6166	79.2719
Thiria Nawazishpur	36	28.7118	79.4480
Thiria Jasoda	36	28.6589	79.4927
Thiria Khetal	36	28.4666	79.2905
Thakuran	36	28.3002	79.3920
Thiria Thakuran	36	28.4051	79.3238
Thiria Najabat Khan	36	28.3127	79.4594
Thalia Nagla	36	28.0186	79.2582
Thuravas	09	23.9499	73.0669
Thana	36	28.8158	79.5592
Thana	34	26.9488	84.9631
Thana	34	26.6525	84.9271
Thana	34	26.3533	84.8732
Thcha	35	21.9085	74.8138
Than	35	21.9267	74.8607
Thiria Udra	36	28.6386	79.5155
Thiria Nathmal	36	28.7231	79.6253
Thiria Bannujan	36	28.4685	79.6775
Thiria Saidpur	36	28.4956	79.6755
Thohilpali	36	25.9446	84.0315
Thubha Uttam	36	25.8399	84.0499
Thamhanpura	36	25.7415	84.0758
Thakuri	34	25.2676	84.7566
Tharabratola	34	25.3186	84.9573
Thanapur	34	25.0132	84.8861
Thakur Bigha	34	25.0592	84.9821
Thakur Bigha	34	25.0566	84.9899
Thengo	34	24.6312	84.0373
Thana	38	24.5300	84.0032
Thana	34	24.6012	84.1300
Thumbhi	34	24.7239	84.2114
Thumbha	34	24.7228	84.2098
Thakurpur	34	25.3774	84.0837
Thori	34	25.4914	84.2130
Thana	38	24.0403	84.0645
Thakuraididri	38	24.0636	84.2193
Thekahi	34	25.0948	84.0819
Thakurtola	34	25.5733	84.2507
Thakuri	34	25.3765	84.4303
Theghwa	34	24.8750	84.4857
Theghu Khap	34	24.8717	84.4855
Thekha	38	24.3733	84.2884
Thuria	35	22.7686	76.6809
Thikariya	35	22.7303	76.6598
Thuriyaoathar	35	22.7438	76.6865
Thana	35	22.5581	76.5572
Thakurar	34	24.8042	84.6326
Thawai	34	24.8008	84.6553
Thanapur	34	24.9087	84.6170
Thawai	34	24.6851	84.5723
Thekaha	34	24.6585	84.6577
Thakuran ka Purwa	36	25.2200	80.5227
Thakuran ka Purwa	36	25.2290	80.5866
Thakuran Purwa	36	25.2249	80.6485
Thantol	34	26.5168	86.1149
Thuriyani	36	25.7091	80.9723
Thari	34	26.5617	86.3228
Thyavagodu	19	14.4243	75.0549
Thavarehalli	19	14.3942	75.0488
Thanda	02	14.8377	77.6442
Thimmanaikanhalli	19	13.3911	77.2017
Thopayyanpalya	19	13.2326	77.1161
Thanadpalya	19	13.2040	77.0753
Thigalarpalya	19	13.0424	77.1393
Thimmanahalli	19	13.6423	77.6945
Thippenahalli	19	13.6217	77.6946
Thimmireddidinna	02	13.8537	77.8108
Thakurpukur	28	22.4613	88.3060
Tharuve	19	13.1157	75.5268
Thathkola	19	13.1575	75.6287
Thadagase	19	13.2335	75.7060
Thalur	19	13.0348	75.9415
Thandagere	19	13.0705	75.9569
Thendekere	19	13.1642	75.9436
Thergaon	16	19.9094	79.6528
Thana Rith	16	19.8579	79.7443
Thanwasana	16	19.8469	79.7366
Thannote	13	12.4003	75.1520
Thalekunnu	13	12.4439	75.1716
Thevunam	13	12.4977	75.2371
Thurti	13	12.2164	75.1272
Thirle	19	12.8389	75.3616
Thanu Bigha	34	25.0605	85.5055
Thalposi	34	25.0190	85.7126
Thera	34	25.0170	85.6833
Thengupalli	40	19.2342	79.6310
Thayitone	19	14.5277	76.4698
Thekohi	34	24.6800	85.1165
Thawai	38	24.2878	85.1881
Thakuri Bigha	34	24.8616	85.3050
Thakur Bigha	34	24.6802	85.3052
Thane Bigha	34	24.7322	85.3297
Thambh	38	24.3866	85.4268
Thuthi	38	24.3472	85.2676
Theganahalli	19	12.7105	76.4769
Thirunenahalli	19	12.6273	76.4338
Thali Khurd	34	24.7581	85.6383
Thengha	34	26.4558	86.1395
Thahar	34	26.4577	86.1579
Thikaha	34	26.3900	86.2108
Thakurainia	34	26.2098	86.0191
Thruahi	34	26.3609	86.3586
Thatri	34	26.3693	86.3627
Thalahi	34	26.4854	86.3947
Tharbitia	34	26.2931	86.4356
Thippanahalli	19	13.3832	76.0424
Thondiganahalli	19	13.4490	76.1753
Thimmalapura	19	13.2552	76.3092
Thariya	34	26.2174	86.4826
Thirumeni	13	12.2512	75.4181
Tharhi Bhawanipur	34	26.2029	86.7813
Thalha	34	26.2277	86.8959
Thalhi	34	26.1219	86.9648
Thathupur	34	25.9731	86.0296
Thanka	34	25.8865	86.0020
Thahar Basarhia	34	25.8210	85.9983
Thahi	34	25.8939	86.0663
Tharata	34	25.8832	86.1985
Thoravalli	19	12.0272	76.3908
Thatia	34	25.7387	86.0425
Theka	34	25.5825	86.0435
Thatha	34	25.5663	86.0994
Thimmanahalli	19	12.9828	76.0329
Thaki	34	25.0174	86.0177
Thimmanahalli	19	12.9314	76.0074
Thippanahalli	19	12.8380	76.0043
Thayagattur	19	12.8218	76.0873
Thimmanahalli	19	12.9065	76.1364
Thoti	19	12.9844	76.5520
Thiraganahalli	19	12.7542	76.6244
Thattekere	19	12.7708	76.6625
Thigolanahalli	19	12.9987	76.7011
Thitnahosahalli	19	12.9502	76.6803
Thuppadamadu	19	12.8400	76.7268
Thorena Katur	19	12.1838	76.5755
Tharaganahalli	19	12.0697	76.5177
Thukkadi Madayyanahundi	19	12.2359	76.7113
Thoramavu	19	12.1285	76.7071
Thalur	19	12.1946	76.6081
Thenginaghatta	19	12.7535	76.3962
Tholasi	19	12.7974	76.4295
Tharuatol	34	25.6321	86.3987
Thetharwa	34	25.7176	86.3607
Thuraganuru	19	12.3846	76.8985
Thaggahalli	19	12.4872	76.9362
Thammanerala Kaval	19	12.1876	76.7958
Thayur	19	12.2093	76.8367
Thelanuru	19	12.1046	76.9709
Thoravalli Mole	19	12.0224	76.9208
Thoravalli	19	12.0233	76.9324
Thakurpur	34	25.2243	86.2507
Thetaria	34	25.0886	86.4994
Thuthi	34	25.8873	86.6273
Thengha	34	25.8445	86.7452
Thuthi	34	25.5843	86.6361
Tharia	34	25.6570	86.7034
Thara	34	25.0127	86.5612
Thuttha	34	25.7649	86.9551
Tharha	34	25.7467	86.9990
Thebhau	34	25.3551	86.7838
Thaunada	13	11.8525	75.4480
Thansinghdih	38	24.7650	86.0512
Thiglapalli	40	18.1833	79.1055
Thana Mota	09	23.0614	73.6140
Thambha	09	23.1509	73.7001
Thakurganj	36	27.4228	80.5568
Thillangeri	13	11.9419	75.6572
Thanvari Khurd	35	22.4303	79.2654
Thande	23	31.5923	74.8187
Thathgarh	23	31.5491	74.7990
Thathian	23	31.5539	74.9959
Thatha	23	31.5035	74.7942
Tharuvana	13	11.7366	75.9847
Thekkankuttur	13	10.8891	75.9606
Thurkunda	33	15.5496	74.1616
Thakar Chak	12	32.8373	74.4721
Thari	36	26.7461	79.2950
Thottapalli	40	18.3352	79.6756
Thalakvadi	19	15.8364	74.5045
Thana	19	14.4469	74.7065
Thambigha	34	24.5779	84.3757
Thakur Bigha	34	24.7398	84.8187
Thamhan Bigha	34	24.5389	84.7515
Thewai	34	24.5343	84.7738
Thawai Chak	34	24.5787	84.8651
Thuthi	34	26.3800	87.0654
Thruapatti	34	26.0333	87.1355
Thengapur Pipra	34	26.3595	87.4924
Thengapur Pipra	34	26.3502	87.4733
Tharkachhpur	34	26.2318	87.8853
Thutipakar	34	26.1995	87.9266
Thakurbari	28	26.0475	87.9347
Tharhi	34	25.7540	87.1421
Tharhi Rajo	34	25.7534	87.1739
Tharhi	34	25.7393	87.1126
Tharha Binodpur	34	25.6890	87.4492
Tharhi	34	25.2412	87.3040
Thathauli	34	25.7980	87.7050
Than Pir	12	33.7820	74.1841
Thutipur	34	25.5277	85.0893
Thathan Buzurg	34	25.7457	85.2377
Thaipura	34	25.3930	85.0102
Thubha	34	25.3907	85.0949
Thana Bigha	34	25.2633	85.1537
Thegwa	34	25.6670	87.5782
Thap Kaul	34	25.5971	87.6767
Thuti	34	25.6753	87.7625
Thikraur	34	25.1199	85.0180
Thakurbaritola	34	25.1245	85.0728
Thalu Bigha	34	25.1328	85.1050
Thakurthantoli	34	25.2046	85.1191
Thakruntala	38	24.1794	87.6359
Thakurainpokhar	38	24.3968	87.7530
Thakurtola	38	24.3741	87.7668
Thengapur	28	24.2735	87.8776
Thakurpur	28	24.2217	87.9895
Thakursi	34	25.6897	85.3328
Tharthari Bazar	34	25.2855	85.3937
Thartharidih	34	25.2942	85.3962
Thikaha	34	25.3370	85.3459
Thegua	34	25.4518	85.3322
Thera	34	25.0233	85.3608
Thema	34	25.7652	85.5974
Thahra	34	25.9978	85.7000
Thahra	34	25.9327	85.6832
Thamhawan	34	25.4169	85.6173
Thorgavhan	16	21.1260	75.5910
Thorgavhan	16	21.1115	75.8804
Thakarkheda	16	20.9949	75.5061
Thana	16	20.5767	75.7360
Thaki	34	26.1788	87.6854
Thubri	34	26.1429	87.6843
Thaklani	39	29.1476	80.0239
Thal Khera	39	29.0883	80.1163
Thamman Purwa	36	27.7084	80.0270
Thaman Purwa	36	27.5854	80.1400
Thakuri Purwa	36	27.6324	80.1540
Thamarwan	36	27.5170	80.2468
Thakuri Purwa	36	27.2855	80.0989
Thakuri Khera	36	27.0957	80.2456
Thakurganj	36	27.8779	80.3991
Thorant Smith's Grant	36	27.9213	80.4040
Thirunettur	13	9.9344	76.3089
Thumpamon	13	9.2193	76.7119
Thrikkalathoor	13	10.0357	76.5444
Thottippal	13	10.4047	76.2393
Thevalakkara	13	9.0034	76.5756
Thazhava	13	9.0981	76.5545
Thattamala	13	8.8717	76.6384
Thathri	12	33.1350	75.5176
Thaltej	09	23.0489	72.5123
Thalayolaparambu	13	9.7782	76.4533
Thalayazham	13	9.7119	76.4255
Thakeri	19	12.5773	75.8010
Thabore	13	12.2595	75.4490
Thenkurissi	13	10.6902	76.6211
Thayamangalam	25	9.6804	78.6076
Thattathumala	13	8.7999	76.8792
Thimmaiyanahalli	19	13.6294	77.8354
Thimmanahalli	19	13.6143	77.8277
Thimmanayakanahalli	19	13.5383	77.9203
Thimmanayakanahalli	19	13.5306	77.8992
Thoresettihalli	19	12.6669	77.0533
Thopanalli	19	12.5574	77.1011
Thadaguni	19	12.0961	77.2434
Thokatimmandoddi	19	12.7481	77.4798
Thamsandra	19	12.6724	77.4679
Tholchinayakanhalli	19	12.5208	77.3870
Thungali	19	12.5928	77.4241
Thokasandra	19	12.5886	77.4905
Thorabaykuppa	19	12.5093	77.4331
Thavarekattedodi	19	12.4345	77.4239
Thommanagaddai	19	12.0494	77.4004
Thasanaikandoddi	19	12.0853	77.3782
Thevarabettam	25	12.6247	77.6310
Thimmasandiram	25	12.5926	77.6117
Thukiah	02	15.4770	78.4841
Thukiah	02	15.4198	78.4960
Thummalapalli	19	13.5093	78.2143
Thippanahalli	19	13.4808	78.0561
Thummalapalli	19	13.4758	78.1735
Thupalli	19	13.3895	78.1551
Thoredevandahalli	19	13.2011	78.1489
Tharamvandlapalle	02	13.7283	78.3039
Thummalavarapalli	19	13.5076	78.2787
Thorlavaripalli	19	13.5403	78.2660
Thummalapalli	19	13.5507	78.3533
Thantharlapalli	19	13.4019	78.3276
Thoradi	19	13.1396	78.3891
Thambhalli	19	13.1481	78.2576
Thanpur	34	25.6761	85.5229
Thimbathur	25	12.3035	77.8113
Thinnur	25	12.1007	77.9594
Thirumalaivadi	25	12.2537	78.0576
Thottipalaiyam	25	12.4251	78.1861
Thiruttupatti	25	12.4054	78.2466
Thalanahalli	25	12.2332	78.0627
Thongalu	19	12.9304	78.3060
Thotiaganipalli	02	12.7549	78.3001
Thumasi	02	12.8575	78.3872
Thimmapura	19	12.9786	78.3574
Thimmakondapalli	19	12.9796	78.3914
Thongalkoppa	02	12.9680	78.4298
Thalampatti	25	12.2597	78.3802
Thindalanur	25	12.0741	78.2887
Thekkalnayakkanhalli	25	12.0653	78.2834
Thimmampeta	02	12.6917	78.5287
Thekkupattu	25	12.6513	78.5585
Thagarasigunta	25	12.6426	78.5077
Thathukavundanur	25	12.5645	78.5707
Thirumashotai	25	12.6658	78.6151
Thadakallanur	25	12.4063	78.5304
Thoranampatti	25	12.3989	78.5435
Thammanur	25	12.4325	78.6065
Thagarakuppam	25	12.4521	78.7298
Thattankottayi	25	12.8781	78.9137
Thenandur	25	12.7142	78.9460
Thangamalai	25	12.7200	78.9735
Tharagampatti	25	12.1423	78.6318
Thargettagaundandoddi	25	12.3710	77.6193
Thellatippa	02	15.4066	78.9455
Thamatampalle	02	15.2365	79.4643
Thana Annavaram	02	15.9994	79.6975
Thavanthirampalli	02	14.4486	79.0094
Thurravaripalem	02	14.2191	79.4910
Thativaripalli	02	14.1191	79.3379
Thadakaluru	02	14.6478	79.9456
Thakhuyamitta	02	14.4390	79.9757
Thikavarapad	02	14.3141	79.9512
Thuruvumitta	02	14.2265	79.9973
Thatitopukhandriga	02	13.3554	79.4109
Thagarakuppam	25	13.0525	79.3143
Thakkanpalaiyam	25	13.0029	79.2804
Thendamanattam	25	13.0326	79.3612
Thodlamitta	02	13.6755	79.5151
Thimalamanapakkam	02	13.3466	79.7406
Thommaramedu	25	13.3334	79.9160
Thanappanayakampalaiyam	25	13.2160	79.8385
Thanrimarathur	25	12.7218	79.0294
Thathankuppam	25	12.6668	79.0041
Thengal	25	12.9472	79.2786
Thalanur	25	12.8930	79.2976
Thenkalani	25	12.8422	79.3049
Thandalam	25	12.9432	79.3350
Thagarakuppam	25	12.9556	79.3872
Thirumalalcheri	25	12.8840	79.3927
Thirupparkadal	25	12.8845	79.4523
Thalangai	25	12.9952	79.4246
Thattacheri	25	12.6908	79.4441
Thathikulam	25	12.2939	79.3739
Thirumalrajpuram	25	12.0116	79.3509
Thattantangal	25	12.0708	79.3478
Thukkavadi	25	12.5796	79.6731
Thorayur	25	12.5668	79.6471
Thotti	25	12.1499	79.5615
Thangi	25	12.7981	79.7749
Thimmapuram	25	12.7082	79.9633
Thatchur	25	12.5045	79.9785
Thieyla	19	11.9842	76.0359
Thayacthere	13	11.8284	76.1016
Tholpatty Vayal	13	11.9466	76.0643
Thorambur	13	11.8431	76.1076
Therummala	13	11.7165	76.0451
Thonikadavu	13	11.6423	76.0708
Thamaracherri	13	11.7128	76.1317
Thenapuram	13	11.5382	76.1705
Thambilonam	13	11.3863	76.0109
Thanavayal	25	11.5761	76.3985
Thanittharu	13	11.6345	76.2658
Thaliyankolli	13	11.3429	76.3380
Tharisi	13	11.2289	76.2878
Thotavadi	13	11.1546	76.3105
Thorumbada	13	11.1298	76.3621
Theppakadu	25	11.5806	76.5825
Thorappalli	25	11.5329	76.5242
Thottalingi	25	11.5428	76.6560
Thamagamund	25	11.3585	76.5833
Tharabanpatti	25	11.3809	76.6126
Thukkaramund	25	11.4078	76.5999
Thattaneri	25	11.4830	76.6666
Thattaneri	25	11.4672	76.6902
Thavani	25	11.4552	76.6923
Thire	25	11.3789	76.7111
Thoddanni	25	11.3532	76.7331
Thadikundu	13	11.1040	76.5271
Thonikundu	13	11.0715	76.6143
Thunduru	13	11.0636	76.6142
Thachampadika	13	11.1468	76.6493
Thuvapatti	25	11.0958	76.7470
Thambanakabavu	25	11.3917	76.8471
Thondai	25	11.2362	76.7827
Thuvanur	13	10.6172	76.1125
Thayyur	13	10.6616	76.1666
Thichur	13	10.7174	76.1809
Thalassheri	13	10.7492	76.2129
Thiruvanchikulam	13	10.2084	76.2072
Thekkummangalam	13	10.7557	76.4296
Thonnurkara	13	10.6918	76.3207
Thekkunkara	13	10.6351	76.2608
Thekumpadam	13	10.5543	76.3456
Thannipadam	13	10.5593	76.3430
Thrikanai	13	10.6269	76.3740
Thozhupadam	13	10.7444	76.3404
Thonippadam	13	10.6738	76.4912
Thiruvadi	13	10.6530	76.4481
Thalikod	13	10.6267	76.4312
Thalkattri	13	10.5164	76.2743
Thalor	13	10.4517	76.2553
Thalavanikara	13	10.4527	76.2636
Thorava	13	10.4195	76.2689
Thazhakad	13	10.3329	76.2691
Thumbur	13	10.3108	76.2634
Theycheri	13	10.3453	76.3422
Thonipalaiyam	13	10.7991	76.6607
Thuppalachallai	13	10.6347	76.7826
Thappattakilavanur	25	10.6680	76.8997
Thinaikalam	13	10.7476	76.8507
Thatharavuthanur	25	10.5999	76.9293
Thavalam	25	10.7139	76.8837
Thonimudi	25	10.2797	76.9076
Thondiamannu	13	9.1110	76.8915
Thavalam	13	9.0400	76.8939
Thumbod	13	8.9364	76.9742
Thazhamel	13	8.9213	76.9162
Tholikuzhi	13	8.7873	76.9176
Thachakonam	13	8.7797	76.9450
Theyampalaiyam	25	11.2786	77.4215
Thondipalaiyam	25	11.5846	77.9145
Thukuli	21	20.7274	84.7812
Thuabari	21	20.1645	84.9868
Thakurgora	38	23.7051	85.4541
Thungrudih	38	23.2740	85.7007
Thakurchaura	38	22.4846	85.0246
Theludih	38	23.5777	85.9555
Thaugarhtoli	38	23.0708	85.9514
Thuthatoli	38	22.8465	85.0616
Thepaitoli	38	22.7519	85.0193
Thiatangar	38	22.4553	85.1580
Thakurdih	38	24.1005	84.8387
Thatha	34	25.4988	86.5908
Thengabad	38	24.1335	86.8861
Thari	38	24.1402	86.8804
Thakurgara	38	24.1281	86.9491
Thandardih	38	24.0604	86.7645
Thukdaha	38	23.8402	84.1606
Themi	38	23.9178	84.2447
Thema	38	23.9230	84.2495
Thuthatoli	38	23.1893	84.2382
Thakurpara	38	23.6869	84.4691
Thekimahuatoli	38	23.6863	84.4787
Thekaitoli	38	23.7920	84.6418
Thekatoli	38	23.2846	84.6226
Thekatoli	38	23.3327	84.6863
Thuthatoli	38	23.0223	84.5542
Thariatoli	38	23.7673	84.8353
Thekatoli	38	23.4246	84.8042
Thutiamba	38	22.5904	84.1259
Thutiamba	37	22.6984	84.1145
Thisotoli	38	22.5332	84.1815
Thuti Amba	37	22.7933	84.2692
Thurktoli	38	22.8128	84.3272
Thamilongri	38	22.6827	84.2528
Tholkobera	38	22.5543	84.3415
Thunutoli	38	22.7134	84.4653
Thethaitangartoli	38	22.6799	84.4125
Thakartoli	38	22.6299	84.4929
Thangan Bakhritoli	38	22.5798	84.4447
Thekratoli	38	22.9396	84.6162
Thepatoli	38	22.8639	84.8872
Thunutoli	38	22.5493	84.7729
Tholkobera	38	22.7454	84.8589
Tharkimal	21	21.8234	84.0756
Thakurpara	21	21.8999	84.1290
Thelkobud	21	21.9056	84.2009
Thurupali	21	21.6393	84.1402
Thiagarajapuram	25	9.1267	77.6581
Thoppuppatti	25	10.4984	78.1365
Thithakilavanur	25	10.4776	78.1543
Thuvittampatti	25	10.0309	78.1347
Therkondanpatti	25	10.0497	78.2496
Thattapatti	25	10.5343	78.4372
Thenur	25	10.2988	78.3957
Thethampatti	25	10.3575	78.4634
Thoppupatti	25	10.0727	78.4842
Thumbapatti	25	10.0477	78.4954
Thirappidingi	25	10.0510	78.9458
Thulasipatti	25	9.1114	78.1679
Thandampatti	25	9.9301	78.3283
Therkkilamur	25	9.9377	78.2790
Thavanappatti	25	9.9038	78.4353
Thennampuvayalnattam	25	9.9031	78.8078
Thombarayanpattai	25	10.4407	79.0932
Thattarateru	25	10.4089	79.1813
Thondippatti	25	11.3398	78.0717
Thasakpur	38	22.6860	85.6013
Thakuragutu	38	22.6631	85.7233
Tholko	38	22.6468	85.8620
Thasakpur	38	22.7090	85.9831
Thatupara	38	22.6857	85.9360
Thoi Khas	38	22.3680	85.9184
Thuntipani	21	22.0550	85.9788
Thianal	21	21.4669	85.1406
Tharatkhamar	21	21.7617	85.5501
Thakurpatna	21	21.6147	85.5944
Thakuripal	21	21.9778	85.9276
Thianali	21	21.8676	85.9526
Thengapalli	21	20.4501	85.0749
Thekatanr	38	24.4187	85.9964
Thethwatanrtoli	38	24.0411	85.9207
Tharhi Dhata	34	26.1980	86.6293
Tharia	34	26.2444	86.6877
Thika	34	25.9074	86.2710
Thanwar	34	25.8943	86.4045
Thuntha	34	25.8529	86.4228
Thamhan	34	24.6772	86.2009
Thandabahiar	38	24.1336	86.1609
Tharhi	34	24.9840	86.4706
Thegua	34	24.9156	86.2712
Thakur Ahra	34	24.6817	86.2990
Thakurkura	34	24.6361	86.2882
Thakursar	34	24.5368	86.3133
Thakur Mahara	34	24.5424	86.4324
Thadhi	34	24.6496	86.4716
Thelpathal	34	24.6939	86.4419
Thakursar	38	24.2032	86.3048
Thohiodih	38	24.2201	86.2589
Thakurtoli	38	24.1128	86.4525
Tharhimahua	38	24.0386	86.4315
Thethatanr	38	24.0237	86.4236
Themra	21	21.4792	84.0353
Thakurmal	21	21.4229	84.1116
Thilkadadar	21	21.0404	84.2330
Thakurpara	21	21.8599	84.2983
Thelkobodi	21	21.7771	84.3862
Thianal	21	21.7645	84.4711
Thelakbudi	21	21.4890	84.5317
Tharmal	21	21.2539	84.5743
Thelakudar	21	21.9893	84.9723
Thentaiposi	21	21.8647	84.9465
Thakurpali	21	21.8455	84.9698
Thakurma	21	21.8043	84.9486
Thakurpali	21	21.6388	84.9705
Thapapali	21	20.7829	84.0802
Thelakbandhli	21	20.6689	84.2084
Thakurpara	21	20.9098	84.2605
Thatimunda	21	20.9041	84.2721
Thelamarni	21	20.6959	84.4444
Thidkajor	21	20.5785	84.4255
Thalmaha	21	20.0083	84.2798
Thelkanali	21	20.9768	84.5753
Tholudi	21	20.1169	84.7488
Thalapilly	13	10.6839	76.3148
Thakrahan	34	26.7738	84.2690
Thawe	34	26.4351	84.3916
Thotlavalluru	02	16.3451	80.7824
Thural	11	31.9244	76.4583
Thripuraram	40	16.8309	79.4740
Thallarevu	02	16.7820	82.2310
Thakurgangti	38	25.1137	87.4498
Thadlaskein	18	25.5019	92.1739
Thingsulthliah	31	23.6865	92.8583
Thingbu	30	27.6598	92.1014
Thachru	11	31.4987	77.5754
Thana	11	30.9479	77.5698
Thapla	39	30.1718	78.8357
Thakur	36	27.5475	81.4732
Thakur Purwa	36	27.4617	81.4609
Thamayapeta	02	17.2508	82.3715
Thummalapalli	19	13.5025	78.2615