Tumkur	19	13.3414	77.1022
Tura	18	25.5142	90.2024
Tuni	02	17.3590	82.5461
Tundla	36	27.2146	78.2368
Tumsar	16	21.3833	79.7333
Tuvagudi	25	10.7472	78.8213
Tuensang	20	26.2670	94.8242
Tuljapur	16	18.0080	76.0701
Tudiyalur	25	11.0816	76.9446
Turaiyur	25	11.1497	78.5987
Tuneri	13	11.6970	75.6349
Tulsipur	36	27.5337	82.4165
Tufanganj	28	26.3169	89.6655
Turuvekere	19	13.1637	76.6664
Tundhul	38	23.3247	85.2447
Tundra	37	21.6769	82.6092
Tuli	20	26.6643	94.6421
Tumgaon	37	21.1912	82.1230
Tumbe	19	12.8680	74.9885
Tundla	10	30.3804	76.8566
Tukhmir Pur	07	28.7193	77.2601
Tummikapalle	02	17.9135	83.1790
Tushara	21	20.4896	83.4840
Tupkhana Pt I	03	24.8558	92.7612
Tut	23	31.1636	75.4467
Tungidighi	28	25.7836	87.9327
Tuisentlang	31	22.1185	92.6802
Tuichawngtlang	31	22.1523	92.6785
Tuvur	13	11.1162	76.2852
Tutki	38	23.9449	85.6201
Tuting	30	28.9834	94.8568
Tutilawa	38	24.0392	85.0338
Tusonabad	01	11.6769	92.6393
Turuvanur	19	14.4013	76.4387
Turtok	41	34.8460	76.8293
Turpupundla	02	14.1907	79.7845
Turk Madhawar	19	16.6460	77.3383
Turki	34	26.0381	85.3577
Turkauliya	34	26.6079	84.8295
Turimerla	02	14.2757	79.7391
Turet	30	27.1454	95.5895
Turekela	21	20.5022	82.7978
Turbihal	19	15.7618	76.5963
Turavur	13	9.7667	76.3167
Turambhe	16	19.0687	73.0129
Turaiyur	25	9.0952	77.9171
Turad	37	22.8274	83.6553
Tupran	40	17.8464	78.4788
Tuphema	17	25.4805	94.1363
Tuntoli	24	26.6350	75.8015
Tunkra	24	25.6081	75.4395
Tunkapalem	02	14.3114	79.8303
Tungus	41	34.4298	75.8408
Tunguna	11	32.6778	76.0861
Tungring	41	33.5238	76.7983
Tungaturti	40	17.4115	79.5887
Tunga	24	26.7339	76.1513
Tundu	38	23.7912	86.2567
Tundri	37	21.8913	83.2005
Tundi	38	23.9845	86.4506
Tundao	09	22.4832	73.1971
Tunah	41	33.7695	77.8645
Tuna	09	22.9867	70.0807
Tumuluru	02	16.2700	80.7514
Tumudibandh	21	19.9591	83.6978
Tumpung	03	26.1984	93.1565
Tumnar	37	19.0333	81.2500
Tummurukota	02	16.5580	79.4581
Tummalatalupur	02	14.2957	79.6968
Tummalapenta	02	14.8997	80.0687
Tumlong	29	27.4167	88.5833
Tumkur	19	16.5120	77.0875
Tuminkatti	19	14.4124	75.6185
Tumbagi	19	16.5788	76.2890
Tumbal	25	11.7798	78.5190
Tumbagarh	02	19.0223	84.4561
Tumba	34	24.7381	84.0297
Tumen Kalan	35	24.4899	77.7088
Tulsipur	34	25.3672	87.0374
Tulsipun	21	20.3048	85.5238
Tulsihata	28	25.4585	87.9108
Tulsi	37	23.2689	83.0994
Tulka	21	20.6037	84.9586
Tuljapur	16	20.7907	78.8275
Tulin	28	23.3807	85.8903
Tulihal	17	24.7538	93.8855
Tukrajhar	03	26.6639	90.4514
Tukrai	24	25.0333	75.0833
Tukkalh	26	23.9317	92.3722
Tuisen	31	23.5290	93.1742
Tuipang	31	22.3137	93.0266
Tuidang	31	22.2544	92.8287
Tuichong	31	22.9177	92.5230
Tugla	41	33.7505	77.9871
Tughlakabad	07	28.5134	77.2689
Tuggali	02	15.3138	77.5450
Tuem	33	15.6649	73.7991
Tudou	33	15.2167	74.2167
Tudigadia	21	21.2975	86.6261
Tuan	11	33.0309	76.6209
Tualbung	31	23.7621	92.9404
Tulan	28	22.2267	88.3161
Tutwala	23	30.0549	73.9493
Tunditrar	12	33.3937	74.2400
Tumna	12	34.4695	74.0538
Turkapur	12	34.4166	74.2194
Tularzu	12	34.1893	74.6052
Tunjhiran	12	34.1078	74.5929
Tulamul	12	34.2216	74.7344
Tutigund	12	34.4135	74.2891
Tutigund	12	34.4236	74.2917
Tunra da Kalia	12	33.0914	74.1953
Turo	12	33.1013	74.2023
Tung	12	33.0750	74.3750
Tungwalipathri	12	33.9370	74.2818
Tungewali	12	33.7583	74.2889
Tungawali	12	33.7863	74.3367
Tungewali	12	33.8028	74.3250
Tung	12	32.9664	74.7943
Tutan Kuhi	12	32.7577	74.9673
Tutre	12	32.6286	74.8088
Tumel	41	34.5611	76.2056
Tungwali Baihk	12	34.3506	73.8979
Tuntawala	39	30.2898	77.9755
Tukwana	11	31.1412	77.0124
Tul	11	31.1569	77.0564
Tumpalli	40	17.0952	78.0099
Tulanguda	40	17.0082	78.3429
Tulsinagar	40	17.0867	78.4508
Tumlur	40	17.1285	78.4600
Turkaguda	40	17.3226	78.8084
Tule Kalan	40	17.1017	78.6300
Tumkuhta	40	17.5924	78.6985
Turkapalli	40	17.6730	78.5939
Turkapalli	40	17.6553	78.8300
Tuljapur	40	17.8210	78.2844
Tumkunta	40	17.5652	78.5547
Tunki	40	17.8073	78.2271
Tunki	40	17.7576	78.5739
Turkai Khanapur	40	17.6864	78.2094
Tukda Miyani	09	21.7923	69.4265
Tukda	09	21.5273	69.7208
Turmari	23	30.6175	76.0946
Tuhfapur	23	30.5045	76.8425
Turatgarh	10	30.0892	76.9254
Tudyan ka Khirk	36	25.2465	78.9107
Tulsi Nagla	36	27.7593	79.4311
Tula Purwa	36	27.0715	79.9374
Tulshipur	36	26.9011	79.0552
Tuwarianwala	24	26.9180	75.5700
Tulakpur	36	26.4031	79.3684
Turka Lahchura	36	25.5091	79.2223
Turra Muhar	36	25.4886	79.4671
Tundar	36	25.3285	79.4245
Tulsi Purwa	36	26.7546	79.5139
Turka	35	24.7752	79.2436
Turhar	35	24.9975	79.4565
Tusom	17	24.7920	94.4268
Turibari	03	27.3614	94.6296
Tusora Khulan	17	25.4011	94.5891
Tulluru	02	16.5016	80.3929
Turkaulia	34	26.7233	84.2379
Tumpalli	40	18.4931	78.3872
Turk	34	26.3284	85.3474
Tunan	35	24.4501	75.7125
Tumatumakanahalli	19	14.6828	76.6619
Tumbasoge	19	12.0257	76.3851
Turori	16	17.8251	76.6929
Tugaon	19	18.1201	76.9434
Turmohe	16	18.0153	73.4880
Tumbakod	25	8.3781	77.2936
Tumbappatti	25	10.0877	78.3605
Turkabad Khardi	16	19.7860	75.1652
Tumalia	37	22.0250	83.7229
Tumdibod	37	21.0866	80.8980
Tungsung Basti	28	27.0383	88.2678
Tupul	17	24.7319	93.4751
Tulbul	37	22.7940	82.2312
Tulsimukh	03	26.2473	92.6801
Tulasipadar	21	19.4224	84.6231
Tulshimukh	03	26.2047	93.2053
Tulasipur	21	21.0295	86.2171
Tunupur	21	20.4683	86.4124
Tuidam	31	23.9265	92.3690
Tuilutkawn	31	23.7147	92.4467
Tuna	39	30.7719	77.8447
Turkpur	12	34.4389	74.5935
Turkpur	10	28.8872	76.9773
Turkanpur	10	28.2820	76.8058
Tughlakpur	10	28.4559	76.9406
Tula ki Dhani	10	28.2381	76.7928
Tundla	11	31.7000	77.0661
Tuna	11	31.5314	77.0575
Tungadhar	11	31.5264	77.2276
Turkanwali	10	29.3393	75.1548
Tukra	10	29.3649	74.9994
Tunda Kheri	24	28.9147	75.3845
Tungar Devi	11	31.4943	77.0117
Tungwali Baihk	12	34.6133	74.4343
Tungan Baihk	12	34.5759	74.3293
Tungali	12	34.5286	74.2640
Tundal	11	31.3311	77.3406
Tumman	11	31.4117	77.3816
Tuni	11	31.3663	77.4800
Tumbar Bhan	23	30.8202	74.8916
Tunda	11	31.0667	77.3450
Tungla	11	31.0164	77.2796
Tunan	11	31.4655	77.6233
Tutu	11	31.3495	77.5521
Tutupani	11	31.2582	77.6121
Tuna	11	31.0794	77.6954
Tundal	11	30.9881	77.1365
Turan	11	30.5956	77.1605
Turan	11	30.5891	77.1490
Tuhun	10	30.6514	77.1403
Tutwi	11	30.7582	77.4883
Tuhli	11	30.9878	77.4855
Tunniwala	11	30.5772	77.3005
Turi	11	30.6850	77.3742
Tuheri	11	30.7392	77.4622
Tunesi	11	30.6348	77.4322
Tulsipura	24	27.5416	76.1081
Turana	24	27.6142	76.2022
Tulsiwala	24	27.4813	76.3955
Tulera Ka Bas	24	27.5817	76.6542
Tulera	24	27.5884	76.6554
Tunde ki Taprian	10	30.3984	77.2860
Tugalpur	10	30.2933	77.4042
Tundi Chali	11	30.6457	77.6213
Tuniya	39	30.6008	77.7580
Tungra	39	30.6600	77.8849
Tungroli	39	30.6884	77.9549
Tuntiyawas	24	26.6894	76.2900
Tumli Sakhan	24	28.3601	75.3938
Tugalpur	39	29.6375	78.0062
Tulsipar	35	23.5501	78.4263
Turkya	24	26.5121	76.0754
Tungi	24	26.7132	76.1248
Tulsipar	35	23.2331	78.3417
Tundakhera	35	23.1345	78.3018
Tundila	24	26.6502	76.5569
Tursampura	24	26.3084	76.7471
Tulsipar	35	23.3657	78.6628
Tumri	35	23.4178	78.7435
Tuiapani	35	23.0175	78.6427
Tumbapura	24	26.7542	76.8705
Turmat Kheri	36	29.7821	77.4063
Tulsipura	24	26.5210	76.9604
Tumra	24	25.0844	76.0550
Turakhapa	35	22.6776	78.2194
Tumra	35	22.9691	78.5412
Tundni	35	22.7314	78.7274
Tumra	35	22.1319	78.5453
Tuthi	35	22.9027	78.9400
Tumni	16	21.3035	78.1776
Tuljapur	16	21.2266	78.0539
Tura Bargaon	35	21.8835	78.3193
Tumdidol	35	21.6922	78.3861
Turkikhapa	35	21.8819	78.9209
Turagondi	16	21.1156	78.8323
Tuljapur	16	20.8230	78.0207
Tuliapur	16	20.8954	78.2031
Tumdar	24	24.2849	73.3779
Tuargarh	24	24.2886	73.3519
Tulseph	35	25.5945	76.6142
Turakani	24	25.1656	76.8798
Tungwali	23	30.1694	75.0520
Tutgarh	23	30.9872	75.3067
Tumbdiya	24	25.0961	74.7439
Tugal	23	30.7778	75.6009
Tughlaqpur	36	29.6028	77.8885
Tulsipur	36	29.2880	77.8104
Tulsinagar	07	28.6709	77.1673
Tusiyana	36	28.5493	77.4749
Tumrail	36	28.6866	77.7425
Tughalpur Haldona	36	28.4650	77.5069
Tung	23	30.1808	75.8436
Tur Banjara	23	30.0895	75.9734
Tundrar	12	33.2289	76.2030
Tumnah	10	28.3519	76.4549
Tuneta	39	30.4810	78.0787
Tunwala	39	30.2924	78.0966
Tunwala Tarla	39	30.2761	78.0833
Tungloli	39	30.2804	78.2049
Tunkhet	39	30.3094	78.1390
Tunetha	39	30.3728	78.2082
Turatpur	36	29.4614	78.7065
Tugasi	39	30.4859	79.6038
Tuntpuri	36	28.9919	79.1539
Tumaria	36	28.7520	79.2336
Tungni	24	24.5246	76.2925
Tumriyakheri	24	24.2789	76.3052
Turkariya	24	24.4060	76.5929
Tumbda	35	24.8782	76.9942
Tutibarr	24	24.5412	76.8894
Turkipara	24	24.6181	76.9099
Tuliakheri	35	24.3447	76.9750
Turkapalli	40	18.9407	79.5233
Tundla Khurd	40	18.5492	79.7872
Tundla Buzurg	40	18.5243	79.7941
Turuoghut	37	19.7344	80.5923
Tumra Kondi	16	19.6136	80.6358
Tumnur	16	18.7674	80.0332
Turukdanda	29	27.1042	88.4076
Turung	29	27.1422	88.5067
Tumripar	37	21.6306	81.2003
Turripara	37	21.2840	81.0461
Tulsipur	37	21.2740	81.0172
Tumbai Tanda	40	17.1982	78.8255
Tupata Tanda	40	16.6788	78.1557
Turtipura	24	26.8607	77.3604
Tukera	35	26.4046	78.3440
Tundila	35	26.3816	78.3396
Turakpura	35	26.2797	78.3523
Ture ka Pura	35	26.2899	78.4247
Tuljapur	16	19.9616	76.0795
Tunga	23	30.3830	76.0354
Tuhri	23	30.2783	76.0907
Tura	16	19.2124	76.3889
Tuljapur	16	19.3323	76.6969
Tungali	12	34.5866	74.3982
Tungan Baihk	12	34.6219	74.4497
Tungwali Baihk	12	34.7322	74.3024
Tulagarhi	36	27.7563	77.7624
Tulewal	23	30.2183	76.2735
Tungi Buzurg	16	18.1597	76.4643
Tungi Khurd	16	18.1676	76.4731
Tupdi	16	18.2417	76.6919
Tundli	10	30.3851	76.8414
Turukwadi	16	18.3366	76.8099
Tumola	36	27.7537	77.4553
Tup Borgaon	16	17.7590	76.3522
Tugaon	16	17.8238	76.4331
Turpuri	36	27.2089	77.6770
Turkia	36	27.1831	77.6891
Tursi ka Nagla	36	27.1286	77.7430
Tuman	37	22.2031	82.7794
Turri	37	22.0618	82.8651
Tumripara	37	22.0607	82.9277
Turma	37	21.6796	82.0150
Tulsi	37	21.3287	82.0606
Tumrikasa	37	20.6092	81.1848
Tuedand	37	20.5002	81.0096
Tumdisur	37	20.3863	81.1444
Tuegahan	37	20.2508	81.2470
Tumrikuhi	37	20.2132	81.0647
Tumrahahar	37	20.5980	81.5020
Turakanagori	19	16.6673	76.3705
Tuggli	19	16.2300	76.4828
Tumrilewa	37	21.1674	81.1077
Turasemaria	37	21.7346	81.4474
Tuma Kalan	37	21.3833	81.2740
Tuma Khurd	37	21.3805	81.2746
Tuma	37	21.7681	81.7065
Tulsi	37	21.0912	81.5687
Tuta	37	21.1560	81.7529
Tuppa	16	19.1033	77.3587
Turati	16	19.0844	77.7920
Tukaram Tanda	16	18.8523	77.0253
Tubdal Khurd	16	18.6178	77.4454
Tumbarpalli	16	18.3797	77.4305
Tupselgaon	16	18.6374	77.6135
Tupdal	40	18.3546	77.7183
Turk Wadgaon	40	18.1931	77.6229
Tugheli	40	18.7210	77.8195
Tunkipalli	40	18.2696	77.9307
Turkapalli	40	18.2657	77.9303
Turkapalli	40	18.0805	77.7674
Tumkunta Tanda	19	17.5846	77.3902
Tumkunta	19	17.5634	77.3893
Tundli	36	27.2170	78.2411
Tunkimitla	40	17.1489	77.7324
Tuljapur	16	20.4886	78.4215
Tuljapur	16	20.7417	78.7296
Turakmari	16	20.9417	78.9853
Tumgaon	16	20.3833	78.9630
Tulana	16	20.2070	78.9698
Turkai	35	23.7916	79.2890
Tumra	35	23.0837	79.6109
Tummalpalli	40	17.5820	77.8356
Tumkur	19	16.7679	77.0697
Tuppadur	19	16.0923	77.1162
Tulmamadi	19	16.9521	77.4240
Tumaria	36	27.9053	78.8008
Turakanadoddi	19	16.6096	77.4071
Tuntapur	19	16.1136	77.4052
Turkandoni	19	16.0059	77.3253
Tunya Nagla	36	27.8032	78.2066
Tulsipur	36	27.0490	78.8730
Tundipindrai	35	22.9985	79.2164
Tuiyapani	35	22.7365	79.2301
Tularam ka Pura	35	26.6298	78.3110
Tumaritola	35	22.0124	79.6519
Tumritola	35	22.0138	79.9980
Turnaikpur	36	26.7673	78.8782
Tunkinapur	40	16.6052	77.9525
Turukonipalli	40	16.2403	77.8388
Tumpalli	40	16.2452	77.8858
Tulsi Tanda	16	19.8225	78.0477
Tulsi	16	19.8159	78.0389
Turati	40	19.1113	78.1206
Turak-ka-nagla	36	27.3815	79.0032
Tunaktola	36	27.3868	79.2357
Tungai	36	27.4418	79.2081
Tulsipura	24	26.6210	77.3891
Turkonkunta Tanda	40	17.4745	78.2154
Tumragarhi	35	21.7599	79.0680
Tulsibagh	16	21.1407	79.1111
Tuljapur	36	27.2978	79.2539
Turkipur	36	27.4200	79.4956
Turiya	35	21.7358	79.3675
Tuyapar	16	21.5757	79.4200
Tuyapar	16	21.5440	79.2572
Tumditola	16	21.5388	79.3975
Tummalpalli	40	17.1329	78.0144
Tuman	16	21.2899	79.4142
Tuiyapar	35	21.9404	79.6242
Tuiyapartola	35	21.9405	79.6209
Tulsigarhi	36	26.9635	77.7330
Turkpura	36	26.9112	77.5616
Tundila	35	26.3583	77.6959
Tulsipura	24	26.8752	77.9980
Tuki	35	25.3793	77.1801
Turkehla	36	27.4685	79.7025
Tusaur	36	27.4692	79.6701
Turkavanipalli	40	16.4619	78.0456
Tudkurti	40	16.4286	78.2391
Turkadinni	40	16.2931	78.2336
Tundlaka	10	27.8429	77.1635
Tuseni	10	27.8602	77.1689
Tumkunta Tanda	40	16.1484	78.1834
Tumkunta	40	16.1262	78.1860
Turkapalli	40	16.9079	78.3683
Tupdagadda Tanda	40	16.8204	78.2964
Tulyamal	35	21.5911	76.3851
Turabnagar	36	27.9710	79.9638
Turiyad	35	25.0680	77.5385
Tuinyakhera	35	24.9231	77.0182
Tumankheri	35	24.4612	77.1012
Tumankheri	35	24.4533	77.1021
Tundabeh	35	24.4309	77.0397
Tulshikheri	35	24.3473	77.0525
Tukraoda	35	24.1826	77.2837
Tukraoda	35	24.1813	77.2943
Turpu Tanda	40	16.7237	78.9878
Turpugudem	40	17.1061	79.0027
Tuksan	36	27.6275	78.0027
Turkamalla	40	17.2896	79.2934
Turpubhavigudem	40	17.1746	79.2914
Turpugudem	40	17.4412	79.6277
Turkagudem	40	17.2120	79.7826
Tungalgudem	40	17.0233	79.8116
Tumalpalli	40	17.1732	79.8510
Turkagudem	40	17.2386	79.9652
Tummal Tanda	40	17.1613	79.9370
Tummalapalli	40	16.9500	79.0075
Turkonibavi	40	16.9320	79.1813
Turakapalli	40	16.8976	79.2034
Tummalapalli	40	16.8200	79.0037
Turkipur Chittarsingh	36	26.4943	79.5296
Tulsi Ki Marhaiyan	36	26.5678	79.5469
Turkipur Ki Marhaiyan	36	26.5526	79.5003
Tutuapur	36	26.4246	79.5773
Tungaturti	40	16.7159	79.2420
Turkan Purwa	36	26.8725	79.8095
Tusabari	36	26.9729	79.7961
Tutui Chand	36	26.3119	79.7870
Tutui Khan	36	26.3102	79.7999
Turkimau	36	26.2573	79.9960
Tunka	36	25.6041	79.4995
Turna	36	25.6614	79.6853
Tunikinatla Tanda	40	16.6634	79.3862
Tummala Tanda	40	16.7797	79.8103
Tutiyara	36	25.1345	80.3668
Tulaya ka Pura	36	25.7022	82.1072
Tungi	36	25.8569	82.8202
Tutwas	35	26.6361	78.2460
Tutt fa Pura	35	26.6038	78.1548
Tulsipur	36	25.6063	83.1628
Tula ka Pura	35	26.3952	78.9551
Tusipura	35	26.3561	78.7621
Tuli	16	21.4780	76.9174
Turkahi	36	25.5256	83.2590
Turnan	36	25.5813	83.3555
Tuglayan ka Kuan	35	25.7088	78.4152
Tunka	36	25.2889	78.4173
Tutka	35	24.7886	79.8150
Turyanpurwa	35	24.9827	79.9351
Turuk Purwa	36	25.1017	83.2914
Tuljapur	16	20.9814	77.6566
Turk Garhwa	36	25.9555	83.6772
Tusauri	36	25.4834	83.6026
Tusaura	36	25.4748	83.6024
Tulsipur	36	25.4612	83.5045
Tulsipur	34	25.2248	83.5908
Turkaulia	34	25.2351	83.6549
Tutuari	36	25.6413	83.9552
Turki	34	25.1621	83.7950
Turkhed	16	21.1798	77.1724
Tuljapur Jagir	16	21.1979	77.4501
Tuljapur Garhi	16	21.2110	77.6331
Tukapur	16	21.0659	77.8724
Turkhed	16	20.6690	77.4117
Tuljapur	16	20.4778	77.4441
Tudka	16	21.3480	79.7377
Tumsar	35	21.7110	79.8665
Tuyapar	35	21.5825	79.8323
Turti	36	24.6449	83.2282
Turra	36	24.2007	83.0304
Tumiya	36	24.3204	83.3458
Tumatanr	37	24.0340	83.3139
Tummagudem	40	17.2548	79.8669
Turshanpura	36	25.8841	78.9206
Tulsidamar	38	24.3229	83.5244
Tuliahitola	38	24.1535	83.7332
Turka	16	20.9685	79.6303
Tulan	16	20.5196	79.8243
Tulan Mendha	16	20.5127	79.8257
Tukum	16	20.6269	79.9712
Tukm	16	20.4447	79.3826
Tukm Masala	16	20.4358	79.3526
Tukum Sonapur	16	20.3650	79.6570
Tuppadhur	19	16.0719	76.6526
Tunnur	19	16.9257	76.9422
Tulbula	38	24.0526	83.8313
Tuljapur	19	18.2187	77.4323
Tumena	35	23.6718	78.0016
Tuljarampet	40	17.7222	78.2581
Turkagudem	40	17.6538	78.2950
Turkaguda	40	17.1530	78.6195
Turkaguda	40	17.1046	78.5347
Tulsipar	35	23.1358	78.0224
Turkalapalli	40	16.5967	78.4498
Tummalasuguru	40	16.5717	78.3033
Tumainpet	40	16.3935	78.5376
Tungapati Gauraram	40	16.8805	78.8893
Tungapadu	40	16.8709	78.8687
Turkapalli	40	16.3546	78.7900
Tumra	24	24.9981	76.4494
Tulsan	24	24.9785	76.4218
Turpugudem	40	17.6053	79.1190
Tummalgudem	40	17.3354	79.0524
Turkapalli	40	17.4277	79.1075
Tukkapuram	40	17.4396	79.1827
Turkapalli	40	17.3545	79.2331
Turkapalli	40	17.4306	79.1202
Tungaturti	40	17.1092	79.5294
Tummalpenpahad	40	17.2201	79.7357
Tuljaraopet	40	17.0940	79.7135
Tulsi ka Tanda	35	24.2848	78.3425
Turra	36	25.2538	80.6224
Turra Purwa	36	25.2632	80.6181
Turka	36	24.8609	78.6283
Turadgi	19	16.2393	76.0529
Tumb	19	16.0118	76.1376
Turmari	19	16.0745	76.1734
Tursi	16	19.7869	78.9482
Turkatri	35	24.9379	80.1608
Tukuri	35	24.5036	81.0093
Turki	35	24.5560	81.1232
Turki	35	24.5416	81.1246
Turki	35	24.5530	81.1355
Turki	35	24.5866	81.3385
Tukuwa	35	24.5331	81.2690
Tulsipurwa	35	24.9662	81.7176
Tudiyar	36	24.9444	81.9160
Tudiyar	36	24.9335	81.9232
Tunaha	35	24.4894	81.0625
Turkigosain	35	24.3995	81.1608
Turki	35	24.2321	81.0913
Tursi	35	22.3006	78.8158
Tunguru	40	19.0180	78.9938
Turk Lalai	36	27.5080	79.3811
Tundiniai	35	24.5300	80.3730
Tundri	35	23.3379	79.0646
Turra	35	24.8491	80.7337
Tulsipur	36	25.8337	82.0044
Turkanpura	36	25.9204	82.2107
Turi Piprokhar	35	24.5234	80.7463
Turkaha	35	24.5320	80.6906
Tumin	35	24.6566	80.7490
Turkauli	36	25.8159	82.2993
Turkauli	36	25.9587	82.4098
Tulsipur	36	25.9801	82.4456
Turki Baghela	36	25.8782	82.6038
Tulsipur	36	25.5846	82.6258
Tulsipur	36	25.5588	82.5268
Tunna	35	24.4596	80.0799
Tulla	35	24.0191	80.0894
Tumra	35	22.1269	79.2002
Tundwara	35	22.1776	79.2445
Tusgama	35	24.2728	80.6027
Turi	35	24.7159	80.8880
Tulsipur	36	25.5743	81.3081
Turanpathar	35	22.6874	79.6290
Tumripar	35	22.7937	79.8112
Tunia	35	22.8184	79.8824
Turnia	35	22.9016	79.9121
Tulsipur	36	25.4916	82.3060
Tulapur	36	25.3867	82.3561
Tulsipatti	36	25.2735	82.3489
Tulsipur	36	25.2827	82.4116
Tulapur	36	25.3303	82.4031
Tulapur	36	25.4962	82.4042
Tulsipur	36	25.4630	82.4905
Tulapur	36	25.1526	82.3405
Tulsi	36	25.0386	82.4196
Tutwan	36	25.0258	82.4995
Tulsipur	36	25.4845	82.5430
Tulsi Chak	36	25.4453	82.5606
Tulsipur	36	25.2981	82.5116
Tulapur	36	25.2768	82.6178
Turkapur	36	25.1938	82.6172
Tulsipatti	36	25.2374	82.6070
Turkaha	36	25.0602	82.5391
Tulapur	36	25.3438	82.7944
Tula Chak	36	25.3119	82.8918
Tulsipur	36	25.2975	82.9794
Tulsipatti	36	25.3925	82.9311
Tulapur	36	25.1937	82.7666
Turkital	35	24.4540	80.4151
Tulsipur	36	24.8964	82.2510
Tulsipur	36	24.9015	82.4853
Tugana	36	29.2641	77.1945
Tulangi	36	24.9178	82.5100
Tulsipur	36	24.8851	82.9167
Tulsidol	35	24.0657	82.2275
Turra	35	24.4569	82.4051
Turri	35	24.4697	82.3959
Tusa	35	24.0162	82.6307
Tulsi Kalan	36	25.1887	82.2404
Tundihar	36	25.1773	82.1471
Tulapur	36	25.6481	82.4054
Tulapur	36	25.5023	82.3514
Tundi Khera	36	26.6878	80.8529
Tusror	36	26.4559	80.8171
Tupra	36	26.4138	80.8277
Turkaha	36	26.3880	80.7951
Tumbaheri	10	28.4140	76.5403
Tusauri	36	25.6247	82.8435
Tungri	36	29.2248	78.2453
Tukhmanpur Harbans	36	29.4477	78.4645
Tulsi Purwa	36	27.4826	81.0185
Tula Baba	36	27.4437	81.0239
Turni	36	27.4254	81.1952
Tulapur	36	27.3775	81.2183
Tulsipur	36	27.6694	81.5491
Turan Singh	36	27.6635	81.5021
Tumandar Purwa	36	27.6290	81.5025
Turahni Rajjab	36	27.6577	81.6618
Tulsipur	36	27.6868	81.7108
Tulsiram Purwa	36	27.5004	81.7213
Turahni Balram	36	27.6314	81.7344
Tula Purwa	36	27.4307	81.5370
Turantapur	36	27.2658	81.7070
Tulla Tabr	36	27.4573	81.6821
Tulsipur	36	27.4550	81.7442
Tulsi Purwa	36	27.5335	81.7814
Tulsiram Purwa	36	27.1752	81.8442
Turka	36	27.1853	81.8036
Tulsipur	36	27.0739	81.8853
Turkaulia	36	27.1697	81.9959
Turidag	34	24.6653	83.6236
Tulshipur	34	24.9544	83.7531
Turki	34	24.8768	83.8112
Turki	34	24.9834	83.9948
Tulsia	36	26.7698	81.4281
Tuniha	36	26.8450	81.4347
Tunri	36	26.8509	81.4295
Tulsipur	36	26.8654	81.4171
Turkani	36	26.9130	81.3812
Turaigaon	36	26.7526	81.4508
Tunihan	36	26.6930	81.3349
Tuandikassi	12	34.0456	74.0820
Tumdi	16	20.9453	79.0675
Turi Majra	16	20.6871	79.1016
Tur	36	29.0171	78.5267
Tuniyon	39	29.6631	78.9316
Tuni Parao	39	29.5094	78.8930
Turkoha	35	24.8032	80.9904
Tumaria Dam Colony	39	29.3045	78.9399
Tumaria Khatta	39	29.3723	78.9882
Tulsipur	36	26.4376	81.1055
Tuk	36	26.4113	81.2553
Tumaria Kalan	36	29.0360	78.8508
Tulsipur	36	26.2581	81.8212
Tulsipur	36	26.4950	81.9257
Tulsidaspur	36	25.8830	81.1517
Tulsipur	36	25.4911	81.1943
Tuklabad	36	28.7536	78.4065
Tulsipur	36	27.1988	80.7662
Turki	36	27.0789	80.8896
Tusaura	36	26.3035	80.4037
Tulsi Ram	36	27.0966	81.7097
Tulsi Ram Shukul	36	27.0550	81.7361
Turtipur Inayatpur	36	28.6621	78.4890
Turtipur	36	28.6655	78.4890
Turak Pura	36	27.2533	81.9315
Turakpur	36	27.3329	81.9933
Tupa	16	19.6299	77.4181
Tumariya Khadar	36	28.3241	78.3448
Tumariaghat	36	28.3381	78.4475
Tulapur	36	28.2249	79.9785
Turkia	36	28.1647	79.9547
Tungani	40	18.8899	78.0528
Turmalpalli	40	18.7530	78.0845
Tulsi ka Purwa	36	25.8395	81.3710
Tukkajiwadi	40	18.4423	78.2209
Tursampur	36	26.5576	81.7213
Tuntunwanpur	36	26.9735	81.8621
Tulsi Ram Purwa	36	26.8771	81.9180
Tumkuhi	36	26.9747	81.9456
Tulsipur	36	26.2106	81.7558
Tulapur	36	26.1222	81.8519
Tulapur	36	26.0815	81.8188
Tula Pura	36	26.0652	81.9919
Turkhera	36	28.5997	78.8731
Turtipura	36	28.7022	78.8669
Tutkapurwa	36	27.6662	82.1432
Turkaulia	36	27.5556	82.1709
Turlikunda	40	18.7469	78.3078
Turti	40	18.8808	78.4443
Tuli	12	33.3526	74.6972
Turantipur	36	27.3297	82.1314
Tutahwa	36	27.2657	82.2141
Turkadiha	36	27.1717	82.0034
Tunha ka Purwa	36	25.3927	81.3365
Tulshipur	36	27.1139	82.0980
Turka Dih	36	27.0960	82.1537
Turkadiha	36	27.0216	82.1455
Turdipur	36	25.4673	81.4113
Tulsipur Kundri	36	27.2147	82.0133
Tulsipur	36	27.0106	82.0948
Turachaura	39	29.7742	79.2298
Turkhaulia	36	27.3869	82.2827
Tulsipur Takia	36	27.3657	82.3834
Turab Dih	36	27.2926	82.3691
Tulsipur	36	27.0882	82.2694
Turkauli	36	27.1846	82.4595
Turkauli	36	27.0186	82.3560
Tulsi Ram Kurmi	36	27.0465	82.3871
Tulsi Ram Pande	36	27.0013	82.4245
Turkalua	36	27.0565	82.4899
Turkal Muhammadapur	40	18.0197	78.3457
Turkadiha	36	27.0261	82.5351
Turkauli Khas	36	27.0277	82.6036
Turkaulia	36	27.1347	82.6492
Tusail	36	27.0955	82.6927
Turkaulia Rai	36	27.0980	82.7350
Turkaulia Tiwari	36	27.1721	82.7538
Turkaulia	36	27.0732	82.8698
Tursia	36	27.0706	82.8911
Turti	40	18.6475	78.7432
Tulsipur	36	26.8367	82.0634
Tulsi Purwa	36	26.8397	82.0790
Tukarpur	12	33.8397	74.8143
Tujan	12	33.8597	74.8105
Tukur	12	33.7791	74.8594
Turats	12	33.9113	74.9356
Turk Wangom	12	33.7822	74.9356
Tulsipur	36	26.4649	82.0848
Tularan	12	33.7248	74.9157
Turab Khani	36	26.2372	82.0563
Tumberaopeta	40	18.8290	78.8255
Tulapur	36	26.1042	82.1256
Tuksan	12	33.3840	74.9077
Tukkaraopalli	40	18.3874	78.7942
Tudkapalli	40	18.0630	78.8040
Turri	36	25.1847	81.3047
Turka	35	25.0281	81.4699
Tursi	36	26.7623	82.3441
Tulsi Purwa	36	26.9984	82.3673
Turkadiha	36	26.9224	82.4823
Tudi Purwa	36	26.8442	82.4548
Turkipur	36	26.7132	82.4634
Tulsipur Bankata	36	26.6076	82.4957
Tulsipur	36	26.5828	82.4821
Tursampur	36	25.9101	83.1355
Turkauli	36	26.0604	82.3850
Tularam Purwa	36	26.0276	82.3350
Tulsi Patti	36	26.0167	82.4369
Tutahri	36	26.9341	82.5604
Tutahra	36	26.9563	82.5645
Turkaulia	36	26.9578	82.6453
Turkahia	36	26.7905	82.7345
Tulsipur	36	26.4684	82.6540
Turkani Bagh	36	26.4134	82.7123
Turkauli	36	26.0025	82.5821
Turkpur	36	26.2482	82.7093
Tulsi Purwa	36	26.9890	82.8368
Turkaulia Bargah	36	26.7565	82.8715
Turshampur	36	26.5507	82.8046
Tuktuia	36	26.6881	82.8566
Turkaulia	36	26.7374	82.9896
Tulsipur	36	25.9525	83.2648
Tulsipur	36	25.9895	83.3861
Tuti Bazar	36	26.3465	82.8172
Turkania	36	26.4866	82.9128
Tuliyan	12	34.0010	75.3635
Turkaulia	36	27.2098	83.0631
Tutha	36	27.0551	83.1306
Tulakhwan	12	33.8028	75.0760
Turkaulia	36	27.2300	83.3992
Tulsipur	36	27.1422	83.5166
Tulsipur	36	27.0445	83.6244
Tulpur	12	33.6922	75.0640
Turka Tachul	12	33.7436	75.0918
Turkinia	36	25.9349	81.6790
Tunihwan	36	26.9894	83.0837
Tulsipur	36	26.9567	83.0938
Turkaulia	36	26.5132	83.0216
Tumpar	36	26.6579	83.0935
Tulsi Ratan	36	26.5956	83.1250
Tulsi Ojha	36	26.5966	83.1202
Tulsi Pande	36	26.6059	83.1292
Turkaulia	36	26.5161	83.1323
Turkauli	36	26.6506	83.1614
Turkaulia	36	26.6450	83.2375
Turkaulia Naik	36	26.4943	83.0220
Tulsipur	36	26.3204	83.0699
Turkahipur	36	26.3036	83.1085
Turkaulia	36	26.4516	83.2110
Turchara Khas	36	26.2748	83.1807
Tuhfapur	36	26.1645	83.1893
Turkaulia	36	26.8782	83.2541
Tulsiram Jungle	36	26.7582	83.4040
Tura Bazar	36	26.8062	83.4609
Tulsidei	36	26.8285	83.4957
Turkauli	36	26.2811	83.3028
Tulapur	36	26.2652	83.3676
Turkaulia Urf Nathpur	36	26.3295	83.3732
Tulsideor	36	26.8164	83.5039
Turkdiha	36	26.8203	83.6548
Turkaha	36	26.8655	83.6744
Tulsipakar	36	26.5191	83.5091
Tulsi Tola	36	26.6515	83.6378
Tulsipur	36	26.5216	83.6223
Tula ka Pura	36	25.6783	81.5100
Tulsipur	36	26.3421	83.5462
Turkaulia	36	26.3104	83.6518
Turai Dih	36	26.1740	83.5902
Tursuh	12	33.0542	75.0358
Turga	12	33.0785	75.1932
Tulahar	12	33.8589	75.2718
Tungwali	12	33.4167	75.2859
Tunpa	12	33.2797	75.2932
Tumerigonda	37	19.2702	80.6464
Turkaulia	36	26.7857	83.8511
Turkaulia	36	26.7938	83.9031
Turtipar	36	26.1552	83.8600
Turki Daulatpur	36	26.0306	83.9091
Turfia Chak	36	25.6120	83.7247
Tupakulagudem	40	18.5730	80.3882
Tung	12	33.2574	75.6103
Tumirguda	37	18.7848	80.5651
Tummakunta	37	18.7598	80.5467
Tunra	35	23.9572	80.2371
Turmandar	35	23.3271	80.4517
Turka	35	23.1853	80.3163
Tuman	35	23.6062	80.5522
Tumadar	35	23.3999	80.7244
Tundar	12	33.4587	75.8547
Tulhot	12	32.6011	75.1783
Tulur	12	32.6178	75.1768
Tund	12	32.6353	75.1448
Turanti ka Purwa	36	25.4636	81.6129
Tur	23	32.1989	75.3396
Tung	23	32.0468	75.3424
Tulapur	36	25.7045	81.7803
Tulota	12	32.6685	75.5773
Tumbu	12	32.6466	75.5629
Turmoli	12	32.6490	75.5344
Tungili	12	32.7100	75.6373
Tutuar	12	32.7077	75.7161
Tulsi ka Pura	36	25.8897	81.8530
Tulapur	36	25.9324	81.8310
Tulipur	36	25.6226	81.7551
Tulsipur	36	25.5941	81.8306
Tulapur Taluka	36	25.5918	81.8705
Tulapur	36	25.5882	81.8797
Tulapur	36	25.6134	81.9077
Tulsipatti	36	25.5737	81.9874
Tulapur	36	25.5822	81.9817
Tulapur	36	25.5905	81.9891
Tunnan	12	32.4794	75.6727
Tulsipur	36	25.4245	81.8244
Tulapur	36	25.4367	81.9336
Turukpura	36	25.0320	81.8207
Turkaha	36	25.1727	81.9857
Tugial	23	32.1463	75.5209
Turotwan	23	32.4569	75.8128
Turi Dremini	11	32.4985	75.9040
Tund	11	32.2582	75.8780
Tularh	11	32.4751	75.9501
Tumni	35	22.9887	75.7152
Tumani	35	22.9164	75.9818
Tuyapani	35	22.5196	80.0542
Tumegaon	35	22.5235	80.0918
Tuharan	11	32.0987	75.8564
Tund	11	32.0871	75.8463
Tutuwan	11	32.0769	75.9592
Tupwadi	16	20.0106	75.8658
Turanga	35	22.3579	80.0042
Turanga	35	22.2625	80.1437
Tumribhat Tola	35	22.4850	80.2330
Tut	23	31.1470	74.7415
Tuwegahan	37	20.5089	81.4432
Tumbapani	35	22.5534	80.4818
Turakhar	37	20.3162	81.4906
Tultuli	37	20.2025	81.3766
Tumritola	35	22.4144	80.2656
Turur	35	22.3410	80.2888
Tumribhat	35	22.0986	80.5175
Tung	23	31.2116	74.8658
Tuthe	23	30.8296	74.6465
Tumadi	35	21.7966	80.0655
Tumli Tola	35	21.9525	80.1241
Tur	23	31.3638	75.0374
Tuyapar	35	21.6543	80.1453
Tumkhera Khurd	16	21.4126	80.2180
Tumkhera Buzurg	16	21.3983	80.2062
Tudmapuri	16	21.1366	80.0286
Tumaritola	16	21.0651	80.2101
Tumsar	16	21.2666	80.2959
Tumritola	16	21.2416	80.4115
Tuyagondi	16	21.0302	80.4247
Tugiwala	23	31.8066	75.4377
Tukrutola	35	21.9780	80.6621
Tuma	35	21.6929	80.5580
Tut Sher Singh	23	31.0692	75.3834
Turna	23	31.1429	75.2591
Tur	23	31.9629	75.5572
Tue	23	31.8683	75.7099
Tuglutola	16	21.2331	80.5872
Tuyagondi	16	21.2494	80.6083
Tundial	23	31.8825	75.7797
Tumbabahara	37	22.9134	82.2777
Turrimarpara	37	22.8567	82.4840
Tuman	37	22.5735	82.4180
Tunki	16	20.1324	74.8458
Turkadih	37	22.1397	82.1149
Tuniakachhar	37	22.6263	82.5414
Tungumara	37	22.5444	82.6287
Tunda	37	22.0997	82.7215
Turma	37	21.5884	82.3557
Turi	37	21.8810	82.6541
Tulsi	37	21.7931	82.6905
Tukum Narayan	16	20.7533	80.1476
Tumrimendha	16	20.9318	80.2433
Turkindih	37	21.6373	82.5382
Tundri	37	21.6820	82.6628
Tusma	37	21.7451	82.6146
Tumidih	37	21.7853	82.8739
Tusar	37	21.8451	82.8542
Tumadabri	37	21.1290	82.1041
Tusda	37	21.0095	82.2183
Turidih	37	21.2155	82.3651
Turijhar	37	21.1000	82.4224
Tupakbora	37	21.0646	82.5142
Tulsi Khera	36	27.1456	80.6931
Tulsi	16	20.6120	80.0155
Tukum	16	20.6826	80.2176
Tunsunigarh	36	27.9274	80.8630
Tunpurwa	36	27.8874	80.9116
Turdipur	36	27.7699	80.7579
Tutipur	36	27.6292	80.8521
Tulsipur	36	27.3254	80.7844
Tulshipur	36	27.4191	80.9607
Tultuli	16	20.4416	80.2452
Turan	23	31.1058	75.8962
Tunkhel	12	33.2945	76.1854
Tun	12	33.2082	76.3918
Tundru	11	33.0863	76.4560
Tunda Got	11	33.0595	76.4554
Tund Adwar	11	32.8871	76.2235
Tukreoh	11	32.7128	76.0400
Turiaru	11	32.6106	76.0223
Tunjer	11	32.5803	76.0302
Tunda	11	32.5532	76.0898
Tutekanhar	16	20.6645	80.4812
Tumrikasa	16	20.3454	80.4901
Tukum	16	20.2406	80.3183
Tundi Khas	11	32.3335	76.0584
Tuin	11	32.3376	76.0650
Turhela	11	32.2831	76.0742
Turmer	16	20.0968	80.3488
Tumrikasa	16	20.9146	80.5068
Tunkra	24	25.2019	73.8427
Tunkra Khurd	24	25.0601	73.8537
Tundu	11	32.2038	76.2340
Tumrikasa	37	20.6994	80.6880
Tumrilewa	37	20.9571	80.7990
Turi	11	32.5745	76.2535
Turregarh	37	20.8263	80.8307
Tumrikasa	37	20.8886	80.9351
Turmura	37	20.7256	80.8711
Tumrikasa	37	20.7024	80.9428
Tumrikasa	37	20.3845	80.7560
Tumrisur	37	20.2673	80.8863
Turge	37	20.2760	80.9982
Tumirtola	37	20.1699	80.9765
Tur	11	32.4575	76.3009
Tusub	11	32.9904	76.5550
Tumru	11	32.7729	76.7116
Tulsapara	37	22.2777	81.7073
Tumri	37	22.0184	81.5389
Tulsikapa	37	22.0603	81.5955
Tuh	11	32.3077	76.5702
Tumbadabra	37	22.5326	81.9095
Tuluf	37	22.5429	81.9619
Tund Khari	11	31.7657	76.0549
Turwari	37	22.1866	81.7653
Tulsi	37	21.7221	81.7284
Tulsi	37	21.5328	81.7995
Tulsi	37	21.5588	81.9070
Tulsi	37	21.2610	81.7557
Tulsi	37	21.3378	81.8663
Tulli	11	31.9353	76.3893
Turer	11	31.8227	76.3230
Tukadbail	19	14.8787	74.8007
Tumbebid	19	14.8531	74.8048
Tumbriguddi	19	14.8162	74.8246
Tung	11	31.7203	76.9732
Tung	11	31.5766	76.7823
Tunahi	11	31.5392	76.9063
Tun	11	31.2923	76.9325
Turan	23	30.6482	76.2697
Turkheri Khurd	23	30.5375	76.3180
Turkheri Kalan	23	30.5390	76.3087
Turan	23	30.5126	76.3232
Tuppajaddi	19	14.7023	74.8103
Tudguni	19	14.5292	74.7927
Tuilkop	19	14.7111	74.9668
Turla	21	21.0349	82.8131
Tuhangidadar	21	21.0212	82.8012
Tumripani	21	21.0010	82.7919
Tusgaon	37	21.2325	82.9423
Tumbahar	37	20.4057	82.0034
Tuiamuda	37	20.7551	82.0044
Tumgaon	37	20.8233	82.1994
Tud	11	31.1356	77.1611
Tumribahar	37	20.2508	82.1064
Tupenga	37	20.3584	82.2461
Tuhlu	37	20.9011	82.3550
Turan	11	31.1268	77.7657
Tulsipara	21	20.1766	82.5989
Turakmara	36	23.9810	83.1621
Tukupakhna	37	23.9690	83.2232
Turimunda	38	23.9634	83.6067
Tumbergod	19	14.4279	74.8753
Turidih	37	23.6054	83.6470
Tutigunta	02	17.2578	81.6217
Tutigunta	02	17.3886	81.6009
Tunnuru	02	17.4497	81.6347
Turruru	02	17.4923	81.6906
Turravada	02	17.7695	81.8315
Turumamldi	02	17.7056	81.8509
Tumera	38	23.6421	83.9926
Tumgni	35	23.4765	76.2037
Tumasra	10	28.0085	77.3425
Tulsidih	37	21.8885	83.0612
Tulsidihi	37	21.7703	83.1340
Turkadih	37	21.8173	83.0951
Turtong Dogri	11	31.6529	78.3763
Tumbe	19	14.1312	74.9721
Tumari	19	14.0376	74.8492
Tumbri	19	14.1211	74.8212
Tumrawada	35	23.0207	76.0118
Tungni	35	23.5150	76.2556
Tundera	39	30.0694	78.7645
Tuna	39	29.9196	78.4446
Turkhandial Khol	39	29.9490	78.7739
Tupria	39	29.9297	78.8387
Turipara	21	21.7917	83.4960
Tupakdhar	37	21.7227	83.2678
Turanga	37	21.7204	83.4001
Turkipura	36	28.2016	78.0711
Tulsigarhi	36	28.1881	78.2260
Tunda Khera	36	28.1257	78.1362
Tukrana	35	23.4791	76.3215
Tungni	35	23.0895	76.4232
Turimunda	21	21.1995	83.2676
Tungibandhli	21	21.2463	83.3666
Tumbapali	21	21.8364	83.6616
Tumbajor	21	21.9972	83.6257
Tukurla	21	21.3990	83.5746
Turunga	21	21.3544	83.5600
Turunga	21	21.2596	83.6295
Tulanga	39	30.5054	79.1365
Tuni	35	23.8236	76.6659
Tumariya Kheri	35	23.8793	76.6268
Tuniamunda	21	21.0304	83.5905
Tulandi	21	21.1734	83.6477
Tulundi	21	21.3051	83.8912
Tupapara	21	21.4242	83.8039
Turcha	21	20.8901	83.3103
Turanad	37	18.8265	80.8140
Tumnad	37	18.8278	80.8604
Turkiapurwa	36	27.8649	81.4213
Tulshia Purwa	36	27.8581	81.4014
Tulshi Purwa	36	27.9424	81.4231
Tutuhipur	36	27.3603	81.2889
Tula Purwa	36	27.3427	81.3200
Tulshipur Kharka	36	27.3639	81.2994
Tulshipur	36	27.3659	81.3233
Turkauli	36	27.2807	81.3020
Tulshipur Banjar	36	27.3255	81.3445
Tulsipur	36	27.2661	81.3984
Tulapur	36	27.3998	81.4096
Tundauli	36	27.4256	81.4233
Tula Purwa	36	26.1068	81.2543
Tulsi Purwa	36	26.7696	81.5016
Tulshipur	36	26.2656	81.7009
Turaipulguda	02	18.3350	82.9039
Tudumu	02	18.3519	82.9190
Tunkavalasa	02	18.3440	82.9235
Turkalmettu	02	18.1155	82.8145
Tummapalem	02	18.0050	82.8798
Tunsib	02	18.0760	82.8619
Tumbaguda	02	18.2171	82.9172
Turpati	02	18.1745	82.9317
Tunjam	25	12.6596	80.0195
Tummalapalle	02	16.5192	81.0091
Turpu Pakala	02	17.1624	82.1203
Turingpeta	02	16.8226	81.4050
Turumamidi	02	17.7967	82.2533
Tummalabanda	02	17.6030	82.3310
Tummakoppa	02	16.4841	81.4956
Tundurru	02	16.4750	81.5854
Turputallu	02	16.3647	81.6435
Tumalpalle	40	17.1860	80.6456
Tuvachelkapalle	02	17.0401	80.7382
Tummalacheruvu	40	17.7706	80.7933
Turubaka	40	17.7580	80.8948
Tummalakunta	40	17.5711	80.8951
Tunikioheruvu	40	17.7225	80.9802
Turkapalem	02	16.5586	80.2211
Tulabada	02	17.7768	82.5107
Turubommalu	02	17.8804	82.5842
Tummalapalem	02	17.8524	82.6983
Tutipala	02	17.6920	82.7304
Turakapalem	02	16.2871	80.0181
Tummalapalem	02	16.3296	80.0657
Turakalapudi	02	17.7339	82.8596
Tunivalasa	02	17.8787	82.9092
Turuvlou	02	17.9272	82.9240
Turangalapalem	02	17.5761	82.8780
Tummapala	02	17.7154	82.9990
Tubadu	02	16.2112	80.1681
Tunikipadu	02	16.9812	80.3873
Turka	21	19.8128	83.2419
Tunapari	21	19.5660	83.0137
Tunapari	21	19.5623	83.0255
Tundumai	21	19.5298	83.1292
Turi Jamkona	21	19.8993	83.2825
Tutter	21	19.9576	83.4577
Tunkasali	21	19.5153	83.3538
Tuta	21	19.5403	83.3738
Turiguda	21	19.7480	83.4414
Tummidi	21	19.7806	83.5126
Tuapadar	21	19.7911	83.5772
Tutedipadar	21	19.8105	83.5961
Tuakola	21	19.9338	83.6098
Tuaguda	21	19.7893	83.5982
Tummalapalem	02	16.1990	80.2839
Turlapadu	02	16.1005	80.2606
Tutideoda	37	19.3726	82.1345
Turenar	37	19.1129	82.0845
Tusel	37	19.0474	82.0006
Tusel	37	19.0429	82.0116
Tungapal	37	19.2118	82.1173
Tunkaguda	21	19.1880	82.2436
Tungabala	21	18.4218	82.1435
Tungabala	21	18.4285	82.1598
Tunesh	21	19.4989	83.0268
Turakapada	21	18.5576	82.3363
Turakapada	21	18.5471	82.3785
Tula	21	18.7419	82.4934
Tulsichhapar	21	19.1279	83.0988
Tulaguram	21	18.4891	82.3041
Tutagummi	21	18.2790	82.3354
Tusayipada	21	18.4318	82.3401
Tumalupanasa	02	18.3019	82.4846
Tummitarai	21	19.3181	83.2950
Tummiguda	21	19.1822	83.4247
Turri Hamsa	21	19.0722	83.4224
Tummalapalem	02	16.5709	80.5312
Tummalapadu	21	19.3234	83.5879
Tukapai	21	19.2843	83.6692
Turumamidi	02	18.0195	82.3773
Tulam	02	18.1283	82.4183
Tukam	21	18.6332	82.5448
Tusuba	21	18.5811	82.6094
Tuba	21	18.5008	82.6782
Tulharangi	02	18.1308	82.5782
Tumedneradu	02	18.0591	82.5303
Turalmetta	02	18.0875	82.5989
Tumpadu	02	18.0772	82.6936
Turiguda	21	18.9619	82.9704
Turipar	21	18.9533	82.9860
Turkapalem	02	16.3195	80.6319
Tummapudi	02	16.3786	80.6231
Turpakala	02	16.3965	80.7341
Turia	21	18.6146	82.9776
Turiavalasa	21	18.6348	82.9933
Tukkaluru	02	16.7814	80.8855
Turpu Digavalli	02	16.8696	80.8547
Tummagudem	02	16.9414	80.8930
Tummaladibba	02	16.3163	80.7739
Tummalapalle	02	16.4733	80.9619
Turkapalem	02	16.3248	80.9703
Tumada	21	19.9565	81.9003
Tumdapara	21	19.8964	81.9279
Tummalgudem	37	18.3823	81.0503
Tukubadi	21	19.8551	83.9433
Tuaguda	21	19.7484	83.8077
Tukama	21	19.7486	83.9086
Turakaniguda	21	19.0581	83.7900
Tumsoru	21	19.0626	83.9876
Tuagudi	21	19.2424	83.9267
Tudparas	37	18.8872	81.3173
Tundapara	37	18.6770	81.2936
Tungamipara	37	18.5205	81.3238
Turli	21	18.7726	83.0523
Tulu Lellari	21	18.9807	83.2015
Turiapadu	02	18.5622	83.0815
Tudukupadu	21	18.5436	83.0393
Tupakivalasa	02	18.6062	83.2047
Tunda	02	18.6991	83.1830
Tulikigedda	21	18.4723	83.0039
Tummiguda	21	18.4166	83.0324
Tutipaduvalasa	02	18.4518	83.0815
Tumaravalli	02	18.3658	83.1615
Tummikaporlu	02	18.1478	83.0666
Tummamanuvalasa	02	18.2140	83.0965
Turuku	02	18.9301	83.3733
Tumalavalasa	21	18.9764	83.4297
Turakapeta	21	18.9361	83.2511
Tulasivalasa	02	18.9205	83.4814
Turumamidi	02	18.6859	83.2906
Tulsiramavalasa	02	18.7458	83.4879
Turem	37	18.8348	81.5432
Tumakpal	37	18.7676	81.6088
Tumakpal	37	18.7772	81.6198
Turipal	37	18.5615	81.5674
Turipalpara	37	18.5001	81.5443
Turipal	37	18.5080	81.5503
Tummikapalle Agraharam	02	18.2800	83.3839
Tunivalasa Agraharam	02	18.0360	83.3453
Tummalapeta	02	18.2046	83.4107
Tuaras	37	18.9609	81.8304
Tungapalle	37	18.5599	81.9263
Tummikamadaka	21	18.1043	81.8335
Tumasa	21	18.2984	81.8704
Tumasapalle	21	18.2617	81.9133
Tumeruguda	21	18.3489	81.9394
Tumbiguda	02	18.9659	83.5409
Tudukallu	02	18.9427	83.5552
Turakanayhuduvalasa	02	18.7600	83.5392
Tummiguda	02	18.7980	83.6235
Tudidangu	02	18.8276	83.7262
Tudumalguda	02	18.9192	83.6699
Tumarada	02	18.6138	83.5124
Tudi	02	18.6486	83.6410
Tunkipayi	02	18.7474	83.6707
Tumarada	02	18.6090	83.7157
Tunivada	02	18.5757	83.6843
Tulasi	02	18.8575	83.8071
Tumalpadu	02	18.8471	83.7985
Tumbelli Obangi	02	18.7865	83.7576
Tumbelli	02	18.7775	83.7574
Tumbigaguda	02	18.7655	83.8668
Tuburuda	21	18.9979	83.9874
Tumiringara	21	18.8947	83.9681
Tumbakonda	02	18.7261	83.7615
Turayipuvalasa	02	18.6890	83.8168
Tunga Tampora	02	18.6687	83.9208
Tunga Tampora	02	18.7084	83.9776
Turakapeta	02	18.5866	83.9428
Turakapeta	02	18.5219	83.9280
Tubbilipeta	02	18.5316	83.9261
Turkalagudem	40	17.5763	81.2377
Turakavalasa	02	18.6114	83.8493
Tuppuduguda	02	18.6282	83.8700
Tungapeta	02	18.3712	83.7978
Turakapeta	02	18.3789	83.7671
Turakapeta	02	18.4386	83.8455
Turpu Krishnapuram	02	18.4845	83.8723
Turakapeta	02	18.3884	83.9164
Turukagudem	40	17.2821	81.1633
Tummayyapalem	02	17.7615	83.1434
Tummulapalem	02	17.8886	83.2460
Tunakapalem	02	15.2345	80.0278
Turpu Nayudipalem	02	15.3885	80.0355
Tulipalem	02	15.3558	80.1133
Tulipalem	02	15.3606	80.1160
Tulipalem	02	15.3722	80.1229
Tulipalem	02	15.3918	80.1366
Tummala	40	17.7792	81.3110
Tummalapalem	02	15.8856	80.5851
Turkapalem	02	16.0004	80.5995
Tummagunta	02	14.5972	80.0608
Tulipalem	02	14.2594	80.1268
Tupili	02	14.0157	80.1085
Tupilipalem	02	14.0343	80.1439
Tumbakkam	25	13.3045	80.0138
Turapallam	25	13.4569	80.1224
Tunmakkapettai	25	13.4649	80.1787
Tummanagudem	40	17.7009	81.3824
Turti	34	25.2273	84.3037
Turkauliya	34	25.0702	84.2544
Turk Bigha	34	25.1082	84.4080
Tulsi Bigha	34	25.1095	84.3771
Tummileru	40	17.4681	81.4484
Turupugudem	02	17.1268	81.3919
Turkaulia	34	25.8459	84.7147
Tulasipakalu	40	17.7323	81.5208
Turumamidi	02	17.5323	81.6144
Tumburuvalasa	02	17.7139	81.7294
Tuntiyaheri	35	23.7417	76.5437
Tukoganj	35	23.6487	76.5400
Tuti	35	23.6370	76.7873
Tulia	09	23.0295	73.4283
Tutiaber	24	23.4965	74.4208
Tuver	09	24.0975	72.9448
Tungeswar	39	30.0586	79.5447
Tulor	39	30.0560	79.6302
Tundari	39	30.0552	79.5901
Tusgana	39	29.6193	79.1205
Tusrani	39	29.6230	79.1218
Tulsipur Dani	39	29.3345	79.0793
Tulsi	34	25.5218	84.5476
Tulsi Chapra	34	25.6902	84.6602
Turki	34	25.6355	84.6946
Turkaul	34	25.4144	84.7420
Tulkande	39	29.6152	79.2835
Tunakot	39	29.5761	79.4705
Tumdikhera Para	09	22.7819	74.2572
Tumdia	35	22.9606	74.4010
Tunla	39	29.4437	79.3686
Tus	24	24.6081	73.8965
Tu	24	24.5571	73.9085
Tuntpuri Khatta	39	29.1390	79.2608
Tulpuri	39	29.1024	79.3512
Tulpuri Mazra Tulla	39	29.0402	79.2816
Tukra	24	26.2345	74.1134
Turkharsa	34	25.1516	84.5305
Tulsi Bigha	34	25.0861	84.5825
Turuktelpa	34	25.1056	84.7074
Tuturkhi	34	25.0163	84.7444
Tuturkhi Bazar	34	25.0119	84.7476
Turkaura	39	29.6637	79.5277
Tusiari	39	29.6473	79.5506
Tuleri	39	29.5397	79.7151
Tujarpur	34	25.8790	84.7866
Turyoda	39	29.2983	79.7476
Tusyari	39	29.3346	79.6518
Tula Rampur	39	29.1219	79.5196
Tunikhal Khatta	39	29.0606	79.6260
Tunia	39	29.8807	79.5692
Tusyari	39	29.7619	79.5314
Tularin	39	29.8825	79.7190
Tutuhiya	34	27.0992	84.3629
Tumkariya	34	27.0849	84.4940
Turikund	16	21.7054	74.0427
Tulsa	09	21.5441	74.1040
Tungach ka Khera	24	25.3326	74.0655
Tungach	24	25.3359	74.0589
Tuhunka	24	25.3128	74.4058
Turkpatti	36	26.7635	84.0576
Tula Chapar	34	26.5354	84.2287
Tuper	39	29.8663	79.8080
Tunera	39	29.8161	79.8270
Tukra	34	26.7690	84.2905
Turhapatti	34	26.8511	84.4522
Turha	34	26.8932	84.4799
Turmoli	39	29.7178	79.8738
Tulshi Rai	36	26.7066	84.2798
Turhapatti	36	26.6771	84.2839
Tulna	39	29.5557	79.9598
Tulsipatti	36	26.6286	84.3227
Tukipatti	34	26.5983	84.3219
Tulaghat	34	26.9549	84.5799
Tunara	39	29.4602	79.8591
Tusrar	39	29.3307	79.7669
Tuli	39	29.3957	79.9497
Tumaria	36	28.2354	79.1752
Tumri Khera	35	22.6139	76.4373
Tursa	36	28.5691	79.3714
Tulshipur	36	28.6408	79.3491
Tulshipur	36	28.6058	79.4433
Tulsipur	36	28.4705	79.4974
Tughlapur	36	28.0463	79.3014
Tumaria	36	28.2153	79.4323
Tulaki Gaontia	36	28.0636	79.4670
Turab	34	26.3320	84.5731
Turkagori	39	28.9657	79.5136
Tulsampur Jagir	36	28.7582	79.5363
Tundalia	36	28.8594	79.7393
Tumriya	34	26.9935	84.8485
Tuki	16	21.6091	74.5569
Tuli Rai	34	26.1976	84.8055
Turki	34	26.1321	84.8577
Turkanian	36	28.3602	79.5363
Turkunian	36	28.7783	79.7693
Turkpur	36	28.6503	79.8739
Turki Bari	36	25.8904	84.0315
Turayalpali	36	25.9307	84.0113
Tulsipur	34	25.5114	84.1457
Turiganj	34	25.5784	84.2086
Turianganj	34	25.5657	84.2058
Turraha	36	28.2955	79.9266
Tulsi Chak	34	25.3868	84.9660
Turi	34	25.0055	84.8919
Tula Bigha	34	25.1163	84.8604
Tulsi Mathtola	34	25.1723	84.9727
Turkaul	34	25.1750	84.9166
Tuna	34	24.7128	84.2332
Turta	34	24.6349	84.1899
Turai Dehra	34	25.4325	84.0321
Turaon Khas	34	25.3659	84.2235
Tulbula	38	24.2453	84.0252
Tukbera	38	24.1920	84.0482
Tusra	38	24.2008	84.1564
Turidag	38	24.2425	84.1111
Turadag	38	24.2451	84.2024
Turkadih	38	24.0631	84.1677
Turki	34	25.2106	84.0304
Tulsitola	34	25.3823	84.3978
Tuturukhi	34	24.9867	84.4357
Turkadih	38	24.3707	84.2997
Tuina	38	24.2129	84.2901
Tulsi Bigha	34	24.9912	84.6525
Turiadih	38	24.2226	84.5286
Tumiya	38	24.3153	84.5465
Turiadih	38	24.0903	84.5634
Tunudag	38	24.0779	84.5522
Tulsi	38	24.2160	84.6428
Tummalagunta	02	16.1401	79.8110
Turumella	02	16.1598	79.9184
Tungapadu	02	16.2271	79.9386
Turk Ainjani	34	25.2237	85.9891
Turlapatratoli	38	24.0483	84.9998
Turhatola	34	26.5249	86.0466
Tulsiahi	34	26.5870	86.3388
Turiahi	34	26.5748	86.4143
Tudiyar	13	12.5615	74.9797
Turnur	19	15.9586	75.2858
Tuppadkuratti	19	15.5409	75.4933
Turchihal	19	15.3501	75.7378
Tumarikop	19	15.8285	75.9615
Tundaniru	19	14.5198	75.1475
Tumarikoppa	19	14.5519	75.0717
Tuyalkoppa	19	14.6188	75.1211
Tudekoppa	19	14.1955	75.0939
Tumari	19	14.0266	75.0734
Tujjeddu	19	14.1989	75.1184
Tumrikop	19	14.7522	75.2507
Tumrikop	19	14.5916	75.3335
Turakalapatnam	02	14.0868	77.5029
Turakapalle	02	14.9430	77.8025
Turakavaripalle	02	14.7140	77.9624
Tumpera	02	14.6617	77.8267
Turakavaripalle	02	14.5767	77.9712
Tumbinkatte	19	14.3526	75.3663
Tummala	02	14.4434	77.7762
Turakavandlapalle	02	14.2599	77.8731
Tupput	19	14.0782	75.3090
Tugalahalli	19	14.2125	75.5891
Tumbinakeri	19	14.9157	75.8194
Tubinakunta	02	13.8379	77.0702
Turukollapallle	02	13.9807	77.3529
Tungoti	19	13.6605	77.1612
Tumbadi	19	13.5689	77.2373
Turuk Ranganpalya	19	13.1425	77.1027
Tummalu	19	13.8351	77.3603
Tumgondanhalli	19	13.4867	77.2879
Tungepalle	02	13.7216	77.4785
Tumakunta	02	13.7206	77.4885
Tumbadigollahalli	19	13.5686	77.2541
Tubkunti	19	13.2849	77.3738
Tungodu	02	13.9475	77.6365
Tummalakuntapalle	02	13.8669	77.7194
Tummalakunta	02	13.8429	77.6894
Turuvanhalli	19	13.4039	77.5640
Tubgere	19	13.3741	77.5706
Turakarpalya	19	13.0053	77.5596
Tummalakuntapalle	02	13.9452	77.9967
Tungadidinne	19	13.7941	77.9220
Tumbigeri	19	14.6080	75.8723
Tudki	19	13.6942	75.1961
Tulankallu	19	13.7345	75.2162
Tumkani	19	13.4977	75.2170
Tumbyaje	19	13.0139	75.1886
Tundasara	19	13.7976	75.4414
Tudike	19	13.6947	75.2643
Tukpante	19	13.6737	75.3320
Tuduru	19	13.7155	75.3739
Tulavanakoppa	19	13.4557	75.3471
Turahal	19	13.3390	75.4650
Tuppur	19	13.4166	75.4358
Tumbahalli	19	13.3258	75.5687
Tulana	16	19.7127	79.3648
Tumpalli	40	19.3366	79.2630
Tungara	40	19.3143	79.4766
Tumbadevanahalli	19	13.0125	75.7518
Turagaravalli	19	13.0086	75.9908
Turukarahalli	19	13.1423	75.9730
Tumbettakodi	19	12.8129	75.0986
Turti	13	12.5040	75.0113
Tuval	13	12.4497	75.0732
Tunnapu	13	12.3540	75.1439
Tumbadka	13	12.4718	75.1566
Tumbranda	13	12.3255	75.2376
Tumati	19	15.1020	76.7760
Tufanganj	34	25.2318	85.5271
Tungi	34	25.1686	85.5376
Tulapur	34	25.0245	85.5988
Tunchipalli	40	19.4129	79.5725
Tulahalli	19	14.6911	76.2315
Tuppadahalli	19	14.5305	76.1390
Tubigere	19	14.4504	76.0370
Tuppakkanahalli	19	14.8474	76.3510
Tumbinakatte	19	14.6518	76.3370
Tumbaraguddi	19	14.6738	76.4156
Tula Chak	34	24.6783	85.1459
Tulsidih	34	24.5669	85.1991
Tulbul	38	24.3301	85.0758
Tungi	34	24.8128	85.3049
Tulsi Bigha	34	24.7250	85.4112
Tulsi Bigha	34	24.7257	85.4728
Turitoli	38	24.1656	85.4345
Turi	38	24.1621	85.4335
Turitoli	38	24.0897	85.4068
Tumbaraguddi	19	14.9500	76.5717
Tuppadakkanahalli	19	14.7316	76.6761
Tulsi Koppal	19	12.3581	76.3928
Turukbad	38	24.2628	85.6186
Turmi	38	24.3664	85.7209
Tulsiahi	34	26.4992	86.2036
Turkaha	34	26.4883	86.1897
Tulsipatti	34	26.3273	86.1829
Turki	34	26.0295	86.0666
Tumaul	34	26.1249	86.2029
Tulapatti	34	26.0438	86.2433
Tuppadahalli	19	13.9158	76.0646
Tuminakere	19	13.9013	76.2047
Turavanahalli	19	13.5706	76.0182
Turavanahalli Mutt	19	13.5672	76.0243
Tumbinakere	19	13.6812	76.3474
Tumbapura	19	13.4006	76.3760
Tudikenahalli	19	13.3916	76.3668
Tumaul	34	26.0928	86.3145
Tumri Rith	16	19.7525	79.9152
Tulapatti	34	26.2066	86.7704
Tumri	40	19.5808	79.7916
Tumarguda	16	19.5415	79.9387
Tulsi Chak	34	25.5779	86.2085
Tulsipur	34	25.4784	86.1859
Tuminala	40	18.9491	79.0621
Turuganahalli	19	12.9339	76.0051
Turubanahalli	19	12.9045	76.6153
Tubinakere	19	12.9484	76.5959
Tunga Koppal	19	12.3897	76.1451
Tunga	19	12.3927	76.1352
Tunga Koppal	19	12.4572	76.1345
Tunga	19	12.4648	76.1336
Turkia	34	25.5331	86.2522
Tubinakere	19	12.8325	76.8647
Tulasikomari	19	12.9098	76.8582
Tubinakere	19	12.9394	76.9152
Tulsitola	34	25.3962	86.2917
Tubakere	19	12.5717	76.9614
Tubinakere	19	12.4954	76.7954
Tumbala	19	12.2757	76.8575
Tumbiganuru	02	15.9588	77.2509
Tumbalabidu	02	15.4384	77.2388
Tungabhadra	19	15.9528	77.3614
Turvagallu	02	15.5567	77.4044
Tuppadarallu	40	15.9757	77.6384
Tuvvedoddi	02	15.4515	77.6557
Tumani	34	25.1999	86.3426
Tuniahi	34	26.0000	86.5684
Tulsiahipatti	34	25.9270	86.5452
Tulsi	34	25.9895	86.6912
Turki	34	25.7417	86.6641
Turshahi	34	25.7265	86.6796
Tum Bail	19	12.7270	75.7635
Tummella	40	15.9779	77.8483
Tummella	40	15.8925	77.7528
Tummalapalli	40	15.8965	77.8336
Turpu Garlapadu	40	15.8875	77.8484
Tutrallapalle	02	15.0302	77.8179
Tumbiganuru	02	14.8430	77.1094
Tumukunta	02	14.3080	77.1112
Tumucherla	02	14.5338	77.4508
Tulsiwari	34	25.9372	86.8232
Tuniahi Uttarwari	34	25.9010	86.7796
Tuniahi Dakhinwari	34	25.8946	86.7701
Turkahi	34	25.8776	86.8314
Tulasia	34	25.7794	86.9940
Tulsitola	34	25.5947	86.8461
Tulsiahi	34	25.6194	86.8619
Tuladih	34	24.9471	86.0041
Turnal	40	18.0094	79.0856
Tumlia	09	23.4412	73.6007
Tulsi Khera	36	27.2717	80.5709
Tuvakkod	13	11.4073	75.7359
Tulaph	35	22.3484	79.3647
Tung Bala	23	31.6584	74.8940
Tung Pain	23	31.6395	74.9013
Turuttiyad	13	11.4518	75.7915
Tuyyam	13	10.7833	75.9821
Turakpur	36	26.6630	79.1120
Turakpur Pachar	36	26.7373	79.1990
Turkevadi	16	15.8795	74.3328
Tudaye	16	15.8017	74.3558
Turmuri	19	15.8779	74.4214
Tupur	36	26.0699	79.1628
Tumra	36	26.0345	79.1338
Turakpur	36	26.9253	79.3554
Turakpur Bakhshai	36	26.8657	79.3725
Tumriha	36	26.5771	79.2713
Turkpur Bhagwan Das	36	26.5096	79.3888
Turkpur	36	26.7174	79.3835
Turkipur Phaphund	36	26.5521	79.4924
Tutra	16	19.7285	79.1942
Turkal Maddikunta	40	18.6371	79.3265
Tumanapalli	40	18.2264	79.3705
Turkapalli	40	18.0489	79.3203
Tuchamakeri	19	12.0928	75.9693
Tumbatajebail	19	12.6544	75.5391
Tumarguddi	19	15.9544	74.6651
Turmuri	19	15.7117	74.7703
Tuntgeri	19	14.7540	74.2197
Tumbolli	19	14.2673	74.5580
Tulsani	19	14.3501	74.5673
Tuduhole	19	13.9445	74.6529
Tumbigadde	19	13.8885	74.6794
Turi	38	24.5291	84.2999
Turkabar	34	24.5868	84.4339
Turi Bara	34	24.6793	84.9520
Turi Chhota	34	24.6680	84.9533
Tulsipatti	34	26.3985	87.0526
Tushia Mirdhandangi	34	26.2805	87.8086
Tulshia Mirdhandangi	34	26.3326	87.8312
Tulshia	34	26.3468	87.8411
Tulsi	34	25.5474	87.0433
Tuktokia	34	25.8948	87.4781
Turki	34	25.5697	87.2554
Tulsipur	34	25.1494	87.2660
Tulsipur	38	25.0831	87.3750
Tularam Bhuska	38	25.1296	87.3862
Tulsipur	34	25.2306	87.4399
Turki	34	25.8531	85.1242
Tulai Chak	34	25.5956	85.0600
Tulsi Mandai	34	25.5991	85.2017
Tulsipur Niria	34	25.3587	85.2153
Tulsi Chak	34	25.4612	85.0372
Tulme	38	25.0132	87.6704
Tuti	38	25.1972	87.7231
Tunibhitta	28	25.7738	87.9433
Tulsiaghat	28	25.3521	87.8834
Turkakol	34	24.7802	87.0051
Tuka	38	24.8472	87.1571
Tungi	38	24.7113	87.7394
Tursadih	38	24.7210	87.7314
Tulsipur	34	25.0816	85.1500
Tulsipur	34	25.1928	85.1500
Tumboni	28	24.2049	87.6916
Tulsipur	38	24.5560	87.7872
Turigram	28	24.0402	87.8537
Turki	34	25.8298	85.3231
Tulshi	34	25.3468	85.4274
Tulsi Bigha	34	25.0925	85.4399
Tulsi Mohanpur	34	26.0003	85.5650
Turkheda	16	21.1258	75.5542
Tuklabad	35	21.8726	75.9701
Tummalacheruvu	02	16.5246	79.7988
Turkapalem	02	16.5917	79.8675
Tupakulapalli	40	17.7718	78.4439
Tunki Bolarum	40	17.7290	78.5907
Turkapalli	40	17.5422	78.5165
Turkadayara	40	17.5061	78.6615
Tuprampeta	40	17.2912	78.7612
Tummalpalli	40	17.2969	78.8523
Turupguda	40	17.3038	78.9252
Turkaili	34	26.1074	87.5331
Tunias	39	29.1482	80.1947
Tusari	39	29.1906	80.1186
Turki Khera	36	27.7581	80.0411
Tutanpur	36	27.7588	80.0667
Turkheta Patti Gokan	36	27.9732	80.1564
Tursia	36	27.9920	80.1603
Turkheta Hathatpur	36	27.9647	80.2329
Turtipur	36	27.2752	80.1062
Tula Purwa	36	27.9229	80.4138
Tupamari	03	26.1354	91.0903
Tukrapara	03	26.0964	91.2242
Tukuntahalli	19	13.5971	77.8214
Tumkalhalli	19	13.5754	77.7910
Tummenahalli	19	13.5895	77.9219
Tumkanhalli	19	13.4102	77.7880
Tummanhalli	19	13.3567	77.9125
Tubinkere	19	12.9151	77.1904
Tubinkere	19	12.6829	77.0562
Tubinakere	19	12.5886	77.1492
Turagnur	19	12.3872	77.1232
Tumbanhalli	19	12.7148	77.3465
Turukarhoshalli	19	12.6340	77.4594
Tuppaganhalli	19	12.6102	77.4343
Turkarhoshalli	19	12.4271	77.4561
Tummalapenta	02	15.0278	78.0234
Tugutlapalle	02	14.7818	78.4045
Tudumaladinne	02	15.0875	78.3183
Turakapalle	02	14.8022	78.6411
Tuvvapalle	02	15.2200	78.6042
Turimella	02	15.5229	78.9848
Tummalapalle	02	15.2462	78.9132
Turpupalem	02	14.9047	78.0204
Tummalapuram	02	14.8467	78.0451
Tummalapalle	02	14.5404	78.2449
Tummalapalle	02	14.4770	78.2308
Tummalabayalu	02	14.1478	78.2433
Tummalapalle	02	14.0191	78.0567
Tummalakuntlapalle	02	14.0115	78.0644
Tuvvapalle	02	14.9330	78.9640
Tummalapalle	02	14.7657	78.9914
Turakapalle	02	14.7195	78.7675
Turupupalle	02	14.7031	78.8112
Tummalapalle	02	14.7467	78.8296
Tuvvapalle	02	14.7185	78.8461
Turakapalle	02	14.4874	78.8910
Turpupalle	02	14.4164	78.8196
Turupupalle	02	14.1577	78.8652
Tukirpalle	02	14.0783	78.8457
Tummala	02	13.9299	78.0753
Turakavaripalle	02	13.9383	78.1393
Tummasettipalle	02	13.8609	78.2392
Tulamarlavandlapalle	02	13.8928	78.0686
Turkesapalli	19	13.8283	78.0621
Turisasthralapalle	02	13.7709	78.1457
Tuvakalapalli	19	13.5789	78.0570
Tummaraguntavandlapalle	02	13.6813	78.1629
Tummaragunta	02	13.6844	78.1647
Tuluvanuru	19	13.6246	78.0431
Tummalavandlapalle	02	13.9364	78.3026
Turugavandlapalle	02	13.8658	78.3495
Tungapalle	02	13.7703	78.3076
Tuguvandlapalle	02	13.7695	78.4095
Tummalavandlapalle	02	13.7179	78.3418
Tummanamgutta	02	13.7038	78.3830
Tuguvandlapalle	02	13.6798	78.4584
Tummachettupalle	02	13.6355	78.4832
Tungalavandlapalle	02	13.6185	78.4824
Turpupalle	02	13.5621	78.4139
Tupalli	19	13.4849	78.3054
Turpupalle	02	13.4757	78.3920
Tuvvaladinne	02	13.4381	78.5687
Tummalavandlavuru	02	13.4417	78.6383
Turlapalle	02	13.3463	78.6806
Tummanapalli	25	12.8211	77.9023
Turagalur	19	12.9514	77.9661
Tuppuganapalli	25	12.6204	77.9257
Tummalabayalu	02	15.9616	78.9316
Turvalhatti	19	12.9197	78.0510
Turasandapalli	19	12.8595	78.0124
Turunashi	19	12.8479	78.0190
Tulukanapalli	25	12.8770	78.0275
Tumbi	25	12.8019	78.1003
Tumatgeri	19	12.9591	78.1637
Tulampalli	19	12.8566	78.2346
Tumbalapalli	25	12.5404	78.1443
Tukkojanahalli	25	12.2952	78.2360
Tukallu	02	12.9231	78.3432
Tummalapalli	02	12.6597	78.3773
Turinjipatti	25	12.1855	78.2584
Turanampatti	25	12.1045	78.4697
Turinjihalli	25	12.0328	78.3972
Turaiyeri	25	12.6665	78.6020
Tumberi	25	12.6986	78.5856
Turanjikuppam	25	12.6491	78.7112
Turunjippatti	25	12.2882	78.5172
Tulukkanpalaiyam	25	12.9198	78.8359
Tumbikallai	25	12.5991	78.9273
Tupalle	02	14.3813	78.4965
Tummalapalle	02	14.3269	78.2548
Tummaluru	02	14.4728	78.5702
Tuvvapalle	02	14.2269	78.2684
Tuvvapalle	02	14.0844	78.2614
Turakapalle	02	14.0793	78.4516
Tumukunta	02	14.0773	78.4765
Tuvvapalle	02	14.0312	78.3906
Tuvvapalle	02	14.2368	78.5484
Tuvvapalle	02	14.2195	78.7216
Tuvvapalle	02	14.1352	78.5458
Turupupalle	02	14.0137	78.7009
Tungudu	02	15.2632	79.1378
Tummagunta	02	15.2041	79.2006
Turakapalem	02	15.0119	79.1322
Tuvvapadu	02	15.6302	79.4365
Turpupalle	02	15.6340	79.4421
Tummalacheruvu	02	15.6642	79.2878
Turpupalle	02	15.7418	79.3989
Turakapalle	02	15.0300	79.4344
Turpupalem	02	15.0959	79.3200
Tummedalapadu	02	15.8061	79.5604
Turakapalem	02	15.9272	79.6707
Turpupalle	02	15.9896	79.5395
Tummagunta	02	15.6580	79.5868
Turpupalle	02	15.4662	79.6662
Turakapalle	02	15.1690	79.5207
Tummalavaripalem	02	15.1214	79.5270
Turpupalem	02	15.0237	79.7230
Turakapalem	02	15.7548	79.8345
Tummagunta	02	15.4339	79.4725
Turakapalle	02	15.4202	79.3818
Turpupalle	02	15.4263	79.3628
Turakapalle	02	15.3887	79.4695
Tunugunta	02	15.0827	79.7870
Turakapalli	02	14.5777	79.0929
Tuduru	02	14.5069	79.0686
Turakapalli	02	14.2630	79.1098
Turakapalli	02	14.2199	79.1419
Tummala	02	14.1856	79.1503
Turakapalli	02	14.1013	79.2053
Tummalabailu	02	14.0178	79.1232
Turpapalli	02	14.2786	79.2805
Tummachetlapalli	02	14.1869	79.3074
Turavapalli	02	14.0026	79.3466
Tumaya	02	14.2690	79.5714
Turpuvelugonu	02	14.2540	79.5579
Turimerla	02	14.6375	79.9085
Tunkapalem	02	14.2890	79.9654
Turupupalem	02	14.2927	79.9770
Turpupalli	02	13.8316	79.0566
Turpupalli	02	13.8081	79.0369
Turakapalli	02	13.7883	79.0444
Turakapalli	02	13.7560	79.1683
Turpugaddapalli	02	13.7213	79.1556
Tummachenipalli	02	13.6841	79.1858
Turakapalli	02	13.7009	79.0847
Turakapalli	02	13.7120	79.0155
Turpukarabapalli	02	13.6729	79.0619
Turukapalli	02	13.6594	79.1583
Tuvvachenipalli	02	13.5019	79.2069
Turpupalli	02	13.5050	79.2091
Turpapalli	02	13.5023	79.0750
Tuvvachenupalli	02	13.4592	79.1003
Tuvvachenupalli	02	13.4526	79.0943
Turpupalli	02	13.3727	79.1539
Tumbivandlavuru	02	13.3863	79.0339
Tuvapalli	02	13.3066	79.1261
Tumminda	02	13.0871	79.0591
Tummalavaripalli	02	13.0966	79.1198
Turappanayudikhandriga	02	13.2740	79.3273
Tungamitta	02	13.3540	79.3681
Tugundram	02	13.1911	79.2669
Tutikhandigai	25	13.2319	79.4426
Tukalakhandigai	25	13.2216	79.4565
Tumulu	25	13.1706	79.4516
Tummalchervukhandigai	25	13.1639	79.4806
Tummalaguntakhandrika	02	13.6575	79.5588
Tummalcheruvu	02	13.5779	79.5452
Turaiyur	02	13.4629	79.5646
Turakalatettu	02	13.4337	79.5074
Tumburu	02	13.4131	79.6650
Turakapalem	25	13.1988	79.5532
Turkapalaiyam	25	13.2025	79.6522
Turakapalem	25	13.0876	79.7485
Tungamaduga	02	13.7649	79.8599
Tummuru	02	13.9259	79.8960
Tummalagunta	02	13.6931	79.7834
Tulavedu	25	13.2978	79.9908
Tumbakkadu	25	12.5762	79.0365
Tumbakkadu	25	12.5605	79.0281
Turinjikuppam	25	12.6083	79.1236
Tuluvapushpagiri	25	12.6623	79.1547
Turinjapuram	25	12.3181	79.0962
Tundirikampattu	25	12.6461	79.2955
Tumbur	25	12.5390	79.2835
Turinchipundi	25	12.3211	79.3672
Tuttippattu	25	12.1154	79.3435
Turatangal	25	12.0333	79.3948
Tudupakkam	25	12.2207	79.4800
Tumbur	25	12.0205	79.4775
Tulangantandalam	25	12.8796	79.6759
Turumpundi	25	12.5775	79.5560
Tumbai	25	12.7003	79.5792
Tulujapuram	25	12.9927	79.7776
Tulujapuram	25	12.9985	79.7870
Tunoyampattu	25	12.4466	79.6282
Turayur	25	12.5640	79.8346
Tuduvalamppattu	25	12.3442	79.8106
Turaiyur	25	12.2982	79.8537
Turuvai	25	12.0209	79.7899
Tuttileri	13	11.7388	76.1720
Tumberi	25	11.5918	76.3832
Tuneri	25	11.2704	76.6532
Tulitalai	25	11.3408	76.6635
Tuvalkannumund	25	11.4791	76.6074
Turatti	25	11.3415	76.7344
Tuneri	25	11.4611	76.7516
Tummanadu	25	11.4296	76.7672
Tummanatti	25	11.4284	76.7585
Tuneri	25	11.4363	76.9400
Tumbichchipalaiyam	25	11.0735	76.8636
Turutta	13	10.1827	76.2839
Turuttisseri	13	10.1523	76.3679
Turavunkara	13	10.1472	76.4151
Turuttummal	13	10.1175	76.3664
Tulamparambu Naduvattu	13	9.2897	76.4549
Tulamparambu Vadakku	13	9.2938	76.4470
Tulampajambu Tekku	13	9.2779	76.4539
Tungal	13	8.5870	76.9545
Tumbantura	13	8.5523	76.8541
Tumboli	13	9.5133	76.3193
Tumpaman Erattu	13	9.2371	76.7408
Tuvaru Tekku	13	9.0968	76.7065
Turuttikkara	13	9.0466	76.6684
Tuvaru	13	9.1237	76.7120
Tukkanayakkanpalaiyam	25	11.5079	77.3848
Tulukkamuttur	25	11.2363	77.3168
Tulukkamuttur	25	11.1841	77.4343
Turusampalaiyam	25	11.5116	77.6371
Tulukkapalaiyam	25	11.3031	77.5434
Tuduppati	25	11.3022	77.5499
Tulukkampalaiyam	25	11.2057	77.5555
Tundumaniyam	25	11.7373	77.9789
Tuttampatti	25	11.6760	77.9630
Tuttanur	25	11.6369	77.9946
Tunganur	25	11.5565	77.9119
Tuttippalaiyam	25	11.4744	77.9742
Turappalaiyam	25	11.2414	77.7888
Tukkachchi	25	11.0440	77.8429
Turaiyur	25	10.5555	77.0169
Tuttaripalaiyam	25	10.9370	77.3352
Tumbalappatti	25	10.8659	77.3802
Tungavi	25	10.6263	77.3294
Tumbalapatti	25	10.5215	77.2566
Tularangurichchi	25	11.1977	79.3250
Tupapuram	25	11.1674	79.4441
Tulukkatteru	25	11.1468	79.4969
Tuttur	25	10.9880	79.2509
Turumbur	25	10.9881	79.3084
Turaiyur	25	10.9231	79.3978
Tukkachchi	25	10.9278	79.4833
Turaiyur	25	10.8666	79.4532
Tulajendrapuram	25	10.5960	79.4572
Tuvaramadai	25	10.4110	79.2765
Turaiyur	25	10.2563	79.2675
Tuvarangurichchi	25	10.4020	79.3742
Turaikkadu	25	10.3846	79.4942
Tulajapuram	25	10.5090	79.7164
Turusippatti	25	10.5973	79.0506
Tulukkampatti	25	10.7310	79.1130
Turayundakottai	25	10.7138	79.2419
Turaiyur	25	10.7037	79.2127
Tumbattikkottai	25	10.6703	79.2441
Tulasapatnam	25	10.4261	79.6357
Tular	25	10.9800	79.5815
Tuttukkudi	25	10.8820	79.6315
Turaiyur	25	10.8409	79.7590
Tumandi	21	20.3582	84.7666
Tukuda	21	20.2527	84.8778
Tulisipalli	21	20.0156	84.8577
Tunda	38	23.9124	85.0846
Tutki	38	23.9824	85.1040
Turitoli	38	23.5240	85.0767
Turmuli	38	23.5474	85.1954
Turguru	38	23.3603	85.1358
Tusmu	38	23.3410	85.1918
Tumna	38	23.2004	85.2066
Tumnadih	38	23.1960	85.2040
Tunel	38	23.1834	85.1181
Tuntutoli	38	23.1685	85.1169
Tuiu	38	23.1043	85.1812
Tungaon	38	23.0907	85.1983
Tuthtoli	38	23.0665	85.0510
Turitongri	38	23.6980	85.3331
Tundahuli	38	23.5263	85.4462
Turup	38	23.4186	85.4585
Tukitoli	38	23.3854	85.3479
Tundhul	38	23.3355	85.2479
Tumbagutu	38	23.3000	85.3648
Turkatoli	38	23.2647	85.2754
Tupudana	38	23.2672	85.3082
Tutiharatoli	38	23.2793	85.4797
Tunju	38	23.1953	85.3679
Tuntdih	38	23.0844	85.2716
Turibar	38	23.9747	85.5304
Tusko	38	23.9153	85.6796
Tuiyo	38	23.8442	85.7351
Tutijharna	38	23.8033	85.6975
Turkudih	38	23.3178	85.6826
Tungrudih	38	23.2147	85.7224
Tunju	38	23.1247	85.6088
Tunjutoli	38	23.1214	85.5982
Tulbul	38	23.7817	85.7686
Tutki	38	23.3441	85.8325
Turdag	28	23.2866	85.9131
Tunku	38	23.3185	85.7551
Tunturi	28	23.2063	85.9163
Tuta	38	23.0787	85.8659
Turatoli	38	22.9776	85.0542
Tutatoli	38	22.8570	85.1960
Turiatoli	38	22.8899	85.1949
Turigara	38	22.8647	85.0035
Tuntikel	38	22.7994	85.1905
Turrang	38	22.8156	85.1932
Tumbukei	38	22.7843	85.0918
Tujor	38	22.7263	85.2088
Tumrung	38	22.7028	85.2063
Tutikel	38	22.6999	85.0594
Tungritoli	38	22.6606	85.0283
Tuibanda	38	22.6657	85.1873
Turingtola	38	22.5362	85.0188
Tungritoli	38	22.5554	85.1576
Tungsai	38	22.4120	85.2238
Tumbakel	38	22.9553	85.2850
Tupadih	38	22.9560	85.3325
Tutdih	38	22.9151	85.3482
Tuihassa	38	22.7831	85.3280
Tumram	38	22.7655	85.2778
Tupudang	38	22.8313	85.4392
Tuntu	38	22.8483	85.3899
Tubga	38	22.8517	85.4083
Tuingutu	38	22.8810	85.3968
Tubid	38	22.9682	85.4804
Tubil	38	22.8687	85.4521
Tungisuit	38	22.8178	85.4920
Tusunga	38	22.8151	85.4708
Tutui	38	22.8148	85.4608
Tumbi	38	24.3970	84.7964
Tulsipur	38	24.3801	84.7980
Tula Chak	34	24.4567	84.9367
Tungun	38	24.1010	84.7748
Tunrag	38	24.2144	84.9149
Turi	38	24.1179	84.9599
Tumbapatra	38	24.0271	84.9825
Tunia	38	22.5222	85.4334
Tuntuna	21	22.0009	85.6752
Tulsidabar	38	24.2233	86.7926
Tumabil	38	24.1799	86.9858
Tulsidabar	38	24.1130	86.8589
Tungari	38	23.7280	84.1709
Tukudih	38	23.5431	84.0390
Tumbal	38	23.5291	84.0421
Tumagara	38	23.9005	84.2729
Tulbul	38	23.7808	84.4720
Tupu Khurd	38	23.7303	84.4524
Tupu Kalan	38	23.7158	84.4414
Tutwa	38	23.4131	84.2535
Turur	38	23.4309	84.4941
Tuimu	38	23.3736	84.4716
Tumse	38	23.3679	84.3546
Tutwa	38	23.4037	84.2588
Turitoli	38	23.2688	84.4462
Tusgaon	38	23.2338	84.3524
Turiadih	38	23.2358	84.4852
Tunjo	38	23.2198	84.4920
Tururmatoli	38	23.0396	84.4283
Tukutoli	38	23.0103	84.4470
Tubed	38	23.8163	84.5713
Turiadihtoli	38	23.8801	84.6205
Tumagara	38	23.8389	84.6999
Turidih	38	23.6983	84.5491
Turiadih	38	23.4610	84.5029
Turiyadih	38	23.4283	84.5652
Tumkatoli	38	23.2666	84.5412
Turitoli	38	23.3514	84.6920
Tukutoli	38	23.2184	84.5312
Tukutoli	38	23.0557	84.5321
Tukutoli	38	23.0261	84.5731
Tukutoli	38	23.2131	84.7411
Tundag	38	23.9994	84.7993
Tundahutu	38	23.8738	84.8568
Tujitoli	38	23.7088	84.7888
Turisot	38	23.7238	84.8770
Turbatoli	38	23.6446	84.7826
Turuktoli	38	23.5164	84.8102
Tutlo	38	23.3874	84.9822
Tuko	38	23.3137	84.9524
Turiamba	38	23.2104	84.9219
Tumtumtoli	38	23.0626	84.8337
Tumtumtoli	38	23.0465	84.8903
Tukutoli	37	22.9222	84.1303
Turilodam	37	22.9475	84.2392
Turilodam	37	22.9387	84.2450
Tunttoli	37	22.9095	84.2127
Tukutoli	37	22.8290	84.2444
Turripani	37	22.5967	84.0449
Tukupani	38	22.5839	84.0677
Tunijor	37	22.5582	84.0021
Tungritoli	37	22.5252	84.0004
Turri	37	22.6420	84.1493
Tukutoli	37	22.7014	84.1349
Turingtoli	38	22.6193	84.2461
Turitoli	37	22.8598	84.2679
Tulmunga	38	22.9116	84.3930
Tururma	38	22.9945	84.3750
Turidih	38	22.9953	84.4580
Tungtoli	38	22.9892	84.4259
Turitoli	38	22.6773	84.3204
Tuntuniatoli	38	22.6251	84.2902
Turitoli	38	22.5158	84.3190
Tumdegi	38	22.6063	84.3423
Turturipani	38	22.6637	84.3570
Turturipani	38	22.6743	84.3556
Turitoli	38	22.6831	84.3938
Turitoli	38	22.7105	84.4000
Turitoli	38	22.7077	84.4308
Tudgatoli	38	22.6656	84.4621
Tutatoli	38	22.6658	84.4570
Tukupani	38	22.5799	84.4985
Turkatoli	38	22.4539	84.4527
Turitoli	38	22.3938	84.4270
Tukutoli	38	22.9408	84.6423
Tuntoli	38	22.9683	84.6813
Tukai	38	22.9443	84.7807
Turibira	38	22.8863	84.8160
Turiatoli	38	22.7715	84.8037
Turitoli	38	22.9737	84.9233
Turbul	38	22.9298	84.9106
Tungritoli	38	22.7527	84.9718
Tutatoli	38	22.7965	84.9757
Tunatoli	38	22.8565	84.9869
Turundu	38	22.9079	84.9697
Turbatoli	38	22.9771	84.9491
Turbunga	38	22.7392	84.8062
Turchatoli	38	22.7335	84.8027
Tututoli	38	22.6760	84.8107
Tutikel	38	22.6524	84.7720
Tututoli	38	22.6170	84.7585
Turkutoli	38	22.5215	84.8582
Turkutoli	38	22.5381	84.8792
Turubdega	38	22.5585	84.8692
Turiu	38	22.5764	84.9377
Tumbekela	21	21.7895	84.0036
Tumadihi	21	21.9395	84.1617
Tulukkappatti	25	9.6178	77.7078
Tulukkankulam	25	9.4653	77.6210
Tulukkappatti	25	9.1359	77.7096
Tulukkakkudi	25	8.6862	77.4702
Tulipelavu Kanikkudi	25	8.4828	77.2571
Tullikkad Kanikkudi	25	8.4509	77.2841
Tuvarankad	25	8.2664	77.4399
Tulukkappatti	25	8.7794	77.5167
Tulukkappatti	25	8.8090	77.6390
Tulukkarkulam	25	8.7549	77.6313
Tuvaraikkulam	25	8.5343	77.6261
Tulukkakkudi	25	8.3232	77.5743
Tulukkakkudiyiruppu	25	8.2900	77.5872
Tuvaraivilai	25	8.3066	77.6255
Tulukkakkudi	25	8.4186	77.6280
Tulukkapatti	25	8.4280	77.6720
Tulaicheri	25	8.4964	77.6850
Tulukkakudi	25	8.1643	77.6207
Tudukuli	25	8.6570	77.8351
Turaiyur	25	10.8116	78.0799
Tunganchettippatti	25	10.7564	78.1520
Tunganampatti	25	10.5112	78.0828
Tulipatti	25	10.6622	78.2357
Tuyyaneri	25	10.0071	78.1806
Tuvarari	25	10.2460	78.2212
Tukkalampatti	25	10.0357	78.2217
Tulukkampatti	25	10.5164	78.2548
Tulukkampatti	25	10.5735	78.3756
Tulukkampatti	25	10.5853	78.3952
Tuttippatti	25	10.3209	78.2736
Tulkampatti	25	10.3851	78.3767
Turambadi	25	10.8526	77.6755
Tulukkavalasu	25	10.8778	77.5583
Tulukkavalasu	25	10.7871	77.6542
Tulukkanur	25	10.7208	77.5473
Tulukkanvalasu	25	10.6913	77.7399
Tummachchipalaiyam	25	10.6078	77.6727
Tumbalappatti	25	10.5356	77.6893
Tumbalappatti	25	10.5365	77.5254
Tummachchampatti	25	10.4921	77.7444
Tulluvalaippatti	25	10.1854	77.7120
Tulukkakudi	25	10.5913	78.6088
Tulukkappatti	25	10.6154	78.6206
Tulukkanpatti	25	10.6789	78.6536
Tulukkanpatti	25	10.5747	78.7262
Tulukkampatti	25	10.4481	78.5153
Tuttur	25	10.3103	78.5436
Tuvar	25	10.2397	78.5721
Tulaiyanur	25	10.2214	78.7009
Tulavur	25	10.1018	78.6849
Turaiyur	25	10.8995	78.7502
Tundarayanpadi	25	10.7962	78.9396
Tulukkappatti	25	10.5617	78.8215
Tuvarankollaippatti	25	10.4015	78.9427
Tulukkankudi	25	10.3698	78.8186
Tuvaradimanai	25	10.2568	78.9794
Turaiyur	25	10.1977	78.9208
Tuvariman	25	9.9592	78.0576
Tumakkulam	25	9.7419	78.0288
Tulukkankulam	25	9.5980	78.2278
Tummachinnampatti	25	9.3992	78.2225
Tummakkundu	25	9.3661	78.0663
Tukkal	25	9.8322	78.4454
Tudainattam	25	9.7948	78.3334
Tuttikkulam	25	9.7432	78.3911
Tulukkarparalai	25	9.5926	78.4546
Turi	25	9.3417	78.4945
Tuttinattam	25	9.2652	78.2946
Tuttangulam	25	9.1972	78.4308
Tuvarandai	25	9.0662	78.2593
Turumbupatti	25	9.9826	78.5922
Tuvari	25	9.9038	78.5938
Tulukkamariyur	25	9.1449	78.5314
Tuttakkudi	25	9.9813	78.9085
Tudupudur	25	9.9184	78.8724
Tudiyani	25	9.8006	78.7727
Tunukudi	25	9.7701	78.8467
Tukkunankarai	25	9.7543	78.7588
Tumbattedal	25	9.7554	78.8459
Tuvar	25	9.7221	78.7670
Tuttiyendal	25	9.6023	78.8950
Tulukkakkudi	25	8.3494	77.8467
Tulukkakkudi	25	8.5866	78.0254
Tulukkakkudi	25	8.5731	78.1283
Turinjippattu	25	11.9417	79.1384
Tulukkanpalaiyam	25	10.9250	77.8773
Tumbivadi	25	10.9053	77.9777
Tulampundi	25	11.8554	79.1874
Tulukkanparaippatti	25	10.7471	77.9789
Tungapuram	25	11.2930	79.1082
Tular	25	11.3102	79.2329
Tudakkaraiyanpatti	25	10.3996	77.9141
Turinjippadi	25	11.2440	79.0705
Tukkampattikottai	25	11.1018	79.2322
Tulukkapalaiyam	25	11.8563	79.3366
Tulasingapalaiyam	25	11.9419	79.5733
Tuttippattu	25	11.9774	79.7219
Tulukkappalaiyam	25	11.7721	79.6836
Tulukkanattam	25	11.8404	79.6777
Tukkanambakkam	22	11.8411	79.7044
Tulukkanattam	22	11.8571	79.7323
Turinjikkollai	25	11.4746	79.5351
Tunisiramedu	25	11.3756	79.6519
Tulukkarpalaiyam	25	11.4253	79.7317
Tulajendrapuram	25	11.3109	79.7191
Tuhili	25	11.0510	79.5021
Tumbamedu	25	9.2530	77.4408
Tullukuttinayakkanur	25	9.8149	77.6808
Tuppanur	25	11.8388	78.0077
Tumbippadi	25	11.8080	78.0783
Tuvar	25	10.4534	79.0555
Tulukkavidudi	25	10.3160	79.1100
Turavikkadu	25	10.3704	79.2073
Tumbatulipatti	25	11.6401	78.0554
Turuttippalaiyam	25	11.2906	78.0482
Tuttikulam	25	11.3161	78.2375
Tunduperumapalaiyam	25	11.0231	78.0245
Tuvaraipalaiyam	25	11.0465	78.0866
Tummangurichchi	25	11.2317	78.1106
Tusur	25	11.1996	78.2286
Turinjippatti	25	11.9709	78.2680
Tumbalpatti	25	11.5778	78.2611
Tukkiyampalaiyam	25	11.6804	78.3994
Tuvaraippallam	25	11.3442	78.3828
Tumbalpatti	25	11.4478	78.4375
Tulaiyanattam	25	11.0490	78.4943
Tumbalam	25	11.0301	78.4296
Tulukkanur	25	11.6012	78.6266
Tumbarappatti	25	11.9791	78.8072
Tumbai	25	11.9046	78.7819
Turur	25	11.8609	78.7971
Turaimangalam	25	11.2292	78.8897
Tumakunte	19	14.0704	77.0553
Tummutapalle	02	14.8336	77.2938
Tumba	38	23.9147	85.3907
Turaon	38	23.9168	85.4245
Tulsikani	21	22.2465	85.0630
Tupadih	38	22.0554	85.1842
Tumbauli	38	22.8682	85.5621
Tupumuli	38	22.8205	85.5639
Tuibo	38	22.7827	85.5632
Turmundi	38	22.7955	85.6855
Turidih	38	22.9030	85.6488
Tuia	38	22.6053	85.6511
Tumbahaka	38	22.4689	85.5591
Tunkasai	38	22.3613	85.6492
Turidih	38	22.9033	85.7597
Turiani	38	22.7639	85.7856
Tundhu Sindir	38	22.9170	85.9137
Turu	38	22.9270	85.9213
Tuidungri	38	22.9731	85.9694
Tumsa	38	22.8443	85.9781
Tungi	38	22.7064	85.8276
Tuibir	38	22.5215	85.8309
Tuntuhutub	38	22.5909	85.8486
Tunglui	38	22.4805	85.7594
Tutugutu	38	22.4857	85.7784
Tuinbana	38	22.4914	85.8948
Tunga	38	22.2744	85.9879
Tuntakata	38	22.2123	85.9281
Tumugula	21	21.0691	85.1614
Turmakant	21	21.6313	85.2831
Tulodih	21	21.5930	85.3949
Tungrubahal	21	21.4616	85.3332
Tudwa Bahar	21	21.9832	85.5715
Tulsipur	21	21.8204	85.5178
Tulukunda	21	21.9855	85.6787
Tukudiha	21	21.8116	85.7170
Tulsichara	21	21.5830	85.6365
Tulukapada	21	21.1814	85.6229
Turmunga	21	21.7903	85.8127
Tulisai	21	21.8978	85.8683
Tulsipur	21	21.9556	85.8366
Tutupara	21	20.7132	85.2063
Tulasipur	21	20.1446	85.0773
Tulvi	21	20.0118	85.2016
Tulsiposi	21	20.8396	85.4353
Tumsinga	21	20.7916	85.4737
Turukdiha	38	24.1359	85.6333
Tuio	38	24.1972	85.6491
Turkban	34	24.9571	85.8291
Turia Bigha	34	24.8507	85.8546
Tungrudih	38	24.3726	85.9371
Tunmalki	38	24.3799	85.9185
Tuktuko	38	24.1149	85.7774
Tulsiahi	34	26.2190	86.5369
Tulapatti	34	26.1223	86.7122
Tulsitanr	38	24.2264	86.0199
Tuladih	38	24.2142	86.0198
Tutwatanr	38	24.0784	86.0640
Turitoli	38	24.0073	86.1532
Tuladih	38	24.0264	86.0136
Tuio	38	24.0008	86.0508
Tungritoli	38	24.0606	86.1293
Tumbapahar	34	24.7304	86.4201
Turukadih	34	24.5229	86.4974
Tupaia	38	24.2747	86.3798
Tumo	38	24.3589	86.4979
Turuktopa	38	24.1479	86.4559
Turukdiha	38	24.1353	86.3353
Turmunda	38	24.1917	86.2879
Tumesingha	21	21.4598	84.0122
Turang	21	21.4555	84.1558
Turukchua	21	21.4802	84.2193
Turai	21	21.8480	84.4813
Tulub	21	21.5568	84.3926
Tulusidihi	21	21.6337	84.3734
Tuntipipali	21	21.6643	84.4661
Tulubdihi	21	21.4820	84.4208
Turang	21	21.4328	84.4710
Turibahal	21	21.3084	84.4959
Tusula	21	21.6007	84.7052
Tuhilamal	21	21.2982	84.5944
Tungamal	21	21.2228	84.7357
Tutabari	21	21.1978	84.7426
Tumkela	21	21.8354	84.9364
Turamura	21	21.8352	84.8958
Turipara	21	21.9319	84.9258
Tuniapali	21	21.7293	84.8709
Tulsimunda	21	20.9684	84.1039
Tulsipur	21	20.8183	84.1883
Tutumsingh	21	20.6899	84.2295
Tunikhamar	21	20.6970	84.0784
Turipaju	21	20.5048	84.1868
Tumlipadar	21	20.2804	84.1030
Tumbamal	21	20.9573	84.2646
Tulsipur	21	20.8780	84.4086
Tulsingha	21	20.8408	84.2983
Tutursingha	21	20.7841	84.3168
Tukulunda	21	20.5981	84.4901
Tukrasahi	21	20.5929	84.4688
Tudungupodoro	21	20.2524	84.4537
Tudubali	21	20.1969	84.2928
Tumusingia	21	20.1114	84.3183
Tukangia	21	20.1656	84.3504
Turuda	21	20.9372	84.5695
Tulshipalli	21	20.0147	84.6158
Turumu	21	20.0456	84.6160
Tuipodoro	21	20.1512	84.6284
Tumurusinga	21	20.8462	84.7699
Tukura	21	20.8695	84.8993
Tube	21	20.8204	84.9925
Tube	21	20.8292	84.9818
Tulsipur	36	26.2719	81.6850
Tumnar	37	18.9925	81.2451
Tula Purwa	36	27.0609	80.0016