Ulhasnagar	16	19.2167	73.1500
Uluberiya	28	22.4756	88.0990
Ullal	19	12.8057	74.8606
Ullagaram	25	12.9790	80.1970
Ulliyeri	13	11.4525	75.7666
Uliyazhathura	13	8.5816	76.9224
Ulundurpet	25	11.6910	79.2873
Ullur	25	10.9706	79.4063
Ulvi	19	15.0044	74.5096
Ulvi	19	14.2728	75.1092
Ulubari	03	27.1865	94.0989
Ulubari	03	26.7334	92.5736
Ulubari	03	26.5000	90.4167
Ulubari	03	26.3700	91.2717
Ulubam	03	26.1176	92.1017
Ullapalem	02	15.2370	80.0712
Ullah	40	19.1813	78.0690
Ulkanda	28	23.8912	87.8097
Ulindakonda	02	15.6451	77.9715
Ulela	24	25.5152	75.2456
Ulavapad	02	15.1665	79.9960
Ulans	11	32.4502	76.4485
Uludangar	28	22.8428	88.5189
Ula	28	22.7225	88.5556
Ulera	24	25.3504	75.5100
Ulna	39	29.9971	78.6539
Ulsoor	19	12.9804	77.6166
Uldan	35	24.0583	78.7772
Ular	36	27.0709	79.4590
Uldan	36	25.4400	79.4227
Ulanahalli	19	14.2089	74.7909
Uljhawan	35	23.1025	77.1837
Ulirvada	16	21.2818	75.3291
Ullunda	21	20.9545	83.8790
Ullak	23	29.8354	75.2534
Ulwa	11	31.4281	77.4327
Ulwa	11	31.4027	77.4095
Ulakh	11	30.9038	77.3786
Ulaheri	24	27.8893	76.5112
Ulaheri	24	27.6665	76.5999
Ulaheri	24	27.6374	76.6221
Uleta	10	27.9515	76.9718
Ulakpur	36	29.4661	78.1674
Ulthan	35	23.0277	78.6841
Ulahni	36	29.5985	77.1753
Uldepur	36	29.0507	77.7445
Ulhera	39	29.6823	77.8424
Uldhan	36	28.7997	77.7142
Uldhan	36	28.8073	77.7214
Ulana	23	30.3712	76.6318
Ulanda	24	27.5817	77.1727
Ulbi	37	21.0315	81.6646
Ulba	37	21.0193	81.6541
Ulpanmardi	19	16.2484	76.9779
Ulahtapur	36	27.9847	78.9238
Ulai Khera	36	27.8450	78.9238
Ulat	35	22.0478	79.8626
Ulakheri	35	24.1415	77.4663
Uldapur	36	27.5651	78.3616
Ulau	36	27.1832	78.3142
Ulhopur	36	25.1094	83.0521
Ullepalli	40	17.4467	79.9199
Ulman	38	24.0489	83.9877
Ulipahari	38	24.2048	83.9551
Ulakhera	35	23.5048	78.0294
Uldana Kalan	36	24.4684	78.8169
Uldana Khurd	36	24.2889	78.7966
Ulhi Kalan	35	24.5926	81.5959
Ulhi Khurd	35	24.5828	81.6096
Uliapur	36	27.5135	79.3177
Uleri	35	24.9339	80.6870
Ulhpur	36	25.2814	82.3767
Ulda	36	24.9680	82.0957
Ulda	36	25.1364	82.2374
Ullaha	36	27.5595	81.0966
Ulahwa Purwa	36	27.6704	81.9996
Ulho	34	24.8509	83.8955
Ulhi	36	26.4365	81.7589
Ulra	36	26.3100	81.8246
Ularmau	36	25.9140	81.0735
Ulha	36	27.0791	81.6244
Ulahia	36	27.3136	82.2446
Ulyani	39	29.9404	79.1058
Ullupur	36	27.3101	82.3064
Ullu Purwa	36	27.2921	82.3562
Ulvapur	40	18.0353	78.4374
Ulaipur	36	27.0036	82.6451
Ullaha	36	26.9400	82.3015
Ulrapar	36	27.0855	83.1529
Ultha Buzurg	36	26.5261	83.2345
Ultha Khurd	36	26.5244	83.2473
Ulachupur	36	25.6091	81.5038
Ulda Maheshganj	36	25.5803	81.7106
Ullur	37	18.8980	80.3630
Ullur	37	18.8893	80.3522
Ullur	37	18.8856	80.3631
Ulot	12	32.6472	75.5386
Uler	12	32.4938	75.5382
Ulhelar	11	32.4644	75.9692
Ullake	23	31.0226	74.5434
Ullake	23	30.9765	74.5785
Uldia	24	26.2413	73.7572
Ulaha	11	31.9939	75.8003
Ulba	37	21.2717	82.3531
Ulrapur	36	27.1928	80.6758
Ulakpur	36	27.6342	80.8667
Ulra	36	27.4774	80.9163
Uled	11	32.3426	76.0499
Ulla	11	32.7122	76.3014
Ulehr	11	32.0005	76.4515
Ulhani	11	32.4566	76.6449
Ulat	37	21.8764	81.3097
Ulher	11	31.7940	76.3721
Ullal	19	14.7770	74.8919
Ullal	19	14.7343	74.9214
Ulbha	21	20.5092	82.6491
Ulka	38	23.9156	83.7893
Uldanda	38	23.8751	83.9952
Ulaghpur	36	29.0582	77.7704
Ulkhar	37	21.6608	83.0746
Uli	39	30.1532	78.8647
Ulial	39	29.9462	78.3447
Ulba	21	21.3540	83.5215
Ulap	21	21.8587	83.8245
Ulturu	19	13.5493	74.7228
Ulligunta	02	17.6499	82.0084
Ulibogula	02	17.5583	82.1151
Uligogula	02	17.3701	82.1993
Ulimeswaram	02	17.1471	82.1397
Ullimillipalem	02	17.4863	82.6866
Ulnar	37	18.9861	82.0224
Ulnar	37	19.1704	82.1180
Uldani	21	18.6342	82.4562
Ullubeng	21	19.4489	83.4781
Uliki	21	19.1219	83.3259
Ulera	37	19.8524	81.8092
Ulera	37	19.8672	81.8189
Ullerkutti	21	19.5028	83.8008
Ulavabhadra	21	19.0062	83.7677
Ullelapadu	02	18.4047	83.1926
Ulipadu	02	18.3798	83.2061
Ulgesi	02	18.9404	83.4050
Ulipiri	02	18.9402	83.4461
Ullibhadra	02	18.7552	83.4787
Ullandri	02	18.9268	83.4261
Ullipeta	02	18.3537	83.6017
Ullivalasa	02	18.3589	83.5931
Ulavabhadra	21	18.9864	83.8468
Ullimadiguda	02	18.6840	83.8653
Ulichi	02	15.5465	80.1566
Ulsavaripalem	02	14.2151	80.0724
Ulladibba	02	14.1914	80.1120
Ulumuru	40	17.7034	81.3494
Ulainigad	39	29.8605	79.4463
Ulpura	24	24.9255	73.8619
Ulseti	39	29.5567	79.6747
Ulgair	39	29.4856	79.5211
Ulina	39	29.7900	79.5073
Ulpura	24	25.2300	74.1053
Ullai	24	25.2493	74.1606
Ulkhet	39	29.9691	79.7757
Ulaiya	36	28.1060	79.0096
Ularwari	34	26.0756	84.5734
Ulhaitapur	36	28.0107	79.6584
Ulkari	36	28.7713	79.8711
Ulani	39	28.8580	79.8580
Uldan	39	28.9820	79.8975
Ulalka	36	28.3371	79.8320
Ular	34	25.3591	84.8460
Ulgara	38	24.0111	84.4902
Ulgara	38	24.0046	84.5170
Ulwar	38	24.2307	84.7236
Ulanj	38	24.1065	85.1877
Uliyargoli	19	13.2409	74.7420
Ulipadi	19	13.1095	74.8615
Ullia	19	12.8369	74.8856
Ulaibettu	19	12.9191	74.9319
Ullatti	19	15.0761	75.4920
Uluru	19	14.1380	75.1075
Ullikallu	02	14.8990	77.7959
Ulliyappanhalli	19	13.0260	77.2134
Ullenhalli	19	13.0946	77.1127
Ullodu	19	13.6435	77.6977
Ulakoppa	19	13.7142	75.0534
Ulatiga	19	13.6252	75.0405
Ulve	19	13.6579	75.2763
Uluvagalu	19	13.3505	75.6834
Uliathadka	19	12.7742	75.0140
Ultur	19	12.9824	75.1568
Uli	19	12.8796	75.1798
Ulamogaru	19	12.6907	75.2289
Ulavatti	19	14.9906	76.1585
Ullarti	19	14.3972	76.7393
Ulwar	19	12.5147	75.4642
Ulao	34	25.4165	86.0936
Ulikala	19	12.8045	76.0313
Ullikoppal	19	12.7794	76.0272
Ulikalakoppal	19	12.8006	76.0279
Ullikoppal	19	12.9957	76.2441
Ullenahalli	19	12.6194	76.0421
Ullaganganahalli	19	12.7315	76.7332
Ulivala	19	12.8420	76.3361
Uluru	19	15.4215	77.0292
Ulchala	02	15.8332	77.9182
Ullampalli	40	18.1805	79.2238
Ulliyil	13	11.9585	75.6419
Ulipitta	40	19.2774	79.2345
Ullanuru	19	15.4988	76.7184
Ullur	19	14.3873	74.5853
Ulle	34	24.9848	84.8340
Ulighitu	38	25.0201	87.6512
Ullah	28	24.0098	87.6585
Ulnapur	36	27.6905	80.0415
Ullamau	36	27.3660	80.0378
Ulrapur	36	27.8591	80.3773
Uliyakovil	13	8.9017	76.6017
Ulikkal	13	12.0370	75.6696
Ullappanhalli	19	13.4334	77.9648
Ulagal	19	12.4107	77.0109
Uluvirnapalli	25	12.6523	77.7426
Ulimangalam	25	12.5409	77.7209
Ulavapalle	02	14.8879	78.4913
Ulavadi	19	13.3993	78.0864
Ulerahalli	19	13.0030	78.0862
Ulapadu	02	13.3576	78.4487
Ulligunta	02	13.1776	78.5845
Ullatti	25	12.6120	77.9987
Ullugirikki	25	12.5513	77.9671
Ullatti	25	12.5288	77.9754
Ulagambatti	25	12.3751	77.9845
Ulagam	25	12.5911	78.0221
Ulli	25	12.8908	78.8432
Ulchekkadi	25	12.0186	78.7444
Ulibanda	25	12.3922	77.6441
Ulimella	02	14.4443	78.2644
Ullivanikuntapalle	02	14.1035	78.4660
Uliladdalavandlapalle	02	14.0453	78.3072
Ulachiguravaraju	25	13.2268	79.5107
Uliyampakkam	25	13.1501	79.6504
Ulundaikandigai	25	13.0030	79.7794
Ulundai	25	13.0084	79.8978
Uliyampattu	25	12.1540	79.2431
Uliyanellur	25	12.9684	79.5586
Ulundai	25	12.5145	79.7401
Ullavur	25	12.7957	79.8914
Uludamangalam	25	12.5197	79.9170
Uludamangalam	25	12.4713	79.9897
Ullascheri	13	11.7481	76.0135
Uliyaman Shola	25	11.5165	76.4488
Ulikmullam	25	11.5783	76.3400
Uluppatti	25	11.4801	76.7630
Ulanad	13	10.0905	76.2730
Uliyannur	13	10.0983	76.3395
Ullur	13	8.5330	76.9298
Ulinanjanpura	19	11.9461	77.0148
Ulatalabhagam	13	9.7360	76.3261
Uluvapadinjarebhagam	13	9.7188	76.3018
Uluvakizhakkebhagam	13	9.7231	76.3265
Ullala	13	9.7165	76.4173
Ulagapuram	25	11.2194	77.6149
Ullamkombai	25	11.7870	77.7635
Ulagappalaiyam	25	11.3629	77.9510
Ulagappanpalaiyam	25	11.3099	77.9276
Ulaiyanur	25	11.6979	79.2590
Ulaiyakkunram	25	10.5165	79.4333
Ullikkottai	25	10.5934	79.4175
Ullurvallamanattam	25	10.6870	79.4495
Ullikkadai	25	10.9219	79.2085
Uluvur	25	10.6876	79.2178
Ulatu	38	23.6217	85.1274
Ulatu	38	23.4837	85.3785
Ulatu	38	23.4963	85.4731
Ulatutoli	38	23.3764	85.4750
Ulatu	38	23.2977	85.4207
Ulidih	38	23.2542	85.4436
Ulidih	38	23.2402	85.4515
Ulatutoli	38	23.2499	85.4914
Ulihatu	38	23.1867	85.4869
Ulatu	38	23.2051	85.4198
Ulidih	38	23.0287	85.3511
Ulhara	38	23.8219	85.5317
Ulatu	38	23.2766	85.5012
Ulida	38	23.2357	85.5488
Ulidih	38	23.2345	85.7137
Ulilohar	38	23.1496	85.7468
Ulidih	38	23.0277	85.7355
Ulgara	38	23.7049	85.8579
Uladaka	38	23.4726	85.8081
Ultamdih	28	23.2039	85.9807
Ulidih	38	23.0087	85.8457
Ulihatu	38	22.9111	85.0513
Ulihatutoli	38	22.9045	85.0442
Ulung	38	22.7628	85.0683
Uli Hamsa	38	22.8571	85.4334
Ulihatu	38	22.9734	85.4905
Ulibera	38	22.7751	85.4877
Ulihatu	38	22.1360	85.5744
Ulman	38	23.8588	84.0310
Ulatu	38	23.8251	84.6382
Uldag	38	23.6518	84.6329
Ulgara	38	23.6894	84.5988
Ulatu	38	23.7556	84.9478
Ulti	38	23.4100	84.8890
Ulgara	38	23.0719	84.9779
Uluppadiparai	25	8.6529	77.4763
Ulagankulam	25	8.5823	77.5874
Ulakkudi	25	8.7727	77.8496
Ulliyakottai	25	10.6637	78.0701
Uluppakkudi	25	10.2422	78.1976
Ulundangudi	25	10.9113	78.6876
Ulagampatti	25	10.3216	78.5079
Ulaginipatti	25	10.0464	78.5201
Ulagankattanpatti	25	10.6421	78.9236
Ulaganathapuram	25	10.4167	78.8242
Ulaganeri	25	9.9506	78.1802
Ulagani	25	9.7780	78.0417
Ulagupichchanpatti	25	9.9544	78.3026
Ulittimadai	25	9.6701	78.3096
Ulaganodai	25	9.3905	78.3893
Ulakkudi	25	9.9736	78.9280
Ulagampatti	25	10.4493	77.9363
Ulliyakkudi	25	11.0829	79.2284
Ulandambattu	25	11.8642	79.4783
Ulavaykkal	25	11.9284	79.7404
Ullerippattu	25	11.8212	79.7248
Ulkadai	25	11.4611	79.5201
Uluttur	25	11.4754	79.5856
Uluttankuppai	25	11.1344	79.6828
Ulukanam	13	9.6234	77.0449
Ulkombai	25	11.8480	78.1571
Ulparuppu	25	11.3926	78.3036
Ulipurampudur	25	11.4770	78.4336
Ulipuram	25	11.4698	78.4591
Ullur	25	11.0626	78.5728
Ulihurang	38	22.9368	85.5374
Ulidih	38	22.9504	85.5985
Uligutu	38	22.6530	85.6814
Ulibera	38	22.6831	85.6842
Ulidih	38	22.7926	85.9749
Uli Rajabasa	38	22.6242	85.7802
Ulujari	38	22.6036	85.8517
Ulihatu	38	22.5672	85.8508
Ulidih	38	22.6247	85.9350
Ulihatu	38	22.2980	85.8966
Ulidih	38	22.4241	85.9400
Ulisai	38	22.0299	85.8619
Ulihatu	38	22.1188	85.8822
Ulihatu	38	22.1913	85.9438
Ultain Bigha	34	24.9116	85.7541
Ulibar	38	24.0815	86.0055
Ulunda	21	21.7985	84.4245
Ulsura	21	21.7443	84.7473
Ulsura	21	21.8517	84.9732
Ulkundi	21	21.9349	84.9337
Ulanda	21	20.8145	84.2397
Ulisahi	21	20.2790	84.5872
Uludono	21	20.0061	84.6470
Uletokpo	41	34.2435	77.1149
Ulimangalam	25	12.5327	77.7600