Unnao	36	26.5471	80.4878
Una	09	20.8232	71.0379
Unjha	09	23.8037	72.3910
Unchagao	16	16.6975	74.2733
Un	09	23.8875	71.7698
Unamaucheri	25	12.8608	80.1066
Unnamalaikadai	25	8.2996	77.2406
Una	11	31.4649	76.2691
Unchahra	35	24.3825	80.7809
Undera	09	22.3483	73.1331
Unhel	35	23.3379	75.5593
Un	36	29.5848	77.2554
Uniara	24	25.9150	76.0260
Uniara	24	26.1534	75.2152
Uncha Sawana	10	29.6208	76.9994
Unjalur	25	11.1278	77.8696
Unwa Birit	34	26.7851	84.8150
Unurala	09	22.0340	70.3079
Untala	24	24.6833	74.0000
Unmaru	41	34.7009	77.2702
Ungr	20	26.4892	94.6612
Ungma	20	26.2963	94.5038
Undu	24	26.3314	71.6731
Undragedda	21	18.2796	82.6299
Undithal	24	24.5810	73.4932
Undirgaon	16	19.6780	74.7066
Undial	40	16.4350	77.7571
Undi	02	16.5854	81.4621
Undavalli	02	16.4957	80.5857
Undangaon	16	20.4570	75.6632
Unchod	35	23.3377	76.6607
Unchibali	21	21.8776	85.4370
Unchdih	38	22.8074	84.8641
Unchawad	35	22.7333	76.4333
Unchaulia	36	27.8137	80.0727
Unaul	36	26.6282	83.2930
Unarsi	35	24.3077	77.3508
Unarsital	35	24.0261	77.8337
Unao	36	25.5784	78.6006
Una	11	31.5833	76.2500
Un	35	21.8219	75.4568
Unchpadra	24	26.6717	71.9638
Untheri	10	29.9969	76.9584
Unaspur	10	29.8799	76.9465
Undi	12	34.4689	73.9216
Untsal	10	30.0286	76.9232
Uncha Islamabad	36	27.0626	79.3925
Unwan	36	26.9419	79.1217
Uncho	36	26.3174	79.1358
Uncha Mangra	24	26.8113	75.5158
Unti	24	26.7694	75.5205
Uniwalia	24	26.7526	72.2047
Unchairia	24	27.1746	74.6766
Undwa	35	24.5847	75.8829
Untakallu	02	14.9869	76.9606
Undavelli	40	15.9450	78.0420
Uncha Majra	10	28.3102	76.8105
Untwan	10	28.2536	76.8804
Untka	10	28.0745	76.9955
Uncha	10	28.1906	76.3129
Undrioveti	11	31.2611	77.6864
Unri	11	31.3162	77.6430
Undal	11	31.4152	77.7208
Unchagaon	11	30.8590	77.1712
Unar	11	30.7003	77.1860
Uncha Chandna	10	30.1820	77.1256
Unchi Dibbar	11	30.9814	77.3571
Ungar Patti	11	30.7015	77.2615
Ungar	11	30.6356	77.4570
Untwal	24	27.6107	76.7165
Unheri	10	30.0273	77.2676
Untwaliya	24	28.2363	75.0203
Untia Khurd	35	23.0749	78.2668
Untkata	35	23.3853	78.6817
Untkata	35	23.3331	78.8424
Unchakhera	35	23.1728	78.7348
Unali	36	29.9544	77.4870
Unche Ka Pura	24	26.5348	76.9861
Unchi Gwari	24	26.2062	76.7652
Untiya	35	22.9791	78.1493
Unchakhera	35	25.8568	76.6154
Undwaria	24	24.6286	72.8959
Unwa	24	24.9746	73.7113
Undri	24	24.5029	73.6206
Undri	24	24.4753	73.6140
Uni	24	25.1417	76.9122
Undal	24	24.5348	76.1051
Undwa	24	25.1330	74.5932
Unchagaon	39	29.6751	77.8088
Unchagoon	10	28.3253	77.3331
Uncha Aminpur	36	28.6063	77.6202
Unthan ka Baria	24	25.9896	74.2135
Undwaria	24	24.7089	72.7257
Untrigaon	39	30.4057	78.0670
Unchagaon	36	28.4976	79.0233
Uni	24	24.4229	76.5960
Ungku	29	27.1890	88.2857
Unchi Baindal	23	30.8192	76.2200
Unchagaon	23	30.3721	76.3395
Unchera	24	27.7385	77.2611
Unchagaon	36	27.6637	77.3657
Untsar	23	30.3664	76.6868
Underagaor	16	17.9965	76.2467
Unchki	24	27.6421	77.1563
Untasani	36	27.9497	77.5500
Undi	36	27.7092	77.5608
Unchagaon	36	27.4397	77.5908
Undra	24	27.1986	77.6338
Undera	36	27.0694	77.7031
Unchpani	37	20.3870	81.1749
Undri	37	20.0166	81.6147
Undri	16	18.5963	77.2827
Undri	16	18.5935	77.4847
Unchagaon	36	27.4285	78.2100
Uncha	36	27.3039	78.0920
Untu	36	27.2290	78.0371
Uncha	36	27.0598	78.1262
Undarni	16	20.0526	78.2231
Undraidoddi	19	16.1440	77.4761
Unchagaon	36	27.4758	77.9375
Unchagaon	36	27.6946	78.8351
Unkdeo	16	19.8559	78.2492
Untkhana	16	21.1284	79.0964
Unasi	36	27.3850	79.2960
Unarpur	36	27.3784	79.2622
Ungaon	16	21.1916	79.2918
Untgir	36	26.9495	77.8032
Unche ka Pura	24	26.8779	77.7964
Unchagaon	24	26.8352	77.8947
Undarpur	36	27.7418	79.9745
Uncha	36	27.0913	79.7233
Unchi Kharai	35	25.7532	77.5077
Undel	35	21.9374	76.5654
Unchagaon	36	27.3821	79.7593
Uni	35	24.2162	77.2314
Undani	36	27.0859	78.4867
Unao	36	25.1875	80.4286
Undhal	35	22.4450	76.8413
Undawa	35	22.3398	76.9902
Unchahuan	36	25.6823	83.0721
Unchauri	36	25.6143	83.1781
Unchwapar	36	25.4004	83.0999
Undrapur	36	25.6962	83.2674
Undrakachh	35	22.3353	77.2953
Uni Nibi	36	25.1532	83.3449
Unchia	35	25.8189	78.5778
Unchagehan	35	22.0673	77.6277
Unchauri	36	25.7525	83.6695
Unchaur	36	25.7530	83.5906
Undirkhed	16	20.6137	77.6825
Uncha Dih	36	25.7119	83.8580
Unkhed	16	20.7092	77.4474
Unchdih	36	24.7118	83.0032
Unchi Kalan	36	24.6503	83.1905
Unchi Khurd	36	24.6477	83.1983
Unchdih	36	24.5346	83.1063
Unchagaon	36	25.9747	78.9551
Undarwadi	16	18.9550	76.6590
Unchegaon	16	20.2542	77.8825
Untari	38	24.3410	83.8331
Untkata	35	23.3324	78.1789
Unai	36	25.7393	80.5818
Unnawaram Tanda	40	17.7019	79.7081
Undrakonda	40	17.1042	79.7004
Unchawadad	16	19.4391	77.7675
Untia Kalan	35	22.9940	78.3524
Unchatola	35	24.7540	81.5916
Unchi	35	24.6166	81.7584
Unche	35	22.3416	78.2833
Undari	16	20.4133	78.6248
Ungli	36	25.9183	82.5690
Unchaura	36	25.7598	82.6009
Unharikhera	35	23.4671	79.2935
Unchrawan	36	25.7027	81.2957
Unchrawan Nawawan	36	25.6917	81.3115
Unon	36	25.5106	81.2770
Unch Dih	36	25.2358	82.4263
Unchgaon	36	25.3044	82.8942
Undi	36	25.4073	82.9423
Unti Bari	36	24.8366	82.2407
Unti Chhoti	36	24.8391	82.2336
Unchlagaon	36	29.3558	77.2258
Unch Dih	36	24.7520	82.7636
Un	10	28.7547	76.3912
Untlodah	10	28.5128	76.6958
Unch Dih	36	25.2390	82.1586
Unaur	36	25.2338	82.1935
Unti	36	25.1514	82.2158
Unch Dih	36	25.0315	82.2248
Unchgaon	36	25.7309	82.3007
Unchaura	36	25.6558	82.2609
Unch Dih	36	25.6187	82.3056
Unnaur	36	26.0190	80.8403
Unchgaon	36	27.8879	81.0873
Unchgaon	36	27.6570	81.1242
Unira	36	27.3227	81.0926
Unchgaon	36	27.2508	81.0184
Unchwa	36	27.6527	81.6246
Unaisa	36	27.5101	81.6732
Undla	36	27.2764	81.7276
Uncheda	36	25.8184	83.9433
Unkari Purwa	36	27.0549	81.8578
Undri	16	20.9998	79.2078
Undirgaon	16	20.6169	79.1026
Uniyal Khil	39	29.6707	78.9274
Unai	36	26.2951	81.0216
Unchauri	36	26.4643	81.2098
Unai Jangal	36	26.3309	81.2941
Unai	36	26.3322	81.2979
Undih	36	26.3296	81.4010
Undwa	36	26.2958	81.4514
Unchgaon	36	26.3352	81.8533
Unchi Shevri Pada	16	21.1671	74.0138
Unaibarna	36	25.3015	81.0842
Unchi	36	25.1130	81.0258
Uncha Dih	36	25.0739	81.2121
Unai	36	27.2152	80.8875
Unai	36	27.0641	80.9684
Unchara	16	19.5052	77.4884
Unchegaon	16	19.6642	77.5028
Unchegaon	16	19.5491	77.6209
Un Kalan	36	28.1668	79.8303
Un Khurd	36	28.1600	79.8367
Unchgaon	36	26.5521	81.5521
Unon	36	25.4885	81.2837
Unchdih	36	27.2857	82.7128
Ungat Purwa	36	26.9999	82.1094
Unchgaon	36	26.5762	82.2079
Undey	40	18.0510	78.7007
Unchhara	36	26.1847	82.0886
Unchwapur	36	26.7218	82.4878
Uniar	36	26.6355	82.4361
Unchgaon	36	26.6188	82.4570
Unchagaon	36	25.9972	83.1567
Unji	36	25.9752	83.1573
Undri	36	26.1852	82.4807
Undri Purwa	36	26.1800	82.4787
Unchgaon	36	26.0704	82.4976
Unchi Bhiti	36	26.8051	82.7107
Unchgaon	36	26.4464	82.5318
Undrukha	36	26.1531	82.5441
Unchwa	36	26.1906	82.6624
Unchahra Khurd	36	26.8429	82.8744
Unchahra Kalan	36	26.8387	82.8813
Unchgaon	36	26.7969	82.8638
Unchahwan	36	26.5172	82.7587
Untsar	36	27.0698	83.0195
Untapar	36	27.1750	83.1440
Unsara	36	26.8143	83.0148
Unrahi	36	26.8234	83.0542
Un	36	26.7996	83.0563
Unchagaon	36	26.5119	83.0314
Unbelai	36	26.6601	83.0600
Unaula	36	26.6060	83.2280
Unchepur	36	26.4149	83.0216
Unchadih	36	26.3071	83.0502
Unchadih	36	26.2499	83.2315
Unaula Khurd	36	26.7941	83.4839
Unji	36	26.5927	83.2826
Unchgaon	36	26.6073	83.4489
Unchgaon	36	26.6790	83.3588
Unchagaon	36	26.4066	83.2765
Unauli	36	26.3716	83.3105
Uncher	36	26.4963	83.4549
Unti	36	26.9376	83.5015
Undura	36	26.1724	83.6402
Unandhan	12	33.2745	75.6066
Unchehra	35	23.4158	80.9702
Undohal	12	32.6885	75.1809
Uncha Dhakala	23	32.1080	75.3791
Uncha Rori	23	32.0959	75.4403
Undog	12	32.6741	75.7194
Unch Dih	36	25.7403	81.8123
Untkhana	36	25.4783	81.8663
Unchgaon	36	25.0293	81.7880
Undaria	24	23.2028	74.6056
Unai	35	23.0112	74.7378
Undwa B	35	22.3374	74.3789
Undwa C	35	22.3468	74.3957
Unhala	35	22.1197	74.5140
Undwa	35	22.4352	75.6325
Un Khurd	35	21.8045	75.4673
Unui	11	32.2421	75.8914
Untala	10	29.3930	76.8520
Untavad	16	21.5652	74.4733
Undarthal	24	25.3010	73.4096
Unchi Bassi	23	31.8673	75.6450
Undartola	35	21.4458	80.5342
Undwar Kala	11	31.8395	75.9588
Unkarpura	35	23.1902	75.4867
Untwas	35	23.0864	75.4537
Uni	37	22.1348	82.3830
Undirkheda	16	20.8526	75.0848
Undni	16	20.8505	75.0872
Uncha Kurwa	36	27.2489	80.7001
Unian Kalan	36	27.7025	80.8291
Uncha Khera	36	27.6704	80.8414
Unasia	36	27.4876	80.7805
Uncha Khera Kalan	36	27.3390	80.8420
Uncha Khera Ajoi	36	27.3092	80.9231
Unanran	11	32.5888	76.2050
Unarli Adwar	11	32.5238	76.1998
Unan	11	32.4725	76.1983
Untadon ki Bhagal	24	25.0178	73.7865
Unchapur	37	20.3843	80.6107
Uni	11	32.2319	76.2517
Unchi Pali	23	31.1808	76.0881
Untpur	11	31.1982	76.6916
Uncha Khera	23	30.5747	76.6509
Unchalli	19	14.5811	74.9049
Uncha	24	25.7508	75.3673
Uncha	35	24.1428	79.8406
Uni	39	30.1885	78.7666
Unalkha	39	30.0661	78.9604
Uncha Kot	39	29.9489	78.8126
Uneri	39	29.8172	78.8482
Unchagaon	36	28.4884	78.1522
Uncha Kani	36	28.7834	78.7806
Unyanatewar	39	30.5773	79.2104
Undadi	19	13.7475	74.7097
Unchgaon	36	27.5035	81.4209
Undwa	36	26.0642	81.3241
Unchwa	36	26.4979	81.7224
Unikili	02	16.5276	81.1090
Unduru	02	17.0412	82.2017
Unguturu	02	16.8220	81.4240
Unagatla	02	16.9611	81.6610
Unakaramilli	02	16.9317	81.6233
Undrajavaram	02	16.7891	81.6981
Ungo	34	26.0764	84.2617
Ungo	34	26.0656	84.2602
Unnava	02	16.1774	80.2754
Undariguda	21	18.8151	82.3421
Ungurguda	21	18.3955	82.3244
Uncheroba	02	18.1977	82.4427
Unchabi	02	18.0478	82.4456
Undasingi	02	18.0367	82.5587
Unchapilli	02	18.0894	82.6067
Undrapudi	02	16.2821	80.9676
Ungabhadra	02	18.8294	83.4218
Undrakonda	21	18.0993	81.6510
Unukuru	02	18.5291	83.6585
Undrajola	02	18.7439	83.8915
Unkarpura	35	23.6634	76.9728
Untarda	09	23.2367	73.0184
Undel	35	22.6290	76.0764
Unalia Muwara	09	23.1970	73.3193
Undra	09	23.1413	73.4817
Untari	09	23.1243	73.4888
Untiana Muwara	09	23.0430	73.4633
Untia	24	23.7079	73.6752
Undwa Muwara	09	23.1629	73.9751
Unodra	09	24.2331	72.9675
Ung	39	30.0757	79.5498
Uni	39	30.0429	79.5952
Unchera	24	26.1917	73.7294
Unchagaon	39	29.1884	79.0939
Undrai	24	25.4795	73.8374
Unli	39	29.7152	79.3330
Undwa	35	23.0426	74.9837
Uni	39	29.5962	79.4205
Undra	24	24.8408	73.0075
Undar	09	22.7167	74.1276
Unchisadad	09	22.6173	74.2177
Undwa	09	22.1186	74.0223
Undri	35	22.1300	74.2308
Untalo	24	24.9450	73.8984
Untrol	24	24.9077	73.8807
Unditalai	24	24.6268	73.9754
Unkar	24	24.5219	73.9855
Undari	35	22.4557	74.5950
Unyura	39	29.5041	79.6957
Uncha Ketuka	34	25.9573	84.9961
Unkala	35	22.5503	74.8157
Undar	35	22.5798	74.9252
Undokhal	35	22.7432	74.8859
Undli	35	22.3346	74.8437
Untavad	09	21.5392	74.1827
Untra	24	26.5845	74.7725
Unchkia	24	25.1896	74.4027
Uncha	24	25.1441	74.4564
Unchwar	36	26.0390	84.0084
Ungligad	39	29.7710	79.7702
Unbroli	39	29.5293	79.7865
Undri	24	25.8532	75.2182
Unai Khalsa	36	28.7712	79.4532
Unai Makruka	36	28.7693	79.4537
Unchagaon	36	28.7609	79.3896
Unasi	36	28.4604	79.2950
Ungri	36	28.3019	79.3767
Unchagaon	36	28.3405	79.3740
Undla	36	28.3166	79.4926
Unchi Dih	34	26.9215	84.8110
Unchi Bhatiya	34	26.8383	84.8094
Unchidih	34	26.4496	84.9758
Untavad	16	21.3238	74.8630
Unchi Mahot	39	28.8954	79.9801
Unjiari Chak	36	25.9548	84.0786
Unwans	34	25.4242	84.0222
Unthu	34	24.8092	84.4064
Undel	35	22.4836	76.6254
Unchamar	35	25.0050	80.7311
Untimar	19	13.0382	74.9347
Unkal	19	15.3773	75.1160
Undehalli	19	15.0650	75.5285
Unkli	19	15.0085	75.6537
Unachageri	19	15.7203	75.9750
Untlavaripalle	02	14.0164	77.9679
Ungrodi	19	13.7751	75.2941
Untuvalli	19	13.4733	75.3488
Undahalli	19	13.0911	75.6345
Undar	19	12.8989	75.1352
Unnanadka	13	12.6156	75.1017
Uncha	13	12.4115	75.1437
Undirgaon	16	19.6266	79.6977
Unaman	34	25.1590	85.7235
Undavadi	19	12.3713	76.3650
Undiganalu	19	13.2562	76.1257
Undipatti	34	26.2003	86.7962
Undavadi	19	12.4053	76.5580
Unnenahalli	19	12.8354	76.2755
Ungara	19	12.8142	76.9581
Ungaralagundla	02	15.3689	77.8248
Undabanda	02	14.9582	77.1920
Untapathal	34	24.7768	86.1327
Undera	40	18.7941	79.2953
Undara	09	23.0815	73.6908
Unchauli	36	27.4027	80.5971
Ungadithayavayal	13	11.7626	75.8515
Unnikulam	13	11.4450	75.8849
Uncha	36	26.5690	79.4200
Unikacherla	40	18.0174	79.4715
Unchgi	19	14.3979	74.4322
Unchalli	19	14.7194	74.5996
Unchalli	19	14.4220	74.7433
Una Chak	34	25.7767	85.0596
Unaso Pachgachhi	34	25.6057	87.8160
Unchi	35	21.9141	75.1440
Untavad	16	21.1861	75.5434
Unkhuda Purwa	36	27.2553	80.0599
Unauti	36	27.4256	80.2274
Uncha Purwa	36	27.0804	80.0161
Uncha Purwa	36	27.0127	80.0139
Unchgaon	36	27.0608	80.1729
Unava	09	23.7671	72.3620
Unisenattam	25	12.6299	77.6531
Undutla	02	15.6020	78.3334
Unakalli	19	13.3301	78.2036
Unisetti	25	12.4290	77.8532
Unisetti	25	12.6214	78.0177
Undiganattam	25	12.7100	78.2039
Unguranhalli	25	12.0902	78.1496
Unisinahalli	25	12.1611	78.3205
Unisinahalli	25	12.0594	78.2868
Unai	25	12.8805	78.9749
Unnamalaipalaiyam	25	12.0735	78.9743
Unampalaiyam	25	12.2449	78.5155
Ungareddipalli	02	14.1237	79.2625
Unaneri	25	13.1209	79.7656
Unnamandal	25	12.4007	79.3037
Unamet	25	12.1931	79.6291
Unamalai	25	12.4662	79.8379
Unjappalaiyam	25	11.0374	77.2461
Unjappalaiyam	25	11.0882	77.1732
Unjappalaiyam	25	11.4351	77.3080
Unjappalaiyam	25	11.3430	77.4643
Unjapalaiyam	25	11.2241	77.3288
Unankattupalaiyam	25	11.1590	77.3977
Unjappalaiyam	25	11.6066	77.7011
Unangattuvalsu	25	11.3850	77.6163
Unjalpalaiyam	25	11.3281	77.5284
Unjalpalaiyam	25	11.1771	77.6654
Unjakkadu	25	11.5448	77.9540
Unjakkarai	25	11.4681	77.8570
Unjalpalaiyam	25	11.3486	77.8775
Unjani	25	11.3502	77.9559
Unnapallampudur	25	11.2517	77.7987
Unjappalaiyam	25	11.2493	77.7741
Ungampalaiyam	25	11.0444	77.8341
Unnattuppalaiyam	25	11.0224	77.9560
Unjavelampatti	25	10.6605	77.0533
Unjapalaiyam	25	10.5821	77.0223
Unjividudi	25	10.5190	79.1913
Unekel	38	23.1565	85.0152
Unidih	38	23.3027	85.4305
Unchaghana	38	23.9670	85.8619
Unkuda	38	22.9106	85.2302
Unduda	38	22.5344	85.2229
Undhan	38	22.3761	85.1877
Unta	38	24.2112	84.9601
Unchwabar	38	23.8188	84.2659
Unikel	38	22.6895	84.8935
Unjampatti	25	9.3266	77.5927
Unjampatti	25	9.3009	77.6386
Unnangulam	25	8.5159	77.7098
Undiyampatti	25	10.5050	78.1629
Unjavalasu	25	10.8941	77.6488
Undarappatti	25	10.6501	77.5342
Unjampatti	25	10.0424	77.5047
Unaiyur	25	10.4599	78.5757
Unjini	25	10.8247	78.9276
Unaiyur	25	10.2140	78.7780
Unnakkurumbi	25	10.2245	78.9921
Unjanai	25	10.0233	78.8220
Unukalpuliyangulam	25	9.9718	78.2697
Undukutti	25	9.5675	78.4019
Undakudi	25	9.5709	78.6814
Undarpatti	25	10.4606	77.9705
Unjini	25	11.2253	79.2038
Unnamalaichettichavadi	25	11.7722	79.7383
Unjappalaiyam	25	11.1226	78.0500
Unankovilpatti	25	11.0943	78.1717
Unniyur	25	11.0019	78.1767
Unantangal	25	11.4515	78.3809
Unattur	25	11.6653	78.7887
Unchbita	38	22.7775	85.6230
Unchuri	38	22.6118	85.8192
Unduda	38	22.1191	85.9245
Unusua	21	21.5550	85.4376
Unchbali	21	21.9315	85.7743
Unchaunr	34	24.9576	85.8774
Undaro	38	24.2148	86.2040
Unchabali	21	21.5056	84.4597
Unampara	21	20.1668	84.3042
Unguturu	02	16.5260	80.8780
Unjividudi	25	10.4795	79.2285