Uppal Kalan	40	17.4058	78.5591
Upleta	09	21.7401	70.2826
Uppala	13	12.6844	74.9007
Uppidamangalam	25	10.9034	78.1575
Uppinangadi	19	12.8364	75.2461
Uppiliyapuram	25	11.2636	78.5139
Uppalavadi	25	11.7652	79.7764
Upar Hali	03	26.1031	91.5088
Upper Sileru Project Site Camp	02	18.0585	82.0325
Upshi	41	33.8198	77.8220
Upputuru	02	14.4236	79.7920
Uppugunduru	02	15.6701	80.1688
Uppalapadu	02	15.8872	79.9116
Uppalapadu	02	15.5827	79.7567
Uppalapadu	02	15.1704	78.0440
Uppalaguptam	02	16.5533	82.0975
Uppalada	21	18.8324	84.1703
Uppal	40	18.1795	79.4760
Uppal	40	15.9743	77.6798
Uppada	02	17.0833	82.3333
Upni	24	27.9512	73.9712
Uplai Buzurg	16	17.9685	75.4920
Upla	16	18.2523	76.0575
Uphula	21	20.8652	84.0474
Uperro	24	25.5995	74.7493
Uparwara	37	21.1167	81.7667
Uparla Barmana	12	32.9494	74.5226
Uparla Bradhal	12	32.9738	74.6610
Uparla Bharda	12	32.9373	74.7157
Uparla Manda	12	32.9061	74.7372
Uparla Badgal	12	32.9091	74.6567
Uparli Karali	12	33.1998	74.0856
Upanta Thala	12	33.2234	74.1512
Uparla Bhajnoa	12	33.1361	74.1903
Uparta Dandasar	12	33.1532	74.3111
Uparli Badhan	12	33.1354	74.4372
Uparla Ban	12	33.7908	74.3230
Uparla Kalab	12	32.9121	74.4924
Upailanala	12	32.8750	74.8875
Upli	10	29.5601	76.9559
Upparguda	40	17.1897	78.6157
Uparpalli	40	17.5735	78.5865
Uplingapalli	40	17.9297	78.3625
Upparpet	19	12.9752	77.5754
Uprera	36	27.9562	79.1580
Upreda	35	24.5691	74.9340
Uparkapa	37	22.7531	83.8022
Upper Fagu	28	26.9733	88.6868
Uplani	10	29.6196	76.6718
Uplana	10	29.5862	76.6647
Uparla Barnog	11	31.4304	77.0933
Uparli Sog	11	31.3600	77.3255
Uparla Kayalu	11	31.2523	77.3398
Uparli Pankua	11	31.4836	77.6116
Uparli Sharthi	11	31.3992	77.5105
Uparli Shain	11	31.4131	77.5306
Uparli Tarmidhar	11	31.4101	77.5558
Uphar	11	30.8481	77.1539
Upran	11	30.6966	77.1643
Uparli	10	30.3983	77.0196
Uplana	10	30.3408	77.0767
Uparti Shilanli	11	30.9032	77.2866
Uproli	39	30.6329	77.8951
Upli	35	22.1392	78.6153
Uparwahi	16	21.2179	78.8568
Uprera	24	24.4161	73.3710
Upli	23	30.3241	75.6135
Uplarsi	36	28.5586	77.6265
Uppoki	23	30.4963	75.9271
Upli	23	30.2100	75.8227
Uparli Khairi	39	30.3615	78.1159
Upalle	40	18.7498	79.0477
Upehra	36	28.7324	77.8907
Upraya	35	25.7693	78.4021
Upal	23	30.8870	76.1091
Uplan	23	30.4611	76.1301
Upli	23	30.1888	76.4365
Upkachua	37	22.1232	82.9037
Upar Murwend	37	20.1150	81.5319
Uplai	19	17.3885	76.8737
Uppaldinni	19	16.3688	76.3698
Upparnandihal	19	16.0328	76.3481
Upperpet	19	16.0143	76.4304
Uparwah	37	21.2471	81.1245
Uphra	37	21.3847	81.5449
Uphra	37	21.1473	81.5717
Uprahal	19	16.0418	77.3665
Upperu	40	16.3170	77.6649
Upparguda	40	17.7271	78.0674
Uparli Badaria	24	26.6540	77.4524
Uppugadda Tanda	40	17.1439	78.4124
Upsil	35	25.4960	77.3491
Uparwas	35	25.2770	77.3892
Upri ka Chak	35	24.3749	77.0903
Upri	35	24.3628	77.0880
Uppugal	40	17.8571	79.4525
Upparapalli	40	17.9968	79.3246
Uppalancha	40	17.3531	79.3171
Uppalgutta	40	17.9689	79.6159
Upparpalli	40	17.8109	79.6272
Uppalgudem	40	17.2644	79.7118
Upparpalli	40	17.8769	79.8038
Upparpalli	40	17.7054	79.9186
Upraingu	36	26.7074	79.6955
Uprehka	36	25.7145	79.7683
Uprara	35	25.2252	79.0315
Uparwar Sonao	34	25.1357	83.4901
Upadhi	36	25.7541	83.6894
Upari	34	25.2729	83.7484
Uphraulia	34	25.0623	83.5678
Upadhay Sagar	34	25.2938	83.7605
Uprauli	34	25.2706	83.7843
Upatkhera	16	21.2775	77.3923
Uprai	16	21.0221	77.5259
Upadhi	36	24.7123	83.1312
Upri	16	20.0557	79.9436
Upper Krishna Project Colony	19	16.4573	76.5256
Upla	19	18.0443	77.2958
Upparpalli	40	17.3587	78.4211
Uppuguda	40	17.3400	78.4852
Upariya Khirak	36	25.2761	78.9657
Uppununtala	40	16.4557	78.5946
Upparpalli	40	16.4451	78.5275
Upparagudem	40	16.8794	78.9553
Upparapalli	40	16.8383	78.8936
Upnotla	40	16.3409	78.9266
Upparoni Gadda	40	17.9393	79.1191
Uppalapadu	40	17.4913	79.2119
Uppargudem	40	17.5873	79.5817
Uppalpahad	40	17.6776	79.7125
Uppalpahad	40	17.1542	79.5404
Upraura	35	24.5539	81.6591
Upani	35	24.4110	81.9604
Upari	36	25.3437	80.9490
Upadhiapur	36	25.9556	82.2207
Upadhiapur	36	25.4302	82.5777
Uprauth	36	25.2780	82.5704
Upadhia	36	25.2318	82.6690
Uparwar	36	25.3525	82.7647
Upraunda	36	25.2566	82.0762
Upardaha	36	25.3571	82.2403
Upadhyaypur	36	25.2007	82.8620
Uphradol	35	24.0353	82.2381
Upadiyanpura	36	25.6376	82.9549
Upadhia Purwa	36	27.1035	81.8087
Uparihat	36	27.1402	81.9647
Upadia	36	26.5220	81.4110
Upathakmarg	12	34.1448	74.1803
Upgaon Malla	39	29.6588	78.9456
Upgaon Talla	39	29.6549	78.9527
Uphari	35	24.3575	80.8878
Uphrapur	36	26.4023	81.0564
Upramau	36	26.2615	81.2639
Upadhia Purwa	36	26.4969	81.4538
Upri	36	26.4787	81.8914
Upadhiapur	36	26.3552	81.8598
Upadhiapur	36	26.4079	81.9564
Upraula	36	28.9777	78.4578
Updhi	36	27.1802	81.5156
Upadhia	36	27.0760	81.5609
Upadhia Purwa	36	27.1831	81.6131
Upadhao Purwa	36	27.0744	81.7272
Uparhar	36	27.2849	81.8098
Upadhiapur	36	26.0565	81.8712
Upar Nar	12	33.4088	74.6876
Uphrauli	36	25.2839	81.2583
Uphrainkhal	39	29.9206	79.1208
Uprahaula	36	27.3434	82.4114
Upalvai	40	18.4183	78.3279
Upadhiapur Grant	36	27.1369	82.2600
Upadhiapur Grant	36	27.1008	82.3076
Uplur	40	18.8691	78.5123
Upadhia Dih	36	27.0375	82.6397
Updhi	36	27.1748	82.7251
Uprauta	36	27.1590	82.9499
Upadhia Purwa	36	26.9050	82.0891
Uparapalli	40	18.1915	78.5126
Uperapalli	40	18.0157	78.5725
Upadhiapur	36	26.3638	82.0128
Upadhiapur	36	26.2694	82.2111
Upadhia Purwa	36	26.2216	82.0010
Uparmadagu	40	18.8880	78.8580
Upar Malial	40	18.5312	78.9881
Uparla Dhinde	12	32.6422	74.7870
Uparli Basi	12	32.6381	74.9028
Uparwar	35	25.0280	81.3538
Upadhia Purwa	36	26.8906	82.4185
Upadhiapur	36	26.3418	82.4267
Upadhiapur	36	26.1745	82.2625
Upadhia	36	26.1941	82.3375
Upenda	36	25.7967	83.0127
Upthi	36	26.7519	82.6605
Upadhiapur	36	26.0225	82.5372
Updhi	36	26.8844	82.8868
Upraudhi	36	26.7160	82.9915
Uptapar Bansgaon	36	26.3026	82.9668
Uphri	36	26.0822	82.7955
Uphrauli	36	27.2341	83.3010
Updhauli	36	26.6973	83.4093
Updhauli	36	26.5873	83.5040
Uphrauli	36	26.1648	83.6740
Updhi	36	25.7436	83.6903
Uppedu	40	18.2845	80.5749
Uphri	35	23.5026	80.8458
Uperli Mautalian	12	32.6230	75.0756
Upli Kiani	12	32.6327	75.1681
Uparli Band	12	32.5549	75.7105
Upadhyapur	36	25.9931	81.9479
Uprar	12	32.4955	75.7248
Uprat	11	32.4117	75.9783
Uprer	11	32.3167	75.8737
Upkhede	16	20.5475	74.8180
Upri	35	22.7675	75.9788
Upalkheda	16	20.5367	75.2718
Upli	16	20.3140	75.5274
Upar Bendi	37	20.0475	81.4615
Upparwadi	19	17.3377	76.1494
Upal	23	31.4953	75.1796
Upka	35	21.9710	80.7044
Upka	37	22.4859	82.0021
Upri	35	22.6696	75.5173
Upka	37	22.9116	82.9812
Upla	16	20.3022	75.0599
Uprani	37	21.5856	82.5316
Upaddhia Khera	36	27.0831	80.6172
Upal Jagir	23	31.0844	75.5693
Upal Khalsa	23	31.0860	75.5668
Upal Bhupa	23	31.0457	75.6293
Upli Miyari	24	25.1869	73.8379
Upli Bhagal	24	25.0081	73.7793
Uparli Bhagal	24	25.0302	73.7776
Upri	35	22.9594	81.4292
Uperhi	11	32.1923	76.3167
Uprehr	11	32.1128	76.3191
Uprehr	11	32.1419	76.3263
Uprehr	11	32.1279	76.3713
Uprehr	11	32.1482	76.3892
Upparla Sakreha	11	32.0318	76.2757
Uprehr	11	32.0401	76.2940
Uprehr	11	32.0222	76.2777
Uparli Nagun	11	32.0758	76.6670
Uparla Manjha	11	31.9235	76.4269
Upleshwar	19	14.9228	74.7613
Uparla Garh	23	31.0339	76.5219
Upalheri	23	30.5217	76.5615
Uplekop	19	14.5647	74.8996
Uparpita	21	20.2481	82.6587
Upadki	19	14.3902	74.8583
Upartoli	38	23.8568	83.8615
Uppayyapalem	02	17.2516	81.7670
Upni	37	21.7504	83.0857
Upri	35	23.0853	76.1011
Upri	35	23.2154	76.2343
Upra	35	23.2289	76.2388
Uphalda	39	30.2136	78.7582
Upparigudem	40	18.2284	80.6429
Upaka	40	18.0184	80.7171
Uppinakudru	19	13.6600	74.6897
Upparigudem	40	18.0937	80.8105
Upadhia Purwa	36	26.1440	81.3765
Uprauli	36	26.9361	81.5391
Upadhiapur	36	26.1009	81.6239
Upala	02	18.1317	82.9062
Uppugudem	02	16.7553	81.1373
Uppalapadu	02	17.3968	82.0271
Upparagudem	02	17.2168	82.0637
Uppalapadu	02	17.1631	82.0054
Upparagudem	02	17.0761	82.2226
Upparagudem	02	16.7538	81.4656
Uppampalem	02	17.3949	82.3521
Uppargudem	02	16.5486	81.3456
Uppargudem	02	16.5245	81.4038
Uppukunta	02	16.6059	81.4397
Uppuluru	02	16.6429	81.4885
Upparagudem	02	16.4815	81.4842
Upparagudem	02	16.3844	81.3079
Upsaragudem	02	16.8646	81.5518
Upparagudem	02	16.8726	81.5817
Upparagudem	02	16.4862	81.7236
Uppusaga	40	17.6308	80.7561
Upparagudisalu	02	17.3496	82.5637
Upmaka Agraharam	02	17.3993	82.7187
Upparagudem	02	17.7193	82.8294
Upparagudem	02	17.7640	82.8755
Upparapalle	02	17.4500	82.8296
Uppavaram	02	17.5970	82.9521
Uppalapadu	02	16.1937	80.0323
Uppumaguluru	02	16.0745	80.0665
Uppalapadu	02	16.0765	80.2347
Upar Chancher	21	19.8311	83.1888
Upar Pipli	21	19.7834	83.1994
Upar Jubi	21	19.5151	83.0062
Upar Ampadar	21	19.5256	83.1350
Upar Pakhi	21	19.7096	83.1969
Upar Karnimal	21	19.9524	83.2919
Upar Karnimal	21	19.9496	83.2794
Upar Gumma	21	19.5200	83.4101
Upparagudem	02	16.9532	80.6646
Upparagudem	02	16.9168	80.7295
Upar Maligam	21	19.3062	83.1289
Uparjhiri	21	19.3706	83.1240
Uppara Duralu	21	18.5331	82.3924
Uppapada	21	18.5654	82.4958
Upardheska	21	19.2083	83.0812
Uppacheru	02	18.2544	82.3526
Upar Uchalwadi	21	19.2738	83.2802
Upar Rambu	21	19.2923	83.2920
Upparapalli	21	19.4819	83.3822
Uppedavidi	02	18.2443	82.4717
Upporo Godri	21	18.9411	82.8721
Uppalapadu	02	16.3069	80.5168
Uppuluru	02	16.4845	80.7764
Upar Mundaguda	21	19.8344	83.7785
Upparapara	37	18.7464	81.2747
Upporochompi	21	18.9991	83.0464
Upparanayuduvalasa	02	18.5158	83.7492
Uppalavalasa	02	18.1722	83.6981
Upparapuram	02	18.7433	83.9122
Upparapeta	02	18.6381	83.9364
Upparapeta	02	18.5708	83.9430
Upperu	40	17.5946	81.0350
Uppanapalle	40	17.6991	81.2247
Uppinavalasa	02	18.4846	83.8669
Upparipeta	02	18.4716	83.9570
Upparipeta	02	18.4009	83.9676
Uppargudem	40	17.4381	81.1750
Uppargudem	40	17.3515	81.1877
Uppalapadu	02	17.0288	81.2156
Uppalapalem	02	15.2880	80.0830
Upparapalem	02	15.9986	80.4194
Upparapalem	02	15.9761	80.4252
Upparapalem	02	15.9684	80.4312
Upparapalem	02	15.9146	80.4719
Upputuru	02	15.9531	80.2890
Upparavayipalem	02	15.9433	80.6530
Uppugunta	02	14.7254	80.0761
Upadhea Bigha	34	25.1421	84.4952
Uppunelvayalmedu	25	13.4671	80.2200
Uppunelvayal	25	13.4575	80.2167
Uppalam	25	13.3630	80.2034
Uparpatla	02	17.3858	81.3364
Upparelu	02	17.2665	81.4367
Uparla	24	24.4592	72.9415
Uparia Muwara	09	23.0389	73.3221
Upargam	24	23.8432	73.7993
Upla Para	24	23.8272	73.9809
Upat	39	29.6649	79.4665
Uprari	39	29.5898	79.4697
Upahra	34	25.0863	84.6929
Upli Sarevri	24	25.4359	74.0393
Uprera	24	25.0705	74.3747
Upadhiapura Mahthapar	36	26.0246	84.1010
Upadhya Chhapra	34	26.2267	84.1571
Uprara	39	29.8031	79.9642
Uphara	34	26.8631	84.5297
Uparpind	16	21.3185	74.8039
Upadhyapur	34	25.6120	84.0666
Upadhyabigha	38	24.5536	84.0411
Upri Kalan	38	24.5052	84.0189
Upri Khurd	38	24.5127	84.0276
Uparwar	38	24.5024	84.0707
Upadhiabigha	34	24.5669	84.1679
Uparlitanr	38	24.3424	84.3472
Uppalapadu	02	16.3862	79.9982
Upadhyan Purwa	36	25.5954	80.8675
Uppur	19	13.3945	74.7657
Upnal	19	15.0732	75.4393
Upnal	19	15.9600	75.8596
Uppahalli	19	14.4073	75.1297
Upalli	19	14.2314	75.0735
Upanashi	19	14.7158	75.2903
Upparapalle	02	14.6492	77.6397
Uppulashinapalle	02	14.5206	77.6603
Upparlapalle	02	14.4740	77.8736
Uppalapadu	02	14.4683	77.9150
Upparahalli	02	13.9444	77.0554
Uppunayakanahalli	19	14.9627	75.8898
Upparakeri	19	14.7922	75.9762
Uparhalli	19	13.3270	77.1083
Upparapalle	02	13.9907	77.4253
Upparahalli	02	13.8873	77.3056
Uppadihalli	02	13.8790	77.3496
Upparahalli	19	13.7182	77.4321
Upperapalle	02	13.7087	77.4742
Upparapalya	19	13.6997	77.2902
Upparahalli	19	13.6432	77.4188
Upaspur	19	13.4338	77.3594
Upparapalle	02	13.8292	77.5897
Upparhalli	19	13.4808	77.5738
Uppukuntahalli	19	13.6549	77.7362
Upparlapalli	19	13.8390	77.9862
Upparhalli	19	13.0897	77.7818
Uppal Nowgaon	40	19.4134	79.2826
Upranwan	34	25.2245	85.5585
Upraura	34	25.2040	85.5659
Upranwan	34	25.0336	85.7393
Upalikanhalli	19	14.2400	76.0054
Upparagatta	19	14.9914	76.2687
Upparahalli	19	14.9326	76.5115
Upardih	34	24.6897	85.3918
Upraund	38	24.3079	85.2527
Upparahatti	19	14.4169	76.4952
Upalikanhalli	19	14.1423	76.3741
Upparigenahalli	19	14.0074	76.3637
Upparahatti	19	14.2909	76.6881
Upparahalli	19	14.0726	76.6946
Upparahalu	02	14.9106	76.9960
Uphardaha	34	26.1472	86.0667
Uppapura	19	13.4974	76.1286
Upparakalanahalli	19	13.3228	76.1378
Uppinahalli	19	13.4307	76.1603
Uppenahalli	19	13.5774	76.3162
Uppinakatte	19	13.5687	76.4406
Upparahatti	19	13.5648	76.4813
Upparahatti	19	13.9541	76.5431
Uppalgere	19	13.9546	76.7158
Uphraul	34	25.2615	86.0260
Uppahalli	19	12.9732	76.0408
Upparahosahalli	19	12.9857	76.1926
Uppar Koppal	19	12.3421	76.1552
Uppaligarahundi	19	12.1388	76.7131
Uppenahalli	19	12.0806	76.6920
Upanahalli	19	12.9830	76.3167
Upparahalli	19	12.8385	76.7593
Upparakoppal	19	12.5497	76.8094
Upparakanahalli	19	12.6508	76.8519
Upparahalli	19	12.7305	76.9743
Uppalagere Koppal	19	12.2918	76.9928
Upparahalu	02	15.7259	77.1083
Uper Chak	34	25.0302	86.5028
Uprauli Pakri	34	24.8241	86.2036
Uprahatpur	36	27.3866	80.6940
Uparwai	16	19.7152	79.2153
Uparapalli	40	18.5604	79.3462
Uparpalli	40	18.5245	79.3962
Uppalpalli	40	18.2897	79.2722
Uparpalli	40	18.1867	79.3451
Upatla	40	18.7097	79.6266
Uppinayakanahalli	19	15.1305	76.2561
Upparahalli	19	15.2943	76.6060
Upla	19	15.7373	76.9197
Upparahosahalli	19	15.5363	76.9304
Uppugala	19	12.5602	75.6520
Upkalmale	19	12.5537	75.6824
Uppalike	19	12.6509	75.5875
Uppinpattan	19	14.4732	74.4909
Uppingadde	19	14.3455	74.6005
Uppingadde	19	14.3796	74.6835
Uppunda	19	13.8370	74.6247
Uppina Koti	19	13.4410	74.6947
Upardaha	34	24.6931	84.4471
Uparahuli	34	24.8300	84.8462
Uphrail	34	26.0154	87.2936
Uprail	34	25.7518	87.4795
Uphrail	34	25.9592	87.4040
Uparpura	34	25.5857	85.0683
Uphrail	34	25.6778	87.6768
Upraul	34	25.8551	87.8322
Uparpara Kura	38	24.2694	87.6957
Uparbandha	38	24.7139	87.7972
Uphraul	34	25.9635	85.2756
Upla	35	21.8506	75.0208
Uphraul	34	25.6864	85.4142
Uphraul	34	25.3060	85.5433
Uppalapadu	02	16.3551	79.4006
Upparapalem	02	16.0544	79.6955
Upariguda	40	17.4952	78.6238
Upalguda	40	17.4097	78.5374
Uppalguda	40	17.3000	78.6496
Upparigudem	40	17.4495	78.5489
Uphrail	34	26.0833	87.7088
Uparakot	39	29.2092	80.1472
Uppukuntahalli	19	13.6316	77.8562
Upparati	19	12.9754	77.1658
Upinkere	19	12.5545	77.0410
Uppardoddi	19	12.5423	77.0528
Uppanhalli	19	12.3679	77.0105
Uppinamalai	19	12.1161	77.0272
Uppinmole	19	12.0465	77.0434
Uppiligeri	19	12.1667	77.0985
Upparahalli	25	12.6397	77.7368
Uppalapadu	02	15.6356	78.1147
Uppaluru	02	15.2995	78.3617
Uppaluru	02	14.9706	78.5001
Uppalapadu	02	14.9432	78.6103
Uppaluru	02	15.0695	78.9388
Uppaluru	02	14.9977	78.1787
Uppuguntapalle	02	14.7303	78.8342
Uppalapalle	02	14.5479	78.7824
Upperlapalle	02	13.9694	78.1600
Uppuvandlapalle	02	13.9008	78.1610
Upparavandlapalle	02	13.6464	78.1821
Upparapete	19	13.4034	78.0027
Upparahalli	19	13.4852	78.0719
Uppukunte	19	13.1918	78.1078
Upparapalle	02	13.8855	78.2826
Uppukunte	19	13.2457	78.3054
Upparuyarupalle	02	13.7031	78.2664
Upparahalli	19	13.5462	78.3119
Upparapalli	19	13.4211	78.2851
Uppinel	02	13.3802	78.4925
Upparahalli	19	13.2052	78.5559
Uppusettipalle	02	13.2042	78.6711
Upaspura	19	12.9812	77.9016
Upparhalli	19	12.8565	77.9969
Upparapalli	19	12.9738	77.9963
Upparhalli	19	12.9021	77.9851
Upparatimmanapalli	25	12.6576	77.8796
Upparhalli	19	12.9225	78.0413
Upaspur	19	12.8874	78.1333
Uppugundalapalli	25	12.6832	78.1398
Upparahalli	25	12.3548	78.0122
Upparahalli	25	12.1830	78.0886
Uppuguntanattam	25	12.9429	78.8028
Upparappatti	25	12.3148	78.5334
Uppalapad	02	15.3881	78.8821
Upparavanipalle	02	15.3601	78.8848
Upparavandlapalle	02	14.2280	78.2614
Upparevandlapalle	02	14.2616	78.4977
Uppalapalle	02	14.4338	78.5244
Upparapalle	02	14.0189	78.2755
Upparipalle	02	14.0115	78.6930
Uppalapadu	02	15.1685	79.2426
Uppalapadu	02	15.9890	79.7528
Upavasapalle	02	15.3972	79.4151
Uppalapadu	02	15.1607	79.7546
Uppuvaripalli	02	14.8299	79.0677
Uppativaripalli	02	14.6857	79.0777
Upparapalem	02	14.7445	79.2435
Upparapalli	02	14.5739	79.1687
Upparapalli	02	14.1922	79.1485
Upparapalli	02	14.1162	79.1615
Upparapalli	02	14.0912	79.1496
Upparavaripalli	02	14.0696	79.2147
Upparapalli	02	14.1235	79.3571
Uppulur	02	14.9470	79.6358
Uppalapadu	02	14.6214	79.9192
Upparapalli	02	13.7850	79.1243
Uppiripalli	02	13.3731	79.2472
Upparapalle	02	13.4299	79.2718
Upparapalle	02	13.3005	79.3598
Upparapalle	02	13.3698	79.4014
Uppalamarti	02	13.9566	79.9810
Uppaditangal	02	13.5407	79.9194
Upparapalli	02	13.4223	79.9154
Upparapalaiyam	25	13.2075	79.8330
Upparapalaiyam	25	13.0042	79.8307
Upparapalaiyam	25	13.0131	79.9013
Upparapalaiyam	25	13.2310	79.8690
Uppupettai	25	12.8365	79.2931
Uppupettai	25	12.8743	79.3134
Upparantangal	25	12.9506	79.4672
Uppilaputtur	25	12.3230	79.4732
Upparapalaiyam	25	12.5786	79.7017
Upparapalaiyam	25	12.6054	79.5522
Uppupara	13	11.5911	76.1432
Uppattichal	25	11.5141	76.3574
Uppumanpadi	13	10.7045	76.7914
Uppukulam	13	9.6497	76.8220
Uppukulam	13	9.6155	76.9466
Upligirigullu	19	11.9751	77.0435
Uppilipalaiyam	25	11.1879	77.1800
Uppilipalaiyam	25	11.0046	77.0178
Uppukutta	13	9.0198	76.6717
Uppilipalaiyam	25	11.0440	77.3114
Uppukkaraipalaiyam	25	11.0124	77.4584
Uppiliyanur	25	11.6388	77.7213
Uppilipalaiyam	25	11.6125	77.6638
Upparappatti	25	11.6483	77.9187
Upparapatti	25	11.7595	77.9674
Uppupalaiyam	25	11.4773	77.9132
Uppupalaiyam	25	11.4165	77.8132
Uppupalaiyam	25	11.3007	77.9126
Uppilipalaiyam	25	11.2760	77.8296
Uppupalaiyam	25	11.0177	77.9590
Uppukkachchippettai	25	10.8788	79.1304
Uppangarai	25	10.6790	79.2340
Uppanampatti	25	10.6036	79.1725
Uppur	25	10.4307	79.5447
Upar Dari	38	23.9122	85.2098
Upar Marwa	38	23.5149	85.2277
Upartoli	38	23.4887	85.0396
Upardaha	38	23.3389	85.1982
Upartoli	38	23.2528	85.2176
Upartoli	38	23.1519	85.2037
Upartoli	38	23.0500	85.0793
Upartoli	38	23.5657	85.2518
Upar Konki	38	23.5158	85.2719
Upardahu	38	23.2397	85.2603
Upartoli	38	23.2156	85.3852
Upartoli	38	23.1255	85.3658
Upartoli	38	23.6101	85.6158
Upar Nagru	38	23.4931	85.5594
Upar Kota	38	23.1098	85.5316
Upar Ganjhari	38	23.1002	85.5951
Upar Balalong	38	23.0880	85.5978
Uparbarga	38	23.4714	85.8570
Upartoli	38	22.9900	85.3231
Uparberna	38	22.3606	85.1189
Upargora	38	22.9684	85.3230
Upartola	38	24.1852	84.9415
Uparbahair	38	24.1773	86.7891
Uparbandha	38	24.1396	86.9112
Uparbandha	38	24.0118	86.8255
Upartola	38	23.7930	84.4771
Upkatola	38	23.6733	84.3064
Upar Hapad	38	23.4530	84.4257
Upartoli	38	23.1751	84.2756
Upar Khatanga	38	23.0508	84.4022
Upar Jori	38	23.1883	84.4278
Upar Anjan	38	23.1191	84.4660
Upar Loto	38	23.7763	84.5322
Upar Besra	38	23.7810	84.5686
Uparkocha	38	23.5422	84.6351
Upar Nari	38	23.5409	84.6672
Upratoli	38	23.3520	84.6229
Upparpattoli	38	23.4810	84.5990
Upar Kurhatoli	38	23.8820	84.8798
Upartoli	38	23.8437	84.9871
Uparbandhtoli	38	23.7043	84.9054
Upartoli	38	23.5347	84.8776
Upartoli	38	23.1643	84.7853
Upartoli	38	23.1563	84.9235
Upartoli	38	23.0726	84.8843
Upartoli	38	22.5670	84.2336
Upartoli	38	22.9519	84.5528
Uparkhamhan	38	22.9039	84.5764
Uparghat	38	22.8147	84.5813
Upartoli	38	22.7754	84.7809
Upartoli	38	22.8271	84.8500
Upartoli	38	22.8462	84.9153
Uppuppatti	25	9.3862	77.7181
Uppuvaniyanputtur	25	8.7079	77.4925
Uppalam Melavurkudiyiruppu	25	8.1065	77.4677
Uppurani	25	8.6043	77.5980
Uppilyatterunattam	25	10.9471	78.2185
Uppiliyapatti	25	10.6709	78.0662
Uppukkinattuppatti	25	10.5909	78.0202
Uppiliyappatti	25	10.7450	78.3488
Uppiliyappatti	25	10.6347	78.4736
Uppiliyapatti	25	10.6176	78.4862
Uppupalaiyam	25	10.9605	77.6922
Uppilipalaiyam	25	10.7751	77.5072
Uppaturaipalaiyam	25	10.7371	77.5447
Uppiliyavalasu	25	10.5899	77.6094
Uppukachchipatti	25	10.7484	78.5052
Uppiliyapatti	25	10.4097	78.6088
Uppiliyakkudi	25	10.5335	78.8025
Uppilikkundu	25	9.7412	78.0680
Uppangulam	25	9.3772	78.4036
Uppur	25	9.6139	78.9193
Uppukkarai	25	10.7616	77.7805
Uppumuttampalaiyam	25	11.8704	79.5746
Uppukkottai	25	9.9587	77.4105
Upparpatti	25	9.9540	77.4194
Uppunuttu	25	9.8861	77.4744
Upparappatti	25	11.9329	78.0370
Uppupattipudur	25	11.1698	78.0276
Uppur	25	11.7268	78.6499
Uperbera	38	22.8553	85.9922
Uperdugni	38	22.7807	85.9771
Uparsira	38	22.5974	85.9309
Upar Julu	21	21.7448	85.0980
Upar Genia	21	21.6967	85.1063
Upar Barada	21	21.6862	85.2012
Upar Jagar	21	21.6480	85.4899
Upardiha	21	21.7416	85.6292
Upardia	21	21.8818	85.8313
Upar Bera	21	20.7159	85.0966
Uparkata	21	20.5012	85.0187
Uparbaghlunda	21	20.7730	85.3784
Uparpal	21	20.7885	85.3380
Upraili Debo	38	24.1629	85.5154
Upraili Murgaon	38	24.0054	85.7069
Upraila	34	24.8441	85.8203
Upraili Kahuai	38	24.6408	85.8247
Upraili Sewatoli	38	24.5704	85.9780
Upraili Kanhai	38	24.5227	85.9254
Upraili Pardhandih	38	24.3383	85.9557
Upartoli	38	24.3327	85.9276
Upartoli	38	24.3963	85.8764
Uprail Bodra	38	24.0513	85.7847
Uphraul	34	25.9976	86.3092
Upraila Sewa	34	24.8654	86.3271
Uparapada	21	21.3566	84.3745
Uparmunda	21	21.2737	84.5182
Uparbahal	21	21.7973	84.9227
Uparda	21	21.7981	84.9662
Upar Sirguni	21	20.4091	84.0009
Upar Tamtingia	21	20.3826	84.0218
Uparkata	21	20.5961	84.4837
Uporokholo	21	20.2536	84.3044
Upar Mundula	21	20.3250	84.5167
Upparahalli	02	14.0129	77.0593