Warangal	40	18.0000	79.5833
Wardha	16	20.7393	78.5978
Washim	16	20.1113	77.1330
Wadgaon Kolhati	16	19.8431	75.2360
Wanparti	40	16.3674	78.0689
Wani	16	20.0551	78.9531
Wari	16	21.1531	79.0076
Warud	16	21.4710	78.2696
Wankaner	09	22.6120	70.9438
Walajapet	25	12.9251	79.3663
Warora	16	20.2289	79.0028
Wadi	19	17.0518	76.9905
Wanadongri	16	21.0938	78.9727
Wai	16	17.9528	73.8906
Waris Aliganj	34	25.0172	85.6405
Walwadi	16	20.9209	74.7611
Waraseoni	35	21.7618	80.0430
Wadgaon	16	16.8355	74.3134
Waluj Buzurg	16	19.7963	75.2265
Wazirganj	36	28.2114	79.0567
Wangoi	17	24.6749	93.8999
Walajabad	25	12.7904	79.8236
Wadgaon	16	18.7392	73.6394
Wajegaon	16	19.1439	77.3457
Walni	16	21.3231	79.0872
Wail	12	34.2707	74.8036
Wangjing	17	24.5892	94.0639
Waghoda	16	21.3731	78.9349
Watargam	12	34.3194	74.3736
Waghai	09	20.7705	73.5007
Wardhamna	16	21.1270	78.9503
Wadrupnagar	37	23.7664	83.2064
Wadi Ratnagiri	16	16.8012	74.1798
Wadgaon Tejan	16	20.0521	76.5107
Walhur	16	20.0559	76.4832
Wadgaon Sarhad	16	19.9035	76.4823
Wazirpur	24	26.5650	76.8866
Wazirganj	34	24.8008	85.2387
Wazirabad	40	16.6917	79.6607
Watrap	25	9.6364	77.6388
Watlab	12	34.3682	74.5198
Watika	24	26.7115	75.8011
Wati	30	28.0386	96.9738
Wathar	16	17.8825	74.1448
Watganj	28	22.5333	88.3167
Wataman	09	22.5275	72.4176
Wasna	09	23.2415	73.0256
Wasna	09	22.1209	73.7491
Waskui	09	21.1836	73.3622
Wasi	16	18.5430	75.7782
Wasan	09	22.9547	72.1370
Wasalmari	40	17.6725	78.8108
Wasa	24	24.6231	72.9802
Warwania	35	22.1289	74.6834
Warvad	16	17.9705	75.3129
Warshi	41	35.0611	77.3359
Warsara	09	23.9827	71.6631
Warsa	16	20.6020	79.9557
War Khas	34	24.7307	84.5200
Warisnagar	34	25.9466	85.8819
Waris	41	34.8483	77.1456
Wari Godri	16	19.4544	75.7091
Wari	09	21.4763	73.3444
Warhona	16	19.4264	77.8757
Waregaon	16	21.3326	79.4124
Wardhari	09	23.0889	73.4544
Wardhangarh Fort	16	17.7256	74.2639
Wardha	16	20.3320	80.0818
Wanwas Wari	16	17.6844	74.0294
Wanthali	09	22.4381	70.3271
Wanlah	41	34.2512	76.8321
Wangtu	11	31.5466	78.0120
Wangom	12	33.5727	75.3365
Wangla	20	26.8072	95.0051
Wangi	16	18.1789	75.1470
Wangepalli	16	19.4236	79.9774
Wandur	13	11.1958	76.2363
Wandhia	09	23.2469	70.6150
Wandali	19	16.2262	76.7406
Wanch	09	22.9425	72.6898
Wanagam	12	34.4348	74.6133
Wampor	12	34.6299	74.8151
Wamleshwar	09	21.4992	72.6888
Wamanpalli	16	19.5594	79.5318
Walwad	16	18.4568	75.5214
Walvad	16	18.6315	74.9574
Walur	16	19.4872	76.5596
Walterganj	36	26.8518	82.7260
Waltair	02	17.7169	83.3192
Walsang	16	17.5802	76.0850
Walpur	35	22.1366	74.4286
Walong	30	28.1303	97.0163
Walki	16	18.9628	74.7538
Walgaon	16	21.0105	77.7046
Walayar	25	10.8492	76.8554
Walasan	09	22.5514	72.8829
Walandi	16	18.2355	76.9631
Walan	09	21.9550	73.0707
Wakri	40	19.4835	79.3205
Waki	16	18.5167	73.5167
Wakching	20	26.6608	94.8432
Wakal	09	21.4333	73.2333
Wakad	16	20.0390	76.6896
Wajhal	19	16.4780	76.5464
Waitang	18	25.3190	92.8199
Wairagarh	16	20.4298	80.0916
Wainaj	09	23.2186	72.4113
Waigaon	16	20.6339	78.6094
Wahjajer	18	25.5314	92.1617
Wahegaon	16	19.7699	75.6795
Waghrul	16	19.9615	75.9795
Waghroli	09	22.8838	73.2974
Wagholi	16	17.9027	74.0813
Waghnagar	09	21.1033	71.8098
Waghad	16	20.2321	73.7192
Wagdari	16	17.6158	76.3565
Wagatalao	09	22.4833	72.4667
Wafgaon	16	18.8793	73.9909
Wadwani	16	18.9871	76.0436
Wadsar	09	23.3429	68.7759
Wadner Gangai	16	21.0525	77.1803
Wadner	16	20.8410	76.3228
Wadner	16	20.4389	78.7428
Wadki	16	20.2803	78.7181
Wadjhire	16	19.0195	74.3374
Wadhona Khurd	16	18.5398	77.0652
Wadhona Buzurg	16	18.5212	77.0840
Wadhona	16	20.9989	78.3453
Wadhona	16	18.5167	77.0833
Wadhiware	16	19.8610	73.6754
Wadgiri	19	16.7611	76.5538
Wadgira	19	16.5858	77.0980
Wadgaon	16	19.5892	74.2742
Wadgaon	19	18.1311	77.5245
Wadgaon	16	18.1296	74.3619
Wadgaon	16	18.0833	76.1167
Wadgam	09	22.3244	72.4243
Wadegaon	16	20.7661	79.9869
Wadegaon	16	20.5802	76.8514
Wadbhet	09	22.6157	74.0040
Wadapadhar	09	23.1514	68.8602
Wadali	09	21.9662	70.2980
Wadala	16	19.0167	72.8500
Wadala	09	22.9169	69.8557
Wadala	09	22.0325	70.1236
Wadala	16	20.3795	73.9848
Wadal	09	21.1936	71.5513
Wada	16	18.9882	73.7386
Wabagai	17	24.5309	93.9376
Wajrakarur	02	15.0272	77.3866
Warbasini	28	22.9957	88.2226
Wanyearam	12	34.3176	74.9466
Wangat	12	34.3263	74.9466
Watalbagh	12	34.2471	74.7579
Wahidpur	12	34.2255	74.7609
Warapahu	12	34.1860	74.8335
Waniyar	12	34.0942	74.7890
Wazpur	12	34.0332	74.7883
Wawuts	12	34.0035	74.7925
Wanbal	12	34.0104	74.7968
Watalpur	12	34.0092	74.8077
Waingipur	12	34.0047	74.8461
Wagali	12	33.7761	74.1488
Wagat	12	34.4564	74.1950
Warapur	12	34.3951	74.1865
Warapur	12	34.4488	74.1969
Warapura	12	34.3469	74.2361
Wadapur	12	34.4063	74.2374
Watsar	12	34.3729	74.1501
Watilhanz	12	34.2393	74.5537
Waskur	12	34.2232	74.6629
Waingpur	12	34.2230	74.6490
Wandahom	12	34.2471	74.7247
Wat Magam	12	34.0867	74.5946
Wandakpura	12	34.1202	74.6697
Watwanpur	12	34.1632	74.5625
Warapur	12	34.1451	74.5218
Waripur	12	34.0970	74.5574
Warihom	12	34.0497	74.5781
Wanihom	12	34.0371	74.6072
Wahapur	12	34.0577	74.6601
Watalpur Bandapur	12	34.0715	74.6460
Wadwan	12	34.0772	74.6772
Warasangham	12	34.0589	74.6989
Warbpura	12	34.0540	74.7120
Warpura	12	34.0262	74.7328
Wattarwain	12	34.0317	74.6994
Walanwar	12	34.2497	74.3048
Wanpur	12	34.2769	74.3256
Watargam	12	34.3168	74.3753
Wangam	12	34.3283	74.3568
Waripur	12	34.3065	74.3164
Wajahom	12	34.3392	74.2616
Walarom	12	34.3436	74.2708
Warapur	12	34.3349	74.4822
Waskur	12	34.4067	74.2724
Watawian	12	34.3996	74.3328
Wahipur	12	34.3849	74.3675
Wasramun Chak	12	34.3914	74.3768
Warpur	12	34.4229	74.2765
Warapur	12	34.4911	74.2565
Watarkhoi	12	34.4774	74.2958
Walkul	12	34.4762	74.4053
Waranpathri	12	33.8590	74.3236
Wansi	12	33.7583	74.3417
Wahoan Baihk	12	33.9743	74.4647
Waziri Thal	41	34.5454	75.0552
Waddi Seri	12	32.8499	74.9061
Wajira Chak	12	32.5035	74.7985
Wanjal	12	34.3314	73.8543
Wazirpur	36	29.7466	77.2562
Wazirpur Tittana	10	29.2665	76.9257
Wargadi	39	29.9895	78.6030
Walla Dhaura	39	29.7868	78.7132
Wanpalli	40	17.1198	78.0082
Wati Nagalapalli	40	17.4179	78.2930
Warkatpalli	40	17.3439	78.9447
Wailapall	40	17.0959	78.8966
Wadaparti	40	17.5598	78.8334
Waddapalli	40	17.8787	78.5780
Waddiaram	40	17.9600	78.4643
Wailal	40	17.6214	78.3524
Walur	40	17.8031	78.5442
Wamal	40	17.9453	78.7425
Warga	40	17.7753	78.6172
Warigurtam	40	17.9422	78.1709
Watipalli	40	17.8228	78.8530
Washermanpet	25	13.1210	80.2850
Wadia Nagar	25	13.1014	80.2567
Warispura	24	28.0874	75.3791
Wazirpura	36	27.8998	79.3911
Wahidpur	36	27.0138	79.4115
Wazirpur	36	27.5964	79.6451
Wahidpur	36	27.0031	79.7486
Wazirpur	36	26.8521	79.1361
Wazir ka Adda	36	26.7979	79.0562
Wawali	36	26.3664	79.3668
Walidadpur	36	26.7722	79.6811
Wakad	16	18.6032	73.7626
Wathegiri	03	25.8686	90.2984
Warch	41	35.0743	77.3382
Wansa	30	26.9570	95.3366
Wasilpur	35	25.5681	80.4823
Waidhan	35	24.0661	82.6267
Warjarkhor	19	18.0685	76.9592
Warvand	16	18.4441	74.4124
Wargaon	16	20.6649	80.1826
Walai	24	23.8231	74.2396
Wandha	35	22.1370	73.8299
Walwara	16	20.3137	72.9095
Waheng Khuman	17	24.6685	93.8649
Watrun	12	34.4382	74.6334
Watapur	12	34.4220	74.6149
Wazirpura	10	29.1442	76.6708
Wazirpur	10	28.4225	76.9137
Wananwali	10	29.6044	75.3961
Waddian	12	33.4644	74.3746
War Sun	12	34.5327	74.1156
War Sun	12	34.5402	74.1287
Wannar	12	34.5890	74.3549
Waryam Khera	23	30.0235	74.0829
Wangal	23	30.5939	74.5810
Wattu	23	30.5731	74.6540
Wandar Jatana	23	30.5699	74.7368
Wara Jawahir Singhwala	23	30.8934	74.8772
Wara Wariam Singhwala	23	30.9277	74.8608
Wakilanwala	23	30.9414	74.9297
Warnala	23	30.9506	74.9289
Wasuni	11	31.2363	77.6563
Wasni	11	30.7994	77.2279
Wasilpur	10	30.5094	77.0773
Wagori ki Dhani	24	27.5712	76.0268
Wauri	24	27.5579	76.0747
Wantha	11	30.7366	77.6017
Waraspur	24	27.6592	76.7810
Waispur Khurlyan	36	29.4717	78.2251
Wahidpura	24	28.0712	75.2122
Wal Ka Pura	24	26.9360	76.8164
Walni	35	21.7850	78.2190
Wawaroli	16	21.4150	78.2271
Wadala	16	21.3339	78.1421
Wakora	35	21.6270	78.4468
Wadegaon	35	21.5945	78.4498
Wal	16	21.5685	78.3365
Wadegaon	16	21.3888	78.2656
Wadala	16	21.3817	78.2945
Wadali	16	21.3520	78.2875
Waghal	16	21.3498	78.2696
Wadegaon	16	21.2919	78.2991
Wadvihira	16	21.3475	78.3932
Wadhona	16	21.3219	78.3675
Wathoda	16	21.4373	78.3482
Warda	35	21.4942	78.6197
Warda	35	21.4957	78.6294
Wadegaon	16	21.4075	78.5228
Wandli	16	21.3591	78.5460
Wadhona	16	21.3187	78.5780
Walni	16	21.2518	78.6030
Walni	16	21.2149	78.5223
Wai Bujhruk	16	21.2129	78.6687
Wasbodi	16	21.2278	78.7117
Wanda	35	21.8187	78.8591
Waghora	35	21.5970	78.8039
Warpani	16	21.5751	78.9718
Walni	16	21.0593	78.7727
Walidpur	36	29.1471	77.7167
Wara Daraka	23	30.5496	74.7607
Waron	24	24.5518	72.8604
Watera	24	24.5987	72.9343
Wara Pohu Wandian	23	30.9800	75.0575
Wali	24	24.7477	73.6398
Wairoke	23	30.6226	75.0526
Wandar	23	30.5120	75.0082
Wauns	24	24.3456	73.9966
Walipur Khurd	23	30.9506	75.6255
Walipur Kalan	23	30.9570	75.6564
Wazirabad	36	29.4897	77.9329
Walipura	23	30.9719	75.9796
Wazirpur	07	28.6900	77.1747
Wazirabad Mandirwala	07	28.7150	77.2314
Wazirabad	07	28.7249	77.2243
Wazirpur	10	28.4339	77.3470
Wailana	36	28.3085	77.6394
Wair Badshahpur	36	28.3272	77.7046
Wair	36	28.3432	77.7016
Warkandi	23	30.3790	74.8376
Wara Bhaika	23	30.4109	74.9768
Wahid	23	31.5028	75.7703
Watuka	24	24.2475	73.8683
Walaka	24	24.1179	73.8581
Wari	24	24.7133	74.0403
Warni	24	24.5679	74.2252
Warka	24	24.6466	72.5570
Warkan	24	24.6842	72.6285
Wan	24	24.7075	72.6816
Walang	11	31.5329	78.1552
Warosi	39	30.5082	79.5159
Wadukh	39	30.2808	79.5141
Waddugudem	40	19.2289	79.7828
Wadgudem	16	19.0939	79.8731
Watra	16	19.2253	79.9301
Wadgudem	40	18.8417	79.9239
Waina	36	28.0968	77.6018
Wamgatur	16	19.7473	80.5716
Wajhilpur	36	28.7730	77.8194
Walayatnagar	36	28.5485	77.8063
Wak	29	27.2107	88.3499
Wad Hiwra	16	19.7278	76.8432
Wadi	16	19.6362	76.8518
Wadiwadi	16	19.7227	76.0080
Warud	16	19.9350	76.0240
Wadgaon	16	19.8981	76.0569
Wakhari	16	19.8790	76.0641
Waghora	16	19.9079	76.1751
Wadali	16	19.9095	76.2068
Warula Tanda	16	19.2301	76.0352
Wajhar	16	19.6805	76.0991
Walkhed	16	19.5577	76.1638
Waghadi	16	19.6716	76.2161
Waghadi Tanda	16	19.6913	76.2197
Wai	16	19.7222	76.2257
Wadi	16	19.4950	76.0633
Waghora	16	19.2511	76.1210
Wahegaon Sopara	16	19.3772	76.1775
Waddarawadi	16	19.3471	76.1705
Wahegaon Shreshti	16	19.4788	76.2497
Watur	16	19.6802	76.2779
Wadhona	16	19.6444	76.2866
Warula Tanda	16	19.2157	76.0477
Warula	16	19.2197	76.0472
Wadgaon	16	19.1858	76.1955
Waijoda	16	19.6102	76.2976
Warphalwadi	16	19.5625	76.2541
Warphal	16	19.5674	76.2586
Wanjola	16	19.5651	76.3500
Wadi	16	19.7414	76.4463
Wadi	16	19.7288	76.4755
Waki	16	19.4807	76.4202
Wazidpur	23	30.4458	76.1322
Warkhed	16	19.3319	76.2979
Wadi	16	19.2780	76.3505
Waghal	16	19.1486	76.4802
Wadi	16	19.1370	76.4550
Waghalgaon	16	19.0845	76.4938
Wanisangam	16	19.0498	76.4591
Walangwadi	16	19.4420	76.5309
Waghi Bobde	16	19.4246	76.7260
Wadgaon	16	19.3891	76.6262
Wadi	16	19.3381	76.5544
Wangi	16	19.1030	76.5284
Wadi Pipalgaon	16	19.1063	76.5360
Wadgaon	16	19.1358	76.6572
Wakdi	16	19.1626	76.6398
Wadhona	16	19.9000	76.7863
Watkali	16	19.8637	76.8609
Warud Chakrapan	16	19.8059	76.8467
Waghjali	16	19.9155	76.9105
Walana	16	19.9661	76.9318
Warkheda	16	19.9378	76.9199
Warud Saman	16	19.7548	76.9808
Warud Kazi	16	19.7588	76.9779
Wadi Khurd	16	19.0333	76.9892
Wakdi	16	18.5722	76.2302
Wakdi	16	18.6254	76.1779
Wangi Buzurg	16	18.9990	76.3216
Waka	16	18.9417	76.3670
Waghala	16	18.9046	76.3719
Warwati	16	18.7711	76.4562
Wan Takli	16	18.8433	76.4147
Wan Project Colony	16	18.8719	76.4400
Wadkhel	16	18.9270	76.4317
Waghalwadi	16	18.6694	76.3644
Waghal	16	18.6762	76.3762
Wagdari	16	18.5527	76.4053
Wakdi	16	18.5440	76.4048
Wanjarkhed	16	18.5451	76.3634
Wagholi	16	18.2048	76.5738
Wangji	16	18.1166	76.3857
Wadi	16	18.1195	76.4828
Warwada	16	18.2308	76.3721
Wanwada	16	18.1889	76.4681
Wanewadi	16	18.0771	76.6118
Wadgaon	16	18.2084	76.7013
Wagalgaon	16	18.9760	76.8212
Wagdara	16	18.8662	76.7696
Warwati	16	18.8965	76.8614
Wanwadi	16	18.9125	76.8830
Warkhed	16	18.9150	76.9425
Wadarwadi	16	18.8254	76.9672
Wadarwadi	16	18.8172	76.9824
Warwati Tanda	16	18.7601	76.9945
Warwati	16	18.7518	76.9977
Wanwadi	16	18.9579	76.9992
Walgaon	16	18.3774	76.9560
Wagnalwadi	16	18.2842	76.9168
Wadagaondev	16	17.9516	76.2070
Wanegaon	16	17.9695	76.2143
Wali Muhammadpur	10	27.9849	77.5108
Wazirkheri	24	27.5627	77.0241
Wadgaon	16	17.6425	76.0842
Wazir Khera	10	29.6744	76.3517
Waddarwadi	16	17.9786	76.4617
Wadiwadgaon	16	17.9350	76.3468
Wadgaon	16	17.9133	76.3577
Wagdari	16	17.7649	76.2663
Waddarwadi	16	17.7979	76.4808
Walipura	36	28.3823	77.8357
Walwandi	19	17.6405	76.7022
Waddahalli	19	17.2657	76.6035
Wadarga	19	17.7473	76.8143
Wadi	16	17.9300	76.9142
Wagdhari	19	17.5880	76.7981
Warnal	19	17.6388	76.9637
Wailachua	37	22.0888	82.9262
Watgan	37	21.4708	82.1762
Wararsakri	37	20.9908	81.2185
Wainer	37	20.4098	81.0313
Wantihal	19	16.5301	76.7918
Wadagera	19	16.6256	76.9614
Watgal	19	16.1028	76.7533
Wadvatti	19	16.1845	76.9100
Warka	37	21.1715	81.9489
Wai	16	19.2097	77.1168
Waghi	16	19.1600	77.2386
Wanegaon	16	19.1683	77.2476
Warkhed	16	19.1719	77.2400
Wadona	16	19.2263	77.2162
Wakhari	16	19.2469	77.1456
Wadi Khurd	16	19.1949	77.2706
Wadi Buzurg	16	19.1846	77.2703
Wangi	16	19.1627	77.3743
Wazirabad	16	19.1521	77.3029
Wasarni	16	19.1322	77.3206
Wadgaon	16	19.1215	77.3766
Waghala	16	19.1014	77.3158
Wadepuri	16	19.0479	77.2554
Wadgaon	16	19.0190	77.2885
Walki	16	19.0018	77.4045
Wajhirgaon	16	19.0052	77.4617
Walki	16	19.0365	77.3758
Waswadi	16	19.0850	77.4646
Wadi Muktaji	16	19.1228	77.4508
Wasri	16	19.1060	77.3932
Wadipuyad	16	19.1341	77.3813
Warni	40	19.2134	77.9289
Wai	40	19.1722	77.8889
Wadi	40	19.1520	77.9974
Wadjarhi	40	19.0827	77.8376
Walegaon	40	19.0691	77.9558
Wadgaon	40	19.0790	77.9379
Walkyachiwadi	16	18.9891	77.1364
Wagdarwadi	16	18.8398	77.0697
Wanjarwadi	16	18.9139	77.2114
Walsangyachiwadi	16	18.8572	77.3030
Wakhrad	16	18.8511	77.2657
Wakhradwadi	16	18.8405	77.2603
Warwat	16	18.8159	77.3210
Wadi	16	18.8378	77.4175
Waka	16	18.9968	77.4341
Wartala	16	18.7165	77.2633
Wadi	16	18.7360	77.3716
Wadaj Tanda	16	18.6758	77.3684
Wagshetwadi	16	18.5665	77.3018
Wadegaon	16	18.5260	77.3586
Wasur	16	18.5650	77.4089
Wasur Tanda	16	18.5875	77.3932
Walkanki	16	18.4891	77.3598
Walag	16	18.4692	77.4581
Walgir	16	18.4492	77.3862
Wagdari	16	18.4231	77.2533
Wadipadi Tanda	16	18.4033	77.3772
Wagangiri	19	18.3371	77.2508
Wanbharpalli	19	18.3026	77.4241
Wagalwada	16	18.9514	77.6887
Wanjarwadi	16	18.9287	77.5322
Wazirgaon	16	18.6445	77.6038
Wanali	16	18.6235	77.5944
Wazarkhandi	40	18.3135	77.6153
Wadlam	40	18.2667	77.7427
Wangdhal	40	18.1270	77.6751
Wasar	40	18.1396	77.6658
Wallepur	19	18.0789	77.5594
Warni	40	18.5436	77.9072
Wazidnagar	40	18.3852	77.7954
Watoti	19	17.4690	77.0436
Waddarapalli	40	18.2499	77.8968
Wachha	19	17.3082	77.0503
Wazirgaon	19	17.4021	77.2351
Wagdal	19	17.7506	77.3990
Wadicherla	40	17.1695	77.6668
Walidadpur	36	27.4929	78.3814
Wahidpur	36	27.3258	78.4193
Wazirpur	36	27.2780	78.4808
Wadala	16	20.7797	78.3009
Wadipod	16	20.2298	78.4715
Wardha	16	20.2281	78.5603
Wathoda	16	20.1759	78.5583
Waghnakh	16	20.3648	78.8533
Wadgaon	16	20.3171	78.8426
Wandhali	16	20.2976	78.8901
Wadgaon	16	20.4255	78.9333
Wadgaon	16	20.1713	78.8440
Warud	16	20.1256	78.8593
Waghdara	16	20.0284	78.9584
Wanjri	16	20.1084	78.9402
Wadgaon	16	20.1108	78.9685
Wanoja	16	20.1775	78.9153
Wanoja	16	20.2458	78.9736
Wasu	36	27.5732	77.8504
Wadanahalli	19	16.8618	77.0611
Wadawat	19	16.6285	77.3960
Wankasambar	19	16.6085	77.3758
Wallampalli	40	16.7120	77.5040
Warud	16	19.9983	78.0298
Warud	16	19.8991	78.1111
Warsa	16	19.8975	78.0017
Wai	16	19.8498	78.0351
Waiphani	16	19.8469	78.1216
Wanola Tanda	16	19.7524	78.0136
Wadoli	16	19.7561	78.1422
Wajhara	16	19.8348	78.1739
Wattoli	40	19.0758	78.0429
Waghdari	40	19.3204	78.4548
Wardhamannur	40	19.4133	78.4040
Warkhera	36	27.3559	79.1773
Wanjri	16	19.9393	78.5713
Warha	16	19.8877	78.5596
Wasari	16	19.8649	78.5523
Watholi	16	19.8125	78.6228
Wadgaon	16	19.8974	78.6615
Walgunda	40	19.0189	78.7243
Waddepalli	40	17.6704	78.2443
Wallapura	24	26.6162	77.3196
Wagholi	16	21.3958	79.0428
Wakori	16	21.3912	79.0026
Waki	16	21.3633	79.0372
Waghora	16	21.2943	79.1798
Warada	16	21.2793	79.2182
Waregaon	16	21.2475	79.1560
Wanjra	16	21.1832	79.1357
Wahjri	16	21.1772	79.1382
Wathora	16	21.1349	79.1422
Waregaon	16	21.0379	79.1923
Waroda	16	21.0293	79.0789
Walipur	36	27.4435	79.3303
Walipur Bhagwant	36	27.4765	79.4600
Warghat	16	21.5480	79.4064
Waitola	16	21.3943	79.2893
Waroda	16	21.1301	79.3235
Wanjra	16	21.1154	79.4206
Wadhna	16	21.1095	79.4424
Warambha	16	21.0541	79.3355
Wandhatola	35	21.7789	79.7087
Waidhonkau	35	26.2191	77.8334
Wahidpur	36	27.3503	79.5589
Walipur	36	27.3246	79.6276
Wadhaman	40	16.4805	78.2134
Wakhari	35	21.2430	76.2394
Waroli	16	21.1562	76.1152
Waghadi	16	21.1563	76.0052
Waghola	16	21.0091	76.2002
Walidadpur	36	27.0052	79.6131
Walanpur	36	27.1124	79.6367
Walidaspur	36	27.1150	79.6171
Walipur	36	27.4033	78.9067
Wailamai Nandpur	36	27.3824	78.8418
Wajidpur	35	24.4650	77.5306
Wazirpur	35	24.0512	77.7119
Wattimurti	40	17.2243	79.1587
Wanipakala	40	17.2447	79.1553
Waddegudem	40	17.7682	79.4763
Walmidi	40	17.6172	79.4581
Walal	40	17.2438	79.3885
Waddarigudem	40	17.0553	79.4253
Wazirpur Jehalpur	36	27.1464	78.4505
Wazirpur Anandipur	36	27.0642	78.4658
Wadlakonda	40	17.7781	79.6837
Wahidpur Muafi	36	27.8515	78.5040
Wahidpur Khalsa	36	27.8474	78.6353
Wazirpur	36	27.7665	78.6881
Waripur Mafi	36	26.4539	79.5757
Waddipatla	40	16.6382	79.1148
Wahid Bibipur	36	27.4065	78.7328
Walayatpur	36	27.3539	78.5163
Wazirabad	35	25.0242	80.3916
Wachhu Purwa	35	25.0385	80.4303
Wallipur	36	25.6657	81.0018
Wajahuddinpur	36	25.5914	81.1964
Wari	35	21.9309	76.0147
Waghode	16	21.2591	76.0882
Wajidpur	36	25.2808	83.0299
Wasauli	36	25.0085	83.2168
Warkhed Khurd	16	20.8884	76.0471
Warkhed Buzruk	16	20.8848	76.0469
Wadji	16	20.8340	76.0739
Wadgaon	16	20.7716	76.0043
Wazirabad	16	20.8935	76.1534
Wakudi	16	20.8602	76.1878
Wadgaon Dighi	16	20.9156	76.3150
Wadoda	16	20.8991	76.2799
Waghud	16	20.8708	76.2645
Warkhed	16	20.8004	76.2941
Wari	16	20.7820	76.3621
Wasari Khurd	16	20.7782	76.4543
Walti Khurd	16	20.7596	76.4476
Wakur	16	20.7599	76.4707
Walti Buzurg	16	20.7595	76.4447
Wasari Buzurg	16	20.7801	76.4514
Wargaon	16	20.7994	76.4578
Wadali	16	20.8127	76.4524
Wari	16	20.8349	76.3967
Warud	16	20.6794	76.2605
Waghol	16	20.5207	76.2780
Warwand	16	20.5132	76.2786
Wajhar	16	20.5500	76.4870
Warna	16	20.6126	76.4596
Wadji	16	20.6432	76.4091
Walipur	36	25.0988	83.3065
Wazirpatti	36	25.9353	83.6064
Wazirpur	36	25.8454	83.6880
Wair Chak	36	25.3202	83.5302
Wadali	35	21.5457	77.8289
Wadar	34	25.0469	83.7395
Walipur	34	25.0050	83.6105
Warula	16	21.0372	77.0338
Wadgaon	16	21.0964	77.1071
Wadali Deshmukh	16	21.1050	77.1538
Wai	16	21.1230	77.1078
Warud Buzurg	16	21.0181	77.1934
Wastapur	16	21.3510	77.3298
Wadgaon Fatehpur	16	21.2796	77.4390
Wajzar	16	21.3668	77.4673
Wagdoh	16	21.2468	77.3250
Wadali	16	21.2013	77.2951
Warud Khurd	16	21.0973	77.2877
Wanoja	16	21.0642	77.2628
Wadner	16	21.1385	77.4018
Walni Buzurg	16	21.2241	77.4175
Wadur	16	21.3246	77.5269
Wadhona	16	21.1432	77.5294
Wasni Khurd	16	21.1602	77.5420
Wasni Buzurg	16	21.1618	77.5384
Wadura	16	21.1392	77.7292
Wathoda	16	21.0815	77.5610
Waki Raipur	16	21.0422	77.5411
Wadura	16	21.0355	77.5337
Waigaon	16	21.0203	77.6392
Wandli	16	21.0145	77.5974
Wadal	16	21.2393	77.7025
Wani	16	21.3312	77.7806
Waruli	16	21.3269	77.8241
Warha	16	21.2859	77.9046
Wagholi	16	21.2070	77.9247
Wardhi	16	21.1222	77.9386
Wathoda	16	21.1635	77.7841
Walki	16	21.0101	77.7885
Wagholi	16	21.0754	77.8902
Wagjali	16	20.1605	77.1682
Waghlud	16	20.1338	77.0305
Wakad	16	20.1377	77.0448
Walki	16	20.1020	77.0697
Wangri	16	20.0844	77.0766
Wahadabad	35	21.7022	79.5035
Wandarev	35	21.6491	79.6226
Wagbodi	16	21.3416	79.5129
Wakesar	16	21.2939	79.5072
Walgaon	16	21.3001	79.5484
Waratola	35	21.8590	79.9873
Warpindkepar	16	21.5217	79.8731
War	36	24.6265	83.1342
Watetekar	16	21.0093	79.9545
Waregaon	16	20.9523	79.2856
Wadhona	16	20.8301	79.3451
Wanoda	16	20.8679	79.3937
Wadegaon	16	20.9620	79.4565
Wag	16	20.9373	79.4374
Wani	16	20.6291	79.2980
Wadala	16	20.5017	79.3837
Wadhona	16	20.6490	79.3483
Wakeshwar	16	20.7321	79.4134
Wasi	16	20.7430	79.4277
Wadad	16	20.7198	79.4890
Wakarla	16	20.6788	79.4797
Wahi	16	20.7721	79.6083
Wadegaon	16	20.8042	79.6610
Wasera	16	20.8786	79.6511
Walni	16	20.7800	79.6877
Wadegaon	16	20.8420	79.8350
Wakal	16	20.8916	79.8362
Waigaon	16	20.5357	79.7991
Wahangaon	16	20.4830	79.2349
Wahangaon Tola	16	20.4809	79.2102
Wadgaon	16	20.4419	79.1287
Wathada	16	20.4408	79.0049
Warar	16	20.4118	79.0959
Waigaon	16	20.3830	79.2094
Waigaon Khadathkar	16	20.3825	79.2014
Wardha	16	20.3745	79.1584
Wagholi	16	20.3015	79.1219
Walni	16	20.2822	79.0728
Wadala Tukm	16	20.3037	79.2533
Warsi	16	20.3946	79.4639
Waghera	16	20.4057	79.4473
Waigaon	16	20.2388	79.2569
Warwat	16	20.0472	79.3395
Waigaon	16	20.0374	79.4187
Walni	16	20.0039	79.4412
Wasera	16	20.2792	79.5743
Waneri	16	20.2855	79.6166
Wakal	16	20.2703	79.6126
Walni	16	20.4200	79.6518
Wadhona	16	20.4003	79.6798
Waghara	16	20.4632	79.9471
Wandra	16	20.4278	79.9199
Wasatola	16	20.3249	79.9838
Wasa	16	20.3231	79.9766
Wagholi	16	20.1181	79.9295
Wankutola	16	20.0036	79.9972
Wahidpur	36	25.8643	80.6436
Wahidpur	36	25.9959	80.7343
Waitagwadi	16	18.9500	76.6613
Wandan	16	18.9580	76.6337
Wargaon	16	18.9367	76.6500
Wargaon Tanda	16	18.9287	76.6585
Wadgaon Dadahari	16	18.8965	76.5647
Wagbet	16	18.8896	76.5182
Waijwadi	16	18.8739	76.5708
Wanwaswadi	16	18.7979	76.5933
Wagdari	16	18.7740	76.7242
Wastari	19	16.9403	76.5829
Warvi	19	16.9030	76.6007
Waginagera	19	16.5217	76.6974
Wanadurg	19	16.6337	76.6983
Warsula	38	24.2575	83.9107
Walsang	19	18.0739	77.2877
Wanola	16	19.7485	78.0176
Walpur Navin	16	19.6765	78.0262
Walki	16	19.3934	78.0193
Wanpatla	40	16.4256	78.3302
Wattipalli	40	16.3180	78.4288
Waddepalli	40	16.8975	78.9208
Wardadi	16	19.8876	76.2652
Wajhar	16	19.9141	76.3876
Wadah	16	19.9609	76.6262
Wagholi	16	18.2450	76.1158
Wadlakonda	40	17.7553	79.1387
Wartur	40	17.5505	79.0820
Wanparti	40	17.6196	79.2353
Walbhapur	40	17.1081	79.7045
Wadha	19	17.0157	76.0622
Wadi	19	17.4437	76.3356
Waghar Takli	16	19.9395	78.3421
Wadwat	16	19.8360	78.4786
Warur	40	19.8284	78.4032
Wagiapur	40	19.5675	78.4628
Wajapur	40	19.5776	78.4772
Warura	40	19.6873	78.4505
Wadhona	16	19.9798	78.7616
Wainda	40	19.4397	78.7328
Wadagaon	40	19.4337	78.6650
Wadhonsindi Buzurg	16	19.8786	78.8648
Wadhonpilki Khurd	16	19.8852	78.8465
Walas	16	19.9231	78.7666
Wadjapur	16	19.9259	78.9197
Warjhadi	16	19.9673	78.9498
Wargaon	16	19.9797	78.9791
Waroli	40	19.4527	78.7660
Warur	40	19.6978	78.7985
Wahiwar	35	24.7838	81.5085
Warha	35	24.6415	81.8565
Waghmara	35	24.4830	81.4526
Wansi	35	24.2044	81.3480
Walhora	35	21.6079	78.0423
Waigaon	35	21.6088	78.1062
Wandli	35	21.5924	78.1933
Wathora	16	21.2823	78.8386
Wadhona Khurd	16	21.2922	78.8690
Waroda	16	21.2646	78.9056
Wadhona Buzurg	16	21.2922	78.8840
Walipur Garhi	36	27.5315	79.2577
Wazirganj	36	27.7290	79.4933
Warha	16	20.4521	78.5459
Waldhur	16	20.4170	78.5849
Warud	16	20.3360	78.5332
Wadhona	16	20.3063	78.6292
Wadgaon	16	20.2650	78.6912
Wathod	16	20.3475	78.6416
Wanoj	16	20.3828	78.6382
Wari Khurd	36	25.9528	82.1696
Wari	36	25.7525	82.4215
Wazirpur	36	25.6904	82.5796
Wazidpur	36	25.7309	82.6883
Wazahuddinpur	36	25.7486	82.7302
Wari	36	25.4877	82.2533
Walipur	36	25.4124	82.3475
Wahdanagar	36	25.3166	82.3521
Wari	36	25.4006	82.4455
War	36	25.4033	82.9077
Wari	36	25.4597	82.0071
Wari	36	25.4894	82.2409
Waghadih	35	24.2051	82.3745
Waghadih	35	24.2005	82.3979
Waghadih	35	24.2093	82.3944
Wazirpur	10	28.6839	76.5713
Wadoganj	36	26.4822	80.9623
Wadudpur	36	26.3925	80.9161
Walipur	36	25.7351	82.9252
Waja Purwa	36	27.9511	81.1861
Wain Sohelia	36	27.4901	81.2375
Wazirpur	36	27.6173	81.6612
Waira Kazi	36	27.2617	81.5675
Waira Mahesh	36	27.2592	81.5725
Wafati	36	27.2424	81.8526
Wainian	36	27.2050	81.9748
Wajidnagar	36	26.8716	81.1634
Wali Purwa	36	26.9094	81.4024
Wajiuddinpur	36	26.8401	81.3085
Walipur	36	29.0179	78.3133
Waisapur	36	26.6960	81.2740
Waltnagar	36	26.6834	81.4165
Walipur	36	26.5963	81.4971
Wangi	16	21.4394	79.8754
Wahni	16	21.4460	79.8598
Wadegaon	16	21.3232	79.9299
Wardha	16	20.9855	79.1311
Wakeshwar	16	20.9604	79.0471
Waranga	16	20.9461	79.0431
Wagholi	16	20.9186	79.1589
Wagholi	16	20.8312	79.2151
Wargaon	16	20.8192	79.0390
Waigaon	16	20.7148	79.0156
Wargaon	16	20.6068	79.0502
Waghera	16	20.5954	79.0072
Wasi	16	20.5158	79.0423
Wazirpur Mandaiyan	36	29.2261	78.6472
Wazirganj	36	29.4013	78.7680
Wazir Khan Purwa	36	26.2874	81.1664
Waidor Purwa	36	26.3206	81.2105
Waghada	16	20.2300	79.1490
Walhali	16	20.0323	79.0393
Waigaon	16	20.7236	79.5859
Wasala Makta	16	20.5432	79.7389
Wasala Mendha	16	20.5291	79.7302
Wajhapur	36	26.3522	81.7515
Wazirpur	36	26.3482	81.8492
Walipur	36	26.4012	81.8984
Wasilabad	36	25.9804	81.0921
Warnawari	16	18.3494	76.0015
Warud	16	18.2560	76.0818
Warisabad	36	28.8546	78.2661
Wasipur	36	28.9367	78.3212
Wasipur	36	28.8128	78.4493
Warorgoli	16	19.7382	77.0899
Wajadnagar	36	27.2117	80.9849
Wajidpur	36	26.4235	80.4179
Wagholi Buzruk	16	19.9956	77.0638
Wagholi Khurd	16	19.9859	77.0711
Wadhona	16	19.9689	77.2047
Wanjhola	16	19.9454	77.1943
Wai	16	19.9688	77.2445
Wadad	16	19.8755	77.1513
Wasai	16	19.6249	77.1868
Walki	16	19.5535	77.0814
Wapti	16	19.5176	77.2472
Wanjarwari	16	19.5120	77.0248
Waini	36	27.4553	81.8238
Wai	16	19.6911	77.3662
Wakor	16	19.6900	77.4206
Wasgawhan	16	19.7023	77.4498
Waranga	16	19.6411	77.2511
Wargaon	16	19.5338	77.3469
Wargaon Qila	16	19.5257	77.3570
Wadad	16	19.9899	77.6605
Warud	16	19.9517	77.5772
Wakad Khurd	16	19.9536	77.6993
Waltur	16	19.9299	77.5607
Wadsad	16	19.8791	77.5251
Wanegaon	16	19.7071	77.5527
Waki	16	19.6698	77.5152
Wada	16	19.6311	77.6239
Warud Bibi	16	19.6396	77.7096
Warola	16	19.5634	77.5476
Wakora	16	19.5355	77.6643
Wanoli	16	19.9842	77.7752
Wajhar	16	19.8048	77.9609
Wagnath	16	19.8269	77.8081
Warudi	16	19.7782	77.8560
Wat Mangri	16	19.8005	77.9429
Warad	16	19.7165	77.7962
Wangi	16	19.5433	77.7644
Warispur	36	28.8423	78.5570
Wajidpur	36	28.8525	78.6159
Warispur Kalan	36	28.8848	78.5850
Wadecherur	40	18.9720	78.0208
Wastapuram	40	18.9642	78.0504
Waira	36	28.2198	79.7880
Wazirpur	36	28.1486	79.8637
Watoli	40	18.9508	78.0626
Wazir ki Mandaiyan	36	28.6533	78.5042
Wazirganj	36	28.5997	78.5716
Wajepalli	40	18.4629	78.2004
Wazir Singh	36	26.8328	81.9024
Wazirpur	36	28.2204	78.6835
Wazirganj	36	28.0821	78.6771
Wadi	40	18.1531	78.2155
Wadalparti	40	18.1395	78.1541
Wadi	40	18.0828	78.1298
Waragam	12	33.9586	74.5968
Watrad Dalabal	12	33.9060	74.6567
Watrahel	12	33.9869	74.6501
Wangwas	12	33.8665	74.6962
Watakul	12	33.8563	74.7234
Wagar	12	33.9621	74.7217
Wagam	12	33.9512	74.7454
Walgoad Kalan	40	18.6051	78.4275
Walgoad Khurd	40	18.6078	78.4389
Wadi	40	18.5542	78.3815
Wadi	40	18.7053	78.3635
Wahidnagar	36	27.3299	82.2372
Wachwa	36	27.1326	82.1158
Warajan	36	27.0447	82.0004
Wankaipalli	40	18.2455	78.2743
Wajhawa	36	27.4673	82.3411
Wadi	40	18.3069	78.4578
Wazir Dih	36	27.2282	82.3875
Wali Purwa	36	27.0491	82.4158
Warsakunda	40	18.9087	78.5373
Wahid Chak	36	27.0785	82.5982
Wase Durga	36	27.1310	82.6333
Wazirabad	36	27.0512	82.9233
Wazirganj	36	26.9581	82.1199
Wazirabad	36	26.8327	82.2107
Wampur	12	33.7840	74.8232
Wahathor	12	33.9684	74.8094
Wanpur	12	33.9621	74.8726
Waripur	12	33.9264	74.8379
Wanpur	12	33.9143	74.8409
Wahibug	12	33.8948	74.8575
Watspur	12	33.8735	74.8729
Watarpur	12	33.7550	74.8780
Washbug	12	33.8692	74.9047
Wagum	12	33.8941	74.9025
Wanganbagh	12	33.9793	74.8863
Wathur	12	33.8922	74.9267
Waripur	12	33.7525	74.9453
Wahipur	12	33.8299	74.9945
Wakharwan	12	33.8668	74.9806
Wandakpur	12	33.9398	74.9664
Walipur	36	26.7297	82.0656
Wahduddinpur	36	26.5765	82.0848
Walipur	36	26.2759	82.0696
Wazupur	36	26.2516	82.1123
Waidaha	36	26.3099	82.1751
Warapur	12	33.6124	74.9141
Waetigam	12	33.6210	74.8888
Wangom	12	33.6790	74.8994
Watsauhalan	12	33.7392	74.9036
Waingpur	12	33.6962	74.9594
Waddad	40	18.7029	78.8118
Wari	36	26.0258	82.1567
Waini	36	26.1565	82.1826
Wasnar	12	33.4429	74.9546
Wandar	12	33.4189	74.9236
Wardarajpalli	40	18.3829	78.7774
Wadiaram	40	18.4340	78.9859
Wazirpur	36	26.6203	82.4265
Wazirmalpur	36	25.9384	83.0464
Wasti	36	25.9970	83.1261
Wari	36	26.1911	82.4706
Walifpur	36	26.9319	82.5096
Wadapur	36	26.8494	82.7164
Wahid Patti	36	26.5389	82.5913
Walipur	36	26.4455	82.6882
Wasalatganj	36	26.1047	82.7291
Wasin	36	26.8370	82.8606
Waispur	36	26.3352	82.8927
Walipur	36	26.2328	82.8035
Wari	36	26.0581	82.7990
Wazirabad	36	26.1237	82.8554
Wachran	41	34.0377	75.2975
Wahaokharun	12	33.9958	75.0345
Wat	12	33.8008	75.0372
Wampur	12	33.7548	75.0843
Wargund	12	33.7833	75.1144
Wagahom	12	33.8193	75.1047
Wagad	12	33.9985	75.0824
Walarom	12	33.8999	75.2411
Wazirpur	12	33.7067	75.0565
Waghi	12	33.5356	75.1020
Waltiyung	12	33.5436	75.1007
Wasak Nag	12	33.5484	75.1139
Waril	12	33.5600	75.1390
Warpur	12	33.5697	75.1245
Wazu	12	33.5642	75.1225
Watalpor	12	33.6985	75.1147
Wanpuh	12	33.7307	75.1079
Watarigom	12	33.6983	75.1744
Wainihom	12	33.6954	75.1710
Wangund	12	33.5778	75.1861
Watarhal	12	33.6165	75.2207
Wanpur	12	33.5871	75.1695
Wazirpur	36	25.7527	81.5568
Wazirmalpur	36	26.0668	83.0102
Wajihuddinpur	36	26.0318	83.1998
Wari Barhardih	36	26.2274	83.1760
Wazirpur	36	26.1755	83.5861
Wagmal	12	33.4731	75.0795
Wajnari	12	33.4582	75.0979
Wand Charkan	12	33.1274	75.2010
Wateli	16	19.4562	80.4320
Wahdan	12	33.8981	75.2727
Wajur	12	33.8616	75.3033
Wagar	12	33.8571	75.2593
Waiwag	12	33.3551	75.2741
Waroti	12	33.2519	75.3317
Wanbar	12	33.4036	75.2987
Watpau	12	33.4577	75.3177
Wanware	12	33.4513	75.4468
Wawnor	12	33.4830	75.4722
Wayanar	37	19.2409	80.6805
Watsar	12	33.5239	75.5752
Wamarg	12	33.6219	75.6097
Waster	12	33.3509	75.5606
Watine	12	33.3880	75.6666
Wainhiund	12	33.4086	75.6775
Waithane	12	33.4052	75.6869
Wanhatne	12	33.4007	75.7284
Watware	12	33.3307	75.6913
Waji	12	33.2784	75.7480
Watan	35	23.7284	80.8162
Warzakhain	12	33.4228	75.7822
Warrai	12	33.2550	75.7790
Wadala	12	32.3715	75.4767
Wazirpur Jattan	23	32.1549	75.3202
Wazirpur	23	32.1277	75.3036
Waryah	23	32.0505	75.3520
Wahle	23	32.1248	75.3766
Wara Rawalan	23	32.1058	75.4887
Wara	23	32.0419	75.4498
Wansi	12	32.5601	75.6366
Wandal	12	32.7226	75.6133
Wazirpur	36	25.5512	81.9785
Wazirabad	36	25.5722	81.8813
Wat Mangalon	23	32.2522	75.5480
Was	23	32.3695	75.7054
Waghejhari	16	19.8088	80.2964
Wategatta	16	19.7572	80.2882
Wadacha	37	19.8039	80.4146
Wari	35	22.3842	74.3870
Waori	35	22.4831	74.4618
Waskalyapura	35	22.1285	74.6852
Walkhar	35	22.0296	74.8404
Wansi	11	32.4002	75.9428
Wahegaon Sal	16	20.1925	74.2686
Waki Khurd	16	20.1690	74.2724
Waki Budrukh	16	20.1662	74.2756
Wagdari	16	20.2421	74.3951
Wadgaon Pangu	16	20.2257	74.3867
Wani	35	22.2858	75.8400
Wadi	16	20.4549	75.8064
Wadad	16	20.4670	75.8892
Wakdi	16	20.3615	75.7836
Wadi Khurd	16	20.3252	75.7697
Wadi Buzurg	16	20.3167	75.7635
Wadi	16	20.2273	75.9659
Wadi	16	20.1703	75.8970
Wadhna	09	24.2388	72.3623
Warwaria	09	24.2372	72.4550
Wagda	09	24.1263	72.4599
Wasna Jagana	09	24.1013	72.3870
Warsara	09	24.0323	72.4547
Wara Ladhewala	23	31.5507	74.6716
Warnala	23	31.2267	74.6920
Wahke	23	31.0416	74.7014
Wali ki Basti	23	31.0416	74.6852
Watawad	09	24.1271	72.6423
Warchegondi	37	20.2621	81.3432
Warurgota	35	22.0904	80.3079
Wanhitola	35	22.0776	80.7458
Walipur	23	31.4174	74.9049
Wan	23	31.3653	74.8160
Warian	23	31.1301	74.9993
Wattu Bhatti	23	31.1155	74.9282
Waryah	23	31.1000	74.9736
Wariswala	23	31.0951	74.9942
Waliawala	23	31.0818	74.8779
Wasakha Singhwali	23	31.0835	74.7817
Wattoha	23	31.0127	74.8857
Walhur	23	30.9419	74.7288
Waghewala	23	30.9288	74.5225
Waryamwala	23	30.9003	74.5314
Wan	23	30.8455	74.6884
Waisar	10	29.3695	76.8048
Waisari	10	29.3773	76.8298
Wara	35	21.7754	80.0688
Wandu Tola	35	21.7698	80.1449
Wailli	36	29.2680	77.5182
Wahalna	36	29.4283	77.6869
Wariah	23	31.2682	75.2294
Wadhail	23	31.2523	75.2001
Watanwali	23	31.1772	75.1316
Wara Kalirwan	23	31.0956	75.1203
Wariswala	23	31.0686	75.0501
Wadhail Khuda Bakhshwala	23	31.2463	75.2223
Waghail Harnam Singh	23	31.2485	75.2057
Wadhail Mauza	23	31.2481	75.2008
Warad	16	21.5027	80.0669
Wajhatola	16	21.4473	80.1179
Wadegaon	16	21.1467	80.0303
Wadegaontola	16	21.1499	80.0450
Warad	16	21.0320	80.0100
Wagholi	16	21.0167	80.0354
Walupateltola	16	21.1836	80.1425
Wadegaontola	16	21.1146	80.1536
Wadegaon	16	21.1057	80.1564
Wadegaontola	16	21.1074	80.1674
Wadantola	35	21.9977	80.2731
Wanjipar	35	21.7939	80.4351
Wadegaon	35	21.5794	80.2920
Wara	35	21.6215	80.3729
Waghera	16	21.2702	80.3428
Warad	16	21.2784	80.3774
Watana	16	21.4977	80.2539
Wadegaon Charbhata	16	21.0048	80.3779
Wadegaon	16	21.1457	80.3790
Wajahattola	16	21.1185	80.3462
Waryah	23	31.7534	75.4791
Warsai Chak	23	31.7275	75.4427
Waryah	23	31.3035	75.3776
Wardha	35	21.5958	80.6062
Wardha	35	21.5946	80.6243
Wardha	35	21.5981	80.6359
Walegaon	35	21.5031	80.6038
Wakratola	35	21.5148	80.5173
Wardha	35	21.5946	80.6474
Waziran	23	31.9940	75.7435
Wari	35	21.4307	80.5763
Watekasa	35	21.3965	80.5660
Walibeg	23	31.6956	75.5409
Wangi	16	20.9973	80.0839
Wazirabad	36	27.1567	80.5541
Wazirabad	36	27.0723	80.6031
Warvi	16	20.7174	80.1214
Waregaon	16	20.7165	80.0978
Warhona	16	20.5190	80.1417
Wasi	16	20.5005	80.1746
Waghera	16	20.6049	80.1762
Wakri	16	20.6265	80.2345
Waizpur	36	27.7450	80.7589
Walaitpur	36	27.7172	80.9082
Wazirpur	36	27.7444	80.8094
Wazirpur	36	27.6331	80.8738
Wahidapur	36	27.5057	80.8958
Wazirnagar	36	27.3810	80.9240
Wasala	16	20.4219	80.0112
Wanki	16	20.4186	80.0222
Wargaon	16	20.4131	80.1254
Wanarchua	16	20.3780	80.1643
Wankhera	16	20.3829	80.1870
Wasitola	16	20.4925	80.1688
Wakri	16	20.1376	80.0061
Wasni	16	20.8785	80.3792
Wandra	16	20.9037	80.3987
Wahid	23	31.2783	75.8817
Wariah	23	31.2665	75.8049
Waghsara	16	20.5937	80.3319
Warvi	16	20.5737	80.3379
Warkekasa	16	20.3417	80.3377
Waghbhumi	16	20.3183	80.3174
Waghbhumi	16	20.4547	80.3932
Warsa Khurd	16	20.0110	80.4126
Warsa Kalan	16	20.0329	80.3946
Wagdongri	37	20.1816	80.4294
Warekasa	16	20.8974	80.5078
Waldi ki Bhagal	24	25.2006	73.7749
Wargaon	16	20.6748	80.5311
Warwitola	37	20.6556	80.5297
Warwitola	37	20.6407	80.5263
Wasri	37	20.6415	80.5705
Wako	37	20.5749	80.6164
Warma	37	20.2743	80.6322
Wargaon	16	20.4323	80.5958
Warmagarh	16	20.0193	80.5000
Wararmundi	37	20.8391	80.8026
Warchakutum	37	20.6980	80.7506
Wasri	37	20.5009	80.8169
Wako	37	20.4787	80.8437
Wangar	37	22.4722	81.3047
Wajhiapur	36	27.1846	81.0931
Wazirabad	36	27.1494	81.0459
Walipur	36	27.2494	81.0324
Watgahan	37	21.6054	81.7522
Wahni	11	31.6766	76.8854
Wahanun	11	31.5904	76.8551
Wazirnagar	23	30.6169	76.3131
Wazirabad	23	30.6187	76.3304
Wazirabad	23	30.5532	76.6237
Wakna	11	31.0102	77.0824
Walundi	09	23.2450	74.0491
Waori	09	23.2473	74.0632
Wangar	09	23.2183	74.0641
Wagwalla	09	23.1963	74.0690
Wansiakui	09	23.1858	74.0525
Watli	09	23.2019	74.0425
Waruna Rawalwala	09	23.1546	74.0343
Waruna Makwanewala	09	23.1424	74.0397
Wankaner	09	23.1329	74.0485
Wasai	09	23.1140	74.0096
Wansia	09	23.0799	74.0108
Wanjaria	09	23.0693	74.1259
Wagela	09	23.0787	74.2407
Wagela	09	23.0638	74.2283
Warod	09	23.0321	74.1474
Wak	09	23.0209	74.1231
Waidpara	37	20.7435	82.3264
Wakaneri	24	23.2461	74.3979
Wansripara	24	23.2487	74.4338
Wagol	24	23.2127	74.3950
Wagaicha	24	23.2118	74.3820
Warlipara	24	23.1644	74.3123
Wasuni	24	23.1403	74.4240
Wagachon	24	23.1080	74.3526
Wageri	24	23.0968	74.2837
Wathan	35	23.0694	74.3736
Wagatpura	09	23.0289	74.2509
War	39	29.9125	78.8473
Walsa	39	29.7974	78.8835
Walipur	36	28.9293	78.1766
Wait	36	28.7606	78.0157
Wahabpur Thera	36	28.6880	78.0801
Walipur	36	28.6541	78.0044
Waira Firozpur	36	28.6607	78.0375
Wajirpur	35	23.4257	76.4343
Walipura	36	28.9673	78.9413
Wazirganj	36	27.3772	81.4926
Wahabpur	36	27.0909	81.2857
Walipur	36	26.0383	81.4625
Wajihuddinpur	36	26.7893	81.5082
Wazirabad	36	26.7710	81.6597
Wazirganj	36	26.7847	81.6378
Wazirganj	36	26.7598	81.7413
Walipur	36	26.4171	81.6181
Warsiganj	36	26.4327	81.6983
Walipur	36	26.1608	81.5801
Waddaramavaram	40	17.5456	80.7700
Walipur	34	26.2243	84.4474
Warsi	34	25.2173	84.4475
Wadwali Muwara	09	23.0753	73.0670
Walji Muwara	09	23.0608	73.0276
Wanjariu Muwara	09	23.0610	73.1556
Wandaria Muwara	09	23.0876	73.1614
Warali	09	23.0747	73.1288
Waghas	09	23.1143	73.1324
Wagha Muwara	09	23.1676	73.1477
Wasna Rel	09	23.1938	73.1603
Wanta Muwara	09	23.2190	73.1456
Wajepura	09	23.2494	73.0911
Wantara Baaed	09	23.2439	73.2147
Wala Muwara	09	23.2302	73.1915
Warna	09	23.2059	73.1946
Wala Muwara	09	23.1974	73.1980
Wasna Mota	09	23.1714	73.1754
Wala Muwara	09	23.1423	73.1989
Wantara Kawat	09	23.1456	73.1813
Wanta	09	23.1290	73.1951
Wajabhagat Muwara	09	23.0927	73.1741
Wardhara	09	23.0881	73.1812
Waotiu Muwara	09	23.1644	73.2834
Wagota Muwara	09	23.0893	73.3237
Wanto Mota Muwara	09	23.0778	73.3108
Wanto Nana Muwara	09	23.0746	73.3184
Wanka	09	23.0068	73.4383
Wao Muwara	09	23.0483	73.3417
Waktapura Muwara	09	23.0727	73.4232
Wasadra	09	23.0734	73.3739
Waola Muwara	09	23.0854	73.3515
Waroli Muwara	09	23.0998	73.4154
Wathwathia Muwara	09	23.1057	73.4177
Waratha Muwara	09	23.1603	73.4350
Wakhatpur Muwara	09	23.1898	73.3488
Waghas	09	23.2273	73.4182
Wanteli Muwara	09	23.1373	73.4967
Wakhatpur	09	23.1211	73.4480
Walinath	09	23.0431	73.4956
Wagdari	24	23.9134	73.5460
Warsata	24	23.8505	73.5519
Wagdari	24	23.8932	73.6548
Wajarda Jakol	24	23.9137	73.7482
Wardan Pal	24	23.9504	73.5937
Warla	24	23.9696	73.5978
Warin	24	23.6673	73.5341
Waidi	09	23.6143	73.6015
Wadthali	09	23.5588	73.5746
Wank	09	23.5495	73.5556
Wadwa	09	23.5203	73.6374
Waghpur	09	23.6007	73.6032
Wank	24	23.7295	73.7031
Wasi	24	23.9017	73.8119
Walota	24	23.7664	73.8294
Wagdari	24	23.9635	73.8864
Wardia	24	23.8319	73.9988
Warinda	24	23.4339	73.8794
Wanda	24	23.4082	73.9893
Waghdhari	09	23.2564	73.9737
Warajhampa	09	23.2284	73.8307
Wanta	09	23.2112	73.8337
Wao Limbani	09	23.2202	73.7619
Wao Bhemani	09	23.2192	73.7517
Wastawala Muwara	09	23.2008	73.8011
Wagphal	09	23.1131	73.7715
Wankari	09	23.1064	73.8204
Wanera	09	23.0914	73.8094
Walia	09	23.0276	73.8181
Waghoi	09	23.0472	73.7602
Wadbara Muwara	09	23.0591	73.8994
Walunda Muwara	09	23.0808	73.9135
Wandaria	09	23.1199	73.8400
Waria	09	23.2066	73.9042
Wavia Muwara	09	23.1901	73.8425
Wadlia Muwara	09	23.2040	73.9343
Wajiakhunt	09	23.1800	73.9231
Walakheri	09	23.1292	73.9325
Wanali	24	23.4973	74.2877
Wasi Chhoti	24	23.4995	74.0528
Wavri	24	23.3904	74.0140
Waret	24	23.3268	74.0427
Warwas	09	23.2652	74.0385
Walunda	09	23.2611	74.0438
Wagwadli	09	23.2800	74.0145
Wandaria	09	23.2592	74.1082
Wardia	24	23.3581	74.1053
Wadwan	24	23.4756	74.1098
Wardia	24	23.4989	74.2311
Wasla	24	23.4237	74.2951
Wanelapara	24	23.3858	74.2675
Waswiamba	24	23.3319	74.2867
Wari Para	24	23.2966	74.3617
Wasi	24	23.4620	74.4074
Wadlipara	24	23.3616	74.4396
Wasi	24	23.2876	74.4224
Warlipara	24	23.2533	74.4311
Wajapur	09	24.0779	72.7802
Walangra	39	30.0795	79.6313
Wan	39	30.2034	79.6662
Wangli	39	30.0997	79.6415
Warak	39	30.0012	79.9808
Wachham	39	30.1065	79.9555
Wasilpur	34	25.2545	84.6696
Walna	39	29.7785	79.3816
Wasawari	24	25.4275	73.8555
Walna	39	29.6837	79.4246
Wasikhera	35	23.0310	74.8836
Wajelao	09	22.7493	74.1780
Wadwa	09	22.7334	74.1818
Wakota	09	22.6509	74.1995
Wakasia	09	22.6298	74.0804
Wata	09	22.0658	74.1425
Wagdana	09	22.0618	74.1323
Wazirpur	09	22.0740	74.0795
Warda	35	22.1576	74.2077
Wardali	35	22.1608	74.1911
Wawi	35	22.1322	74.2482
Watra	09	22.1771	74.0526
Wanbhori	09	22.8217	74.3311
Wankia	09	22.7488	74.3670
Warwara	09	22.7953	74.4026
Wankia Para	09	22.8341	74.4326
Wakneri	35	22.2148	74.2794
Walwai	35	22.2253	74.3382
Waijran	35	22.0939	74.3343
Walren	09	24.0784	73.1094
Wav	24	24.1871	73.2049
Waglamat	35	22.7325	74.7126
Wagarbegra	24	24.9115	73.2618
Wankaka Gurha	24	24.9815	73.9317
Wando	24	24.8280	73.8139
Wanu	24	24.5016	73.9429
Walidad	34	25.1787	84.5976
Wagdi	35	22.3544	74.5707
Waskal	35	22.2811	74.5679
Wani	35	22.9318	74.8470
Waki	35	22.5079	74.8388
Wadlipara	35	22.7191	74.8291
Wanda	35	22.3814	74.7805
Wagpura	35	22.3615	74.8581
Warkach	35	22.4525	74.8438
Waripura	35	22.4818	74.9742
Warvi	35	22.4533	74.9084
Walnera	35	22.3203	74.9385
Waripura	35	22.2819	74.9021
Wasli	35	22.3354	74.9791
Walli Pokhri	39	29.4838	79.5833
Wajidpur	34	25.6347	84.9382
Wajula	39	29.9512	79.6266
Wallapani	39	29.7806	79.7280
Wadalgaon	39	29.8687	79.7399
Wajula	39	29.9506	79.6419
Walriya Kharak	39	29.9868	79.7738
Warain Chak	36	26.0451	84.0544
Wakhi	34	26.8584	84.3789
Warai	34	26.8508	84.3886
Wali Khan	34	26.6192	84.3508
Wadyar	39	29.6941	79.8899
Wake Rakba Majhariya	34	26.6048	84.5465
Waola	24	24.0040	74.3161
Walka	39	29.4155	79.8500
Wari	39	29.4038	79.8299
Wagor	39	29.2697	79.8907
Wazirganj	36	28.8122	79.2545
Wasilpur	34	26.2548	84.5137
Wasa Danoi	36	28.8484	79.5404
Waris Patti	36	28.8278	79.5465
Wazirpur	34	25.4473	84.8238
Walipur	34	25.2531	84.8651
Wahab Chak	34	25.0374	84.7634
Wazirganj	34	24.9303	84.0824
Waina	34	25.4296	84.2819
Waina	34	25.4216	84.3585
Walichak	34	24.4414	84.4822
Wartola Bardi	34	24.7349	84.5121
Wartola Bahri Khap	34	24.7319	84.5303
Wasan	19	15.8717	75.4831
Wadegol	19	15.7726	75.9958
Wankandrug	19	15.9141	75.8303
Wanagere	19	13.0840	77.0045
Waddidlu	19	13.6920	77.6261
Wakkarpalli	19	13.6214	77.7209
Wadadkogi	19	13.5970	75.1221
Warte	19	13.5678	75.2053
Waddikotige	19	13.7073	75.1088
Watekoppa	19	13.7453	75.0227
Wadgaon	16	19.9767	79.2785
Warur	16	19.6985	79.3387
Wanklam	40	19.3282	79.4187
Wanjheri	40	19.3188	79.4443
Waripet	40	19.0579	79.4440
Wadholi	16	19.7770	79.7045
Watrana	16	19.6775	79.6790
Waladi	19	12.7755	75.2651
Walakunta	40	19.3433	79.5515
Wadala	40	19.2236	79.5921
Warisnagar	34	25.5777	85.8508
Waid Chak	34	24.5903	85.0763
Walipur	34	24.7640	85.4242
Watganj	34	26.0454	86.2060
Walipur	34	26.3486	86.2684
Wagholi	16	19.9769	79.7813
Waigaon	40	19.5598	79.7667
Watra Budrukh	16	19.2555	79.9359
Wadha	16	19.4903	79.9394
Wadhalli	19	12.7903	75.6922
Wafapur	34	25.1451	86.0612
Walipur	34	25.2451	86.1400
Wantagadi	19	12.2592	75.8291
Wanta	09	23.1182	73.5847
Wari	09	23.1835	73.6267
Wavia	09	23.2428	73.6360
Wandarvel	09	23.2271	73.6237
Wardala Mota	09	23.2456	73.6876
Wardala Nana	09	23.2435	73.6818
Wari Gorara	09	23.1897	73.7081
Warodar Nana	09	23.1591	73.6860
Warodar Mota	09	23.1599	73.6944
Wagen	09	23.1319	73.7477
Wazirganj	36	27.4413	80.5518
Walinagar	36	27.4600	80.6406
Wadnaya	36	26.6614	79.3293
Wanoja	16	19.8139	79.0670
Wariguda	40	19.4214	79.2138
Waudham	40	19.3588	79.1890
Wadla	40	18.4546	79.4469
Wangara	40	18.1282	79.3332
Waddapalli	40	18.0011	79.5319
Wadagenahalu	19	15.3483	76.0745
Wadmakal	19	15.4809	76.4395
Walbalari	19	15.7663	76.9407
Waltaje	19	12.5964	75.5584
Wailvada Jug	19	14.8608	74.2206
Wailvada	19	14.8629	74.2464
Wahidbigha	34	24.7266	84.4539
Warman	34	24.5138	84.9014
Wasir Khap	34	24.6491	84.8486
Wari	34	24.5714	84.9519
Walipur	34	25.4650	85.1482
Wahidpur	34	25.4410	85.1402
Walipur	34	25.4079	85.0426
Walipur	34	25.3232	85.1477
Wari	28	25.5113	87.9128
Walipur	34	25.0961	85.1426
Waina	34	25.2242	85.0938
Warispur Patti	34	25.8931	85.2934
Warispur Mal	34	25.8868	85.2873
Wafapur Banthu	34	25.8786	85.2814
Wahidpur	34	25.5391	85.3149
Wali Bigha	34	25.3044	85.3574
Waina	34	25.7580	85.6648
Waniguda	40	17.5157	78.6864
Wardrajpuram	40	17.7342	78.7689
Wampugudem	40	17.4980	78.5684
Wangapalli	40	17.5750	78.9805
Wankamamidi	40	17.3567	78.8823
Waori	24	25.1364	70.9054
Wazirnagar	36	27.6863	80.1742
Waispur	36	27.2718	80.2295
Walipur	36	27.2652	80.2198
Walipur	36	27.7608	80.4214
Wategaon	16	17.1009	74.1591
Warwat Bakal	16	21.0238	76.7141
Wankhed	16	20.9906	76.7335
Waghadi	16	21.4026	74.8444
Warla	16	19.9934	77.2611
Wadgaon	16	19.9787	77.4416
Wanwarla	16	19.9925	77.4745
Wakad	16	19.8280	77.3534
Warari	16	19.8206	77.3776
Wangavapet	02	19.1209	78.3111
Wadyal	02	19.0637	78.4342
Wakadi	02	19.2288	78.3935
Wajarpalya	19	12.8492	77.0383
Wadankunte	19	12.6782	77.6891
Wadarkoppa	25	12.6415	77.5936
Wandanai	25	11.3067	76.6557
Warbreccan	25	11.5160	76.8906
Warikyam	13	9.5300	76.8927
Warche Tarade	16	18.4490	74.0923
Waina	38	23.4730	84.6935
Wakil Ambua	38	23.3540	84.8271
Wavarkadu	25	10.2077	78.0417
Washpidingi	13	9.5792	77.0396
Walipur	21	20.4195	85.0398
Wakro	30	27.7821	96.3474
Wazedu	40	18.4398	80.4796
Wandki	40	19.4822	79.3208
Wakka	30	26.7870	95.4344
Wardha	16	21.0670	78.2206