Yamuna Nagar	10	30.1280	77.2837
Yavatmal	16	20.3932	78.1320
Yadgir	19	16.7701	77.1376
Yanam	02	16.7331	82.2136
Yaval	16	21.1677	75.6976
Yanamalakuduru	02	16.4853	80.6675
Yamjal	40	17.2694	78.5767
Yadagirigutta	40	17.5889	78.9434
Yaripur	12	33.7225	75.0181
Yamuna Vihar	07	28.6988	77.2737
Yairipok	17	24.6779	94.0477
Yarada	02	17.6587	83.2742
Yadahalli	19	16.8388	77.1481
Yaytah	41	33.3256	77.2227
Yavluj	16	16.7349	74.1287
Yavat	16	18.4772	74.2734
Yat-kirana	01	8.2333	93.2333
Yarnal	19	16.6155	75.8626
Yaragol	19	16.9045	77.0666
Yargatti	19	15.9685	75.0252
Yapuik	30	28.4786	94.4246
Yanman	30	27.0571	95.7221
Yangpa	11	31.6149	78.0339
Yangching	20	26.4468	94.8845
Yangang	29	27.2785	88.4099
Yandigeri	19	16.1311	75.4942
Yamnotri	39	31.0142	78.3967
Yamkanmardi	16	16.1293	74.5271
Yamanpalli	40	19.1006	79.8447
Yalvigi	19	15.0373	75.4052
Yalong	41	33.5160	76.8956
Yalladabagi	19	13.2689	76.7509
Yaliyur	19	12.5073	76.8151
Yaingangpokpi	17	24.9081	94.1190
Yagrung	30	28.0118	95.2300
Yagati	19	13.6135	76.1494
Yadwad	19	16.2428	75.1803
Yadiyur	19	12.9710	76.8630
Yadita	01	12.4676	92.7199
Yadiki	02	15.0494	77.8731
Yadgud	19	16.3218	74.6050
Yadgarpalli	40	16.8333	79.5833
Yadlapur	19	16.3719	77.3343
Yarmugam	12	34.2982	74.7987
Yaripathri	12	34.4302	74.7985
Yayil	12	34.0123	74.7905
Yadal Behk	12	34.3674	74.0495
Yamrad	12	34.3841	74.2003
Yamrad Badiyan	12	34.3722	74.2000
Yarigund	12	34.1056	74.6526
Yakmanpur	12	34.1587	74.6381
Yal	12	34.1197	74.5170
Yaldoda	41	34.6764	76.4778
Yahiapur	36	29.6915	77.3649
Yarpur	36	29.5912	77.3696
Yarvaguda	40	17.4099	78.1268
Yallamma Tanda	40	17.0697	78.7536
Yacharam	40	17.0448	78.6655
Yadawaram	40	17.6678	78.5772
Yadgirpalli	40	17.5921	78.9550
Yadgirpalli	40	17.5467	78.6333
Yaltur	40	17.6475	78.0019
Yankataipalli	40	17.8483	78.5225
Yapral	40	17.5055	78.5402
Yarapalli	40	17.9261	78.7734
Yarawaram	40	17.8580	78.0198
Yawapur	40	17.8200	78.5114
Yarub Nagar	19	12.9169	77.5678
Yara	10	30.1414	76.9516
Yari	10	30.1406	76.9284
Yakona	36	27.8018	79.3720
Yaqubpur	36	27.7073	79.6540
Yakutpur	36	27.6239	79.5265
Yasinnagar	36	26.8838	79.0427
Yaqubpur	36	26.8693	79.5759
Yaqubpur	36	26.7630	79.7163
Yadavnagar	36	26.6692	79.7590
Yashodham	16	19.1745	72.8662
Yamua Khunov	17	24.4906	93.7407
Yangpi	20	26.4017	94.7762
Yarpur	36	27.8238	79.7881
Yamnur	19	15.5374	75.3127
Yavagal	19	15.7034	75.5213
Yavli	16	17.8391	75.5966
Yapadinne	02	15.3828	77.7736
Yalvar	19	16.6948	76.1513
Yarpur	34	25.5886	85.1203
Yangthang	29	27.2836	88.2388
Yaqubpur	10	28.4859	76.7827
Yarin Baihk	12	34.6949	74.4202
Yarnau Nar	12	34.6194	74.3364
Yashwantnagar	11	30.8880	77.2075
Yarah	10	30.3569	77.4339
Yaqubpur	10	30.2646	77.4201
Yamuna Project Colony	39	30.4559	77.7338
Yagdarpura	24	26.5674	76.0312
Yahiapur	36	29.5664	77.1711
Yaoli	16	21.4065	78.0400
Yavli	16	20.5407	78.0597
Yarandgaon	16	20.6335	78.2285
Yalionke	11	31.2659	78.0927
Yahiapur Bhadaula	36	29.6690	77.9542
Yahiyapur	36	29.2826	77.7751
Yaqubpur	36	28.5226	77.4074
Yaqutpur	36	28.4713	77.4236
Yaqutpur Mawj	36	28.8538	77.5584
Yamuna Colony	39	30.3271	78.0345
Yashwantpura	35	24.2174	76.4223
Yatakota	16	18.9172	80.0111
Yankambhavi Tanda	40	17.1750	78.8538
Yadlapur	16	19.6889	76.2477
Yakatpur	16	18.2347	76.5549
Yastar	16	18.7565	76.8906
Yamgirwadi	16	18.8575	76.9062
Yalamwadi	16	18.4341	76.7987
Yamagarawadi	16	17.8766	76.0777
Yaqubpur	36	28.3508	77.8905
Yali Nawandgi	19	17.5247	76.6453
Yankanchi	19	17.0904	76.5452
Yadlapur	19	17.8920	76.9813
Yarandi	19	17.7894	76.9309
Yaglura	19	17.6810	76.8979
Yaladgandi Tanda	19	17.7380	76.8558
Yaladgandi	19	17.7239	76.8437
Yaglura Tanda	19	17.6948	76.9148
Yalwantagi	19	17.4753	76.8727
Yangunta	19	17.0411	76.9045
Yarazari	19	16.3088	76.0694
Yalagod	19	16.7452	76.3233
Yalgod Tanda	19	16.7538	76.3252
Yatnal	19	16.8536	76.4828
Yaktapur	19	16.6491	76.4397
Yanniwadgeri	19	16.3047	76.3197
Yaklaspur	19	16.1086	76.7601
Yamshatwadi	16	19.2090	77.3776
Yanglur	40	18.1977	77.8675
Yaragul	19	17.1282	77.0352
Yakatpur	19	17.3807	77.3645
Yamki	40	17.0192	77.5963
Yarmal	16	20.0385	78.0375
Yarmal Heti	16	20.0310	78.0311
Yavti	16	20.1885	78.1703
Yavli	16	20.2410	78.2176
Yarad	16	20.3364	78.2528
Yavti	16	20.1141	78.3485
Yankapur	16	20.8088	78.6964
Yaranvadi	16	20.5415	78.7315
Yarandgaon	16	20.6527	78.7579
Yankepalli	40	17.8010	77.8080
Yadgarpur	36	27.6955	78.6722
Yagapur Tanda	19	16.9230	77.0991
Yagapur	19	16.9159	77.1142
Yalisati	19	16.6846	77.3617
Yanagundi	19	16.8974	77.4503
Yadalapur	19	16.8792	77.3129
Yadepalli	19	16.7701	77.4208
Yaqutganj	36	27.8332	78.7966
Yadgarpur	36	27.7683	78.7530
Yadalur	19	16.6240	77.4448
Yargunta	19	16.3223	77.4601
Yagasanhalli	19	16.3224	77.3482
Yagnur	19	16.2843	77.3688
Yaqutpur	36	27.8708	78.1255
Yalreddipalli	40	16.7801	77.7237
Yamunanupalli	40	16.5936	77.6645
Yarsanapalli	40	16.4307	77.5126
Yarranaganpalli	40	16.4942	77.5955
Yapaladinne	19	16.2931	77.5224
Yamki	40	16.4517	77.6961
Yankampet	40	16.2468	77.8317
Yarrapalli	40	16.1656	77.8190
Yapalguda	40	19.2596	78.4142
Yapaguda	40	19.1906	78.6843
Yasambha	16	21.2974	79.2054
Yankammagudam	40	17.1687	78.2265
Yallampalli	40	17.0889	78.1110
Yankunta	40	17.0649	78.1628
Yasmbha	16	21.2300	79.2874
Yakutganj	36	27.3267	79.6137
Yakwapalli	40	16.8626	78.3175
Yahiapur Chhota	36	27.5818	78.0628
Yahiapur Bara	36	27.5807	78.0587
Yapalgudem	40	17.0629	79.4708
Yarkawaram Rajnaik Tanda	40	17.2590	79.5947
Yasvantapur	40	17.0592	79.9430
Yacharam	40	16.8427	79.2478
Yasinpur	36	26.9813	79.9862
Yadgarpur Daulatpur	36	27.4468	78.7105
Yaghmurpur Pabrai	36	27.3190	78.5611
Yallapur Tanda	40	16.6864	79.3528
Yallapur	40	16.6937	79.3553
Yatvakilla	40	16.8116	79.7903
Yatirajapuram Tanda	40	16.8845	79.9937
Yarnagar	35	22.8294	77.5664
Yaktai	16	21.7414	77.3497
Yashvantnagar	16	20.2254	77.6071
Yashodanagar	16	20.9163	77.7743
Yarhapur	35	21.4439	77.6681
Yakori	16	20.4899	79.0855
Yakubpur	36	25.8873	80.6046
Yalwar	19	16.8950	76.7450
Yalagi	19	16.6865	76.5029
Yadahalli	19	16.5269	76.5445
Yardoni	19	16.2241	76.5678
Yalgaldinni	19	16.1706	76.5248
Yatkal	19	16.1439	76.7113
Yarnali	19	18.0461	77.4349
Yakutpura	40	17.3613	78.4896
Yankampalli	40	16.7189	78.4661
Yadireddipalli	40	16.5581	78.3741
Yadireddipalli	40	16.5468	78.3714
Yatmalapur	40	16.5709	78.3191
Yarnal	19	16.8093	76.0924
Yadihalli	19	16.0166	76.0246
Yargal	19	16.2340	76.1565
Yapalagudem	40	19.6584	78.6005
Yamaikunta	40	19.5110	78.6589
Yakubpur	36	25.8324	80.9136
Yahyapur	36	27.5452	79.3234
Yahyapur	36	25.8937	82.1030
Yahyapur	36	25.7578	82.6951
Yaqubpur	36	25.6505	82.5365
Yaqubpur	36	25.4346	82.5434
Yasinpur	36	25.4502	82.1368
Yaqubpur	36	25.4675	82.1097
Yaduvirnagar	35	24.1260	80.6070
Yahyapur	36	25.6519	82.3984
Yasinpur	36	26.0043	80.8979
Yaqubpur	36	27.2827	81.1858
Yakutganj	36	26.8676	81.3383
Yakesar	16	21.0383	79.7053
Yakubpur Baloch	36	29.0925	78.4613
Yakub Khan Purwa	36	26.4039	81.0387
Yakubganj	36	26.3370	81.2721
Yahli	16	19.7711	77.2251
Yarod	16	19.6368	77.1728
Yakubpur	36	27.1032	81.5948
Yahia Chet	36	27.2715	81.7658
Yahagaon	16	19.5537	77.4380
Yawli	16	19.8531	77.9760
Yahiapur	36	28.0254	79.7693
Yacharam	40	18.4669	78.1694
Yakkopalli	40	18.1815	78.1101
Yarikhah	12	33.9245	74.6392
Yar-i-Sutur	12	33.9513	74.6784
Yagbug	12	33.9437	74.6925
Yairgatla	40	18.9095	78.4890
Yanampalli	40	18.6315	78.2516
Yallampet	40	18.4032	78.4984
Yamapuram	40	18.9404	78.6161
Yadandi	40	18.9459	78.5602
Yakinpuram	40	18.7958	78.6962
Yari Kalan	12	33.9513	74.7898
Yar	12	33.8067	74.8141
Yadyar	12	33.8085	74.8371
Yadaram	40	18.2366	78.5360
Yadir	12	33.8315	74.9927
Yadgarpur	36	26.6913	82.1849
Yanagurti	40	18.1535	78.5978
Yak Lakhi	36	26.4881	82.0063
Yarikha	12	33.5795	74.9245
Yarta	36	26.8843	82.2877
Yarki	36	26.5129	82.4706
Yarpur	36	26.6147	82.5395
Yahiapur	36	26.0481	82.7061
Yaripur	36	25.9162	83.3190
Yahiya Chak	36	25.8727	83.3460
Yaqubpur	36	25.9416	83.4064
Yaripur	36	26.0419	82.8032
Yakubpur	36	26.0474	82.8277
Yangawain	12	34.0170	75.0801
Yaripathar	12	33.5043	75.0798
Yahiapur	36	26.0417	83.0654
Yachhanar	12	33.8700	75.3221
Yanar	12	33.9108	75.2793
Yal	12	33.8121	75.3089
Yakarbur	12	33.4801	75.3504
Yaripathar	12	33.4942	75.4307
Yatanaram	40	18.5740	80.1502
Yaqudpur	36	25.6500	83.5102
Yapala	37	18.8470	80.4633
Ya Sar	12	33.2728	75.7248
Yal	12	32.4856	75.5624
Yadavpur	36	25.4650	81.7833
Yare Shahwala	23	30.9768	74.7271
Yahyapur	23	31.6823	75.6235
Yarka	36	27.1922	80.5600
Yangara	16	20.4010	80.1731
Yadalli	19	14.8355	74.8048
Yadhalli	19	14.5811	74.8277
Yasle	19	14.6265	74.8624
Yamgalli	19	14.7137	74.9916
Yachadi	19	14.5967	74.7548
Yamda Thach	39	31.0003	77.8861
Yahin-ke-Khara	39	30.7817	77.8773
Yarlagadda	02	17.6888	81.9589
Yaswantnagar	35	23.3655	76.2359
Yamanapalle	02	17.3210	81.9057
Yahianagar	10	28.0652	77.4325
Yalkodu	19	14.1343	74.8452
Yashwantnagar	35	23.0550	76.0402
Yasodgarh	35	23.0406	76.1361
Yanaspur	36	28.5276	78.1529
Yabapur	36	28.2632	78.2425
Yaqutpur Chhapara	36	28.8284	78.8683
Yakubpur	36	26.8076	81.7296
Yagarlapalle	02	16.8094	81.5185
Yanalapalle	02	16.7592	81.5048
Yatapalem	02	17.6577	82.6718
Yadagiripalem	02	17.5784	82.8971
Yata Dharmavaram	02	17.5431	82.9493
Yathapalem	02	17.4894	82.9663
Yamarru	02	16.1848	80.3910
Yamaliguda	21	19.3420	83.3850
Yakamuru	02	16.3614	80.8306
Yapalpadu	02	18.4041	83.0584
Yataganivalasa	02	18.4100	83.1365
Yapalapadu	02	18.4182	83.2112
Yasada	21	18.9079	83.2926
Yadlapalem	02	18.1977	83.2682
Yatapalem	02	18.0280	83.2858
Yadaki	02	18.3698	83.5605
Yalakalapeta	02	18.2967	83.6047
Yatagudem	02	18.0907	83.5041
Yatanguda	02	18.8950	83.7952
Yapaguda	21	18.9949	83.8501
Yasarlapeta	02	18.5351	83.9327
Yatapeta	02	18.2442	83.8097
Yatapeta	02	18.1859	83.8282
Yatapeta	02	18.1687	83.7572
Yasalapudi	02	17.9923	83.1969
Yatapalem	02	17.7653	83.0698
Yanadipalle	02	15.2775	80.0523
Yazali	02	15.9702	80.5612
Yanadipalem	02	14.3525	80.1034
Yallapudi	02	14.1054	80.0733
Yankannapalem	02	17.2434	81.3167
Yadavolu	02	17.0619	81.4729
Yakubpur	34	25.1636	84.6431
Yards	39	29.1190	79.5039
Yahiapur	36	28.2548	79.4711
Yaqub Chak	34	26.0457	84.9083
Yakubganj	36	28.7342	79.6401
Yakubpur	36	28.5301	79.6443
Yakghara	36	28.5852	79.8391
Yahiapur	34	25.4623	84.8505
Yadur	19	13.6714	74.8677
Yadihalli	19	15.6604	75.0089
Yadravi	19	15.7340	75.1264
Yatanhalli	19	15.0063	75.1437
Yatanhalli	19	15.2504	75.4331
Yadakoppa	19	14.5817	75.0361
Yattinahalli	19	14.6997	75.1924
Yalavata	19	14.4332	75.1378
Yalaballi	19	14.3581	75.1804
Yakshi	19	14.4656	75.0937
Yadasigalemane	19	14.1309	75.0076
Yadihalli	19	14.9100	75.1182
Yatanhalli	19	14.8061	75.4244
Yagavapalle	02	14.9076	77.5877
Yarrachinnayyapeta	02	14.2660	77.7342
Yakarlakuntapalle	02	14.3668	77.9070
Yadalankapalle	02	14.3159	77.9199
Yallapur	19	14.7300	75.6182
Yalbadigi	19	14.4949	75.6152
Yalavatti	19	14.4057	75.7267
Yalihole	19	14.4610	75.6747
Yaradettinahalli	19	14.8283	75.9673
Yallapuram	19	14.8010	75.9558
Yarajenahalli	19	13.5415	77.1746
Yargodarnahalli	19	13.5283	77.2010
Yaladadlu	19	13.5127	77.0345
Yalapur	19	13.3845	77.1183
Yaladhalli	19	13.2028	77.0658
Yaganhalli	19	13.0310	77.2142
Yaliyur	19	13.0055	77.0823
Yaragunte	19	13.7620	77.2908
Yalkuru	19	13.7831	77.2947
Yadigere	19	13.5762	77.2865
Yakarlahalli	19	13.4285	77.4425
Yalekyatanhalli	19	13.2992	77.2696
Yalchigere	19	13.3347	77.3171
Yaladhalli	19	13.1917	77.4060
Yadehalli	19	13.2142	77.2542
Yarmanchanhalli	19	13.1559	77.3560
Yannigeri	19	13.0950	77.3000
Yalachgeri	19	13.1030	77.3481
Yantiganhalli	19	13.0608	77.3459
Yallodu	19	13.7395	77.6862
Yalakarallahalli	19	13.6307	77.7185
Yaddaravalli	19	13.6363	77.6824
Yadarlahalli	19	13.5834	77.6998
Yagava Biramangla	19	13.5567	77.5717
Yapalahalli	19	13.4720	77.6240
Yadlahalli	19	13.3802	77.5889
Yamhrahalli	19	13.3161	77.7014
Yakashipur	19	13.2583	77.5139
Yaluvahalli	19	13.3691	77.7219
Yalpur	19	13.2480	77.5610
Yarapanhalli	19	13.2178	77.7022
Yartiganhalli	19	13.1952	77.6757
Yarrappanahalli	19	13.0862	77.6858
Yalaehhalli	19	13.1288	77.9120
Yanigunte	19	13.1569	77.7921
Yarabalu	19	14.6965	75.8381
Yallapur	19	14.6572	75.7669
Yadihalli	19	14.6655	75.9159
Yalavadahalli	19	14.2241	75.7774
Yaregattahalli	19	14.0630	75.9995
Yadachitta	19	13.9149	75.0455
Yalladakone	19	13.8569	75.1664
Yalavallikoppa	19	13.8585	75.2340
Yargi	19	13.8763	75.0435
Yadapur	19	13.5094	75.2211
Yadamane	19	13.6174	75.1956
Yakkade	19	13.6665	75.1439
Yadur	19	13.6867	75.0850
Yadur	19	13.6945	75.0725
Yadadal	19	13.4031	75.2044
Yadehalli	19	13.4607	75.2310
Yadagadde	19	13.9504	75.2540
Yammegar	19	13.8064	75.3668
Yadagudde	19	13.7175	75.2541
Yakkadi	19	13.6401	75.2900
Yadankodagi	19	13.3716	75.3288
Yalandur	19	13.1962	75.4336
Yadur	19	13.2179	75.4035
Yarehalli	19	13.2528	75.7134
Yarehalli	19	13.9963	75.8799
Yarehalli	19	13.7409	75.8131
Yarehalli	19	13.6441	75.9817
Yamasandi	19	13.2192	75.8216
Yaiyekat	13	12.1660	75.1845
Yaraballi	19	14.6588	76.0389
Yarlakatte	19	14.6694	76.2452
Yambali	19	14.6005	76.4763
Yarehalli	19	14.0627	76.4347
Yarrenahalli	19	14.7060	76.6831
Yarachinnehalli	19	14.7478	76.7011
Yadalagatte	19	14.3967	76.7817
Yagadhakuppe	19	12.5596	76.4694
Yarkalpadi	19	12.5459	75.2747
Yalagondanahalli	19	13.5607	76.0947
Yaradakere	19	13.5273	76.1260
Yarehalli	19	13.4791	76.0014
Yarehalli	19	13.4259	76.2011
Yadapura	19	13.3023	76.2168
Yarehalli	19	13.2568	76.2371
Yarehalli	19	13.0039	76.0567
Yalagondanahalli	19	13.0754	76.0689
Yadeyur	19	13.0314	76.1189
Yadegatte	19	13.6417	76.3459
Yachagondanahalli	19	13.4930	76.3440
Yarehalli	19	13.4845	76.3866
Yarehallipalya	19	13.4799	76.3964
Yadalanaganahalli	19	13.8619	76.5773
Yarahalli	19	12.0703	76.3566
Yaqubpur	34	25.6397	86.0228
Yadekumr	19	12.8097	75.6974
Yaraghalli	19	12.7547	75.7272
Yadur	19	12.9847	76.0093
Yattinakatte	19	12.9983	76.0400
Yarehalli	19	12.9113	76.1324
Yaramanuganahalli	19	12.5290	76.1417
Yachanakuppe	19	12.6191	76.1570
Yagati	19	12.7291	76.1483
Yallenahalli	19	12.7209	76.1106
Yalejagahalli	19	12.7290	76.2210
Yallenahalli	19	12.5672	76.2453
Yaladahalli	19	12.7691	76.5185
Yalanahalli	19	12.9738	76.5957
Yaladanalli	19	12.9533	76.7428
Yamgumba	19	12.3577	76.2314
Yaregaudanahalli	19	12.6019	76.6445
Yamakara Koppal	19	12.4695	76.7166
Yaraganahalli	19	12.3093	76.6971
Yandahalli	19	12.2655	76.7165
Yalachahalli	19	12.3859	76.5221
Yachegundlu	19	12.0560	76.6399
Yachenahalli	19	12.8827	76.3859
Yarekoppal	19	12.8016	76.4936
Yalekoppa	19	12.9790	76.7712
Yagatihallikoppal	19	12.8913	76.7934
Yagatihalli	19	12.8897	76.7976
Yadavanahalli	19	12.9216	76.8598
Yachanahalli	19	12.9254	76.9194
Yadavanne	19	12.8169	76.9444
Yadavanahalli	19	12.7906	76.9534
Yarahalli	19	12.5158	76.8231
Yarahalli	19	12.5335	76.9620
Yarakuntehundi	19	12.3667	76.7921
Yachanahalli	19	12.3988	76.8981
Yadakola	19	12.2007	76.8180
Yaraganahallil	19	12.1844	76.8827
Yadadore	19	12.2465	76.8851
Yallarti	02	15.4782	77.1264
Yalapikaggallu	19	15.1238	77.0574
Yalapi	19	15.0927	77.0580
Yatakallu	02	15.5325	77.4403
Yannakandla	02	15.6719	77.5728
Yalamakuru	02	15.5103	77.5249
Yadakeri	19	12.8013	75.8148
Yadavarhalli	19	12.8690	75.8046
Yaslur	19	12.7786	75.8586
Yadehalli	19	12.9613	75.8756
Yadehalli	19	12.8480	75.9290
Yadavanhalli	19	12.8788	75.9885
Yapadinne	40	15.9994	77.7682
Yagantipalle	02	15.5746	77.8927
Yadaralla	02	15.5244	77.9831
Yagnaramapuram	02	15.2953	77.9041
Yalagalavanka	02	14.6513	77.1044
Yaguvapalle	19	14.2615	77.1589
Yarpur	36	27.4637	80.6353
Yadanur	13	11.4656	75.8814
Yalebail	16	15.8269	74.3731
Yalbak	40	18.3866	79.3425
Yaduchintapalli	40	18.2366	79.3115
Yagulaspuram	40	18.6454	79.6886
Yattinahatti	19	15.3652	76.1323
Yalangeri	19	15.4654	76.2231
Yadramanahalli	19	15.1067	76.1549
Yalamarahalli	19	15.0550	76.0663
Yabbalu	19	15.4499	76.6076
Yalubenchi	19	15.2537	76.7312
Yallapuram	19	15.3169	76.7971
Yamanapur	19	15.9107	74.5227
Yarzarvi	19	15.9614	74.9496
Yaminkatti	19	15.6131	74.7549
Yadvad	19	15.5609	74.9960
Yadhalli	19	14.7369	74.7045
Yan	19	14.5786	74.5559
Yari	34	24.7175	84.4159
Yahiyapur	34	24.8977	84.8185
Yakubpur	34	25.5357	85.0245
Yakubpur Nagwan	34	25.5300	85.0316
Yarpur	34	25.2922	85.2345
Yaqub Chak	34	25.8964	85.2925
Yandrapalle	02	16.1132	79.3219
Yandurivaripalem	02	16.0435	79.4898
Yarapalli	40	17.7604	78.7555
Yalaballi	40	17.6452	78.8848
Yakauna	34	26.0561	87.5299
Yagachhia	34	26.0214	87.6757
Yakghara	36	27.8407	80.0534
Yakghara	36	27.8346	80.1577
Yadamari	02	13.1592	79.0399
Yakarpalli	02	19.1895	78.2570
Yalareddipet	02	19.1539	78.3902
Yallapalli	02	19.0985	78.3695
Yagavanetiguntapalli	19	13.7137	77.9931
Yalagalhalli	19	13.5662	77.8936
Yaligere	19	13.5219	77.7511
Yarrappanahalli	19	13.5516	77.8778
Yalahalli	19	13.3927	77.8170
Yannangur	19	13.2894	77.8568
Yachgatta	19	12.9741	77.0126
Yalgalwadi	19	12.9244	77.1534
Yalekadekal	19	12.7828	77.1143
Yaraganahalli	19	12.7014	77.0647
Yalehoshalli	19	12.7211	77.1890
Yaraganhalli	19	12.6453	77.0566
Yaliyur	19	12.5071	77.1990
Yaletotadhalli	19	12.5111	77.1923
Yatambadi	19	12.4577	77.1837
Yamadur	19	12.3546	77.0241
Yaladhalli	19	12.4556	77.0056
Yariyuru	19	12.0609	77.0449
Yalachkuppi Rampur	19	12.9641	77.4283
Yalachkuppi	19	12.9596	77.4218
Yarahalli	19	12.8011	77.2543
Yadamadavendoddi	19	12.7349	77.4906
Yarihalli	19	12.7020	77.4363
Yadathadigudidoddi	25	12.2676	77.4926
Yadmaranhalli	19	12.4275	77.3787
Yaragondanahalli	25	12.6101	77.6933
Yalachavadi	19	12.6056	77.5602
Yaradureddipalaiyam	25	12.5327	77.7283
Yaparlapadu	02	15.6507	78.0029
Yambayi	02	15.5590	78.1172
Yagantipalle	02	15.3279	78.1873
Yannakondla	02	15.3591	78.2082
Yalluru	02	15.3063	78.4559
Yaggon	02	15.1628	78.2810
Yadavada	02	15.1189	78.5670
Yammanavallapalle	02	14.0656	78.9173
Yanugondavallapalle	02	14.0584	78.9111
Yandapalli	19	13.5358	78.0804
Yaluvakunte	19	13.3184	78.1225
Yagavakote	19	13.4915	78.1568
Yachanapalli	19	13.3979	78.2183
Yadahalli	19	13.2005	78.1376
Yalavara	19	13.1775	78.1670
Yarangatta	19	13.0949	78.2486
Yalachipura	19	13.1646	78.1636
Yalavahalli	19	13.0074	78.1474
Yalaburagi	19	13.0100	78.1885
Yamsonnuru	19	13.0247	78.2133
Yalappavandlapalle	02	13.9013	78.4122
Yapelapalle	02	13.8358	78.4019
Yadarur	19	13.2522	78.2740
Yaladur	19	13.2815	78.2933
Yamanur	19	13.3134	78.3436
Yaluvahalli	19	13.2175	78.4580
Yachchanahalli	19	13.1896	78.4794
Yaradi Gollahalli	19	13.1824	78.3283
Yarrachinnenahalli	19	13.1364	78.4597
Yalagondahalli	19	13.0967	78.3005
Yanadihalli	19	13.1557	78.2567
Yalachapalli	19	13.0458	78.4372
Yadahalli	19	13.0383	78.4464
Yatavakili	02	13.3743	78.5255
Yalvalli	19	13.1997	78.5435
Yadahalli	19	13.1490	78.5119
Yatturahalli	02	13.0662	78.5037
Yamdipur	34	25.5776	85.5589
Yaspur	34	25.7388	85.6810
Yamri	19	12.8724	77.7657
Yarapashettihalli	19	12.9727	77.9549
Yadavanhalli	19	12.7899	77.7510
Yadgondanhalli	19	12.9491	77.8103
Yaganpalli	25	12.6418	77.9487
Yalavaguli	19	12.9829	78.0495
Yalesandra	19	12.8957	78.0676
Yachmanhalli	19	12.8893	78.1277
Yalesandra	19	12.9008	78.1554
Yalavalli	19	12.9706	78.1277
Yalachimande	19	12.8672	78.2158
Yargol	19	12.8191	78.1679
Yaranaganahalli	19	12.9770	78.2803
Yalavandapudur	25	12.7518	78.9966
Yarikollai	25	12.8270	78.9911
Yarihalli	19	12.4777	77.5320
Yakkuli	19	12.4568	77.5257
Yarangeri	19	12.4302	77.5417
Yallupalle	02	15.4229	78.8927
Yadavakunta	02	14.4753	78.3094
Yandlapalle	02	14.1735	78.6993
Yachavaram	02	15.7045	79.0128
Yadabalavaripalle	02	15.5595	79.4534
Yakarapalli	02	14.2462	79.0002
Yakkatilavaripalli	02	14.4530	79.3742
Yarazupalli	02	14.3370	79.2603
Yallayapalli	02	14.0630	79.3019
Yanadivandlapalli	02	14.0170	79.3787
Yarrabotlupalli	02	14.9946	79.5247
Yarrapalli	02	14.9957	79.6035
Yanadipalli	02	14.1707	79.6435
Yachavaram	02	14.0557	79.6612
Yagumpalem	02	14.0749	79.5564
Yalamanchipadu	02	14.6091	79.9096
Yachavaram	02	14.1962	79.8815
Yanadipalli	02	14.0957	79.8519
Yadagirivandlapalli	02	13.4720	79.0220
Yarravandlapalli	02	13.6068	79.0022
Yarrapapireddigaripalli	02	13.6123	79.0168
Yallampalli	02	13.5491	79.1000
Yallareddigaripalli	02	13.5293	79.0976
Yallampalli	02	13.5409	79.1086
Yarlapudi	02	13.8546	79.5292
Yataluru	02	13.8923	79.6466
Yamapuram	02	13.5418	79.5081
Yanadipalem	02	13.8798	79.7799
Yanadinattam	02	13.7603	79.8344
Yanadipalem	02	13.8838	79.8783
Yanadipalle	02	13.9939	79.9406
Yanadipalem	02	13.9866	79.9849
Yakasiri	02	13.9329	79.9644
Yadavanhalli	19	11.9619	76.6284
Yalchetti	19	11.6464	76.7057
Yanagahalli	19	11.7683	76.8612
Yadapur	19	11.9138	76.9068
Yariyur	19	11.7150	76.7593
Yarganhalli	19	11.7393	76.8486
Yanagumba	19	11.7499	76.8598
Yakkara	13	10.7526	76.6520
Yallapalaiyam	25	11.5283	77.7972
Yarangtoli	38	22.8162	85.0760
Yanakkulattuppatti	25	10.8121	78.2462
Yalippatti	25	10.6459	78.4168
Yagapuram	25	10.4181	78.4202
Yagappudaiyanpatti	25	10.7035	78.6020
Yanur	25	9.7214	78.9233
Yal	25	11.8810	79.0224
Yagappanpatti	25	10.3312	77.9815
Yarrammanahalli	19	14.2154	77.2196
Yattinahalli	19	14.1988	77.2037
Yamkeshwar	39	29.9729	78.4017
Yatdam	30	27.1294	95.6936
Yachuli	30	27.5090	93.7810
Yazali	30	27.4072	93.7460
Yangte	30	27.8235	93.6284