Yelahanka	19	13.1007	77.5963
Yeola	16	20.0424	74.4894
Yellandu	40	17.5906	80.3215
Yellapur	19	14.9637	74.7093
Yerkhera	16	21.2165	79.1855
Yellareddi	40	18.1943	78.0178
Yelbarga	19	15.6154	76.0118
Yelur	19	15.7816	74.5182
Yercaud	25	11.7760	78.2093
Yenugonda	40	16.7567	78.0357
Yenumalapalle	02	14.1442	77.8169
Yelandur	19	12.0463	77.0303
Yerrabalem	02	13.7046	80.0186
Yechagam	12	33.9873	74.7517
Yehiapur	34	26.1489	85.3964
Yelagiri	25	12.5797	78.6401
Yesapur	16	20.0729	76.5014
Yezami	20	26.0500	94.5667
Yesvantpur	19	13.0236	77.5534
Yerur	02	14.1768	80.0415
Yerupalem	40	16.8221	80.4702
Yerukalave	19	13.4476	78.2994
Yermala	16	18.3913	75.8712
Yerli	16	20.9279	76.4767
Yergara	19	16.0698	77.4129
Yerandwane	16	18.5058	73.8296
Yerandeshwar	16	19.8545	76.3543
Yenur	19	13.0121	75.1440
Yengji	30	27.3333	93.0167
Yemsing	30	28.1025	95.0038
Yelvan	16	16.8537	73.8221
Yelkaturti	40	18.1015	79.4495
Yeljal	40	16.8190	78.3625
Yelgonda	40	18.8957	79.0576
Yelgaon	16	17.1295	74.0268
Yeldari	16	16.9892	75.1879
Yelchang	41	33.9167	76.8667
Yelabara	16	20.2383	78.3123
Yelatturdibba	02	15.7809	80.8735
Yelamb	16	18.7938	75.8263
Yekhum	20	26.1501	94.2352
Yedrami	19	16.8552	76.5339
Yedbuk	30	27.1308	95.9386
Yedatore	19	12.4653	76.3945
Yedapalli	40	18.6801	77.9474
Yebarhatti	19	16.5344	74.9793
Yenkanchi	19	16.8662	76.3499
Yerravaripallem	02	13.7052	79.1331
Yehal	12	34.1733	74.8841
Yekrajpur	12	34.0633	74.8206
Yengur	12	34.2419	74.7015
Yechahom	12	34.0351	74.5652
Yellakonda	40	17.4391	78.0381
Yelwarti	40	17.4289	78.1454
Yelkicherla	40	17.0753	78.0839
Yedira	40	17.0307	78.0034
Yellargiri	40	17.2675	78.8408
Yenagandi Tanda	40	17.1975	78.8483
Yelmakanna	40	17.0900	78.9576
Yepur	40	17.2005	78.9914
Yeliminedu	40	17.1461	78.5939
Yengalgudam	40	17.2175	78.7067
Yelkatur	40	17.9881	78.8914
Yellakurti	40	17.9704	78.0745
Yellampalli	40	17.9842	78.0336
Yemjal	40	17.5648	78.5226
Yenkatapur	40	17.8478	78.5912
Yenkatraopet	40	17.9858	78.6834
Yergipalli	40	17.6331	78.0483
Yengondla	40	17.9194	78.0884
Yeshwanthpur	19	13.0301	77.5405
Yediyur	19	12.9326	77.5780
Yelachenahalli	19	12.9020	77.5709
Yendabatl	40	16.4744	78.1807
Yerrapahad	40	17.3472	79.6522
Yenglapur	40	18.7917	78.9741
Yelamapalli	40	18.8145	79.3473
Yerragutta	40	18.9111	79.8010
Yerguppi	19	15.3088	75.3122
Yelwan	16	16.8654	73.8341
Yeslur	19	12.7843	75.8596
Yenas	35	21.8602	78.1769
Yevti	16	21.2418	78.0269
Yeklara	16	21.0143	78.1847
Yekamba	16	21.1735	78.2948
Yeranda	16	21.3058	78.4943
Yerla	16	21.4592	78.4848
Yengaon	16	21.1042	78.3945
Yeni	16	21.4398	78.5826
Yerla Chhote	16	21.3388	78.5606
Yerla	16	21.3332	78.5611
Yenwa	16	21.3433	78.5967
Yenvihira	16	21.2423	78.7742
Yerangaon	16	21.0478	78.8106
Yerla	16	21.2086	78.9658
Yela	16	19.0792	79.8991
Yela	16	19.0855	79.8957
Yela	16	19.0533	79.9087
Yenglampet	40	18.7195	79.0766
Yellapur	40	18.6862	79.1124
Yedlapet	40	18.9406	79.5467
Yelkesram	40	18.8133	79.7068
Yerrapalli	40	18.8118	79.6775
Yedlapalli	40	18.6021	79.8627
Yenikabanda	16	19.1315	80.0925
Yellaram	16	19.0158	80.2513
Yenalaya	16	18.9502	80.0247
Yedirepalli	40	16.6628	78.2179
Yedirepalli Tanda	40	16.6535	78.2138
Yevla	16	19.6176	76.0934
Yevalpimpri	16	19.5934	76.0824
Yevalpimpri Tanda	16	19.5886	76.0867
Yevalpimri Tanda	16	19.5820	76.0881
Yenora	16	19.4845	76.1667
Yeltora	16	19.8909	76.7545
Yelda	16	18.8075	76.3470
Yekambiwadi	16	18.1840	76.2915
Yekambi Tanda	16	18.1557	76.3110
Yekambi	16	18.1597	76.2944
Yelluri	16	18.2056	76.3898
Yelwat	16	18.0738	76.5708
Yekondi Lohara	16	18.0223	76.5615
Yeli	16	18.2266	76.6502
Yelamwadi	16	18.0589	76.7356
Yeldari	16	18.7892	76.8179
Yerula	16	18.3718	76.8846
Yevata	16	17.8580	76.1558
Yedola	16	17.7798	76.2786
Yenegurwadi	16	17.8454	76.4496
Yenegur	16	17.8537	76.4385
Yelawanti	19	17.3520	76.7003
Yekanchi	19	17.4681	76.9530
Yergodi	19	16.2864	76.4868
Yelgundi	19	16.2743	76.4695
Yergunti	19	16.1988	76.4409
Yekkanchi	19	16.5367	76.9567
Yemanal	19	16.4565	76.9977
Yeramasal	19	16.4149	76.9939
Yerandi	19	16.4121	76.8418
Yeregudda	19	16.3790	76.7522
Yeladoddi	19	16.3562	76.9351
Yelegaon	16	19.2210	77.3845
Yeldari Tanda	16	18.8148	77.0358
Yellur	16	18.7855	77.3779
Yeoti	16	18.6191	77.4089
Yedur Khurd	16	18.2931	77.4881
Yedur Buzurg	16	18.2871	77.4891
Yergi	16	18.4507	77.5639
Yenpura	40	18.4966	77.7383
Yenkemori	40	18.1444	77.6285
Yesgi	40	18.0681	77.5669
Yenakpalli	40	18.0946	77.6491
Yerrabuguda	40	18.0532	77.6864
Yesgi	16	18.7030	77.7863
Yethonda	40	18.6159	77.8214
Yethonda Farm	40	18.6041	77.8291
Yeklaspur Camp	40	18.5461	77.8169
Yeklaspur	40	18.5587	77.8128
Yempalli	19	17.5247	77.3859
Yelgapalli	19	17.4294	77.3213
Yerli	16	20.8867	78.2498
Yekamba	16	20.6557	78.3465
Yesgaon	16	20.6946	78.4164
Yerandgaon	16	20.0434	78.3384
Yelakeli	16	20.8161	78.5905
Yekurli	16	20.5874	78.6943
Yesamba	16	20.6438	78.7269
Yekurli	16	20.2471	78.6612
Yenor	16	20.4892	78.8269
Yeoti	16	20.3624	78.8440
Yekona	16	20.2538	78.9238
Yeramras	19	16.2029	77.0233
Yenkatapur	19	16.9837	77.3708
Yekhalaspur	40	16.7622	77.4680
Yerragattupalli	40	16.6193	77.5680
Yedavelli	40	16.5680	77.5533
Yekulaspur	40	16.5446	77.7145
Yelgandla	40	16.5914	77.6736
Yemanpura	35	26.5360	78.4393
Yenkatapuram	40	16.2688	77.5622
Yenmalanpalli	40	16.2981	77.7202
Yellampalli	40	16.3999	77.6708
Yelkur	40	16.0999	77.7620
Yeraballe	40	16.1427	77.9028
Yekatapuram	40	16.1521	77.9262
Yedsi	16	19.9981	78.1475
Yemkur	40	19.1580	78.0853
Yedadur	40	19.0651	78.1509
Yelgadap	40	19.0478	78.7319
Yellapuram	40	19.0598	78.6838
Yedarguda	40	17.5271	78.0349
Yerdanur	40	17.6127	78.1635
Yellapur	40	17.6975	78.2434
Yenkannaguda	40	17.3373	78.0435
Yenkapalli	40	17.3847	78.1367
Yerlapalli	40	17.4049	78.1428
Yemkunta	40	17.4890	78.2311
Yeltur	16	21.3448	79.0557
Yenkammaguda	40	17.2262	78.1099
Yetla Yerravatti	40	17.2474	78.0936
Yerronigudam	40	17.1965	78.1117
Yerragunta	40	17.1447	78.2295
Yenkannaguda	40	17.1660	78.3410
Yenagulamadugu	40	17.0519	78.3168
Yedutla	40	16.3574	78.1734
Yemajipuram	40	16.9456	78.2507
Yellagonda	40	16.0876	78.0990
Yeggigani Tanda	40	16.2084	78.2240
Yemulonivihar	40	16.9537	78.4942
Yedvelh	40	16.8845	78.4684
Yeraguntapalli	40	16.7016	78.7605
Yellareddi Bhavi	40	16.6802	78.7847
Yerraram	40	16.5957	78.8432
Yelamagudem	40	16.5838	78.8950
Yelmanaid	40	17.2414	79.0240
Yembaigollagudem	40	17.0704	79.0316
Yenuguladhari	40	17.1811	79.1716
Yellareddigudem	40	17.1624	79.2086
Yelkurti	40	17.9718	79.4376
Yellareddigudem	40	17.7383	79.2596
Yerunutla	40	17.5725	79.4914
Yellanda	40	17.7929	79.5912
Yengal	40	17.8193	79.7386
Yelgur Rangapeta Tanda	40	17.8480	79.7456
Yelgur	40	17.8792	79.7382
Yelkurti	40	17.9959	79.7459
Yedavalli	40	17.3138	79.6691
Yepur	40	17.2941	79.7371
Yelaigudem	40	17.8317	79.8841
Yenugula Tanda	40	17.9825	79.9356
Yedavalli	40	16.9707	79.1443
Yeldandapahad	40	16.9069	79.1885
Yellamanigudem	40	16.8313	79.0527
Yerrakunta Tanda	40	16.6446	79.0621
Yellapur	40	16.6316	79.1817
Yerracheruvu Tanda	40	16.6496	79.3144
Yepal Madhavaram	40	16.7756	79.9315
Yepela Singaram	40	16.8625	79.9120
Yerravaram	40	16.8956	79.9406
Yengaon	16	20.8817	76.0669
Yeulkhed	16	20.7298	77.0704
Yelvan	16	20.6370	77.1589
Yeranda	16	20.6113	77.1373
Yeota	16	20.6557	77.0801
Yedsi	16	20.3712	77.2245
Yerand	16	20.2855	77.1696
Yevardi	16	20.5337	77.6088
Yevat	16	20.5087	77.5864
Yeklara	16	20.2590	77.5390
Yeklaspur	16	21.3275	77.4648
Yeni	16	21.2921	77.4586
Yerandgaon	16	20.7654	77.8679
Yeota	16	21.1419	77.4933
Yelki	16	21.1066	77.5640
Yenas	16	20.6890	77.8734
Yevati	16	20.5890	77.9303
Yerand	16	20.6286	77.9900
Yekpal	16	20.7156	77.9161
Yerala	16	21.3174	77.9948
Yerandgaon	16	20.9904	77.1875
Yevada	16	20.9987	77.2364
Yeklara	16	20.8882	77.1536
Yeklara	16	20.8535	77.0989
Yekamba	16	20.3865	77.4178
Yendli	16	20.8757	77.4643
Yekamba	16	20.0738	77.3409
Yedarbuchi	16	21.5419	79.7190
Yerwaghattola	35	21.6759	79.8665
Yerwaghattola	35	21.6558	79.8747
Yerwaghat	35	21.6602	79.8691
Yenagodi	35	21.6049	79.8942
Yellampet	40	17.4545	79.8623
Yellanigudem	40	17.4099	79.9199
Yerkheda	16	20.5655	79.3944
Yenora	16	20.8032	79.6550
Yerkheda	16	20.4712	79.1470
Yensa	16	20.3107	79.0219
Yeonoli	16	20.4692	79.5963
Yenoli	16	20.4208	79.7534
Yeoli	16	20.0838	79.9977
Yelgod	19	16.8492	76.6295
Yevur	19	16.7351	76.6050
Yedalbhavi	19	16.3395	76.5490
Yerjanti	19	16.3176	76.7086
Yelagatti	19	16.2672	76.7388
Yeragoti	19	16.3735	76.6760
Yeddaldinni	19	16.0113	76.7290
Yeklara	19	18.2208	77.4412
Yengundi	19	18.2377	77.4842
Yekamba	16	19.5456	78.0225
Yenda	16	19.5444	78.1256
Yellammagudem	40	17.6786	78.2505
Yenkapalle	40	17.3240	78.3109
Yerrakunta	40	17.3050	78.4733
Yellareddiguda	40	17.4307	78.4434
Yerrakunta	40	17.1575	78.6132
Yemajipuram Tanda	40	16.9477	78.2359
Yekwapalli	40	16.9319	78.1619
Yenmangandla	40	16.8839	78.0332
Yetidaripalli	40	16.6085	78.3787
Yendabatla	40	16.5009	78.3288
Yencherla	40	16.3411	78.3120
Yeragandlapalli	40	16.9614	78.8215
Yewati	16	19.9314	76.4391
Yerragollapahad	40	17.8167	79.1716
Yekkurti	40	17.6004	79.0688
Yellamla	40	17.7011	79.1128
Yesvantapuram	40	17.7284	79.1951
Yerlagudem	40	17.4467	79.2380
Yentula Tanda	40	17.5767	79.5035
Yerrabaliguda	40	17.6430	79.7245
Yellammagudem	40	17.0796	79.5005
Yellayyagudem	40	17.0522	79.5192
Yellammagudem	40	17.2309	79.6106
Yenupamla	40	17.2162	79.6699
Yelasangi	19	17.3863	76.4577
Yetnur	19	17.0413	76.4527
Yemihatti	19	16.1944	76.0867
Yemaikunta	40	19.5056	78.6567
Yedad	16	19.7513	78.9364
Yedsi	16	19.7691	78.8826
Yenka	40	19.4352	78.7648
Yelapur	16	19.6531	78.9702
Yerandgaon	16	21.3284	78.9726
Yedsi	16	20.2672	78.6225
Yerla	16	20.3177	78.7304
Yeoti	16	20.3560	78.6825
Yermakot	16	21.3480	79.8432
Yekdaria Kalan	36	27.0836	80.8423
Yekdaria Khurd	36	27.0701	80.8395
Yelki	16	19.5757	77.3819
Yerandi	16	19.9674	77.5460
Yehel	16	19.8527	77.6420
Yelmalla	40	18.8241	78.1609
Yellamkunta	40	18.4957	78.1638
Yerrabad	40	18.2930	78.2198
Yellawaram	40	18.2850	78.1591
Yendrial	40	18.2790	78.2353
Yellapur	40	18.2343	78.1396
Yellapuram	40	18.1737	78.2340
Yeraram	40	18.1167	78.0339
Yenkampalli	40	18.0879	78.0824
Yellupet	40	18.0371	78.0100
Yellapgonda	40	18.0321	78.0007
Yellapuram	40	18.0293	78.1973
Yechakut	12	33.9780	74.7475
Yelgatur	40	18.9258	78.4326
Yelpur	40	18.7651	78.3953
Yellareddipalli	40	18.5678	78.2969
Yellareddipet	40	18.3705	78.3100
Yellareddipalli	40	18.1684	78.2630
Yellareddi	40	18.3746	78.6543
Yemarach	12	33.7322	74.9960
Yenkampalli	40	18.5450	78.9808
Yellanarsupalli	40	18.3246	78.9253
Yellareddipet	40	18.0289	78.7632
Yellaiyapalli	40	18.2364	78.9145
Yermaras	19	16.2600	77.3520
Yermanar	16	19.3346	80.2998
Yelkeswar	40	18.6993	80.0058
Yenkapalli	40	18.6666	80.0498
Yemanapalli	40	18.5396	80.0509
Yelsettipalle	40	18.3993	80.3589
Yenchawada	37	18.7562	80.5160
Yedampalli	16	19.9903	80.2797
Yeshwantnagar	35	22.4629	75.6481
Yengadi	35	21.9821	75.4458
Yevta	16	20.2789	75.9511
Yekoditola	16	21.4631	80.0095
Yekodi	16	21.4529	80.0208
Yermara	16	21.2758	80.3640
Yesgaon	16	20.0910	75.3272
Yekgharpadli	16	20.2156	75.3729
Yelugar	19	14.5046	74.8095
Yekkambi	19	14.6985	74.9183
Yelesar	19	14.4482	74.8451
Yedekoppa	19	14.4418	74.9841
Yelakundli	19	14.3083	74.9900
Yeladumakki	19	14.0152	74.8295
Yelkodu	19	14.1330	74.8231
Yeddumamidi	02	17.7281	82.3329
Yetipogrukapulapalem	02	16.3784	81.5625
Yeragalla	40	17.2430	80.7415
Yeleru	40	17.6247	80.9034
Yerraguntapalem	40	17.1394	80.7846
Yerrapalem	02	16.5277	80.1385
Yendapalle	02	17.6121	82.6507
Yenganayakunipalem	02	16.8326	80.2804
Yendaguda	21	18.5150	82.4998
Yenkatapalem	02	16.5132	80.5515
Yerakalapalem	02	16.2769	80.5724
Yerikalapudi	02	16.2838	80.6320
Yerramand	21	19.1503	83.5254
Yertikuppa	21	19.1278	83.5659
Yerukodi	21	19.1483	83.5699
Yedaguda	21	19.3866	83.8216
Yengaraba	21	19.0825	83.8803
Yelagamanuvalasa	02	18.4919	83.0871
Yeguvurayavalasa	02	18.4314	83.2102
Yenulu Buchchammapeta	02	18.6160	83.3905
Yegutavalasa	02	18.6442	83.4045
Yengupara	37	18.8060	81.5441
Yetapeta	02	18.2236	83.4975
Yelkanur	21	18.0091	81.8340
Yelkanurguda	21	18.0181	81.8753
Yeluduru	02	18.0418	83.5757
Yerakalapeta	02	18.3434	83.7662
Yenkuvarigudem	02	17.2055	81.1598
Yedugundlapadu	02	15.5611	80.0496
Yellurupad	02	15.0172	80.0001
Yenugulabhavi	02	14.8303	80.0371
Yegavamitta	02	14.2431	80.0012
Yeminadivandlapalem	02	15.8924	80.7346
Yeguvabalijapalem	02	14.2762	80.0767
Yenadipalle	02	14.2897	80.1273
Yerurpalem	02	14.1597	80.0429
Yeragatipalli	02	14.0120	80.0731
Yelladerupalem	02	14.1598	80.0990
Yellareddikandigai	25	13.3095	80.2136
Yedayankulam	02	13.3954	80.3086
Yedapalaiyam	25	13.2599	80.2980
Yerramatta	40	17.4836	81.3260
Yervada	35	21.9472	74.7207
Yedtadi	19	13.4926	74.7791
Yedsalkeri	19	13.9104	74.7729
Yellurmane	19	13.8192	74.7770
Yedasaru	19	13.5823	74.8094
Yedamakki	19	13.5940	74.8508
Yedahaklu	19	13.6271	74.9226
Yednali	19	13.6752	74.8557
Yedamoge	19	13.7156	74.9695
Yelampalli	19	13.4581	74.8020
Yedaniur	19	13.2786	74.7898
Yellare	19	13.3734	74.9694
Yerlapadi	19	13.2912	74.9476
Yennahole	19	13.2990	74.9861
Yellur	19	13.1760	74.8006
Yermal	19	13.1622	74.7630
Yelinje	19	13.0853	74.8719
Yelaturu	19	13.0889	74.8390
Yednad	13	12.6075	74.9919
Yeriyal	13	12.5250	74.9729
Yekkeri	19	15.8316	75.1427
Yerikop	19	15.3980	75.0005
Yelival	19	15.1750	75.1921
Yerinarayanpur	19	15.3162	75.2965
Yelvatti	19	15.2560	75.4859
Yerebudihal	19	15.2042	75.3809
Yergop	19	15.8925	75.6562
Yere Beleri	19	15.5390	75.7071
Yedarbail	19	14.5310	75.0280
Yedekop	19	14.5219	75.0215
Yellapur	19	14.6976	75.1745
Yettinhalli	19	14.6206	75.2275
Yennekoppa	19	14.5444	75.2061
Yemmignur	19	14.5649	75.2342
Yelasi	19	14.3785	75.0451
Yelegalale	19	14.1335	75.0503
Yelava	19	14.1518	75.0360
Yedehalli	19	14.0679	75.2160
Yebbadi	19	14.0550	75.1922
Yelival	19	14.8949	75.1079
Yellur	19	14.8422	75.1356
Yelvatti	19	14.8643	75.1365
Yellapur	19	14.8342	75.3822
Yelavadhalli	19	14.5399	75.4724
Yellapur	19	14.5230	75.3009
Yettinhalli	19	14.5131	75.3863
Yedavalaparti	02	14.6621	77.7118
Yelageri	19	14.4901	75.2512
Yelival	19	14.4089	75.4986
Yettinhalli	19	14.3605	75.4624
Yelavalli	19	14.0034	75.4503
Yerekoppa	19	14.0182	75.4937
Yerekatte	19	14.2062	75.4159
Yellapura	19	14.1384	75.4899
Yellapur	19	14.9869	75.5434
Yelgach	19	14.8649	75.5119
Yerikuppi	19	14.5970	75.5820
Yettinhalli	19	14.7260	75.6644
Yeklaspur	19	14.6335	75.7347
Yennihosahalli	19	14.5457	75.7306
Yedgod	19	14.4466	75.5468
Yeraganahalu	19	14.1675	75.5353
Yedvala	19	14.0582	75.5026
Yelapura	19	13.2663	77.0566
Yellapura	19	13.1095	77.1174
Yerragunte	19	13.4877	77.4826
Yerpanhalli	19	13.4361	77.2685
Yerrahalli	19	13.7490	77.7247
Yerrahalli	19	13.6756	77.5148
Yerramadenahalli	19	13.6334	77.6236
Yerranagenahalli North	19	13.6223	77.6328
Yerranagenahalli South	19	13.6172	77.6292
Yerrapapanahalli	19	13.5961	77.7202
Yerramarenahalli	19	13.5649	77.6668
Yedur	19	13.1322	77.6958
Yerranapalya	19	13.0148	77.6720
Yesvantpur	19	13.2132	77.9533
Yesvantpur	19	13.1754	77.9199
Yeshvanthpur	19	13.0182	77.8989
Yekrajpur	19	13.1452	77.8196
Yettige	19	13.9666	75.0040
Yemaravalli	19	13.7828	75.1582
Yelagal	19	13.9276	75.1905
Yedamale	19	13.5569	75.0163
Yedadalli	19	13.3851	75.2091
Yellebettu	19	13.2554	75.0036
Yellettu	19	13.2555	75.0101
Yernadka	19	13.1522	75.1610
Yedpadivallia	19	13.2224	75.1342
Yedavati	19	13.7667	75.3593
Yedehalli	19	13.5593	75.3043
Yedehalli	19	13.7411	75.3824
Yerumale	19	13.0611	75.2898
Yellurkanda	19	13.1221	75.3951
Yelavati	19	13.9185	75.6303
Yemmehatti	19	13.9710	75.7120
Yerehalli	19	13.8228	75.7334
Yeraganhal	19	13.8444	75.5769
Yelagodagi	19	13.2299	75.6608
Yellaram	40	19.3858	79.2665
Yeragutta	40	19.2994	79.2817
Yedulwada	40	19.3232	79.3130
Yerweli	40	19.3049	79.3736
Yepalgudem	40	19.2406	79.4444
Yedehalli	19	13.9904	75.7655
Yellugere	19	13.7094	75.7742
Yeradahankalu	19	13.5800	75.8517
Yeliya	19	12.9881	75.0743
Yermenele	19	12.7670	75.0616
Yermaje	19	12.7918	75.1734
Yedrukala Tota	19	12.8087	75.1638
Yelmudi	19	12.7556	75.2066
Yenmakaje	13	12.6498	75.0930
Yednir	13	12.5195	75.0725
Yenmakaje	13	12.6873	75.1058
Yedadka	13	12.6042	75.1330
Yevandur	13	12.5422	75.2191
Yerinjeriadka	13	12.5229	75.1304
Yerole	13	12.4333	75.0502
Yedeyil	13	12.3534	75.0775
Yeriyal	13	12.4796	75.1110
Yechabare	13	12.4917	75.1162
Yedapani	13	12.4392	75.1501
Yeranipaya	13	12.4961	75.1592
Yenmadi	19	12.8408	75.2637
Yerpe	19	12.7956	75.2654
Yedijaru	19	12.7833	75.2817
Yempalli	40	19.3895	79.5032
Yerapuram	40	19.4491	79.5907
Yerakunta	40	19.2980	79.7222
Yemmehatti	19	14.3642	76.1578
Yekkegondi	19	14.2245	76.0396
Yemmeganur	19	14.0495	76.2426
Yedegondanahalli	19	12.6562	76.3148
Yele Muddanahalli	19	12.5731	76.3072
Yedahalli	19	12.6099	76.4755
Yelachodi	19	12.3207	76.4612
Yedamangala	19	12.7062	75.4373
Yedamangala	19	12.7094	75.4633
Yenmuru	19	12.6810	75.4428
Yellambalasi	19	13.5715	76.1073
Yelavare	19	13.2622	76.2311
Yelagunda	19	13.1480	76.1145
Yerigenahalli	19	13.3996	76.3638
Yeluhundi	19	12.1701	76.2796
Yedaturu	19	12.1385	76.3039
Yelamutturu	19	12.0176	76.3434
Yelkepalli	40	19.3483	79.8546
Yermekaya	19	12.8406	75.5130
Yesantraopet	40	18.8422	79.0371
Yelgumetla	40	18.8345	79.0922
Yendapalli	40	18.7733	79.1835
Yelkatur	40	18.8445	79.1708
Yellaram	40	18.9386	79.1716
Yepalgudem	40	18.9595	79.1578
Yelkapalli	40	18.9487	79.2093
Yelasapura	19	12.8160	76.2070
Yeladahalli	19	12.5843	76.0649
Yelagatavalli	19	12.7081	76.1410
Yemmekatte Koppal	19	12.4845	76.1414
Yedahalli	19	12.4303	76.5056
Yelekere	19	12.4684	76.6418
Yennehole Koppal	19	12.4321	76.6484
Yelehundi	19	12.1181	76.2319
Yelahalli	19	12.0565	76.5258
Yelachagere	19	12.0171	76.6565
Yechchagahalli	19	12.1597	76.6550
Yedahalli	19	12.2469	76.5917
Yeliyur	19	12.9899	76.3319
Yeladahalli	19	12.8367	76.3803
Yeladahalli	19	12.7955	76.4600
Yelechakanahalli	19	12.5042	76.7928
Yettagadahalli	19	12.5149	76.9177
Yeletotadakoppal	19	12.7301	76.9169
Yedahalli	19	12.3609	76.8862
Yedaganahalli	19	12.4657	76.9686
Yellukuru	19	12.0299	76.9504
Yedeyur	19	12.0129	76.9692
Yedur	19	12.6198	75.8201
Yedehalli	19	12.7295	75.8583
Yedavare	19	12.5185	75.8632
Yelakanur	19	12.5407	75.9095
Yediyur	19	12.6913	75.9791
Yenigamarri	02	15.2981	77.7910
Yerraguntapalli	40	18.2158	79.1037
Yerrakunta	40	18.9998	79.4600
Yemnur	40	18.7911	79.3071
Yemihatti	16	15.9856	74.3022
Yenak	16	19.8646	79.0774
Yellapatar	40	19.2622	79.0484
Yedpalli	40	19.4761	79.0125
Yelugodu	40	18.5538	79.2601
Yeklaspur	40	18.2467	79.2844
Yelkapalli	40	18.2159	79.2973
Yelde	40	18.4506	79.2595
Yelasagaram	40	18.3756	79.4839
Yellabotharam	40	18.2075	79.3688
Yerabali	40	18.0276	79.3513
Yellapur	40	18.0813	79.4992
Yelala	40	18.7194	79.6602
Yenkatraopalli	40	18.7061	79.5332
Yepalapalli	40	18.5778	79.6722
Yelampalli	40	18.3990	79.5895
Yellareddipalli	40	18.2985	79.6075
Yemlapalli	40	18.2768	79.6110
Yeradka	19	12.6184	75.5766
Yennamajalu Bailu	19	12.6863	75.5336
Yelurdevaru	19	12.6411	75.5893
Yermail	19	12.7338	75.6010
Yermale	19	15.7690	74.5401
Yerguddi	19	15.8506	74.7463
Yergop	19	15.8113	74.7442
Yelpatti	19	15.9942	74.7855
Yerdal	19	15.7775	74.7937
Yenagi	19	15.7578	74.9617
Yelvalli	19	14.4990	74.4639
Yedkamhel	19	14.9398	74.7421
Yelihond	19	14.8922	74.7332
Yerguppi	19	14.2743	74.5286
Yelkotge	19	14.2848	74.5889
Yelvadikovur	19	13.9754	74.5775
Yedtare	19	13.9246	74.6171
Yedtare	19	13.9588	74.6535
Yederi	19	13.8245	74.6762
Yerukone	19	13.7822	74.6839
Yedvanike	19	13.8062	74.7256
Yelakki	19	13.8390	74.7290
Yettaberu	19	13.8843	74.6728
Yenagudde	19	13.2848	74.7477
Yellaisharam	40	16.4775	79.2121
Yeldurti	40	17.9074	78.3721
Yelkanti	40	17.8498	78.5806
Yenkatapur	40	17.4944	78.5039
Yellareddiguda	40	17.4897	78.5745
Yelchanpalli	40	17.9231	78.8131
Yellaiguda	40	17.8586	78.8157
Yevti	16	20.8225	75.9628
Yerwada	16	18.5459	73.8855
Yendayar	13	9.6320	76.8894
Yeheldari	16	19.9252	77.4887
Yerrapalli	19	13.7276	77.7695
Yellampalli	19	13.7442	77.8421
Yerragundlapalli	19	13.6670	77.9749
Yerranagehahalli	19	13.6010	77.8431
Yerrabachchenahalli	19	13.5090	77.9838
Yerrahalli	19	13.5344	77.9054
Yesvantpur	19	13.4656	77.9742
Yennur	19	13.2964	77.9173
Yellavahalli	19	13.2931	77.8229
Yeliyuru	19	13.2591	77.7639
Yeranpalya	19	12.9739	77.2376
Yedahalli	19	12.9226	77.1194
Yelachvadi	19	12.9365	77.1208
Yedanhalli	19	12.7068	77.0469
Yelledoddi	19	12.5429	77.0836
Yeragamballi	19	12.0225	77.0615
Yedakurudoddi	19	12.6398	77.4966
Yelachikatte	19	12.6325	77.4259
Yerrahalli	19	12.6427	77.3699
Yeranhalli	19	12.5624	77.4743
Yelavalli	19	12.4992	77.3549
Yerragunta	02	15.5642	78.4873
Yeluvahalli	19	13.2930	78.1883
Yedahalli	19	13.3224	78.0778
Yedahalli	19	13.0943	78.3555
Yellaribayalu	02	13.4846	78.5778
Yetturpalle	02	13.3873	78.5355
Yeduru	02	13.3298	78.5118
Yellampalle	02	13.2725	78.7165
Yeduru	02	13.2401	78.6845
Yenkatesapuram	25	12.6976	77.8285
Yellam Kottur	25	12.7113	77.8819
Yenumalamandai	25	12.1979	77.9766
Yenigalathoddi	25	12.7080	78.1628
Yelangalpatti	25	12.2967	78.1267
Yerikilur	25	12.2980	78.2026
Yerampatti	25	12.0211	78.0277
Yettur	19	12.9299	78.3953
Yenumulutimmapalli	02	12.9607	78.4605
Yelanagaram	02	12.9354	78.4403
Yenkattur	25	12.4638	78.4532
Yertikuppam	25	12.5351	78.6535
Yerattangal	25	12.9508	78.8247
Yedattur	25	12.8224	78.9067
Yellithemarathur	25	12.7491	78.9953
Yerracbanapalle	02	15.4727	79.5457
Yenimireddivaripalle	02	15.3846	79.6438
Yeruvuvaripalle	02	15.4298	79.3967
Yeluruvaripalle	02	15.2638	79.4148
Yellapalli	02	14.8883	79.0403
Yerrachennayapalli	02	14.8269	79.0643
Yetirazupalli	02	14.7748	79.0425
Yenepalli	02	14.7178	79.2198
Yellagaripalli	02	14.6748	79.0199
Yerraballi	02	14.6355	79.0532
Yellareddipeta	02	14.6544	79.1447
Yerrayyagaripalli	02	14.5487	79.0639
Yellugaripalli	02	14.5281	79.0725
Yedulavaripalli	02	14.2757	79.1284
Yerrapalli	02	14.2277	79.1286
Yellareddipallii	02	14.2211	79.1450
Yerrapalli	02	14.2021	79.1546
Yenamadalavandlapalli	02	14.1941	79.1614
Yellugaripalli	02	14.1705	79.2174
Yeddigapalli	02	14.1033	79.1446
Yerraballi	02	14.4268	79.3968
Yetivatalapalli	02	14.1619	79.3377
Yeguvamukkavaripalli	02	14.0632	79.2863
Yerraballe	02	14.8254	79.5734
Yerrapalle	02	14.7727	79.5170
Yerikelareddipalem	02	14.7450	79.8114
Yeturu	02	14.4371	79.6477
Yenuguntapalli	02	14.2915	79.5045
Yepuru	02	14.2560	79.5171
Yepuru	02	14.2480	79.5168
Yeddularangadipalli	02	14.2025	79.7333
Yeruvamarlapudi	02	14.1941	79.6208
Yellayapalem	02	14.5374	79.9514
Yeradipalem	02	14.1044	79.8815
Yellamanda	02	13.7907	79.0480
Yegurapalem	02	13.7272	79.0713
Yenumuluvandlapalli	02	13.7178	79.1714
Yelakaturuvandlapalli	02	13.6910	79.0593
Yerrapalli	02	13.7129	79.0597
Yeguvajangampalli	02	13.6961	79.0398
Yerramreddivaripalli	02	13.6946	79.0163
Yeguvamoravaripalli	02	13.6656	79.0195
Yeddulavandlapalli	02	13.6589	79.1043
Yegavur	02	13.6296	79.1488
Yendavandlapalli	02	13.6477	79.0735
Yeguvapalli	02	13.6259	79.0631
Yendapallevaripalli	02	13.6447	79.0449
Yeddulavaripalli	02	13.5490	79.0025
Yelakamanipalli	02	13.5372	79.1089
Yerrapalli	02	13.5116	79.0633
Yellampalli	02	13.4821	79.0437
Yenumulavaripalli	02	13.4911	79.1215
Yeguvanampalli	02	13.4222	79.0025
Yerrapalli	02	13.4085	79.0108
Yerracheruvupalli	02	13.4067	79.0362
Yedugondavanapalli	02	13.3557	79.0110
Yerrepalli	02	13.3602	79.0260
Yegavapalakur	02	13.3274	79.0608
Yenugakondayapalli	02	13.3622	79.2070
Yetteri	02	13.2651	79.2184
Yerramudipalli	02	13.3591	79.2426
Yenuguntapalli	02	13.2222	79.0466
Yerrachenupalli	02	13.1045	79.0416
Yeguvamasapalli	02	13.1846	79.1529
Yellamarajupalli	02	13.2185	79.1554
Yerrabodireddikandigai	02	13.1945	79.2299
Yellepalli	02	13.1681	79.2271
Yerramarajupalli	02	13.4247	79.3461
Yerramreddivuru	02	13.1520	79.2659
Yelayanellur	25	13.0266	79.2520
Yerikinjedi	02	13.2055	79.4084
Yerikinjeri	02	13.2108	79.4240
Yedayapalaiyam	25	13.0997	79.4841
Yellanuru	02	13.7987	79.7229
Yelamandiyam	02	13.6139	79.5144
Yerikambattu	02	13.4396	79.5805
Yenadinayudukhandigai	02	13.3271	79.6197
Yelavadi	02	13.3304	79.6159
Yelakatturu	02	13.3757	79.6770
Yellasamudram	02	13.3391	79.6996
Yedapudi	02	13.8394	79.7796
Yerraguntakhandrika	02	13.7836	79.8686
Yekollu	02	13.8108	79.9379
Yellamanaidukandigai	02	13.3404	79.7511
Yedayanpalaiyam	25	13.1422	79.9013
Yedayanpalaiyam	25	13.1497	79.9040
Yemalaswaminattam	25	13.1833	79.9580
Yedayanpalaiyam	25	13.1368	79.9936
Yerikuppam	25	12.6401	79.2601
Yerrulathur	13	11.7482	76.1979
Yelaccher	25	11.5627	76.2444
Yellivayal	13	11.7310	76.2831
Yebakadmund	25	11.4259	76.6104
Yemmaikaimund	25	11.4261	76.6129
Yellanhalli	25	11.3776	76.7446
Yedavani	13	11.1723	76.5650
Yedavani	13	11.1441	76.5831
Yedappalli	25	11.3791	76.8120
Yedavattam	13	9.0100	76.6967
Yertikaranur	25	11.8938	77.7251
Yerukalankadu	25	11.7239	77.7472
Yemampalaiyam	25	11.5118	77.7058
Yellappudur	25	11.1673	77.8954
Yelayudampalaiyam	25	11.0364	77.8782
Yellappudur	25	11.0183	77.8300
Yettanadu	25	10.1540	78.8962
Yellamanur	25	9.5518	78.6457
Yerandai Sararkudi	25	8.3672	77.8220
Yerrakottai	25	11.9828	78.1894
Yeraiyursamudram	25	11.2066	78.8895
Yelkatur	02	18.0616	78.9209
Yenglapur	02	18.8084	79.0101
Yelagiri	25	12.5443	78.5865